# 0.00316547 0 109 : grain size, compostion index, size index
# Heating and cooling timescale: 1.62918e-07 inf
# Ratio of heating to cooling to determine stochastic cutoff: 100
# Equilibrium emission is recorded even for those grains in the stochastic regime.
# Emission spectrum was computed for: 
# Type: ISRF
# Scales: 0.25 0.5 1 1.5 2 2.5 3 3.5 4 4.5 5 5.5 6 6.5 7 7.5 8 8.5 9 9.5 10 10.5 11 11.5 12 12.5 13 13.5 14 14.5 15 15.5 16 16.5 17 17.5 18 18.5 19 19.5 20
# StochasticallyHeated: 0 0 0 0 0 0 0 0 0 0 0 0 0 0 0 0 0 0 0 0 0 0 0 0 0 0 0 0 0 0 0 0 0 0 0 0 0 0 0 0 0
# Temperature: -1
# Wavelength  CExt  CAbs  CSca  Albedo G EqEm1 StEm1 EqEm2 StEm2 EqEm3 StEm3 EqEm4 StEm4 EqEm5 StEm5 EqEm6 StEm6 EqEm7 StEm7 EqEm8 StEm8 EqEm9 StEm9 EqEm10 StEm10 EqEm11 StEm11 EqEm12 StEm12 EqEm13 StEm13 EqEm14 StEm14 EqEm15 StEm15 EqEm16 StEm16 EqEm17 StEm17 EqEm18 StEm18 EqEm19 StEm19 EqEm20 StEm20 EqEm21 StEm21 EqEm22 StEm22 EqEm23 StEm23 EqEm24 StEm24 EqEm25 StEm25 EqEm26 StEm26 EqEm27 StEm27 EqEm28 StEm28 EqEm29 StEm29 EqEm30 StEm30 EqEm31 StEm31 EqEm32 StEm32 EqEm33 StEm33 EqEm34 StEm34 EqEm35 StEm35 EqEm36 StEm36 EqEm37 StEm37 EqEm38 StEm38 EqEm39 StEm39 EqEm40 StEm40 EqEm41 StEm41
0.05 6.31469e-05 2.98011e-05 3.33458e-05 0.528067 0.989937 0 0 0 0 0 0 0 0 0 0 0 0 0 0 0 0 0 0 0 0 0 0 0 0 0 0 0 0 0 0 0 0 0 0 0 0 0 0 0 0 0 0 0 0 0 0 0 0 0 0 0 0 0 0 0 0 0 0 0 0 0 0 0 0 0 0 0 0 0 0 0 0 0 0 0 0 0 0 0 0 0 0
0.0525665 6.31638e-05 2.92321e-05 3.39317e-05 0.537202 0.983258 0 0 0 0 0 0 0 0 0 0 0 0 0 0 0 0 0 0 0 0 0 0 0 0 0 0 0 0 0 0 0 0 0 0 0 0 0 0 0 0 0 0 0 0 0 0 0 0 0 0 0 0 0 0 0 0 0 0 0 0 0 0 0 0 0 0 0 0 0 0 0 0 0 0 0 0 0 0 0 0 0 0
0.0552647 6.31765e-05 2.90437e-05 3.41328e-05 0.540277 0.979643 0 0 0 0 0 0 0 0 0 0 0 0 0 0 0 0 0 0 0 0 0 0 0 0 0 0 0 0 0 0 0 0 0 0 0 0 0 0 0 0 0 0 0 0 0 0 0 0 0 0 0 0 0 0 0 0 0 0 0 0 0 0 0 0 0 0 0 0 0 0 0 0 0 0 0 0 0 0 0 0 0 0
0.0581015 6.31878e-05 2.89515e-05 3.42362e-05 0.541818 0.977141 0 0 0 0 0 0 0 0 0 0 0 0 0 0 0 0 0 0 0 0 0 0 0 0 0 0 0 0 0 0 0 0 0 0 0 0 0 0 0 0 0 0 0 0 0 0 0 0 0 0 0 0 0 0 0 0 0 0 0 0 0 0 0 0 0 0 0 0 0 0 0 0 0 0 0 0 0 0 0 0 0 0
0.0610839 6.31986e-05 2.88989e-05 3.42997e-05 0.542729 0.975276 0 0 0 0 0 0 0 0 0 0 0 0 0 0 0 0 0 0 0 0 0 0 0 0 0 0 0 0 0 0 0 0 0 0 0 0 0 0 0 0 0 0 0 0 0 0 0 0 0 0 0 0 0 0 0 0 0 0 0 0 0 0 0 0 0 0 0 0 0 0 0 0 0 0 0 0 0 0 0 0 0 0
0.0642193 6.32091e-05 2.88522e-05 3.43568e-05 0.543543 0.973643 0 0 0 0 0 0 0 0 0 0 0 0 0 0 0 0 0 0 0 0 0 0 0 0 0 0 0 0 0 0 0 0 0 0 0 0 0 0 0 0 0 0 0 0 0 0 0 0 0 0 0 0 0 0 0 0 0 0 0 0 0 0 0 0 0 0 0 0 0 0 0 0 0 0 0 0 0 0 0 0 0 0
0.0675157 6.32196e-05 2.87919e-05 3.44277e-05 0.544573 0.971924 0 0 0 0 0 0 0 0 0 0 0 0 0 0 0 0 0 0 0 0 0 0 0 0 0 0 0 0 0 0 0 0 0 0 0 0 0 0 0 0 0 0 0 0 0 0 0 0 0 0 0 0 0 0 0 0 0 0 0 0 0 0 0 0 0 0 0 0 0 0 0 0 0 0 0 0 0 0 0 0 0 0
0.0709813 6.32303e-05 2.87137e-05 3.45166e-05 0.545886 0.969949 0 0 0 0 0 0 0 0 0 0 0 0 0 0 0 0 0 0 0 0 0 0 0 0 0 0 0 0 0 0 0 0 0 0 0 0 0 0 0 0 0 0 0 0 0 0 0 0 0 0 0 0 0 0 0 0 0 0 0 0 0 0 0 0 0 0 0 0 0 0 0 0 0 0 0 0 0 0 0 0 0 0
0.0746248 6.32417e-05 2.86236e-05 3.46181e-05 0.547394 0.967713 0 0 0 0 0 0 0 0 0 0 0 0 0 0 0 0 0 0 0 0 0 0 0 0 0 0 0 0 0 0 0 0 0 0 0 0 0 0 0 0 0 0 0 0 0 0 0 0 0 0 0 0 0 0 0 0 0 0 0 0 0 0 0 0 0 0 0 0 0 0 0 0 0 0 0 0 0 0 0 0 0 0
0.0784553 6.32532e-05 2.85328e-05 3.47204e-05 0.548912 0.965377 0 0 0 0 0 0 0 0 0 0 0 0 0 0 0 0 0 0 0 0 0 0 0 0 0 0 0 0 0 0 0 0 0 0 0 0 0 0 0 0 0 0 0 0 0 0 0 0 0 0 0 0 0 0 0 0 0 0 0 0 0 0 0 0 0 0 0 0 0 0 0 0 0 0 0 0 0 0 0 0 0 0
0.0824824 6.32653e-05 2.84443e-05 3.4821e-05 0.550397 0.963002 0 0 0 0 0 0 0 0 0 0 0 0 0 0 0 0 0 0 0 0 0 0 0 0 0 0 0 0 0 0 0 0 0 0 0 0 0 0 0 0 0 0 0 0 0 0 0 0 0 0 0 0 0 0 0 0 0 0 0 0 0 0 0 0 0 0 0 0 0 0 0 0 0 0 0 0 0 0 0 0 0 0
0.0867162 6.32777e-05 2.83566e-05 3.49211e-05 0.551871 0.960579 0 0 0 0 0 0 0 0 0 0 0 0 0 0 0 0 0 0 0 0 0 0 0 0 0 0 0 0 0 0 0 0 0 0 0 0 0 0 0 0 0 0 0 0 0 0 0 0 0 0 0 0 0 0 0 0 0 0 0 0 0 0 0 0 0 0 0 0 0 0 0 0 0 0 0 0 0 0 0 0 0 0
0.0911674 6.32908e-05 2.82692e-05 3.50216e-05 0.553344 0.958092 0 0 0 0 0 0 0 0 0 0 0 0 0 0 0 0 0 0 0 0 0 0 0 0 0 0 0 0 0 0 0 0 0 0 0 0 0 0 0 0 0 0 0 0 0 0 0 0 0 0 0 0 0 0 0 0 0 0 0 0 0 0 0 0 0 0 0 0 0 0 0 0 0 0 0 0 0 0 0 0 0 0
0.095847 6.33042e-05 2.81831e-05 3.5121e-05 0.554798 0.955553 0 0 0 0 0 0 0 0 0 0 0 0 0 0 0 0 0 0 0 0 0 0 0 0 0 0 0 0 0 0 0 0 0 0 0 0 0 0 0 0 0 0 0 0 0 0 0 0 0 0 0 0 0 0 0 0 0 0 0 0 0 0 0 0 0 0 0 0 0 0 0 0 0 0 0 0 0 0 0 0 0 0
0.100767 6.33183e-05 2.81017e-05 3.52166e-05 0.556183 0.95302 0 0 0 0 0 0 0 0 0 0 0 0 0 0 0 0 0 0 0 0 0 0 0 0 0 0 0 0 0 0 0 0 0 0 0 0 0 0 0 0 0 0 0 0 0 0 0 0 0 0 0 0 0 0 0 0 0 0 0 0 0 0 0 0 0 0 0 0 0 0 0 0 0 0 0 0 0 0 0 0 0 0
0.105939 6.33329e-05 2.8038e-05 3.52949e-05 0.557292 0.950698 0 0 0 0 0 0 0 0 0 0 0 0 0 0 0 0 0 0 0 0 0 0 0 0 0 0 0 0 0 0 0 0 0 0 0 0 0 0 0 0 0 0 0 0 0 0 0 0 0 0 0 0 0 0 0 0 0 0 0 0 0 0 0 0 0 0 0 0 0 0 0 0 0 0 0 0 0 0 0 0 0 0
0.111377 6.3348e-05 2.80038e-05 3.53442e-05 0.557937 0.948968 0 0 0 0 0 0 0 0 0 0 0 0 0 0 0 0 0 0 0 0 0 0 0 0 0 0 0 0 0 0 0 0 0 0 0 0 0 0 0 0 0 0 0 0 0 0 0 0 0 0 0 0 0 0 0 0 0 0 0 0 0 0 0 0 0 0 0 0 0 0 0 0 0 0 0 0 0 0 0 0 0 0
0.117094 6.33629e-05 2.799e-05 3.53728e-05 0.558258 0.947795 0 0 0 0 0 0 0 0 0 0 0 0 0 0 0 0 0 0 0 0 0 0 0 0 0 0 0 0 0 0 0 0 0 0 0 0 0 0 0 0 0 0 0 0 0 0 0 0 0 0 0 0 0 0 0 0 0 0 0 0 0 0 0 0 0 0 0 0 0 0 0 0 0 0 0 0 0 0 0 0 0 0
0.123105 6.33783e-05 2.79629e-05 3.54154e-05 0.558793 0.946409 0 0 0 0 0 0 0 0 0 0 0 0 0 0 0 0 0 0 0 0 0 0 0 0 0 0 0 0 0 0 0 0 0 0 0 0 0 0 0 0 0 0 0 0 0 0 0 0 0 0 0 0 0 0 0 0 0 0 0 0 0 0 0 0 0 0 0 0 0 0 0 0 0 0 0 0 0 0 0 0 0 0
0.129424 6.33944e-05 2.79544e-05 3.544e-05 0.559039 0.945327 0 0 0 0 0 0 0 0 0 0 0 0 0 0 0 0 0 0 0 0 0 0 0 0 0 0 0 0 0 0 0 0 0 0 0 0 0 0 0 0 0 0 0 0 0 0 0 0 0 0 0 0 0 0 0 0 0 0 0 0 0 0 0 0 0 0 0 0 0 0 0 0 0 0 0 0 0 0 0 0 0 0
0.136067 6.34104e-05 2.79962e-05 3.54142e-05 0.558492 0.94546 0 0 0 0 0 0 0 0 0 0 0 0 0 0 0 0 0 0 0 0 0 0 0 0 0 0 0 0 0 0 0 0 0 0 0 0 0 0 0 0 0 0 0 0 0 0 0 0 0 0 0 0 0 0 0 0 0 0 0 0 0 0 0 0 0 0 0 0 0 0 0 0 0 0 0 0 0 0 0 0 0 0
0.143051 6.34265e-05 2.80098e-05 3.54167e-05 0.558389 0.945187 0 0 0 0 0 0 0 0 0 0 0 0 0 0 0 0 0 0 0 0 0 0 0 0 0 0 0 0 0 0 0 0 0 0 0 0 0 0 0 0 0 0 0 0 0 0 0 0 0 0 0 0 0 0 0 0 0 0 0 0 0 0 0 0 0 0 0 0 0 0 0 0 0 0 0 0 0 0 0 0 0 0
0.150394 6.34435e-05 2.80798e-05 3.53637e-05 0.557404 0.945887 0 0 0 0 0 0 0 0 0 0 0 0 0 0 0 0 0 0 0 0 0 0 0 0 0 0 0 0 0 0 0 0 0 0 0 0 0 0 0 0 0 0 0 0 0 0 0 0 0 0 0 0 0 0 0 0 0 0 0 0 0 0 0 0 0 0 0 0 0 0 0 0 0 0 0 0 0 0 0 0 0 0
0.158114 6.34571e-05 2.83031e-05 3.5154e-05 0.553981 0.950581 0 0 0 0 0 0 0 0 0 0 0 0 0 0 0 0 0 0 0 0 0 0 0 0 0 0 0 0 0 0 0 0 0 0 0 0 0 0 0 0 0 0 0 0 0 0 0 0 0 0 0 0 0 0 0 0 0 0 0 0 0 0 0 0 0 0 0 0 0 0 0 0 0 0 0 0 0 0 0 0 0 0
0.16623 6.34684e-05 2.83285e-05 3.51399e-05 0.55366 0.952079 0 0 0 0 0 0 0 0 0 0 0 0 0 0 0 0 0 0 0 0 0 0 0 0 0 0 0 0 0 0 0 0 0 0 0 0 0 0 0 0 0 0 0 0 0 0 0 0 0 0 0 0 0 0 0 0 0 0 0 0 0 0 0 0 0 0 0 0 0 0 0 0 0 0 0 0 0 0 0 0 0 0
0.174762 6.34828e-05 2.81231e-05 3.53597e-05 0.556996 0.948664 0 0 0 0 0 0 0 0 0 0 0 0 0 0 0 0 0 0 0 0 0 0 0 0 0 0 0 0 0 0 0 0 0 0 0 0 0 0 0 0 0 0 0 0 0 0 0 0 0 0 0 0 0 0 0 0 0 0 0 0 0 0 0 0 0 0 0 0 0 0 0 0 0 0 0 0 0 0 0 0 0 0
0.183733 6.35008e-05 2.78011e-05 3.56997e-05 0.562193 0.942514 0 0 0 0 0 0 0 0 0 0 0 0 0 0 0 0 0 0 0 0 0 0 0 0 0 0 0 0 0 0 0 0 0 0 0 0 0 0 0 0 0 0 0 0 0 0 0 0 0 0 0 0 0 0 0 0 0 0 0 0 0 0 0 0 0 0 0 0 0 0 0 0 0 0 0 0 0 0 0 0 0 0
0.193164 6.35224e-05 2.73287e-05 3.61937e-05 0.569778 0.932767 0 0 0 0 0 0 0 0 0 0 0 0 0 0 0 0 0 0 0 0 0 0 0 0 0 0 0 0 0 0 0 0 0 0 0 0 0 0 0 0 0 0 0 0 0 0 0 0 0 0 0 0 0 0 0 0 0 0 0 0 0 0 0 0 0 0 0 0 0 0 0 0 0 0 0 0 0 0 0 0 0 0
0.203079 6.35487e-05 2.68305e-05 3.67182e-05 0.577796 0.921182 0 0 0 0 0 0 0 0 0 0 0 0 0 0 0 0 0 0 0 0 0 0 0 0 0 0 0 0 0 0 0 0 0 0 0 0 0 0 0 0 0 0 0 0 0 0 0 0 0 0 0 0 0 0 0 0 0 0 0 0 0 0 0 0 0 0 0 0 0 0 0 0 0 0 0 0 0 0 0 0 0 0
0.213503 6.35756e-05 2.64439e-05 3.71317e-05 0.584056 0.911514 0 0 0 0 0 0 0 0 0 0 0 0 0 0 0 0 0 0 0 0 0 0 0 0 0 0 0 0 0 0 0 0 0 0 0 0 0 0 0 0 0 0 0 0 0 0 0 0 0 0 0 0 0 0 0 0 0 0 0 0 0 0 0 0 0 0 0 0 0 0 0 0 0 0 0 0 0 0 0 0 0 0
0.224463 6.36032e-05 2.61096e-05 3.74936e-05 0.589493 0.902822 0 0 0 0 0 0 0 0 0 0 0 0 0 0 0 0 0 0 0 0 0 0 0 0 0 0 0 0 0 0 0 0 0 0 0 0 0 0 0 0 0 0 0 0 0 0 0 0 0 0 0 0 0 0 0 0 0 0 0 0 0 0 0 0 0 0 0 0 0 0 0 0 0 0 0 0 0 0 0 0 0 0
0.235984 6.36317e-05 2.57714e-05 3.78603e-05 0.594992 0.89408 0 0 0 0 0 0 0 0 0 0 0 0 0 0 0 0 0 0 0 0 0 0 0 0 0 0 0 0 0 0 0 0 0 0 0 0 0 0 0 0 0 0 0 0 0 0 0 0 0 0 0 0 0 0 0 0 0 0 0 0 0 0 0 0 0 0 0 0 0 0 0 0 0 0 0 0 0 0 0 0 0 0
0.248097 6.36629e-05 2.53735e-05 3.82894e-05 0.60144 0.883725 0 0 0 0 0 0 0 0 0 0 0 0 0 0 0 0 0 0 0 0 0 0 0 0 0 0 0 0 0 0 0 0 0 0 0 0 0 0 0 0 0 0 0 0 0 0 0 0 0 0 0 0 0 0 0 0 0 0 0 0 0 0 0 0 0 0 0 0 0 0 0 0 0 0 0 0 0 0 0 0 0 0
0.260832 6.36955e-05 2.50616e-05 3.8634e-05 0.606541 0.874931 0 0 0 0 0 0 0 0 0 0 0 0 0 0 0 0 0 0 0 0 0 0 0 0 0 0 0 0 0 0 0 0 0 0 0 0 0 0 0 0 0 0 0 0 0 0 0 0 0 0 0 0 0 0 0 0 0 0 0 0 0 0 0 0 0 0 0 0 0 0 0 0 0 0 0 0 0 0 0 0 0 0
0.274221 6.3729e-05 2.48152e-05 3.89138e-05 0.610613 0.867542 0 0 0 0 0 0 0 0 0 0 0 0 0 0 0 0 0 0 0 0 0 0 0 0 0 0 0 0 0 0 0 0 0 0 0 0 0 0 0 0 0 0 0 0 0 0 0 0 0 0 0 0 0 0 0 0 0 0 0 0 0 0 0 0 0 0 0 0 0 0 0 0 0 0 0 0 0 0 0 0 0 0
0.288297 6.37629e-05 2.46197e-05 3.91432e-05 0.613887 0.861435 0 0 0 0 0 0 0 0 0 0 0 0 0 0 0 0 0 0 0 0 0 0 0 0 0 0 0 0 0 0 0 0 0 0 0 0 0 0 0 0 0 0 0 0 0 0 0 0 0 0 0 0 0 0 0 0 0 0 0 0 0 0 0 0 0 0 0 0 0 0 0 0 0 0 0 0 0 0 0 0 0 0
0.303095 6.37981e-05 2.44561e-05 3.93421e-05 0.616665 0.856025 0 0 0 0 0 0 0 0 0 0 0 0 0 0 0 0 0 0 0 0 0 0 0 0 0 0 0 0 0 0 0 0 0 0 0 0 0 0 0 0 0 0 0 0 0 0 0 0 0 0 0 0 0 0 0 0 0 0 0 0 0 0 0 0 0 0 0 0 0 0 0 0 0 0 0 0 0 0 0 0 0 0
0.318653 6.38343e-05 2.43197e-05 3.95146e-05 0.619019 0.851349 0 0 0 0 0 0 0 0 0 0 0 0 0 0 0 0 0 0 0 0 0 0 0 0 0 0 0 0 0 0 0 0 0 0 0 0 0 0 0 0 0 0 0 0 0 0 0 0 0 0 0 0 0 0 0 0 0 0 0 0 0 0 0 0 0 0 0 0 0 0 0 0 0 0 0 0 0 0 0 0 0 0
0.335009 6.3871e-05 2.41987e-05 3.96723e-05 0.621132 0.84709 0 0 0 0 0 0 0 0 0 0 0 0 0 0 0 0 0 0 0 0 0 0 0 0 0 0 0 0 0 0 0 0 0 0 0 0 0 0 0 0 0 0 0 0 0 0 0 0 0 0 0 0 0 0 0 0 0 0 0 0 0 0 0 0 0 0 0 0 0 0 0 0 0 0 0 0 0 0 0 0 0 0
0.352205 6.39092e-05 2.40924e-05 3.98167e-05 0.623021 0.843214 0 0 0 0 0 0 0 0 0 0 0 0 0 0 0 0 0 0 0 0 0 0 0 0 0 0 0 0 0 0 0 0 0 0 0 0 0 0 0 0 0 0 0 0 0 0 0 0 0 0 0 0 0 0 0 0 0 0 0 0 0 0 0 0 0 0 0 0 0 0 0 0 0 0 0 0 0 0 0 0 0 0
0.370284 6.39484e-05 2.3987e-05 3.99615e-05 0.624901 0.839418 0 0 0 0 0 0 0 0 0 0 0 0 0 0 0 0 0 0 0 0 0 0 0 0 0 0 0 0 0 0 0 0 0 0 0 0 0 0 0 0 0 0 0 0 0 0 0 0 0 0 0 0 0 0 0 0 0 0 0 0 0 0 0 0 0 0 0 0 0 0 0 0 0 0 0 0 0 0 0 0 0 0
0.389291 6.39891e-05 2.38862e-05 4.01029e-05 0.626715 0.83577 0 0 0 0 0 0 0 0 0 0 0 0 0 0 0 0 0 0 0 0 0 0 0 0 0 0 0 0 0 0 0 0 0 0 0 0 0 0 0 0 0 0 0 0 0 0 0 0 0 0 0 0 0 0 0 0 0 0 0 0 0 0 0 0 0 0 0 0 0 0 0 0 0 0 0 0 0 0 0 0 0 0
0.409273 6.40314e-05 2.37812e-05 4.02502e-05 0.628601 0.832071 0 0 0 0 0 0 0 0 0 0 0 0 0 0 0 0 0 0 0 0 0 0 0 0 0 0 0 0 0 0 0 0 0 0 0 0 0 0 0 0 0 0 0 0 0 0 0 0 0 0 0 0 0 0 0 0 0 0 0 0 0 0 0 0 0 0 0 0 0 0 0 0 0 0 0 0 0 0 0 0 0 0
0.430281 6.40751e-05 2.36751e-05 4.04e-05 0.630511 0.828352 0 0 0 0 0 0 0 0 0 0 0 0 0 0 0 0 0 0 0 0 0 0 0 0 0 0 0 0 0 0 0 0 0 0 0 0 0 0 0 0 0 0 0 0 0 0 0 0 0 0 0 0 0 0 0 0 0 0 0 0 0 0 0 0 0 0 0 0 0 0 0 0 0 0 0 0 0 0 0 0 0 0
0.452368 6.41205e-05 2.35761e-05 4.05444e-05 0.632316 0.824779 0 0 0 0 0 0 0 0 0 0 0 0 0 0 0 0 0 0 0 0 0 0 0 0 0 0 0 0 0 0 0 0 0 0 0 0 0 0 0 0 0 0 0 0 0 0 0 0 0 0 0 0 0 0 0 0 0 0 0 0 0 0 0 0 0 0 0 0 0 0 0 0 0 0 0 0 0 0 0 0 0 0
0.475588 6.41674e-05 2.34796e-05 4.06878e-05 0.634088 0.821258 0 0 0 0 0 0 0 0 0 0 0 0 0 0 0 0 0 0 0 0 0 0 0 0 0 0 0 0 0 0 0 0 0 0 0 0 0 0 0 0 0 0 0 0 0 0 0 0 0 0 0 0 0 0 0 0 0 0 0 0 0 0 0 0 0 0 0 0 0 0 0 0 0 0 0 0 0 0 0 0 0 0
0.5 6.42155e-05 2.34018e-05 4.08138e-05 0.635575 0.81813 0 0 0 0 0 0 0 0 0 0 0 0 0 0 0 0 0 0 0 0 0 0 0 0 0 0 0 0 0 0 0 0 0 0 0 0 0 0 0 0 0 0 0 0 0 0 0 0 0 0 0 0 0 0 0 0 0 0 0 0 0 0 0 0 0 0 0 0 0 0 0 0 0 0 0 0 0 0 0 0 0 0
0.525665 6.42645e-05 2.33412e-05 4.09233e-05 0.636794 0.815404 0 0 0 0 0 0 0 0 0 0 0 0 0 0 0 0 0 0 0 0 0 0 0 0 0 0 0 0 0 0 0 0 0 0 0 0 0 0 0 0 0 0 0 0 0 0 0 0 0 0 0 0 0 0 0 0 0 0 0 0 0 0 0 0 0 0 0 0 0 0 0 0 0 0 0 0 0 0 0 0 0 0
0.552648 6.43145e-05 2.32961e-05 4.10183e-05 0.637778 0.813053 0 0 0 0 0 0 0 0 0 0 0 0 0 0 0 0 0 0 0 0 0 0 0 0 0 0 0 0 0 0 0 0 0 0 0 0 0 0 0 0 0 0 0 0 0 0 0 0 0 0 0 0 0 0 0 0 0 0 0 0 0 0 0 0 0 0 0 0 0 0 0 0 0 0 0 0 0 0 0 0 0 0
0.581015 6.43653e-05 2.32608e-05 4.11045e-05 0.638613 0.810954 0 0 0 0 0 0 0 0 0 0 0 0 0 0 0 0 0 0 0 0 0 0 0 0 0 0 0 0 0 0 0 0 0 0 0 0 0 0 0 0 0 0 0 0 0 0 0 0 0 0 0 0 0 0 0 0 0 0 0 0 0 0 0 0 0 0 0 0 0 0 0 0 0 0 0 0 0 0 0 0 0 0
0.610839 6.44175e-05 2.32282e-05 4.11893e-05 0.639411 0.808944 0 0 0 0 0 0 0 0 0 0 0 0 0 0 0 0 0 0 0 0 0 0 0 0 0 0 0 0 0 0 0 0 0 0 0 0 0 0 0 0 0 0 0 0 0 0 0 0 0 0 0 0 0 0 0 0 0 0 0 0 0 0 0 0 0 0 0 0 0 0 0 0 0 0 0 0 0 0 0 0 0 0
0.642193 6.44706e-05 2.31991e-05 4.12715e-05 0.640161 0.807039 0 0 0 0 0 0 0 0 0 0 0 0 0 0 0 0 0 0 0 0 0 0 0 0 0 0 0 0 0 0 0 0 0 0 0 0 0 0 0 0 0 0 0 0 0 0 0 0 0 0 0 0 0 0 0 0 0 0 0 0 0 0 0 0 0 0 0 0 0 0 0 0 0 0 0 0 0 0 0 0 0 0
0.675157 6.45252e-05 2.31698e-05 4.13554e-05 0.640918 0.805157 0 0 0 0 0 0 0 0 0 0 0 0 0 0 0 0 0 0 0 0 0 0 0 0 0 0 0 0 0 0 0 0 0 0 0 0 0 0 0 0 0 0 0 0 0 0 0 0 0 0 0 0 0 0 0 0 0 0 0 0 0 0 0 0 0 0 0 0 0 0 0 0 0 0 0 0 0 0 0 0 0 0
0.709813 6.45811e-05 2.31406e-05 4.14404e-05 0.641681 0.803279 0 0 0 0 0 0 0 0 0 0 0 0 0 0 0 0 0 0 0 0 0 0 0 0 0 0 0 0 0 0 0 0 0 0 0 0 0 0 0 0 0 0 0 0 0 0 0 0 0 0 0 0 0 0 0 0 0 0 0 0 0 0 0 0 0 0 0 0 0 0 0 0 0 0 0 0 0 0 0 0 0 0
0.746248 6.46381e-05 2.3115e-05 4.15232e-05 0.642394 0.801485 0 0 0 0 0 0 0 0 0 0 0 0 0 0 0 0 0 0 0 0 0 0 0 0 0 0 0 0 0 0 0 0 0 0 0 0 0 0 0 0 0 0 0 0 0 0 0 0 0 0 0 0 0 0 0 0 0 0 0 0 0 0 0 0 0 0 0 0 0 0 0 0 0 0 0 0 0 0 0 0 0 0
0.784553 6.46961e-05 2.30957e-05 4.16004e-05 0.643013 0.799812 0 0 0 0 0 0 0 0 0 0 0 0 0 0 0 0 0 0 0 0 0 0 0 0 0 0 0 0 0 0 0 0 0 0 0 0 0 0 0 0 0 0 0 0 0 0 0 0 0 0 0 0 0 0 0 0 0 0 0 0 0 0 0 0 0 0 0 0 0 0 0 0 0 0 0 0 0 0 0 0 0 0
0.824824 6.47539e-05 2.30983e-05 4.16555e-05 0.64329 0.79863 0 0 0 0 0 0 0 0 0 0 0 0 0 0 0 0 0 0 0 0 0 0 0 0 0 0 0 0 0 0 0 0 0 0 0 0 0 0 0 0 0 0 0 0 0 0 0 0 0 0 0 0 0 0 0 0 0 0 0 0 0 0 0 0 0 0 0 0 0 0 0 0 0 0 0 0 0 0 0 0 0 0
0.867162 6.48122e-05 2.3122e-05 4.16902e-05 0.643246 0.797972 0 0 0 0 0 0 0 0 0 0 0 0 0 0 0 0 0 0 0 0 0 0 0 0 0 0 0 0 0 0 0 0 0 0 0 0 0 0 0 0 0 0 0 0 0 0 0 0 0 0 0 0 0 0 0 0 0 0 0 0 0 0 0 0 0 0 0 0 0 0 0 0 0 0 0 0 0 0 0 0 0 0
0.911674 6.48723e-05 2.31475e-05 4.17248e-05 0.643184 0.797413 0 0 0 0 0 0 0 0 0 0 0 0 0 0 0 0 0 0 0 0 0 0 0 0 0 0 0 0 0 0 0 0 0 0 0 0 0 0 0 0 0 0 0 0 0 0 0 0 0 0 0 0 0 0 0 0 0 0 0 0 0 0 0 0 0 0 0 0 0 0 0 0 0 0 0 0 0 0 0 0 0 0
0.95847 6.49351e-05 2.31537e-05 4.17814e-05 0.643433 0.796455 0 0 0 0 0 0 0 0 0 0 0 0 0 0 0 0 0 0 0 0 0 0 0 0 0 0 0 0 0 0 0 0 0 0 0 0 0 0 0 0 0 0 0 0 0 0 0 0 0 0 0 0 0 0 0 0 0 0 0 0 0 0 0 0 0 0 0 0 0 0 0 0 0 0 0 0 0 0 0 0 0 0
1.00767 6.50001e-05 2.31488e-05 4.18513e-05 0.643865 0.795227 0 0 0 0 0 0 0 0 0 0 0 0 0 0 0 0 0 0 0 0 0 0 0 0 0 0 0 0 0 0 0 0 0 0 0 0 0 0 0 0 0 0 0 0 0 0 0 0 0 0 0 0 0 0 0 0 0 0 0 0 0 0 0 0 0 0 0 0 0 0 0 0 0 0 0 0 0 0 0 0 0 0
1.05939 6.50665e-05 2.31469e-05 4.19196e-05 0.644258 0.79406 0 0 0 0 0 0 0 0 0 0 0 0 0 0 0 0 0 0 0 0 0 0 0 0 0 0 0 0 0 0 0 0 0 0 0 0 0 0 0 0 0 0 0 0 0 0 0 0 0 0 0 0 0 0 0 0 0 0 0 0 0 0 0 0 0 0 0 0 0 0 0 0 0 0 0 0 0 0 0 0 0 0
1.11377 6.51348e-05 2.31465e-05 4.19882e-05 0.644637 0.792915 0 0 0 0 0 0 0 0 0 0 0 0 0 0 0 0 0 0 0 0 0 0 0 0 0 0 0 0 0 0 0 0 0 0 0 0 0 0 0 0 0 0 0 0 0 0 0 0 0 0 0 0 0 0 0 0 0 0 0 0 0 0 0 0 0 0 0 0 0 0 0 0 0 0 0 0 0 0 0 0 0 0
1.17094 6.52047e-05 2.31412e-05 4.20635e-05 0.6451 0.79165 0 0 0 0 0 0 0 0 0 0 0 0 0 0 0 0 0 0 0 0 0 0 0 0 0 0 0 0 0 0 0 0 0 0 0 0 0 0 0 0 0 0 0 0 0 0 0 0 0 0 0 0 0 0 0 0 0 0 0 0 0 0 0 0 0 0 0 0 0 0 0 0 0 0 0 0 0 0 0 0 0 0
1.23105 6.52766e-05 2.3136e-05 4.21407e-05 0.64557 0.790378 0 0 0 0 0 0 0 0 0 0 0 0 0 0 0 0 0 0 0 0 0 0 0 0 0 0 0 0 0 0 0 0 0 0 0 0 0 0 0 0 0 0 0 0 0 0 0 0 0 0 0 0 0 0 0 0 0 0 0 0 0 0 0 0 0 0 0 0 0 0 0 0 0 0 0 0 0 0 0 0 0 0
1.29424 6.53497e-05 2.31353e-05 4.22144e-05 0.645977 0.789184 0 0 0 0 0 0 0 0 0 0 0 0 0 0 0 0 0 0 0 0 0 0 0 0 0 0 0 0 0 0 0 0 0 0 0 0 0 0 0 0 0 0 0 0 0 0 0 0 0 0 0 0 0 0 0 0 0 0 0 0 0 0 0 0 0 0 0 0 0 0 0 0 0 0 0 0 0 0 0 0 0 0
1.36067 6.54238e-05 2.31507e-05 4.22732e-05 0.646143 0.788338 0 0 0 0 0 0 0 0 0 0 0 0 0 0 0 0 0 0 0 0 0 0 0 0 0 0 0 0 0 0 0 0 0 0 0 0 0 0 0 0 0 0 0 0 0 0 0 0 0 0 0 0 0 0 0 0 0 0 0 0 0 0 0 0 0 0 0 0 0 0 0 0 0 0 0 0 0 0 0 0 0 0
1.43051 6.55016e-05 2.31671e-05 4.23345e-05 0.646312 0.787529 0 0 0 0 0 0 0 0 0 0 0 0 0 0 0 0 0 0 0 0 0 0 0 0 0 0 0 0 0 0 0 0 0 0 0 0 0 0 0 0 0 0 0 0 0 0 0 0 0 0 0 0 0 0 0 0 0 0 0 0 0 0 0 0 0 0 0 0 0 0 0 0 0 0 0 0 0 0 0 0 0 0
1.50394 6.55825e-05 2.31648e-05 4.24176e-05 0.646783 0.786282 0 0 0 0 0 0 0 0 0 0 0 0 0 0 0 0 0 0 0 0 0 0 0 0 0 0 0 0 0 0 0 0 0 0 0 0 0 0 0 0 0 0 0 0 0 0 0 0 0 0 0 0 0 0 0 0 0 0 0 0 0 0 0 0 0 0 0 0 0 0 0 0 0 0 0 0 0 0 0 0 0 0
1.58114 6.56655e-05 2.31588e-05 4.25067e-05 0.647322 0.784919 0 0 0 0 0 0 0 0 0 0 0 0 0 0 0 0 0 0 0 0 0 0 0 0 0 0 0 0 0 0 0 0 0 0 0 0 0 0 0 0 0 0 0 0 0 0 0 0 0 0 0 0 0 0 0 0 0 0 0 0 0 0 0 0 0 0 0 0 0 0 0 0 0 0 0 0 0 0 0 0 0 0
1.6623 6.57498e-05 2.3158e-05 4.25918e-05 0.647787 0.783641 0 0 0 0 0 0 0 0 0 0 0 0 0 0 0 0 0 0 0 0 0 0 0 0 0 0 0 0 0 0 0 0 0 0 0 0 0 0 0 0 0 0 0 0 0 0 0 0 0 0 0 0 0 0 0 0 0 0 0 0 0 0 0 0 0 0 0 0 0 0 0 0 0 0 0 0 0 0 0 0 0 0
1.74763 6.58359e-05 2.31657e-05 4.26703e-05 0.64813 0.78253 0 0 0 0 0 0 0 0 0 0 0 0 0 0 0 0 0 0 0 0 0 0 0 0 0 0 0 0 0 0 0 0 0 0 0 0 0 0 0 0 0 0 0 0 0 0 0 0 0 0 0 0 0 0 0 0 0 0 0 0 0 0 0 0 0 0 0 0 0 0 0 0 0 0 0 0 0 0 0 0 0 0
1.83733 6.59262e-05 2.31733e-05 4.27529e-05 0.648497 0.781404 0 0 0 0 0 0 0 0 0 0 0 0 0 0 0 0 0 0 0 0 0 0 0 0 0 0 0 0 0 0 0 0 0 0 0 0 0 0 0 0 0 0 0 0 0 0 0 0 0 0 0 0 0 0 0 0 0 0 0 0 0 0 0 0 0 0 0 0 0 0 0 0 0 0 0 0 0 0 0 0 0 0
1.93164 6.6019e-05 2.31649e-05 4.2854e-05 0.649117 0.779891 0 0 0 0 0 0 0 0 0 0 0 0 0 0 0 0 0 0 0 0 0 0 0 0 0 0 0 0 0 0 0 0 0 0 0 0 0 0 0 0 0 0 0 0 0 0 0 0 0 0 0 0 0 0 0 0 0 0 0 0 0 0 0 0 0 0 0 0 0 0 0 0 0 0 0 0 0 0 0 0 0 0
2.03079 6.61125e-05 2.31678e-05 4.29447e-05 0.649571 0.778586 0 0 0 0 0 0 0 0 0 0 0 0 0 0 0 0 0 0 0 0 0 0 0 0 0 0 0 0 0 0 0 0 0 0 0 0 0 0 0 0 0 0 0 0 0 0 0 0 0 0 0 0 0 0 0 0 0 0 0 0 0 0 0 0 0 0 0 0 0 0 0 0 0 0 0 0 0 0 0 0 0 0
2.13503 6.62089e-05 2.31783e-05 4.30305e-05 0.649921 0.777428 0 0 0 0 0 0 0 0 0 0 0 0 0 0 0 0 0 0 0 0 0 0 0 0 0 0 0 0 0 0 0 0 0 0 0 0 0 0 0 0 0 0 0 0 0 0 0 0 0 0 0 0 0 0 0 0 0 0 0 0 0 0 0 0 0 0 0 0 0 0 0 0 0 0 0 0 0 0 0 0 0 0
2.24463 6.63083e-05 2.31899e-05 4.31183e-05 0.650271 0.776259 0 0 0 0 0 0 0 0 0 0 0 0 0 0 0 0 0 0 0 0 0 0 0 0 0 0 0 0 0 0 0 0 0 0 0 0 0 0 0 0 0 0 0 0 0 0 0 0 0 0 0 0 0 0 0 0 0 0 0 0 0 0 0 0 0 0 0 0 0 0 0 0 0 0 0 0 0 0 0 0 0 0
2.35984 6.64114e-05 2.32021e-05 4.32093e-05 0.65063 0.77507 0 0 0 0 0 0 0 0 0 0 0 0 0 0 0 0 0 0 0 0 0 0 0 0 0 0 0 0 0 0 0 0 0 0 0 0 0 0 0 0 0 0 0 0 0 0 0 0 0 0 0 0 0 0 0 0 0 0 0 0 0 0 0 0 0 0 0 0 0 0 0 0 0 0 0 0 0 0 0 0 0 0
2.48097 6.65166e-05 2.32072e-05 4.33094e-05 0.651106 0.773691 0 0 0 0 0 0 0 0 0 0 0 0 0 0 0 0 0 0 0 0 0 0 0 0 0 0 0 0 0 0 0 0 0 0 0 0 0 0 0 0 0 0 0 0 0 0 0 0 0 0 0 0 0 0 0 0 0 0 0 0 0 0 0 0 0 0 0 0 0 0 0 0 0 0 0 0 0 0 0 0 0 0
2.60832 6.66238e-05 2.32412e-05 4.33826e-05 0.651158 0.772893 0 0 0 0 0 0 0 0 0 0 0 0 0 0 0 0 0 0 0 0 0 0 0 0 0 0 0 0 0 0 0 0 0 0 0 0 0 0 0 0 0 0 0 0 0 0 0 0 0 0 0 0 0 0 0 0 0 0 0 0 0 0 0 0 0 0 0 0 0 0 0 0 0 0 0 0 0 0 0 0 0 0
2.74221 6.67405e-05 2.32487e-05 4.34918e-05 0.651655 0.771491 0 0 0 0 0 0 0 0 0 0 0 0 0 0 0 0 0 0 0 0 0 0 0 0 0 0 0 0 0 0 0 0 0 0 0 0 0 0 0 0 0 0 0 0 0 0 0 0 0 0 0 0 0 0 0 0 0 0 0 0 0 0 0 0 0 0 0 0 0 0 0 0 0 0 0 0 0 0 0 0 0 0
2.88297 6.68558e-05 2.32487e-05 4.36071e-05 0.652257 0.769887 0 0 0 0 0 0 0 0 0 0 0 0 0 0 0 0 0 0 0 0 0 0 0 0 0 0 0 0 0 0 0 0 0 0 0 0 0 0 0 0 0 0 0 0 0 0 0 0 0 0 0 0 0 0 0 0 0 0 0 0 0 0 0 0 0 0 0 0 0 0 0 0 0 0 0 0 0 0 0 0 0 0
3.03095 6.69759e-05 2.32689e-05 4.37071e-05 0.652579 0.768669 0 0 0 0 0 0 0 0 0 0 0 0 0 0 0 0 0 0 0 0 0 0 0 0 0 0 0 0 0 0 0 0 0 0 0 0 0 0 0 0 0 0 0 0 0 0 0 0 0 0 0 0 0 0 0 0 0 0 0 0 0 0 0 0 0 0 0 0 0 0 0 0 0 0 0 0 0 0 0 0 0 0
3.18653 6.71022e-05 2.32609e-05 4.38413e-05 0.653351 0.766819 0 0 0 0 0 0 0 0 0 0 0 0 0 0 0 0 0 0 0 0 0 0 0 0 0 0 0 0 0 0 0 0 0 0 0 0 0 0 0 0 0 0 0 0 0 0 0 0 0 0 0 0 0 0 0 0 0 0 0 0 0 0 0 0 0 0 0 0 0 0 0 0 0 0 0 0 0 0 0 0 0 0
3.35009 6.72229e-05 2.32511e-05 4.39718e-05 0.65412 0.764902 0 0 0 0 0 0 0 0 0 0 0 0 0 0 0 0 0 0 0 0 0 0 0 0 0 0 0 0 0 0 0 0 0 0 0 0 0 0 0 0 0 0 0 0 0 0 0 0 0 0 0 0 0 0 0 0 0 0 0 0 0 0 0 0 0 0 0 0 0 0 0 0 0 0 0 0 0 0 0 0 0 0
3.52205 6.73544e-05 2.3278e-05 4.40764e-05 0.654395 0.76369 0 0 0 0 0 0 0 0 0 0 0 0 0 0 0 0 0 0 0 0 0 0 0 0 0 0 0 0 0 0 0 0 0 0 0 0 0 0 0 0 0 0 0 0 0 0 0 0 0 0 0 0 0 0 0 0 0 0 0 0 0 0 0 0 0 0 0 0 0 0 0 0 0 0 0 0 0 0 0 0 0 0
3.70284 6.74877e-05 2.32806e-05 4.42071e-05 0.655039 0.761939 0 0 0 0 0 0 0 0 0 0 0 0 0 0 0 0 0 0 0 0 0 0 0 0 0 0 0 0 0 0 0 0 0 0 0 0 0 0 0 0 0 0 0 0 0 0 0 0 0 0 0 0 0 0 0 0 0 0 0 0 0 0 0 0 0 0 0 0 0 0 0 0 0 0 0 0 0 0 0 0 0 0
3.89291 6.76215e-05 2.32726e-05 4.43489e-05 0.65584 0.759941 0 0 0 0 0 0 0 0 0 0 0 0 0 0 0 0 0 0 0 0 0 0 0 0 0 0 0 0 0 0 0 0 0 0 0 0 0 0 0 0 0 0 0 0 0 0 0 0 0 0 0 0 0 0 0 0 0 0 0 0 0 0 0 0 0 0 0 0 0 0 0 0 0 0 0 0 0 0 0 0 0 0
4.09273 6.77612e-05 2.3278e-05 4.44832e-05 0.65647 0.758168 0 0 0 0 0 0 0 0 0 0 0 0 0 0 0 0 0 0 0 0 0 0 0 0 0 0 0 0 0 0 0 0 0 0 0 0 0 0 0 0 0 0 0 0 0 0 0 0 0 0 0 0 0 0 0 0 0 0 0 0 0 0 0 0 0 0 0 0 0 0 0 0 0 0 0 0 0 0 0 0 0 0
4.30281 6.79028e-05 2.33105e-05 4.45923e-05 0.656708 0.756888 0 0 0 0 0 0 0 0 0 0 0 0 0 0 0 0 0 0 0 0 0 0 0 0 0 0 0 0 0 0 0 0 0 0 0 0 0 0 0 0 0 0 0 0 0 0 0 0 0 0 0 0 0 0 0 0 0 0 0 0 0 0 0 0 0 0 0 0 0 0 0 0 0 0 0 0 0 0 0 0 0 0
4.52368 6.80442e-05 2.33403e-05 4.47039e-05 0.656983 0.755513 0 0 0 0 0 0 0 0 0 0 0 0 0 0 0 0 0 0 0 0 0 0 0 0 0 0 0 0 0 0 0 0 0 0 0 0 0 0 0 0 0 0 0 0 0 0 0 0 0 0 0 0 0 0 0 0 0 0 0 0 0 0 0 0 0 0 0 0 0 0 0 0 0 0 0 0 0 0 0 0 0 0
4.75588 6.81921e-05 2.33623e-05 4.48298e-05 0.657405 0.75393 0 0 0 0 0 0 0 0 0 0 0 0 0 0 0 0 0 0 0 0 0 0 0 0 0 0 0 0 0 0 0 0 0 0 0 0 0 0 0 0 0 0 0 0 0 0 0 0 0 0 0 0 0 0 0 0 0 0 0 0 0 0 0 0 0 0 0 0 0 0 0 0 0 0 0 0 0 0 0 0 0 0
5 6.83371e-05 2.33886e-05 4.49486e-05 0.657747 0.7524 0 0 0 0 0 0 0 0 0 0 0 0 0 0 0 0 0 0 0 0 0 0 0 0 0 0 0 0 0 0 0 0 0 0 0 0 0 0 0 0 0 0 0 0 0 0 0 0 0 0 0 0 0 0 0 0 0 0 0 0 0 0 0 0 0 0 0 0 0 0 0 0 0 0 0 0 0 0 0 0 0 0
5.25665 6.84913e-05 2.34619e-05 4.50294e-05 0.657447 0.75169 0 0 0 0 0 0 0 0 0 0 0 0 0 0 0 0 0 0 0 0 0 0 0 0 0 0 0 0 0 0 0 0 0 0 0 0 0 0 0 0 0 0 0 0 0 0 0 0 0 0 0 0 0 0 0 0 0 0 0 0 0 0 0 0 0 0 0 0 0 0 0 0 0 0 0 0 0 0 0 0 0 0
5.52648 6.86552e-05 2.35506e-05 4.51045e-05 0.656972 0.751181 0 0 0 0 0 0 0 0 0 0 0 0 0 0 0 0 0 0 0 0 0 0 0 0 0 0 0 0 0 0 0 0 0 0 0 0 0 0 0 0 0 0 0 0 0 0 0 0 0 0 0 0 0 0 0 0 0 0 0 0 0 0 0 0 0 0 0 0 0 0 0 0 0 0 0 0 0 0 0 0 0 0
5.81015 6.88436e-05 2.3701e-05 4.51427e-05 0.655728 0.751669 0 0 0 0 0 0 0 0 0 0 0 0 0 0 0 0 0 0 0 0 0 0 0 0 0 0 0 0 0 0 0 0 0 0 0 0 0 0 0 0 0 0 0 0 0 0 0 0 0 0 0 0 0 0 0 0 0 0 0 0 0 0 0 0 0 0 0 0 0 0 0 0 0 0 0 0 0 0 0 0 0 0
6.10839 6.90639e-05 2.37692e-05 4.52947e-05 0.655838 0.750442 0 0 0 0 0 0 0 0 0 0 0 0 0 0 0 0 0 0 0 0 0 0 0 0 0 0 0 0 0 0 0 0 0 0 0 0 0 0 0 0 0 0 0 0 0 0 0 0 0 0 0 0 0 0 0 0 0 0 0 0 0 0 0 0 0 0 0 0 0 0 0 0 0 0 0 0 0 0 0 0 0 0
6.42193 6.92663e-05 2.36137e-05 4.56526e-05 0.659088 0.745153 0 0 0 0 0 0 0 0 0 0 0 0 0 0 0 0 0 0 0 0 0 0 0 0 0 0 0 0 0 0 0 0 0 0 0 0 0 0 0 0 0 0 0 0 0 0 0 0 0 0 0 0 0 0 0 0 0 0 0 0 0 0 0 0 0 0 0 0 0 0 0 0 0 0 0 0 0 0 0 0 0 0
6.75157 6.94512e-05 2.36069e-05 4.58444e-05 0.660094 0.742635 0 0 0 0 0 0 0 0 0 0 0 0 0 0 0 0 0 0 0 0 0 0 0 0 0 0 0 0 0 0 0 0 0 0 0 0 0 0 0 0 0 0 0 0 0 0 0 0 0 0 0 0 0 0 0 0 0 0 0 0 0 0 0 0 0 0 0 0 0 0 0 0 0 0 0 0 0 0 0 0 0 0
7.09813 6.96714e-05 2.36176e-05 4.60538e-05 0.661015 0.740286 0 0 0 0 0 0 0 0 0 0 0 0 0 0 0 0 0 0 0 0 0 0 0 0 0 0 0 0 0 0 0 0 0 0 0 0 0 0 0 0 0 0 0 0 0 0 0 0 0 0 0 0 0 0 0 0 0 0 0 0 0 0 0 0 0 0 0 0 0 0 0 0 0 0 0 0 0 0 0 0 0 0
7.46248 6.98818e-05 2.34882e-05 4.63936e-05 0.663887 0.735528 0 0 0 0 0 0 0 0 0 0 0 0 0 0 0 0 0 0 0 0 0 0 0 0 0 0 0 0 0 0 0 0 0 0 0 0 0 0 0 0 0 0 0 0 0 0 0 0 0 0 0 0 0 0 0 0 0 0 0 0 0 0 0 0 0 0 0 0 0 0 0 0 0 0 0 0 0 0 0 0 0 0
7.84553 7.00689e-05 2.33889e-05 4.66801e-05 0.666202 0.731409 0 0 0 0 0 0 0 0 0 0 0 0 0 0 0 0 0 0 0 0 0 0 0 0 0 0 0 0 0 0 0 0 0 0 0 0 0 0 0 0 0 0 0 0 0 0 0 0 0 0 0 0 0 0 0 0 0 0 0 0 0 0 0 0 0 0 0 0 0 0 0 0 0 0 0 0 0 0 0 0 0 0
8.24824 7.02527e-05 2.32468e-05 4.70059e-05 0.669098 0.726635 0 0 0 0 0 0 0 0 0 0 0 0 0 0 0 0 0 0 0 0 0 0 0 0 0 0 0 0 0 0 0 0 0 0 0 0 0 0 0 0 0 0 0 0 0 0 0 0 0 0 0 0 0 0 0 0 0 0 0 0 0 0 0 0 0 0 0 0 0 0 0 0 0 0 0 0 0 0 0 0 0 0
8.67162 7.0421e-05 2.3149e-05 4.7272e-05 0.671277 0.722682 0 0 0 0 0 0 0 0 0 0 0 0 0 0 0 0 0 0 0 0 0 0 0 0 0 0 0 0 0 0 0 0 0 0 0 0 0 0 0 0 0 0 0 0 0 0 0 0 0 0 0 0 0 0 0 0 0 0 0 0 0 0 0 0 0 0 0 0 0 0 0 0 0 0 0 0 0 0 0 0 0 0
9.11674 7.05772e-05 2.30904e-05 4.74868e-05 0.672835 0.719406 0 0 0 0 0 0 0 0 0 0 0 0 0 0 0 0 0 0 0 0 0 0 0 0 0 0 0 0 0 0 0 0 0 0 0 0 0 0 0 0 0 0 0 0 0 0 0 0 0 0 0 0 0 0 0 0 0 0 0 0 0 0 0 0 0 0 0 0 0 0 0 0 0 0 0 0 0 0 0 0 0 0
9.5847 7.07305e-05 2.30716e-05 4.76589e-05 0.67381 0.716753 0 0 0 0 0 0 0 0 0 0 0 0 0 0 0 0 0 0 0 0 0 0 0 0 0 0 0 0 0 0 0 0 0 0 0 0 0 0 0 0 0 0 0 0 0 0 0 0 0 0 0 0 0 0 0 0 0 0 0 0 0 0 0 0 0 0 0 0 0 0 0 0 0 0 0 0 0 0 0 0 0 0
10.0767 7.08986e-05 2.31268e-05 4.77718e-05 0.673805 0.715154 0 0 0 0 0 0 0 0 0 0 0 0 0 0 0 0 0 0 0 0 0 0 0 0 0 0 0 0 0 0 0 0 0 0 0 0 0 0 0 0 0 0 0 0 0 0 0 0 0 0 0 0 0 0 0 0 0 0 0 0 0 0 0 0 0 0 0 0 0 0 0 0 0 0 0 0 0 0 0 0 0 0
10.5939 7.10991e-05 2.32608e-05 4.78383e-05 0.67284 0.714585 0 0 0 0 0 0 0 0 0 0 0 0 0 0 0 0 0 0 0 0 0 0 0 0 0 0 0 0 0 0 0 0 0 0 0 0 0 0 0 0 0 0 0 0 0 0 0 0 0 0 0 0 0 0 0 0 0 0 0 0 0 0 0 0 0 0 0 0 0 0 0 0 0 0 0 0 0 0 0 0 0 0
11.1377 7.13441e-05 2.33146e-05 4.80295e-05 0.67321 0.712593 0 0 0 0 0 0 0 0 0 0 0 0 0 0 0 0 0 0 0 0 0 0 0 0 0 0 0 0 0 0 0 0 0 0 0 0 0 0 0 0 0 0 0 0 0 0 0 0 0 0 0 0 0 0 0 0 0 0 0 0 0 0 0 0 0 0 0 0 0 0 0 0 0 0 0 0 0 0 0 0 0 0
11.7094 7.15462e-05 2.32578e-05 4.82884e-05 0.674926 0.709048 0 0 0 0 0 0 0 0 0 0 0 0 0 0 0 0 0 0 0 0 0 0 0 0 0 0 0 0 0 0 0 0 0 0 0 0 0 0 0 0 0 0 0 0 0 0 0 0 0 0 0 0 0 0 0 0 0 0 0 0 0 0 0 0 0 0 0 0 0 0 0 0 0 0 0 0 0 0 0 0 0 0
12.3105 7.1747e-05 2.32554e-05 4.84916e-05 0.67587 0.70627 0 0 0 0 0 0 0 0 0 0 0 0 0 0 0 0 0 0 0 0 0 0 0 0 0 0 0 0 0 0 0 0 0 0 0 0 0 0 0 0 0 0 0 0 0 0 0 0 0 0 0 0 0 0 0 0 0 0 0 0 0 0 0 0 0 0 0 0 0 0 0 0 0 0 0 0 0 0 0 0 0 0
12.9424 7.20201e-05 2.33493e-05 4.86709e-05 0.675795 0.70461 0 0 0 0 0 0 0 0 0 0 0 0 0 0 0 0 0 0 0 0 0 0 0 0 0 0 0 0 0 0 0 0 0 0 0 0 0 0 0 0 0 0 0 0 0 0 0 0 0 0 0 0 0 0 0 0 0 0 0 0 0 0 0 0 0 0 0 0 0 0 0 0 0 0 0 0 0 0 0 0 0 0
13.6067 7.2166e-05 2.3174e-05 4.8992e-05 0.67888 0.699471 0 0 0 0 0 0 0 0 0 0 0 0 0 0 0 0 0 0 0 0 0 0 0 0 0 0 0 0 0 0 0 0 0 0 0 0 0 0 0 0 0 0 0 0 0 0 0 0 0 0 0 0 0 0 0 0 0 0 0 0 0 0 0 0 0 0 0 0 0 0 0 0 0 0 0 0 0 0 0 0 0 0
14.3051 7.2392e-05 2.32408e-05 4.91512e-05 0.678959 0.697427 0 0 0 0 0 0 0 0 0 0 0 0 0 0 0 0 0 0 0 0 0 0 0 0 0 0 0 0 0 0 0 0 0 0 0 0 0 0 0 0 0 0 0 0 0 0 0 0 0 0 0 0 0 0 0 0 0 0 0 0 0 0 0 0 0 0 0 0 0 0 0 0 0 0 0 0 0 0 0 0 0 0
15.0394 7.26196e-05 2.33257e-05 4.92939e-05 0.678796 0.695531 0 0 0 0 0 0 0 0 0 0 0 0 0 0 0 0 0 0 0 0 0 0 0 0 0 0 0 0 0 0 0 0 0 0 0 0 0 0 0 0 0 0 0 0 0 0 0 0 0 0 0 0 0 0 0 0 0 0 0 0 0 0 0 0 0 0 0 0 0 0 0 0 0 0 0 0 0 0 0 0 0 0
15.8114 7.28432e-05 2.33612e-05 4.94819e-05 0.679294 0.692895 0 0 0 0 0 0 0 0 0 0 0 0 0 0 0 0 0 0 0 0 0 0 0 0 0 0 0 0 0 0 0 0 0 0 0 0 0 0 0 0 0 0 0 0 0 0 0 0 0 0 0 0 0 0 0 0 0 0 0 0 0 0 0 0 0 0 0 0 0 0 0 0 0 0 0 0 0 0 0 0 0 0
16.623 7.31003e-05 2.33385e-05 4.97617e-05 0.680733 0.689348 0 0 0 0 0 0 0 0 0 0 0 0 0 0 0 0 0 0 0 0 0 0 0 0 0 0 0 0 0 0 0 0 0 0 0 0 0 0 0 0 0 0 0 0 0 0 0 0 0 0 0 0 0 0 0 0 0 0 0 0 0 0 0 0 0 0 0 0 0 0 0 0 0 0 0 0 0 0 0 0 0 0
17.4762 7.33483e-05 2.33522e-05 4.99961e-05 0.681626 0.68623 0 0 0 0 0 0 0 0 0 0 0 0 0 0 0 0 0 0 0 0 0 0 0 0 0 0 0 0 0 0 0 0 0 0 0 0 0 0 0 0 0 0 0 0 0 0 0 0 0 0 0 0 0 0 0 0 0 0 0 0 0 0 0 0 0 0 0 0 1.4013e-45 0 2.8026e-45 0 5.60519e-45 0 9.80909e-45 0 1.82169e-44 0 3.50325e-44 0 6.30584e-44 0
18.3733 7.35581e-05 2.33208e-05 5.02373e-05 0.682961 0.68253 0 0 0 0 0 0 0 0 0 0 0 0 0 0 0 0 0 0 0 0 0 0 0 0 0 0 0 0 0 0 0 0 0 0 0 0 0 0 0 0 0 0 0 0 0 0 0 0 0 0 0 0 0 0 1.4013e-45 0 2.8026e-45 0 7.00649e-45 0 1.54143e-44 0 3.22299e-44 0 6.86636e-44 0 1.35926e-43 0 2.69049e-43 0 5.05869e-43 0 9.8231e-43 0 1.81468e-42 0 3.20057e-42 0 5.83641e-42 0 1.0165e-41 0
19.3164 7.37876e-05 2.3409e-05 5.03787e-05 0.682752 0.680147 0 0 0 0 0 0 0 0 0 0 0 0 0 0 0 0 0 0 0 0 0 0 0 0 0 0 0 0 0 0 0 0 0 0 0 0 0 0 0 0 0 0 1.4013e-45 0 2.8026e-45 0 5.60519e-45 0 1.68156e-44 0 4.2039e-44 0 1.05097e-43 0 2.43826e-43 0 5.61921e-43 0 1.22473e-42 0 2.63865e-42 0 5.3922e-42 0 1.09119e-41 0 2.10013e-41 0 4.00926e-41 0 7.29656e-41 0 1.37146e-40 0 2.46065e-40 0 4.22039e-40 0 7.47506e-40 0 1.267e-39 0
20.3079 7.40753e-05 2.35099e-05 5.05654e-05 0.682622 0.677681 0 0 0 0 0 0 0 0 0 0 0 0 0 0 0 0 0 0 0 0 0 0 0 0 0 0 0 0 0 0 0 0 0 0 1.4013e-45 0 4.2039e-45 0 1.54143e-44 0 4.76441e-44 0 1.47136e-43 0 4.07778e-43 0 1.10843e-42 0 2.82922e-42 0 6.8019e-42 0 1.61135e-41 0 3.60848e-41 0 7.98068e-41 0 1.67375e-40 0 3.47281e-40 0 6.85271e-40 0 1.33984e-39 0 2.49771e-39 0 4.61988e-39 0 8.16577e-39 0 1.48827e-38 0 2.59507e-38 0 4.33524e-38 0 7.46715e-38 0 1.23347e-37 0
21.3503 7.43431e-05 2.34416e-05 5.09015e-05 0.684684 0.673147 0 0 0 0 0 0 0 0 0 0 0 0 0 0 0 0 0 0 0 0 0 0 0 0 0 0 0 0 2.8026e-45 0 1.26117e-44 0 5.60519e-44 0 2.08793e-43 0 7.65109e-43 0 2.47189e-42 0 7.43949e-42 0 2.18799e-41 0 5.76732e-41 0 1.49282e-40 0 3.64001e-40 0 8.38369e-40 0 1.90434e-39 0 4.10011e-39 0 8.72309e-39 0 1.7645e-38 0 3.53291e-38 0 6.74377e-38 0 1.27608e-37 0 2.30759e-37 0 4.14197e-37 0 7.12026e-37 0 1.26024e-36 0 2.13861e-36 0 3.48429e-36 0 5.84421e-36 0 9.42013e-36 0
22.4463 7.45928e-05 2.34857e-05 5.11071e-05 0.685148 0.669824 0 0 0 0 0 0 0 0 0 0 0 0 0 0 0 0 0 0 0 0 0 0 1.4013e-45 0 1.54143e-44 0 8.96831e-44 0 4.61027e-43 0 2.12997e-42 0 8.57314e-42 0 3.03437e-41 0 1.04149e-40 0 3.17782e-40 0 9.0619e-40 0 2.52825e-39 0 6.35623e-39 0 1.57061e-38 0 3.66664e-38 0 8.10791e-38 0 1.76938e-37 0 3.66955e-37 0 7.52452e-37 0 1.47059e-36 0 2.84631e-36 0 5.26434e-36 0 9.65594e-36 0 1.69635e-35 0 2.9591e-35 0 4.95406e-35 0 8.52729e-35 0 1.41019e-34 0 2.24341e-34 0 3.66906e-34 0 5.7778e-34 0
23.5984 7.48551e-05 2.34626e-05 5.13924e-05 0.686559 0.665606 0 0 0 0 0 0 0 0 0 0 0 0 0 0 0 0 0 0 4.2039e-45 0 4.48416e-44 0 3.62936e-43 0 2.45928e-42 0 1.34483e-41 0 6.32953e-41 0 2.71584e-40 0 1.02166e-39 0 3.39937e-39 0 1.0986e-38 0 3.17439e-38 0 8.60067e-38 0 2.28232e-37 0 5.48539e-37 0 1.29687e-36 0 2.90481e-36 0 6.1792e-36 0 1.29807e-35 0 2.59789e-35 0 5.14353e-35 0 9.72895e-35 0 1.82328e-34 0 3.27248e-34 0 5.82726e-34 0 9.95948e-34 0 1.69077e-33 0 2.76031e-33 0 4.62693e-33 0 7.46607e-33 0 1.16113e-32 0 1.85394e-32 0 2.85545e-32 0
24.8097 7.50989e-05 2.34705e-05 5.16284e-05 0.687472 0.661579 0 0 0 0 0 0 0 0 0 0 0 0 0 0 2.8026e-45 0 5.46506e-44 0 7.07656e-43 0 6.8033e-42 0 4.99058e-41 0 3.08154e-40 0 1.55063e-39 0 6.76641e-39 0 2.70403e-38 0 9.53497e-38 0 2.99172e-37 0 9.13039e-37 0 2.50502e-36 0 6.4647e-36 0 1.63568e-35 0 3.76649e-35 0 8.53847e-35 0 1.83866e-34 0 3.76974e-34 0 7.63727e-34 0 1.47758e-33 0 2.82948e-33 0 5.18796e-33 0 9.429e-33 0 1.6447e-32 0 2.84734e-32 0 4.74074e-32 0 7.84281e-32 0 1.25012e-31 0 2.04331e-31 0 3.22098e-31 0 4.90244e-31 0 7.65076e-31 0 1.15379e-30 0
26.0832 7.53768e-05 2.34973e-05 5.18794e-05 0.688269 0.657634 0 0 0 0 0 0 0 0 0 0 0 0 1.68156e-44 0 4.70836e-43 0 8.12052e-42 0 9.31289e-41 0 8.01747e-40 0 5.33626e-39 0 3.01473e-38 0 1.40193e-37 0 5.69294e-37 0 2.12625e-36 0 7.05019e-36 0 2.09197e-35 0 6.04597e-35 0 1.57902e-34 0 3.89065e-34 0 9.4078e-34 0 2.07989e-33 0 4.53033e-33 0 9.39697e-33 0 1.86026e-32 0 3.64107e-32 0 6.82099e-32 0 1.2654e-31 0 2.25249e-31 0 3.97616e-31 0 6.74974e-31 0 1.13764e-30 0 1.84757e-30 0 2.9823e-30 0 4.64672e-30 0 7.41498e-30 0 1.14318e-29 0 1.70463e-29 0 2.60307e-29 0 3.84766e-29 0
27.4221 7.5625e-05 2.3494e-05 5.2131e-05 0.689335 0.653117 0 0 0 0 0 0 0 0 0 0 5.32493e-44 0 2.5868e-42 0 6.23634e-41 0 9.3614e-40 0 9.53009e-39 0 7.38591e-38 0 4.48138e-37 0 2.32652e-36 0 1.00368e-35 0 3.8062e-35 0 1.33299e-34 0 4.16867e-34 0 1.17298e-33 0 3.21882e-33 0 8.02163e-33 0 1.89137e-32 0 4.38046e-32 0 9.31643e-32 0 1.95358e-31 0 3.91039e-31 0 7.48729e-31 0 1.41821e-30 0 2.57661e-30 0 4.63795e-30 0 8.02664e-30 0 1.37811e-29 0 2.27975e-29 0 3.74571e-29 0 5.94085e-29 0 9.368e-29 0 1.42836e-28 0 2.22788e-28 0 3.36292e-28 0 4.91771e-28 0 7.356e-28 0 1.06676e-27 0
28.8297 7.5903e-05 2.35268e-05 5.23763e-05 0.690042 0.648858 0 0 0 0 0 0 0 0 7.00649e-44 0 7.71415e-42 0 3.11988e-40 0 6.43869e-39 0 8.46791e-38 0 7.69714e-37 0 5.3978e-36 0 2.99913e-35 0 1.4367e-34 0 5.77111e-34 0 2.05064e-33 0 6.75538e-33 0 1.99822e-32 0 5.34563e-32 0 1.39637e-31 0 3.32817e-31 0 7.52541e-31 0 1.67289e-30 0 3.42922e-30 0 6.93548e-30 0 1.34199e-29 0 2.48932e-29 0 4.57037e-29 0 8.06491e-29 0 1.41063e-28 0 2.37679e-28 0 3.97448e-28 0 6.41519e-28 0 1.02879e-27 0 1.59537e-27 0 2.46039e-27 0 3.67494e-27 0 5.60892e-27 0 8.29798e-27 0 1.19113e-26 0 1.74703e-26 0 2.48796e-26 0
30.3095 7.61752e-05 2.35255e-05 5.26496e-05 0.691165 0.644066 0 0 0 0 0 0 2.52234e-44 0 9.94081e-42 0 8.70052e-40 0 2.9374e-38 0 5.22923e-37 0 6.06433e-36 0 4.94921e-35 0 3.15591e-34 0 1.61265e-33 0 7.15636e-33 0 2.68596e-32 0 8.97111e-32 0 2.78822e-31 0 7.82212e-31 0 1.99442e-30 0 4.97117e-30 0 1.13565e-29 0 2.46758e-29 0 5.27556e-29 0 1.04418e-28 0 2.04044e-28 0 3.82297e-28 0 6.88067e-28 0 1.22636e-27 0 2.10487e-27 0 3.58247e-27 0 5.88434e-27 0 9.5959e-27 0 1.51308e-26 0 2.37119e-26 0 3.59914e-26 0 5.43443e-26 0 7.95964e-26 0 1.19003e-25 0 1.72721e-25 0 2.43595e-25 0 3.50661e-25 0 4.90833e-25 0
31.8653 7.64173e-05 2.35534e-05 5.28639e-05 0.691779 0.639185 0 0 0 0 1.4013e-45 0 3.74287e-42 0 1.09537e-39 0 7.70651e-38 0 2.19105e-36 0 3.38901e-35 0 3.48701e-34 0 2.56856e-33 0 1.49622e-32 0 7.06028e-32 0 2.91326e-31 0 1.02504e-30 0 3.22787e-30 0 9.49189e-30 0 2.53208e-29 0 6.16768e-29 0 1.47027e-28 0 3.22603e-28 0 6.74899e-28 0 1.39035e-27 0 2.66168e-27 0 5.03382e-27 0 9.14663e-27 0 1.59967e-26 0 2.77181e-26 0 4.63356e-26 0 7.68417e-26 0 1.23194e-25 0 1.96159e-25 0 3.02503e-25 0 4.63774e-25 0 6.89748e-25 0 1.02072e-24 0 1.46742e-24 0 2.15125e-24 0 3.06606e-24 0 4.25219e-24 0 6.01322e-24 0 8.27986e-24 0
33.5009 7.67144e-05 2.36318e-05 5.30827e-05 0.691951 0.634696 0 0 0 0 1.38729e-43 0 4.28217e-40 0 9.49806e-38 0 5.42924e-36 0 1.31085e-34 0 1.77379e-33 0 1.62875e-32 0 1.0883e-31 0 5.81686e-31 0 2.54458e-30 0 9.79759e-30 0 3.24195e-29 0 9.65291e-29 0 2.69292e-28 0 6.84767e-28 0 1.59702e-27 0 3.64894e-27 0 7.70503e-27 0 1.55487e-26 0 3.0921e-26 0 5.73477e-26 0 1.05135e-25 0 1.85544e-25 0 3.15764e-25 0 5.32648e-25 0 8.68352e-25 0 1.40492e-24 0 2.20108e-24 0 3.42603e-24 0 5.17282e-24 0 7.76684e-24 0 1.13295e-23 0 1.64482e-23 0 2.32311e-23 0 3.34267e-23 0 4.68241e-23 0 6.39098e-23 0 8.88615e-23 0 1.20461e-22 0
35.2205 7.70482e-05 2.37379e-05 5.33102e-05 0.691908 0.6302 0 0 0 0 1.8528e-41 0 3.84523e-38 0 6.5517e-36 0 3.07375e-34 0 6.35286e-33 0 7.56973e-32 0 6.23759e-31 0 3.79872e-30 0 1.87084e-29 0 7.61503e-29 0 2.74529e-28 0 8.56844e-28 0 2.4189e-27 0 6.41844e-27 0 1.5594e-26 0 3.48956e-26 0 7.65783e-26 0 1.55907e-25 0 3.04016e-25 0 5.84628e-25 0 1.05207e-24 0 1.8725e-24 0 3.21424e-24 0 5.32991e-24 0 8.76417e-24 0 1.39509e-23 0 2.20474e-23 0 3.37926e-23 0 5.14748e-23 0 7.61719e-23 0 1.12123e-22 0 1.60567e-22 0 2.28906e-22 0 3.17897e-22 0 4.49361e-22 0 6.19191e-22 0 8.32389e-22 0 1.1389e-21 0 1.52113e-21 0
37.0284 7.73031e-05 2.37695e-05 5.35336e-05 0.692516 0.624438 0 0 2.8026e-45 0 1.91023e-39 0 2.73044e-36 0 3.62006e-34 0 1.40744e-32 0 2.50907e-31 0 2.64901e-30 0 1.96925e-29 0 1.09803e-28 0 5.00271e-28 0 1.90141e-27 0 6.43875e-27 0 1.901e-26 0 5.10143e-26 0 1.29066e-25 0 3.00274e-25 0 6.46025e-25 0 1.36433e-24 0 2.6829e-24 0 5.06378e-24 0 9.43177e-24 0 1.6493e-23 0 2.854e-23 0 4.77146e-23 0 7.71915e-23 0 1.23884e-22 0 1.92775e-22 0 2.97921e-22 0 4.47208e-22 0 6.67359e-22 0 9.68834e-22 0 1.39943e-21 0 1.96923e-21 0 2.75918e-21 0 3.77091e-21 0 5.24102e-21 0 7.10964e-21 0 9.42054e-21 0 1.26936e-20 0 1.67159e-20 0
38.9291 7.76095e-05 2.38297e-05 5.37797e-05 0.692953 0.618719 0 0 4.4281e-43 0 1.55345e-37 0 1.55738e-34 0 1.62649e-32 0 5.28871e-31 0 8.19123e-30 0 7.70807e-29 0 5.19548e-28 0 2.66379e-27 0 1.12704e-26 0 4.01326e-26 0 1.28044e-25 0 3.58577e-25 0 9.16984e-25 0 2.21717e-24 0 4.94996e-24 0 1.02586e-23 0 2.08885e-23 0 3.97422e-23 0 7.27201e-23 0 1.31397e-22 0 2.23584e-22 0 3.76675e-22 0 6.1414e-22 0 9.70477e-22 0 1.52195e-21 0 2.31771e-21 0 3.50655e-21 0 5.16031e-21 0 7.55157e-21 0 1.07652e-20 0 1.52731e-20 0 2.11364e-20 0 2.91315e-20 0 3.92107e-20 0 5.36283e-20 0 7.16737e-20 0 9.36742e-20 0 1.24396e-19 0 1.61628e-19 0
40.9273 7.7984e-05 2.39498e-05 5.40342e-05 0.692889 0.613548 0 0 5.36137e-41 0 1.00942e-35 0 7.22182e-33 0 6.01082e-31 0 1.64894e-29 0 2.23411e-28 0 1.88437e-27 0 1.15714e-26 0 5.47775e-26 0 2.16e-25 0 7.2291e-25 0 2.17944e-24 0 5.80409e-24 0 1.41776e-23 0 3.28337e-23 0 7.04843e-23 0 1.4097e-22 0 2.77248e-22 0 5.11181e-22 0 9.08166e-22 0 1.59423e-21 0 2.64324e-21 0 4.34113e-21 0 6.91095e-21 0 1.06796e-20 0 1.63843e-20 0 2.44438e-20 0 3.62417e-20 0 5.23375e-20 0 7.51797e-20 0 1.05334e-19 0 1.46911e-19 0 2.00111e-19 0 2.71518e-19 0 3.60197e-19 0 4.85166e-19 0 6.39302e-19 0 8.24689e-19 0 1.0801e-18 0 1.38554e-18 0
43.0281 7.83097e-05 2.40481e-05 5.42616e-05 0.69291 0.607575 1.68156e-44 0 5.07546e-39 0 5.28131e-34 0 2.74121e-31 0 1.83854e-29 0 4.29066e-28 0 5.11868e-27 0 3.8905e-26 0 2.18646e-25 0 9.59381e-25 0 3.53795e-24 0 1.11626e-23 0 3.18881e-23 0 8.09559e-23 0 1.89313e-22 0 4.20814e-22 0 8.7029e-22 0 1.68268e-21 0 3.20184e-21 0 5.72973e-21 0 9.89779e-21 0 1.69041e-20 0 2.73436e-20 0 4.38331e-20 0 6.82148e-20 0 1.03197e-19 0 1.55047e-19 0 2.26842e-19 0 3.29923e-19 0 4.67976e-19 0 6.60438e-19 0 9.10225e-19 0 1.24906e-18 0 1.67588e-18 0 2.24028e-18 0 2.93123e-18 0 3.89121e-18 0 5.05884e-18 0 6.44519e-18 0 8.3308e-18 0 1.05576e-17 0
45.2368 7.85741e-05 2.41152e-05 5.44589e-05 0.69309 0.600367 2.29533e-42 0 3.79667e-37 0 2.24753e-32 0 8.59687e-30 0 4.69562e-28 0 9.39612e-27 0 9.93157e-26 0 6.83689e-25 0 3.53175e-24 0 1.44172e-23 0 4.98851e-23 0 1.48807e-22 0 4.03857e-22 0 9.79696e-22 0 2.19792e-21 0 4.69875e-21 0 9.37884e-21 0 1.75593e-20 0 3.2379e-20 0 5.63194e-20 0 9.47265e-20 0 1.57607e-19 0 2.49025e-19 0 3.90106e-19 0 5.94129e-19 0 8.80825e-19 0 1.29735e-18 0 1.86314e-18 0 2.66068e-18 0 3.71016e-18 0 5.14868e-18 0 6.98571e-18 0 9.43917e-18 0 1.24843e-17 0 1.64538e-17 0 2.12478e-17 0 2.7819e-17 0 3.57062e-17 0 4.49565e-17 0 5.73855e-17 0 7.1888e-17 0
47.5588 7.89029e-05 2.41503e-05 5.47526e-05 0.693923 0.592682 2.46741e-40 0 2.26995e-35 0 7.85806e-31 0 2.24831e-28 0 1.01014e-26 0 1.74625e-25 0 1.64504e-24 0 1.03065e-23 0 4.91387e-23 0 1.87279e-22 0 6.09899e-22 0 1.72478e-21 0 4.4583e-21 0 1.03572e-20 0 2.23372e-20 0 4.6014e-20 0 8.87976e-20 0 1.61236e-19 0 2.88565e-19 0 4.8854e-19 0 8.01103e-19 0 1.30016e-18 0 2.00893e-18 0 3.07884e-18 0 4.59372e-18 0 6.68074e-18 0 9.65564e-18 0 1.36237e-17 0 1.912e-17 0 2.62323e-17 0 3.58255e-17 0 4.78891e-17 0 6.37643e-17 0 8.31913e-17 0 1.08175e-16 0 1.3796e-16 0 1.78266e-16 0 2.26035e-16 0 2.81411e-16 0 3.54956e-16 0 4.39795e-16 0
50 7.93492e-05 2.4287e-05 5.50622e-05 0.693923 0.58616 2.09411e-38 0 1.10261e-33 0 2.29138e-29 0 4.97392e-27 0 1.85585e-25 0 2.79149e-24 0 2.35694e-23 0 1.35012e-22 0 5.96443e-22 0 2.12943e-21 0 6.54632e-21 0 1.75967e-20 0 4.34239e-20 0 9.68121e-20 0 2.01103e-19 0 3.99905e-19 0 7.47356e-19 0 1.31807e-18 0 2.29287e-18 0 3.78331e-18 0 6.05584e-18 0 9.59876e-18 0 1.45196e-17 0 2.17934e-17 0 3.18874e-17 0 4.55341e-17 0 6.46373e-17 0 8.96806e-17 0 1.23795e-16 0 1.67242e-16 0 2.24954e-16 0 2.96472e-16 0 3.89273e-16 0 5.0132e-16 0 6.4357e-16 0 8.11084e-16 0 1.03501e-15 0 1.29724e-15 0 1.59786e-15 0 1.99273e-15 0 2.44332e-15 0
52.5665 7.9741e-05 2.4441e-05 5.53e-05 0.693496 0.57935 1.41485e-36 0 4.38141e-32 0 5.60376e-28 0 9.35403e-26 0 2.92482e-24 0 3.854e-23 0 2.93216e-22 0 1.54242e-21 0 6.33718e-21 0 2.12621e-20 0 6.18766e-20 0 1.58487e-19 0 3.74229e-19 0 8.02301e-19 0 1.60815e-18 0 3.09234e-18 0 5.6053e-18 0 9.61567e-18 0 1.6281e-17 0 2.62153e-17 0 4.10092e-17 0 6.35559e-17 0 9.42152e-17 0 1.38637e-16 0 1.99114e-16 0 2.79426e-16 0 3.89928e-16 0 5.32422e-16 0 7.23477e-16 0 9.63141e-16 0 1.27688e-15 0 1.66031e-15 0 2.15121e-15 0 2.73641e-15 0 3.47028e-15 0 4.32443e-15 0 5.45304e-15 0 6.75966e-15 0 8.24183e-15 0 1.01684e-14 0 1.23441e-14 0
55.2648 7.99772e-05 2.45254e-05 5.54518e-05 0.693345 0.570381 7.6675e-35 0 1.43316e-30 0 1.15517e-26 0 1.50194e-24 0 3.9697e-23 0 4.61207e-22 0 3.17793e-21 0 1.54154e-20 0 5.91136e-20 0 1.86952e-19 0 5.16416e-19 0 1.26335e-18 0 2.86055e-18 0 5.90852e-18 0 1.14478e-17 0 2.13216e-17 0 3.75423e-17 0 6.27274e-17 0 1.03512e-16 0 1.62842e-16 0 2.49233e-16 0 3.78085e-16 0 5.49803e-16 0 7.93916e-16 0 1.12027e-15 0 1.54632e-15 0 2.12301e-15 0 2.85509e-15 0 3.82197e-15 0 5.01747e-15 0 6.56096e-15 0 8.42241e-15 0 1.07755e-14 0 1.35467e-14 0 1.69817e-14 0 2.09353e-14 0 2.61019e-14 0 3.20187e-14 0 3.86633e-14 0 4.72142e-14 0 5.67767e-14 0
58.1015 8.02011e-05 2.45266e-05 5.56746e-05 0.694187 0.559236 3.3669e-33 0 3.89325e-29 0 2.02274e-25 0 2.07364e-23 0 4.67094e-22 0 4.81436e-21 0 3.01898e-20 0 1.35577e-19 0 4.86876e-19 0 1.45562e-18 0 3.82625e-18 0 8.96041e-18 0 1.94951e-17 0 3.88663e-17 0 7.29109e-17 0 1.31735e-16 0 2.25635e-16 0 3.67671e-16 0 5.9207e-16 0 9.11045e-16 0 1.3657e-15 0 2.03003e-15 0 2.89854e-15 0 4.11109e-15 0 5.7043e-15 0 7.7508e-15 0 1.0478e-14 0 1.38888e-14 0 1.83293e-14 0 2.3745e-14 0 3.06456e-14 0 3.88635e-14 0 4.9127e-14 0 6.10749e-14 0 7.57211e-14 0 9.24012e-14 0 1.13971e-13 0 1.38418e-13 0 1.65611e-13 0 2.00275e-13 0 2.38679e-13 0
61.0839 8.06226e-05 2.46254e-05 5.59973e-05 0.69456 0.548689 1.21907e-31 0 8.92761e-28 0 3.05458e-24 0 2.49786e-22 0 4.83278e-21 0 4.44494e-20 0 2.54835e-19 0 1.0635e-18 0 3.58806e-18 0 1.01687e-17 0 2.54976e-17 0 5.72811e-17 0 1.19985e-16 0 2.31283e-16 0 4.20749e-16 0 7.38567e-16 0 1.23221e-15 0 1.96057e-15 0 3.08457e-15 0 4.64754e-15 0 6.83051e-15 0 9.95855e-15 0 1.39741e-14 0 1.94845e-14 0 2.66066e-14 0 3.5615e-14 0 4.7443e-14 0 6.20272e-14 0 8.07574e-14 0 1.03305e-13 0 1.31676e-13 0 1.6506e-13 0 2.06277e-13 0 2.53733e-13 0 3.11296e-13 0 3.76195e-13 0 4.59283e-13 0 5.52534e-13 0 6.55318e-13 0 7.85162e-13 0 9.27741e-13 0
64.2193 8.11773e-05 2.47085e-05 5.64688e-05 0.695623 0.539016 3.65778e-30 0 1.73474e-26 0 3.98928e-23 0 2.63106e-21 0 4.40495e-20 0 3.63546e-19 0 1.91392e-18 0 7.44919e-18 0 2.36835e-17 0 6.37918e-17 0 1.52934e-16 0 3.30259e-16 0 6.67253e-16 0 1.24564e-15 0 2.20082e-15 0 3.75855e-15 0 6.11591e-15 0 9.51288e-15 0 1.46391e-14 0 2.16198e-14 0 3.11829e-14 0 4.46339e-14 0 6.16038e-14 0 8.45134e-14 0 1.13663e-13 0 1.49996e-13 0 1.97033e-13 0 2.54253e-13 0 3.26791e-13 0 4.13035e-13 0 5.20268e-13 0 6.45018e-13 0 7.9736e-13 0 9.70936e-13 0 1.17937e-12 0 1.41213e-12 0 1.7073e-12 0 2.0355e-12 0 2.39412e-12 0 2.84328e-12 0 3.33234e-12 0
67.5157 8.16746e-05 2.48902e-05 5.67844e-05 0.695252 0.530417 9.22073e-29 0 2.8927e-25 0 4.55863e-22 0 2.45046e-20 0 3.57525e-19 0 2.66178e-18 0 1.29216e-17 0 4.70638e-17 0 1.41416e-16 0 3.62917e-16 0 8.33694e-16 0 1.73393e-15 0 3.38497e-15 0 6.12945e-15 0 1.05328e-14 0 1.75239e-14 0 2.78451e-14 0 4.2387e-14 0 6.38697e-14 0 9.25473e-14 0 1.31118e-13 0 1.8442e-13 0 2.50563e-13 0 3.38478e-13 0 4.48685e-13 0 5.84146e-13 0 7.57175e-13 0 9.64976e-13 0 1.22518e-12 0 1.53091e-12 0 1.90676e-12 0 2.33928e-12 0 2.862e-12 0 3.45167e-12 0 4.15305e-12 0 4.92915e-12 0 5.90449e-12 0 6.97932e-12 0 8.14419e-12 0 9.59128e-12 0 1.11543e-11 0
70.9813 8.19511e-05 2.50527e-05 5.68985e-05 0.694297 0.52014 1.96054e-27 0 4.15145e-24 0 4.56683e-21 0 2.02089e-19 0 2.58683e-18 0 1.74608e-17 0 7.84711e-17 0 2.68331e-16 0 7.64105e-16 0 1.87274e-15 0 4.13088e-15 0 8.28973e-15 0 1.56632e-14 0 2.75521e-14 0 4.61104e-14 0 7.48327e-14 0 1.16249e-13 0 1.73366e-13 0 2.56055e-13 0 3.64365e-13 0 5.07516e-13 0 7.02038e-13 0 9.39662e-13 0 1.25086e-12 0 1.63547e-12 0 2.10198e-12 0 2.69031e-12 0 3.38828e-12 0 4.25207e-12 0 5.25565e-12 0 6.47616e-12 0 7.86629e-12 0 9.52973e-12 0 1.13885e-11 0 1.35795e-11 0 1.59829e-11 0 1.89774e-11 0 2.22496e-11 0 2.57682e-11 0 3.01054e-11 0 3.47542e-11 0
74.6248 8.19678e-05 2.50453e-05 5.69226e-05 0.69445 0.505399 3.5241e-26 0 5.13441e-23 0 4.01247e-20 0 1.47563e-18 0 1.6678e-17 0 1.02554e-16 0 4.28284e-16 0 1.37918e-15 0 3.73177e-15 0 8.7545e-15 0 1.8579e-14 0 3.60372e-14 0 6.60081e-14 0 1.12953e-13 0 1.84341e-13 0 2.92178e-13 0 4.44227e-13 0 6.49689e-13 0 9.41467e-13 0 1.31683e-12 0 1.80474e-12 0 2.45723e-12 0 3.24247e-12 0 4.25644e-12 0 5.49283e-12 0 6.97366e-12 0 8.81864e-12 0 1.09822e-11 0 1.36299e-11 0 1.66735e-11 0 2.03372e-11 0 2.44692e-11 0 2.93672e-11 0 3.47914e-11 0 4.11297e-11 0 4.80255e-11 0 5.65475e-11 0 6.57847e-11 0 7.56439e-11 0 8.77073e-11 0 1.00543e-10 0
78.4553 8.20079e-05 2.49496e-05 5.70583e-05 0.695766 0.486726 5.41514e-25 0 5.52842e-22 0 3.12089e-19 0 9.62515e-18 0 9.66392e-17 0 5.43812e-16 0 2.11797e-15 0 6.44189e-15 0 1.66035e-14 0 3.73625e-14 0 7.64312e-14 0 1.43533e-13 0 2.5525e-13 0 4.25476e-13 0 6.77974e-13 0 1.05069e-12 0 1.56512e-12 0 2.24691e-12 0 3.19757e-12 0 4.39977e-12 0 5.93789e-12 0 7.96378e-12 0 1.03674e-11 0 1.34298e-11 0 1.71164e-11 0 2.14791e-11 0 2.68522e-11 0 3.30837e-11 0 4.06293e-11 0 4.92152e-11 0 5.94498e-11 0 7.08856e-11 0 8.43202e-11 0 9.90711e-11 0 1.16167e-10 0 1.34621e-10 0 1.5725e-10 0 1.8159e-10 0 2.07387e-10 0 2.38729e-10 0 2.71848e-10 0
82.4824 8.2291e-05 2.48922e-05 5.73988e-05 0.69751 0.46677 7.20303e-24 0 5.24318e-21 0 2.17232e-18 0 5.66694e-17 0 5.08376e-16 0 2.62935e-15 0 9.58274e-15 0 2.76056e-14 0 6.79372e-14 0 1.46942e-13 0 2.90272e-13 0 5.28596e-13 0 9.13967e-13 0 1.48596e-12 0 2.31454e-12 0 3.51103e-12 0 5.12931e-12 0 7.23487e-12 0 1.01201e-11 0 1.37096e-11 0 1.82335e-11 0 2.41065e-11 0 3.09807e-11 0 3.96282e-11 0 4.99118e-11 0 6.19429e-11 0 7.65987e-11 0 9.34181e-11 0 1.1358e-10 0 1.363e-10 0 1.63132e-10 0 1.92849e-10 0 2.27463e-10 0 2.6516e-10 0 3.08509e-10 0 3.54953e-10 0 4.11485e-10 0 4.71852e-10 0 5.35398e-10 0 6.12092e-10 0 6.92602e-10 0
86.7162 8.2911e-05 2.50266e-05 5.78844e-05 0.698151 0.448956 8.40481e-23 0 4.43475e-20 0 1.36902e-17 0 3.04565e-16 0 2.45468e-15 0 1.17169e-14 0 4.00898e-14 0 1.09675e-13 0 2.58298e-13 0 5.38024e-13 0 1.02808e-12 0 1.81817e-12 0 3.06077e-12 0 4.8596e-12 0 7.40735e-12 0 1.10103e-11 0 1.579e-11 0 2.19009e-11 0 3.01369e-11 0 4.02257e-11 0 5.27598e-11 0 6.8809e-11 0 8.73539e-11 0 1.10402e-10 0 1.37494e-10 0 1.68847e-10 0 2.06642e-10 0 2.49585e-10 0 3.0057e-10 0 3.57498e-10 0 4.24139e-10 0 4.9732e-10 0 5.81875e-10 0 6.73247e-10 0 7.77542e-10 0 8.88493e-10 0 1.02259e-09 0 1.1648e-09 0 1.31354e-09 0 1.49192e-09 0 1.678e-09 0
91.1674 8.3706e-05 2.52131e-05 5.8493e-05 0.69879 0.43378 8.61271e-22 0 3.34631e-19 0 7.80831e-17 0 1.49296e-15 0 1.08671e-14 0 4.80605e-14 0 1.54855e-13 0 4.03328e-13 0 9.10983e-13 0 1.83076e-12 0 3.38941e-12 0 5.82967e-12 0 9.56746e-12 0 1.48513e-11 0 2.21763e-11 0 3.2331e-11 0 4.55575e-11 0 6.21873e-11 0 8.42499e-11 0 1.1088e-10 0 1.43516e-10 0 1.84761e-10 0 2.3184e-10 0 2.89678e-10 0 3.56919e-10 0 4.33934e-10 0 5.25856e-10 0 6.29308e-10 0 7.51014e-10 0 8.85723e-10 0 1.0421e-09 0 1.21244e-09 0 1.40775e-09 0 1.61725e-09 0 1.8547e-09 0 2.1056e-09 0 2.40682e-09 0 2.72416e-09 0 3.05405e-09 0 3.44729e-09 0 3.85507e-09 0
95.847 8.44374e-05 2.55652e-05 5.88723e-05 0.69723 0.421525 7.83534e-21 0 2.2754e-18 0 4.0685e-16 0 6.73529e-15 0 4.44971e-14 0 1.83014e-13 0 5.56945e-13 0 1.38435e-12 0 3.00485e-12 0 5.83639e-12 0 1.04852e-11 0 1.7563e-11 0 2.81349e-11 0 4.27454e-11 0 6.2591e-11 0 8.95877e-11 0 1.24142e-10 0 1.66902e-10 0 2.22787e-10 0 2.89301e-10 0 3.69765e-10 0 4.70198e-10 0 5.83505e-10 0 7.21191e-10 0 8.79586e-10 0 1.05923e-09 0 1.27162e-09 0 1.50851e-09 0 1.78477e-09 0 2.08802e-09 0 2.43724e-09 0 2.81475e-09 0 3.24442e-09 0 3.7021e-09 0 4.21734e-09 0 4.75828e-09 0 5.4036e-09 0 6.07919e-09 0 6.77744e-09 0 7.60499e-09 0 8.45829e-09 0
100.767 8.47738e-05 2.58377e-05 5.8936e-05 0.695215 0.408704 6.30564e-20 0 1.38827e-17 0 1.927e-15 0 2.78158e-14 0 1.67584e-13 0 6.43278e-13 0 1.85408e-12 0 4.40816e-12 0 9.21297e-12 0 1.73238e-11 0 3.02451e-11 0 4.94012e-11 0 7.73382e-11 0 1.15125e-10 0 1.65465e-10 0 2.32722e-10 0 3.17388e-10 0 4.20589e-10 0 5.53559e-10 0 7.09713e-10 0 8.96305e-10 0 1.12646e-09 0 1.38325e-09 0 1.69206e-09 0 2.04377e-09 0 2.43895e-09 0 2.902e-09 0 3.414e-09 0 4.00621e-09 0 4.65113e-09 0 5.38818e-09 0 6.17918e-09 0 7.0732e-09 0 8.01915e-09 0 9.07728e-09 0 1.01814e-08 0 1.14907e-08 0 1.28531e-08 0 1.42536e-08 0 1.59043e-08 0 1.75972e-08 0
105.939 8.45593e-05 2.59361e-05 5.86232e-05 0.693279 0.391776 4.49933e-19 0 7.61221e-17 0 8.30454e-15 0 1.05225e-13 0 5.80736e-13 0 2.08749e-12 0 5.71358e-12 0 1.30218e-11 0 2.62533e-11 0 4.78672e-11 0 8.13267e-11 0 1.29692e-10 0 1.98639e-10 0 2.90004e-10 0 4.09496e-10 0 5.66434e-10 0 7.60891e-10 0 9.94536e-10 0 1.29152e-09 0 1.63588e-09 0 2.04256e-09 0 2.53856e-09 0 3.08617e-09 0 3.73818e-09 0 4.47377e-09 0 5.29292e-09 0 6.24459e-09 0 7.28828e-09 0 8.486e-09 0 9.78053e-09 0 1.12493e-08 0 1.28148e-08 0 1.45724e-08 0 1.64203e-08 0 1.84749e-08 0 2.06063e-08 0 2.31191e-08 0 2.57194e-08 0 2.8378e-08 0 3.14955e-08 0 3.46763e-08 0
111.377 8.39756e-05 2.59257e-05 5.80499e-05 0.691271 0.368157 2.86972e-18 0 3.77925e-16 0 3.27882e-14 0 3.67009e-13 0 1.86345e-12 0 6.29265e-12 0 1.63971e-11 0 3.58975e-11 0 6.99373e-11 0 1.2383e-10 0 2.05014e-10 0 3.19571e-10 0 4.79379e-10 0 6.87061e-10 0 9.53947e-10 0 1.29881e-09 0 1.71973e-09 0 2.21861e-09 0 2.84459e-09 0 3.56171e-09 0 4.39921e-09 0 5.40976e-09 0 6.5143e-09 0 7.81708e-09 0 9.27361e-09 0 1.08819e-08 0 1.27353e-08 0 1.4752e-08 0 1.70492e-08 0 1.95143e-08 0 2.22921e-08 0 2.52332e-08 0 2.85146e-08 0 3.19438e-08 0 3.57344e-08 0 3.96451e-08 0 4.42304e-08 0 4.89496e-08 0 5.37508e-08 0 5.93529e-08 0 6.50408e-08 0
117.094 8.32262e-05 2.57325e-05 5.74936e-05 0.690812 0.335452 1.64007e-17 0 1.70193e-15 0 1.18745e-13 0 1.1813e-12 0 5.5405e-12 0 1.76304e-11 0 4.38417e-11 0 9.23781e-11 0 1.7421e-10 0 2.99969e-10 0 4.84554e-10 0 7.39117e-10 0 1.08699e-09 0 1.53077e-09 0 2.09161e-09 0 2.80516e-09 0 3.66371e-09 0 4.6681e-09 0 5.91303e-09 0 7.32287e-09 0 8.95198e-09 0 1.08978e-08 0 1.30043e-08 0 1.54668e-08 0 1.81962e-08 0 2.11859e-08 0 2.46045e-08 0 2.8297e-08 0 3.24731e-08 0 3.69241e-08 0 4.19069e-08 0 4.71498e-08 0 5.29641e-08 0 5.90056e-08 0 6.5647e-08 0 7.2463e-08 0 8.04132e-08 0 8.85535e-08 0 9.6796e-08 0 1.06368e-07 0 1.16042e-07 0
123.105 8.26718e-05 2.54867e-05 5.71851e-05 0.691713 0.294433 8.48258e-17 0 7.01739e-15 0 3.97956e-13 0 3.53888e-12 0 1.53916e-11 0 4.62863e-11 0 1.10094e-10 0 2.23687e-10 0 4.08971e-10 0 6.85764e-10 0 1.08211e-09 0 1.61693e-09 0 2.33359e-09 0 3.23184e-09 0 4.34912e-09 0 5.74982e-09 0 7.41234e-09 0 9.33335e-09 0 1.16868e-08 0 1.43229e-08 0 1.73384e-08 0 2.09054e-08 0 2.47321e-08 0 2.91672e-08 0 3.40432e-08 0 3.93433e-08 0 4.53593e-08 0 5.18118e-08 0 5.90599e-08 0 6.67351e-08 0 7.52742e-08 0 8.42056e-08 0 9.4054e-08 0 1.04231e-07 0 1.15361e-07 0 1.26726e-07 0 1.39917e-07 0 1.53357e-07 0 1.66904e-07 0 1.82567e-07 0 1.98326e-07 0
129.424 8.26252e-05 2.53398e-05 5.72854e-05 0.693316 0.248134 4.01336e-16 0 2.67625e-14 0 1.24614e-12 0 9.96004e-12 0 4.0319e-11 0 1.14903e-10 0 2.6198e-10 0 5.14179e-10 0 9.12792e-10 0 1.49243e-09 0 2.30313e-09 0 3.37459e-09 0 4.78384e-09 0 6.52073e-09 0 8.64872e-09 0 1.12794e-08 0 1.43615e-08 0 1.78812e-08 0 2.21455e-08 0 2.68726e-08 0 3.22282e-08 0 3.85051e-08 0 4.51811e-08 0 5.28559e-08 0 6.12281e-08 0 7.02624e-08 0 8.04454e-08 0 9.12942e-08 0 1.03402e-07 0 1.16145e-07 0 1.30239e-07 0 1.44896e-07 0 1.60971e-07 0 1.77497e-07 0 1.95479e-07 0 2.13754e-07 0 2.34865e-07 0 2.56276e-07 0 2.77765e-07 0 3.02504e-07 0 3.2729e-07 0
136.067 8.31348e-05 2.53023e-05 5.78325e-05 0.695648 0.199618 1.74566e-15 0 9.48254e-14 0 3.66036e-12 0 2.6433e-11 0 9.99415e-11 0 2.70621e-10 0 5.92683e-10 0 1.12557e-09 0 1.94294e-09 0 3.10138e-09 0 4.68577e-09 0 6.73882e-09 0 9.3916e-09 0 1.26093e-08 0 1.64952e-08 0 2.12354e-08 0 2.67211e-08 0 3.29156e-08 0 4.03418e-08 0 4.84928e-08 0 5.76436e-08 0 6.82746e-08 0 7.94891e-08 0 9.22821e-08 0 1.06135e-07 0 1.20979e-07 0 1.376e-07 0 1.55195e-07 0 1.74713e-07 0 1.95134e-07 0 2.17592e-07 0 2.40824e-07 0 2.6617e-07 0 2.92099e-07 0 3.20179e-07 0 3.48587e-07 0 3.81258e-07 0 4.14246e-07 0 4.47219e-07 0 4.85025e-07 0 5.22753e-07 0
143.051 8.41831e-05 2.54391e-05 5.87441e-05 0.697813 0.15232 7.02903e-15 0 3.1416e-13 0 1.01458e-11 0 6.65252e-11 0 2.35714e-10 0 6.07965e-10 0 1.2815e-09 0 2.35866e-09 0 3.9644e-09 0 6.18527e-09 0 9.1587e-09 0 1.29399e-08 0 1.77439e-08 0 2.3483e-08 0 3.03197e-08 0 3.85541e-08 0 4.79724e-08 0 5.8495e-08 0 7.09837e-08 0 8.45625e-08 0 9.96751e-08 0 1.17086e-07 0 1.3531e-07 0 1.55946e-07 0 1.78135e-07 0 2.01756e-07 0 2.28037e-07 0 2.5569e-07 0 2.86187e-07 0 3.17916e-07 0 3.52625e-07 0 3.88345e-07 0 4.27126e-07 0 4.66611e-07 0 5.0918e-07 0 5.52063e-07 0 6.01168e-07 0 6.50542e-07 0 6.99703e-07 0 7.55853e-07 0 8.11673e-07 0
150.394 8.55882e-05 2.57542e-05 5.9834e-05 0.699092 0.108371 2.63089e-14 0 9.76757e-13 0 2.66219e-11 0 1.59245e-10 0 5.30445e-10 0 1.3063e-09 0 2.65504e-09 0 4.74333e-09 0 7.77293e-09 0 1.18668e-08 0 1.7238e-08 0 2.39472e-08 0 3.23354e-08 0 4.22125e-08 0 5.38262e-08 0 6.76465e-08 0 8.32783e-08 0 1.00567e-07 0 1.2089e-07 0 1.4279e-07 0 1.66963e-07 0 1.94592e-07 0 2.23297e-07 0 2.55575e-07 0 2.90049e-07 0 3.2652e-07 0 3.66853e-07 0 4.09047e-07 0 4.55322e-07 0 5.03214e-07 0 5.55336e-07 0 6.08716e-07 0 6.66399e-07 0 7.24868e-07 0 7.87634e-07 0 8.50603e-07 0 9.22417e-07 0 9.94337e-07 0 1.06568e-06 0 1.14687e-06 0 1.22729e-06 0
158.114 8.70551e-05 2.6202e-05 6.08531e-05 0.699019 0.0685912 9.1711e-14 0 2.85408e-12 0 6.61964e-11 0 3.62855e-10 0 1.13971e-09 0 2.68588e-09 0 5.27321e-09 0 9.15763e-09 0 1.46491e-08 0 2.19073e-08 0 3.12481e-08 0 4.27192e-08 0 5.68432e-08 0 7.32469e-08 0 9.22971e-08 0 1.14708e-07 0 1.39789e-07 0 1.67261e-07 0 1.99264e-07 0 2.33456e-07 0 2.70902e-07 0 3.13379e-07 0 3.57198e-07 0 4.06146e-07 0 4.58092e-07 0 5.12718e-07 0 5.72785e-07 0 6.35279e-07 0 7.03457e-07 0 7.73661e-07 0 8.49698e-07 0 9.27208e-07 0 1.0106e-06 0 1.09476e-06 0 1.18474e-06 0 1.27466e-06 0 1.37682e-06 0 1.47874e-06 0 1.57949e-06 0 1.69373e-06 0 1.80652e-06 0
166.23 8.82649e-05 2.67366e-05 6.15283e-05 0.697087 0.0331602 2.98265e-13 0 7.84785e-12 0 1.56119e-10 0 7.87551e-10 0 2.33922e-09 0 5.28673e-09 0 1.00432e-08 0 1.69776e-08 0 2.65426e-08 0 3.89213e-08 0 5.45622e-08 0 7.34617e-08 0 9.63961e-08 0 1.22686e-07 0 1.52859e-07 0 1.8797e-07 0 2.26868e-07 0 2.69086e-07 0 3.17843e-07 0 3.69515e-07 0 4.25681e-07 0 4.88938e-07 0 5.53755e-07 0 6.25702e-07 0 7.01595e-07 0 7.80951e-07 0 8.67737e-07 0 9.57557e-07 0 1.05506e-06 0 1.15498e-06 0 1.2627e-06 0 1.37202e-06 0 1.48914e-06 0 1.60687e-06 0 1.73225e-06 0 1.85708e-06 0 1.99838e-06 0 2.13884e-06 0 2.27722e-06 0 2.43363e-06 0 2.58752e-06 0
174.763 8.89034e-05 2.735e-05 6.15534e-05 0.692363 0.00208188 9.0778e-13 0 2.03607e-11 0 3.50017e-10 0 1.63154e-09 0 4.59521e-09 0 9.98003e-09 0 1.83742e-08 0 3.02748e-08 0 4.63099e-08 0 6.66502e-08 0 9.19059e-08 0 1.21957e-07 0 1.57922e-07 0 1.98639e-07 0 2.44849e-07 0 2.98065e-07 0 3.56458e-07 0 4.19283e-07 0 4.91245e-07 0 5.66923e-07 0 6.48597e-07 0 7.39959e-07 0 8.32975e-07 0 9.35604e-07 0 1.04324e-06 0 1.15518e-06 0 1.27696e-06 0 1.40238e-06 0 1.53788e-06 0 1.6761e-06 0 1.82447e-06 0 1.97441e-06 0 2.13439e-06 0 2.2946e-06 0 2.46458e-06 0 2.63323e-06 0 2.82346e-06 0 3.0119e-06 0 3.19697e-06 0 3.40549e-06 0 3.61002e-06 0
183.733 8.87109e-05 2.78886e-05 6.08223e-05 0.685624 -0.0253208 2.57957e-12 0 4.97058e-11 0 7.4369e-10 0 3.21559e-09 0 8.61019e-09 0 1.8005e-08 0 3.21758e-08 0 5.17385e-08 0 7.75163e-08 0 1.09597e-07 0 1.48775e-07 0 1.94712e-07 0 2.48972e-07 0 3.09676e-07 0 3.7784e-07 0 4.55565e-07 0 5.40075e-07 0 6.30247e-07 0 7.32729e-07 0 8.39713e-07 0 9.54396e-07 0 1.08185e-06 0 1.21082e-06 0 1.35231e-06 0 1.49989e-06 0 1.65259e-06 0 1.81789e-06 0 1.98733e-06 0 2.16956e-06 0 2.35464e-06 0 2.55247e-06 0 2.75162e-06 0 2.96329e-06 0 3.17447e-06 0 3.39776e-06 0 3.61855e-06 0 3.86678e-06 0 4.11187e-06 0 4.35184e-06 0 4.62141e-06 0 4.88503e-06 0
193.164 8.72651e-05 2.81136e-05 5.91515e-05 0.677837 -0.0506507 6.80923e-12 0 1.1356e-10 0 1.48882e-09 0 5.9933e-09 0 1.52944e-08 0 3.08512e-08 0 5.35917e-08 0 8.41996e-08 0 1.23685e-07 0 1.71942e-07 0 2.29948e-07 0 2.97021e-07 0 3.75261e-07 0 4.61811e-07 0 5.58015e-07 0 6.66686e-07 0 7.83822e-07 0 9.07822e-07 0 1.0477e-06 0 1.19271e-06 0 1.34716e-06 0 1.51775e-06 0 1.68938e-06 0 1.87663e-06 0 2.07093e-06 0 2.27099e-06 0 2.48656e-06 0 2.70652e-06 0 2.94206e-06 0 3.18031e-06 0 3.43397e-06 0 3.68834e-06 0 3.95772e-06 0 4.22555e-06 0 4.5078e-06 0 4.78599e-06 0 5.09776e-06 0 5.40464e-06 0 5.70424e-06 0 6.03984e-06 0 6.36712e-06 0
203.079 8.46185e-05 2.82523e-05 5.63662e-05 0.666121 -0.072841 1.68879e-11 0 2.4549e-10 0 2.83848e-09 0 1.06753e-08 0 2.60245e-08 0 5.07273e-08 0 8.57745e-08 0 1.31823e-07 0 1.9004e-07 0 2.5997e-07 0 3.42774e-07 0 4.37259e-07 0 5.46169e-07 0 6.65362e-07 0 7.96576e-07 0 9.43475e-07 0 1.10051e-06 0 1.26551e-06 0 1.45032e-06 0 1.64064e-06 0 1.84211e-06 0 2.06333e-06 0 2.28467e-06 0 2.52492e-06 0 2.77297e-06 0 3.02719e-06 0 3.2999e-06 0 3.57698e-06 0 3.87247e-06 0 4.17019e-06 0 4.48596e-06 0 4.80148e-06 0 5.13447e-06 0 5.46444e-06 0 5.81108e-06 0 6.15169e-06 0 6.53228e-06 0 6.90579e-06 0 7.26945e-06 0 7.67569e-06 0 8.0708e-06 0
213.503 8.07572e-05 2.80917e-05 5.26655e-05 0.652146 -0.0929559 3.91725e-11 0 4.99671e-10 0 5.12663e-09 0 1.80733e-08 0 4.21837e-08 0 7.95891e-08 0 1.31169e-07 0 1.97403e-07 0 2.79544e-07 0 3.76605e-07 0 4.899e-07 0 6.17557e-07 0 7.63044e-07 0 9.2065e-07 0 1.09257e-06 0 1.2834e-06 0 1.48581e-06 0 1.69696e-06 0 1.93188e-06 0 2.17228e-06 0 2.42529e-06 0 2.70154e-06 0 2.9765e-06 0 3.2735e-06 0 3.57868e-06 0 3.89008e-06 0 4.22271e-06 0 4.5593e-06 0 4.91686e-06 0 5.27576e-06 0 5.65507e-06 0 6.03278e-06 0 6.43009e-06 0 6.82256e-06 0 7.2336e-06 0 7.63635e-06 0 8.08508e-06 0 8.52422e-06 0 8.95066e-06 0 9.42582e-06 0 9.88678e-06 0
224.463 7.58945e-05 2.76795e-05 4.82149e-05 0.635289 -0.110971 8.53437e-11 0 9.61367e-10 0 8.80379e-09 0 2.91849e-08 0 6.53572e-08 0 1.19548e-07 0 1.92276e-07 0 2.83648e-07 0 3.94912e-07 0 5.24345e-07 0 6.73384e-07 0 8.3931e-07 0 1.02638e-06 0 1.22708e-06 0 1.4441e-06 0 1.68306e-06 0 1.93462e-06 0 2.19527e-06 0 2.48341e-06 0 2.7765e-06 0 3.08325e-06 0 3.41642e-06 0 3.74638e-06 0 4.10112e-06 0 4.464e-06 0 4.83272e-06 0 5.22499e-06 0 5.62041e-06 0 6.0389e-06 0 6.45747e-06 0 6.89834e-06 0 7.33591e-06 0 7.79475e-06 0 8.24665e-06 0 8.71858e-06 0 9.17972e-06 0 9.69211e-06 0 1.01922e-05 0 1.06767e-05 0 1.12151e-05 0 1.17362e-05 0
235.984 7.02408e-05 2.69701e-05 4.32707e-05 0.616034 -0.12746 1.74733e-10 0 1.74882e-09 0 1.43736e-08 0 4.4941e-08 0 9.67571e-08 0 1.71841e-07 0 2.70045e-07 0 3.90882e-07 0 5.35489e-07 0 7.01223e-07 0 8.89608e-07 0 1.09695e-06 0 1.32834e-06 0 1.5743e-06 0 1.83806e-06 0 2.12626e-06 0 2.4275e-06 0 2.73761e-06 0 3.07836e-06 0 3.42299e-06 0 3.78178e-06 0 4.1695e-06 0 4.55168e-06 0 4.96071e-06 0 5.37738e-06 0 5.79904e-06 0 6.24593e-06 0 6.69474e-06 0 7.16808e-06 0 7.6399e-06 0 8.13526e-06 0 8.62538e-06 0 9.13782e-06 0 9.64105e-06 0 1.01652e-05 0 1.0676e-05 0 1.12421e-05 0 1.17932e-05 0 1.23258e-05 0 1.29164e-05 0 1.34867e-05 0
248.097 6.4129e-05 2.6004e-05 3.8125e-05 0.594504 -0.142438 3.37256e-10 0 3.01638e-09 0 2.23688e-08 0 6.61528e-08 0 1.37192e-07 0 2.36916e-07 0 3.64183e-07 0 5.17714e-07 0 6.98426e-07 0 9.02631e-07 0 1.1319e-06 0 1.38152e-06 0 1.65738e-06 0 1.94805e-06 0 2.2573e-06 0 2.59274e-06 0 2.94099e-06 0 3.2973e-06 0 3.68655e-06 0 4.0781e-06 0 4.4837e-06 0 4.91992e-06 0 5.34795e-06 0 5.80413e-06 0 6.26694e-06 0 6.73353e-06 0 7.22623e-06 0 7.71933e-06 0 8.23763e-06 0 8.75262e-06 0 9.29163e-06 0 9.82338e-06 0 1.03778e-05 0 1.09207e-05 0 1.14848e-05 0 1.20331e-05 0 1.26393e-05 0 1.32281e-05 0 1.37958e-05 0 1.44239e-05 0 1.50291e-05 0
260.832 5.79497e-05 2.49556e-05 3.29941e-05 0.569357 -0.156012 6.18717e-10 0 4.97234e-09 0 3.34375e-08 0 9.37881e-08 0 1.87699e-07 0 3.15606e-07 0 4.75067e-07 0 6.63845e-07 0 8.82573e-07 0 1.12643e-06 0 1.39702e-06 0 1.68861e-06 0 2.00787e-06 0 2.34147e-06 0 2.69375e-06 0 3.0732e-06 0 3.46463e-06 0 3.86277e-06 0 4.29534e-06 0 4.72822e-06 0 5.1745e-06 0 5.65228e-06 0 6.1191e-06 0 6.61462e-06 0 7.1154e-06 0 7.61846e-06 0 8.14783e-06 0 8.67587e-06 0 9.22913e-06 0 9.77719e-06 0 1.03491e-05 0 1.09118e-05 0 1.14968e-05 0 1.20684e-05 0 1.26606e-05 0 1.3235e-05 0 1.38685e-05 0 1.44825e-05 0 1.50732e-05 0 1.57254e-05 0 1.63525e-05 0
274.221 5.19617e-05 2.38176e-05 2.81441e-05 0.541631 -0.167952 1.08039e-09 0 7.84261e-09 0 4.80533e-08 0 1.28165e-07 0 2.47955e-07 0 4.06479e-07 0 5.99761e-07 0 8.24514e-07 0 1.08105e-06 0 1.36341e-06 0 1.67327e-06 0 2.00389e-06 0 2.36272e-06 0 2.73471e-06 0 3.12471e-06 0 3.54203e-06 0 3.9699e-06 0 4.4027e-06 0 4.87047e-06 0 5.33628e-06 0 5.81435e-06 0 6.32394e-06 0 6.81982e-06 0 7.34418e-06 0 7.87217e-06 0 8.40074e-06 0 8.95514e-06 0 9.5064e-06 0 1.00823e-05 0 1.0651e-05 0 1.1243e-05 0 1.18237e-05 0 1.24261e-05 0 1.30131e-05 0 1.36199e-05 0 1.42071e-05 0 1.48535e-05 0 1.54784e-05 0 1.60784e-05 0 1.67397e-05 0 1.73742e-05 0
288.297 4.63701e-05 2.26643e-05 2.37058e-05 0.51123 -0.178506 1.80411e-09 0 1.18881e-08 0 6.66712e-08 0 1.69506e-07 0 3.1754e-07 0 5.08142e-07 0 7.35664e-07 0 9.95758e-07 0 1.28843e-06 0 1.60667e-06 0 1.95221e-06 0 2.31748e-06 0 2.7106e-06 0 3.11507e-06 0 3.53626e-06 0 3.98414e-06 0 4.44067e-06 0 4.90004e-06 0 5.39405e-06 0 5.88371e-06 0 6.3841e-06 0 6.91529e-06 0 7.43019e-06 0 7.9727e-06 0 8.51707e-06 0 9.06026e-06 0 9.62822e-06 0 1.01913e-05 0 1.07778e-05 0 1.13555e-05 0 1.19551e-05 0 1.25419e-05 0 1.31491e-05 0 1.37394e-05 0 1.43484e-05 0 1.49364e-05 0 1.55822e-05 0 1.62054e-05 0 1.68026e-05 0 1.74595e-05 0 1.80886e-05 0
303.095 4.13183e-05 2.15564e-05 1.97619e-05 0.478284 -0.187752 2.89406e-09 0 1.73931e-08 0 8.96694e-08 0 2.17824e-07 0 3.95743e-07 0 6.1892e-07 0 8.8001e-07 0 1.17367e-06 0 1.49967e-06 0 1.85006e-06 0 2.2267e-06 0 2.62132e-06 0 3.04266e-06 0 3.47307e-06 0 3.91839e-06 0 4.3891e-06 0 4.86627e-06 0 5.34399e-06 0 5.85534e-06 0 6.35994e-06 0 6.87349e-06 0 7.41653e-06 0 7.94098e-06 0 8.49166e-06 0 9.04241e-06 0 9.59027e-06 0 1.01614e-05 0 1.0726e-05 0 1.13125e-05 0 1.18888e-05 0 1.24854e-05 0 1.30679e-05 0 1.36691e-05 0 1.42524e-05 0 1.48529e-05 0 1.54315e-05 0 1.60658e-05 0 1.66766e-05 0 1.7261e-05 0 1.79026e-05 0 1.8516e-05 0
318.653 3.68163e-05 2.04656e-05 1.63507e-05 0.444115 -0.195811 4.46245e-09 0 2.45706e-08 0 1.16926e-07 0 2.71992e-07 0 4.79963e-07 0 7.34433e-07 0 1.02648e-06 0 1.34993e-06 0 1.70439e-06 0 2.0812e-06 0 2.48238e-06 0 2.89918e-06 0 3.34085e-06 0 3.78896e-06 0 4.24976e-06 0 4.73408e-06 0 5.22248e-06 0 5.70913e-06 0 6.2277e-06 0 6.73728e-06 0 7.25391e-06 0 7.79816e-06 0 8.32197e-06 0 8.87018e-06 0 9.41674e-06 0 9.95885e-06 0 1.05224e-05 0 1.1078e-05 0 1.16537e-05 0 1.22179e-05 0 1.28007e-05 0 1.33684e-05 0 1.39531e-05 0 1.45192e-05 0 1.51007e-05 0 1.56601e-05 0 1.62721e-05 0 1.68604e-05 0 1.74222e-05 0 1.8038e-05 0 1.86258e-05 0
335.009 3.28511e-05 1.93989e-05 1.34523e-05 0.409492 -0.203417 6.62758e-09 0 3.35759e-08 0 1.48063e-07 0 3.3052e-07 0 5.67302e-07 0 8.50251e-07 0 1.16911e-06 0 1.51711e-06 0 1.89383e-06 0 2.29014e-06 0 2.70825e-06 0 3.13918e-06 0 3.59254e-06 0 4.04955e-06 0 4.51678e-06 0 5.00524e-06 0 5.49535e-06 0 5.98151e-06 0 6.49736e-06 0 7.00225e-06 0 7.51225e-06 0 8.04764e-06 0 8.56122e-06 0 9.09706e-06 0 9.62971e-06 0 1.01566e-05 0 1.07028e-05 0 1.124e-05 0 1.17952e-05 0 1.2338e-05 0 1.28975e-05 0 1.34413e-05 0 1.40003e-05 0 1.45405e-05 0 1.50943e-05 0 1.56261e-05 0 1.62068e-05 0 1.67641e-05 0 1.72954e-05 0 1.78769e-05 0 1.8431e-05 0
352.205 2.94875e-05 1.84678e-05 1.10198e-05 0.373709 -0.209956 9.55413e-09 0 4.47158e-08 0 1.8341e-07 0 3.93692e-07 0 6.58154e-07 0 9.67146e-07 0 1.30936e-06 0 1.67768e-06 0 2.07179e-06 0 2.48228e-06 0 2.91163e-06 0 3.35079e-06 0 3.80968e-06 0 4.26942e-06 0 4.73686e-06 0 5.22304e-06 0 5.70858e-06 0 6.18815e-06 0 6.69496e-06 0 7.18914e-06 0 7.68658e-06 0 8.20705e-06 0 8.70476e-06 0 9.22253e-06 0 9.73577e-06 0 1.02421e-05 0 1.07657e-05 0 1.12794e-05 0 1.18092e-05 0 1.2326e-05 0 1.28575e-05 0 1.3373e-05 0 1.3902e-05 0 1.44121e-05 0 1.49342e-05 0 1.54347e-05 0 1.59804e-05 0 1.65031e-05 0 1.70008e-05 0 1.75446e-05 0 1.8062e-05 0
370.284 2.66116e-05 1.7606e-05 9.00565e-06 0.33841 -0.216004 1.33516e-08 0 5.79536e-08 0 2.21884e-07 0 4.58854e-07 0 7.48108e-07 0 1.07891e-06 0 1.43927e-06 0 1.82203e-06 0 2.22708e-06 0 2.64501e-06 0 3.07857e-06 0 3.51884e-06 0 3.97592e-06 0 4.4312e-06 0 4.89169e-06 0 5.36833e-06 0 5.84222e-06 0 6.30838e-06 0 6.79917e-06 0 7.276e-06 0 7.75441e-06 0 8.25339e-06 0 8.72914e-06 0 9.22269e-06 0 9.71063e-06 0 1.01908e-05 0 1.06862e-05 0 1.11711e-05 0 1.16701e-05 0 1.21558e-05 0 1.26544e-05 0 1.31371e-05 0 1.36314e-05 0 1.41073e-05 0 1.45936e-05 0 1.5059e-05 0 1.55656e-05 0 1.60501e-05 0 1.65107e-05 0 1.70133e-05 0 1.74909e-05 0
389.291 2.42926e-05 1.69405e-05 7.35207e-06 0.302646 -0.220866 1.82591e-08 0 7.3774e-08 0 2.64543e-07 0 5.28028e-07 0 8.40625e-07 0 1.19091e-06 0 1.56658e-06 0 1.96059e-06 0 2.3732e-06 0 2.79514e-06 0 3.22946e-06 0 3.6675e-06 0 4.11949e-06 0 4.56722e-06 0 5.01783e-06 0 5.48213e-06 0 5.94179e-06 0 6.39223e-06 0 6.86476e-06 0 7.3223e-06 0 7.77993e-06 0 8.25581e-06 0 8.70828e-06 0 9.17645e-06 0 9.63814e-06 0 1.00914e-05 0 1.0558e-05 0 1.10138e-05 0 1.14817e-05 0 1.19364e-05 0 1.24022e-05 0 1.28524e-05 0 1.33126e-05 0 1.37549e-05 0 1.42062e-05 0 1.46374e-05 0 1.51061e-05 0 1.55537e-05 0 1.59787e-05 0 1.64418e-05 0 1.68812e-05 0
409.273 2.22413e-05 1.6228e-05 6.01332e-06 0.270367 -0.225355 2.414e-08 0 9.11089e-08 0 3.0697e-07 0 5.92417e-07 0 9.22022e-07 0 1.28429e-06 0 1.66706e-06 0 2.06376e-06 0 2.47507e-06 0 2.89212e-06 0 3.31826e-06 0 3.74527e-06 0 4.18333e-06 0 4.61501e-06 0 5.04743e-06 0 5.49106e-06 0 5.92852e-06 0 6.35564e-06 0 6.80218e-06 0 7.23318e-06 0 7.663e-06 0 8.10871e-06 0 8.53137e-06 0 8.96763e-06 0 9.39683e-06 0 9.81727e-06 0 1.02492e-05 0 1.06702e-05 0 1.11016e-05 0 1.152e-05 0 1.19479e-05 0 1.23607e-05 0 1.27821e-05 0 1.31864e-05 0 1.35983e-05 0 1.39913e-05 0 1.44179e-05 0 1.48248e-05 0 1.52106e-05 0 1.56304e-05 0 1.60283e-05 0
430.281 2.05056e-05 1.55877e-05 4.91785e-06 0.23983 -0.229865 3.11198e-08 0 1.1008e-07 0 3.49556e-07 0 6.53345e-07 0 9.95207e-07 0 1.3641e-06 0 1.7484e-06 0 2.14221e-06 0 2.54668e-06 0 2.95352e-06 0 3.36634e-06 0 3.77747e-06 0 4.19692e-06 0 4.60823e-06 0 5.01844e-06 0 5.43756e-06 0 5.84928e-06 0 6.24991e-06 0 6.66741e-06 0 7.06917e-06 0 7.46871e-06 0 7.88193e-06 0 8.27281e-06 0 8.67533e-06 0 9.07045e-06 0 9.4567e-06 0 9.8527e-06 0 1.02379e-05 0 1.0632e-05 0 1.10136e-05 0 1.14031e-05 0 1.17783e-05 0 1.21606e-05 0 1.2527e-05 0 1.28997e-05 0 1.32549e-05 0 1.36399e-05 0 1.40066e-05 0 1.43539e-05 0 1.47314e-05 0 1.50888e-05 0
452.368 1.90392e-05 1.50169e-05 4.02231e-06 0.211265 -0.233974 3.91809e-08 0 1.30309e-07 0 3.91132e-07 0 7.09141e-07 0 1.05835e-06 0 1.42864e-06 0 1.80928e-06 0 2.19516e-06 0 2.58798e-06 0 2.98009e-06 0 3.37535e-06 0 3.76672e-06 0 4.16396e-06 0 4.55166e-06 0 4.93672e-06 0 5.32862e-06 0 5.71225e-06 0 6.08433e-06 0 6.47091e-06 0 6.84186e-06 0 7.2098e-06 0 7.58939e-06 0 7.94762e-06 0 8.3157e-06 0 8.67627e-06 0 9.02806e-06 0 9.38804e-06 0 9.73763e-06 0 1.00946e-05 0 1.04397e-05 0 1.07914e-05 0 1.11297e-05 0 1.14739e-05 0 1.18033e-05 0 1.2138e-05 0 1.24565e-05 0 1.28013e-05 0 1.31294e-05 0 1.34397e-05 0 1.37767e-05 0 1.40953e-05 0
475.588 1.78394e-05 1.45488e-05 3.29061e-06 0.184458 -0.237713 4.83708e-08 0 1.51713e-07 0 4.31642e-07 0 7.60288e-07 0 1.11287e-06 0 1.48061e-06 0 1.85386e-06 0 2.22842e-06 0 2.6065e-06 0 2.98121e-06 0 3.35658e-06 0 3.72623e-06 0 4.09958e-06 0 4.46238e-06 0 4.82128e-06 0 5.18524e-06 0 5.54032e-06 0 5.88367e-06 0 6.23939e-06 0 6.57981e-06 0 6.91665e-06 0 7.26333e-06 0 7.58979e-06 0 7.92454e-06 0 8.25181e-06 0 8.57052e-06 0 8.89608e-06 0 9.21171e-06 0 9.53352e-06 0 9.84408e-06 0 1.01602e-05 0 1.04638e-05 0 1.07723e-05 0 1.10671e-05 0 1.13663e-05 0 1.16507e-05 0 1.19583e-05 0 1.22505e-05 0 1.25267e-05 0 1.28262e-05 0 1.31092e-05 0
500 1.69086e-05 1.42144e-05 2.69417e-06 0.159337 -0.240713 5.87907e-08 0 1.74399e-07 0 4.71573e-07 0 8.08125e-07 0 1.1613e-06 0 1.52393e-06 0 1.88759e-06 0 2.24904e-06 0 2.611e-06 0 2.96729e-06 0 3.32213e-06 0 3.66975e-06 0 4.01924e-06 0 4.35746e-06 0 4.6908e-06 0 5.02769e-06 0 5.35533e-06 0 5.67124e-06 0 5.99764e-06 0 6.30924e-06 0 6.61684e-06 0 6.93274e-06 0 7.2296e-06 0 7.5334e-06 0 7.82988e-06 0 8.1181e-06 0 8.41204e-06 0 8.69655e-06 0 8.9862e-06 0 9.26532e-06 0 9.54902e-06 0 9.82115e-06 0 1.00973e-05 0 1.0361e-05 0 1.06282e-05 0 1.08819e-05 0 1.1156e-05 0 1.14162e-05 0 1.16618e-05 0 1.19279e-05 0 1.21791e-05 0
525.665 1.62323e-05 1.40246e-05 2.20772e-06 0.136008 -0.242305 7.05285e-08 0 1.98421e-07 0 5.11212e-07 0 8.53513e-07 0 1.20528e-06 0 1.56113e-06 0 1.91396e-06 0 2.26149e-06 0 2.60689e-06 0 2.94472e-06 0 3.27931e-06 0 3.60551e-06 0 3.93204e-06 0 4.24682e-06 0 4.55598e-06 0 4.86743e-06 0 5.16942e-06 0 5.45983e-06 0 5.75914e-06 0 6.04419e-06 0 6.32499e-06 0 6.61276e-06 0 6.88266e-06 0 7.15839e-06 0 7.42699e-06 0 7.6877e-06 0 7.95317e-06 0 8.20975e-06 0 8.4706e-06 0 8.72162e-06 0 8.97643e-06 0 9.22055e-06 0 9.46801e-06 0 9.70396e-06 0 9.94285e-06 0 1.01695e-05 0 1.0414e-05 0 1.06459e-05 0 1.08646e-05 0 1.11014e-05 0 1.13247e-05 0
552.648 1.57686e-05 1.3959e-05 1.80964e-06 0.114762 -0.241865 8.35194e-08 0 2.23429e-07 0 5.49812e-07 0 8.95528e-07 0 1.24382e-06 0 1.59124e-06 0 1.93205e-06 0 2.26488e-06 0 2.59332e-06 0 2.91264e-06 0 3.22726e-06 0 3.53259e-06 0 3.83699e-06 0 4.12936e-06 0 4.41558e-06 0 4.70305e-06 0 4.98102e-06 0 5.24765e-06 0 5.52181e-06 0 5.78234e-06 0 6.03846e-06 0 6.30044e-06 0 6.54571e-06 0 6.79584e-06 0 7.03913e-06 0 7.27491e-06 0 7.51464e-06 0 7.74603e-06 0 7.98096e-06 0 8.20675e-06 0 8.43568e-06 0 8.65475e-06 0 8.87657e-06 0 9.08786e-06 0 9.30157e-06 0 9.5041e-06 0 9.72245e-06 0 9.92932e-06 0 1.01243e-05 0 1.03351e-05 0 1.05338e-05 0
581.015 1.54935e-05 1.40106e-05 1.48286e-06 0.095709 -0.23825 9.76956e-08 0 2.4914e-07 0 5.86933e-07 0 9.33821e-07 0 1.27679e-06 0 1.6144e-06 0 1.94225e-06 0 2.25985e-06 0 2.57119e-06 0 2.87217e-06 0 3.16727e-06 0 3.45244e-06 0 3.73565e-06 0 4.00674e-06 0 4.27132e-06 0 4.5363e-06 0 4.79187e-06 0 5.03643e-06 0 5.28735e-06 0 5.52531e-06 0 5.75879e-06 0 5.99719e-06 0 6.22e-06 0 6.44688e-06 0 6.66721e-06 0 6.88044e-06 0 7.09696e-06 0 7.30568e-06 0 7.51732e-06 0 7.72051e-06 0 7.92628e-06 0 8.12297e-06 0 8.32195e-06 0 8.51128e-06 0 8.7026e-06 0 8.88376e-06 0 9.0789e-06 0 9.26361e-06 0 9.43754e-06 0 9.62553e-06 0 9.8025e-06 0
610.839 1.53431e-05 1.41293e-05 1.21385e-06 0.0791135 -0.230739 1.12589e-07 0 2.74361e-07 0 6.20157e-07 0 9.64977e-07 0 1.2999e-06 0 1.6255e-06 0 1.93868e-06 0 2.2398e-06 0 2.53313e-06 0 2.8152e-06 0 3.09049e-06 0 3.35545e-06 0 3.61766e-06 0 3.86784e-06 0 4.11131e-06 0 4.35451e-06 0 4.5885e-06 0 4.81194e-06 0 5.0407e-06 0 5.25723e-06 0 5.46932e-06 0 5.6855e-06 0 5.88724e-06 0 6.09235e-06 0 6.29127e-06 0 6.48353e-06 0 6.67851e-06 0 6.86624e-06 0 7.05638e-06 0 7.23873e-06 0 7.4232e-06 0 7.59936e-06 0 7.7774e-06 0 7.94665e-06 0 8.11754e-06 0 8.27921e-06 0 8.45322e-06 0 8.61779e-06 0 8.77265e-06 0 8.93991e-06 0 9.09725e-06 0
642.193 1.52591e-05 1.4267e-05 9.92078e-07 0.0650155 -0.218439 1.27516e-07 0 2.97606e-07 0 6.46814e-07 0 9.8547e-07 0 1.30894e-06 0 1.61973e-06 0 1.916e-06 0 2.19884e-06 0 2.47276e-06 0 2.73484e-06 0 2.98954e-06 0 3.23376e-06 0 3.47464e-06 0 3.70378e-06 0 3.92618e-06 0 4.14779e-06 0 4.36053e-06 0 4.56325e-06 0 4.77042e-06 0 4.96615e-06 0 5.15756e-06 0 5.35235e-06 0 5.53387e-06 0 5.71817e-06 0 5.89667e-06 0 6.06898e-06 0 6.24354e-06 0 6.41141e-06 0 6.58126e-06 0 6.74398e-06 0 6.90845e-06 0 7.06536e-06 0 7.22379e-06 0 7.37429e-06 0 7.52611e-06 0 7.66964e-06 0 7.824e-06 0 7.96989e-06 0 8.10708e-06 0 8.25514e-06 0 8.39433e-06 0
675.157 1.51535e-05 1.43445e-05 8.09027e-07 0.0533887 -0.200946 1.41278e-07 0 3.16485e-07 0 6.62729e-07 0 9.89773e-07 0 1.29726e-06 0 1.58944e-06 0 1.86565e-06 0 2.12758e-06 0 2.37985e-06 0 2.62012e-06 0 2.85267e-06 0 3.07488e-06 0 3.29336e-06 0 3.50062e-06 0 3.70128e-06 0 3.90078e-06 0 4.09188e-06 0 4.27364e-06 0 4.45905e-06 0 4.63394e-06 0 4.8047e-06 0 4.97824e-06 0 5.13972e-06 0 5.30348e-06 0 5.46189e-06 0 5.61464e-06 0 5.76921e-06 0 5.91771e-06 0 6.06781e-06 0 6.21148e-06 0 6.35655e-06 0 6.49484e-06 0 6.63437e-06 0 6.7668e-06 0 6.90029e-06 0 7.02641e-06 0 7.16195e-06 0 7.28996e-06 0 7.41026e-06 0 7.54001e-06 0 7.66192e-06 0
709.813 1.49518e-05 1.42936e-05 6.58231e-07 0.0440235 -0.17855 1.52539e-07 0 3.28678e-07 0 6.64427e-07 0 9.73755e-07 0 1.2603e-06 0 1.52976e-06 0 1.7825e-06 0 2.02069e-06 0 2.24892e-06 0 2.46534e-06 0 2.67404e-06 0 2.8728e-06 0 3.06766e-06 0 3.25203e-06 0 3.43012e-06 0 3.6068e-06 0 3.77571e-06 0 3.93609e-06 0 4.09941e-06 0 4.25324e-06 0 4.40321e-06 0 4.55543e-06 0 4.69689e-06 0 4.84017e-06 0 4.97862e-06 0 5.11198e-06 0 5.2468e-06 0 5.3762e-06 0 5.50688e-06 0 5.63184e-06 0 5.75793e-06 0 5.87802e-06 0 5.9991e-06 0 6.11393e-06 0 6.22962e-06 0 6.33883e-06 0 6.45613e-06 0 6.56685e-06 0 6.67083e-06 0 6.78293e-06 0 6.88818e-06 0
746.248 1.46081e-05 1.40737e-05 5.34427e-07 0.0365842 -0.152501 1.60162e-07 0 3.3261e-07 0 6.50308e-07 0 9.36207e-07 0 1.19738e-06 0 1.4406e-06 0 1.66706e-06 0 1.87924e-06 0 2.08158e-06 0 2.27267e-06 0 2.45631e-06 0 2.63066e-06 0 2.80114e-06 0 2.96206e-06 0 3.11715e-06 0 3.27071e-06 0 3.41726e-06 0 3.55617e-06 0 3.69743e-06 0 3.83027e-06 0 3.95962e-06 0 4.09074e-06 0 4.21245e-06 0 4.3356e-06 0 4.45447e-06 0 4.56886e-06 0 4.6844e-06 0 4.79519e-06 0 4.90698e-06 0 5.0138e-06 0 5.1215e-06 0 5.22401e-06 0 5.32728e-06 0 5.42516e-06 0 5.5237e-06 0 5.61668e-06 0 5.71648e-06 0 5.81062e-06 0 5.89899e-06 0 5.9942e-06 0 6.08356e-06 0
784.553 1.40982e-05 1.36654e-05 4.32822e-07 0.0307005 -0.122629 1.63345e-07 0 3.27568e-07 0 6.20544e-07 0 8.78421e-07 0 1.11094e-06 0 1.32551e-06 0 1.52393e-06 0 1.70883e-06 0 1.88436e-06 0 2.04952e-06 0 2.20772e-06 0 2.3575e-06 0 2.50359e-06 0 2.64117e-06 0 2.77351e-06 0 2.90431e-06 0 3.02892e-06 0 3.14685e-06 0 3.26661e-06 0 3.37909e-06 0 3.48848e-06 0 3.59923e-06 0 3.70193e-06 0 3.80574e-06 0 3.90585e-06 0 4.00209e-06 0 4.09922e-06 0 4.19228e-06 0 4.28612e-06 0 4.37571e-06 0 4.46597e-06 0 4.55183e-06 0 4.63827e-06 0 4.72015e-06 0 4.80253e-06 0 4.88022e-06 0 4.96356e-06 0 5.04214e-06 0 5.11586e-06 0 5.19525e-06 0 5.26973e-06 0
824.824 1.34189e-05 1.30691e-05 3.49855e-07 0.0260718 -0.0906648 1.6174e-07 0 3.13787e-07 0 5.76954e-07 0 8.03822e-07 0 1.00589e-06 0 1.19079e-06 0 1.36067e-06 0 1.51818e-06 0 1.6671e-06 0 1.80672e-06 0 1.94006e-06 0 2.06598e-06 0 2.1885e-06 0 2.30365e-06 0 2.41421e-06 0 2.5233e-06 0 2.62706e-06 0 2.72513e-06 0 2.82459e-06 0 2.91788e-06 0 3.00852e-06 0 3.10018e-06 0 3.18509e-06 0 3.27085e-06 0 3.35347e-06 0 3.43284e-06 0 3.51287e-06 0 3.5895e-06 0 3.6667e-06 0 3.74037e-06 0 3.81454e-06 0 3.88504e-06 0 3.95598e-06 0 4.02315e-06 0 4.09069e-06 0 4.15434e-06 0 4.2226e-06 0 4.28692e-06 0 4.34724e-06 0 4.41217e-06 0 4.47305e-06 0
867.163 1.25618e-05 1.22797e-05 2.82092e-07 0.0224563 -0.0565292 1.55217e-07 0 2.91841e-07 0 5.21677e-07 0 7.15979e-07 0 8.8707e-07 0 1.04239e-06 0 1.18425e-06 0 1.31517e-06 0 1.43846e-06 0 1.55369e-06 0 1.66342e-06 0 1.76679e-06 0 1.86717e-06 0 1.96132e-06 0 2.05157e-06 0 2.14047e-06 0 2.22491e-06 0 2.30462e-06 0 2.38536e-06 0 2.461e-06 0 2.53442e-06 0 2.6086e-06 0 2.67725e-06 0 2.74652e-06 0 2.81321e-06 0 2.87722e-06 0 2.94173e-06 0 3.00344e-06 0 3.06558e-06 0 3.12484e-06 0 3.18446e-06 0 3.24111e-06 0 3.29807e-06 0 3.35198e-06 0 3.40616e-06 0 3.4572e-06 0 3.5119e-06 0 3.56343e-06 0 3.61173e-06 0 3.6637e-06 0 3.7124e-06 0
911.674 1.15478e-05 1.13208e-05 2.2701e-07 0.0196582 -0.0224574 1.44279e-07 0 2.63353e-07 0 4.58382e-07 0 6.20269e-07 0 7.61303e-07 0 8.88399e-07 0 1.00384e-06 0 1.10991e-06 0 1.20945e-06 0 1.3022e-06 0 1.3903e-06 0 1.47311e-06 0 1.55335e-06 0 1.62849e-06 0 1.7004e-06 0 1.77114e-06 0 1.83824e-06 0 1.9015e-06 0 1.9655e-06 0 2.02541e-06 0 2.0835e-06 0 2.14214e-06 0 2.19636e-06 0 2.25103e-06 0 2.30362e-06 0 2.35407e-06 0 2.40487e-06 0 2.45344e-06 0 2.50232e-06 0 2.5489e-06 0 2.59575e-06 0 2.64023e-06 0 2.68494e-06 0 2.72723e-06 0 2.76971e-06 0 2.80972e-06 0 2.85258e-06 0 2.89293e-06 0 2.93074e-06 0 2.97141e-06 0 3.00951e-06 0
958.471 1.03863e-05 1.02041e-05 1.82274e-07 0.0175494 0.00992582 1.29531e-07 0 2.299e-07 0 3.90227e-07 0 5.2105e-07 0 6.33897e-07 0 7.34896e-07 0 8.26165e-07 0 9.09688e-07 0 9.87811e-07 0 1.0604e-06 0 1.12919e-06 0 1.19371e-06 0 1.25613e-06 0 1.31447e-06 0 1.37023e-06 0 1.425e-06 0 1.4769e-06 0 1.52577e-06 0 1.57516e-06 0 1.62136e-06 0 1.6661e-06 0 1.71124e-06 0 1.75294e-06 0 1.79496e-06 0 1.83535e-06 0 1.87407e-06 0 1.91304e-06 0 1.95028e-06 0 1.98773e-06 0 2.0234e-06 0 2.05926e-06 0 2.09329e-06 0 2.12748e-06 0 2.1598e-06 0 2.19226e-06 0 2.22282e-06 0 2.25554e-06 0 2.28633e-06 0 2.31518e-06 0 2.3462e-06 0 2.37524e-06 0
1007.67 9.16531e-06 9.01907e-06 1.46245e-07 0.0159564 0.0380489 1.12726e-07 0 1.94848e-07 0 3.22989e-07 0 4.25893e-07 0 5.1384e-07 0 5.92056e-07 0 6.62402e-07 0 7.26539e-07 0 7.86347e-07 0 8.41777e-07 0 8.94188e-07 0 9.43257e-07 0 9.90639e-07 0 1.03487e-06 0 1.07708e-06 0 1.11849e-06 0 1.15769e-06 0 1.19456e-06 0 1.2318e-06 0 1.26659e-06 0 1.30026e-06 0 1.3342e-06 0 1.36554e-06 0 1.39709e-06 0 1.4274e-06 0 1.45644e-06 0 1.48565e-06 0 1.51355e-06 0 1.5416e-06 0 1.5683e-06 0 1.59512e-06 0 1.62057e-06 0 1.64613e-06 0 1.67028e-06 0 1.69452e-06 0 1.71734e-06 0 1.74176e-06 0 1.76473e-06 0 1.78625e-06 0 1.80937e-06 0 1.83103e-06 0
1059.39 7.95272e-06 7.83537e-06 1.17355e-07 0.0147565 0.0605312 9.53772e-08 0 1.60794e-07 0 2.60658e-07 0 3.39669e-07 0 4.0662e-07 0 4.65815e-07 0 5.1882e-07 0 5.66981e-07 0 6.11765e-07 0 6.53173e-07 0 6.92247e-07 0 7.28765e-07 0 7.63974e-07 0 7.96794e-07 0 8.28077e-07 0 8.58736e-07 0 8.87723e-07 0 9.14968e-07 0 9.42455e-07 0 9.68117e-07 0 9.92938e-07 0 1.01794e-06 0 1.041e-06 0 1.06421e-06 0 1.0865e-06 0 1.10784e-06 0 1.12929e-06 0 1.14978e-06 0 1.17035e-06 0 1.18993e-06 0 1.2096e-06 0 1.22825e-06 0 1.24697e-06 0 1.26466e-06 0 1.2824e-06 0 1.2991e-06 0 1.31696e-06 0 1.33377e-06 0 1.3495e-06 0 1.3664e-06 0 1.38222e-06 0
1113.77 6.81965e-06 6.72535e-06 9.42938e-08 0.0138268 0.0770667 7.89133e-08 0 1.29941e-07 0 2.06263e-07 0 2.65819e-07 0 3.15885e-07 0 3.59912e-07 0 3.99176e-07 0 4.34738e-07 0 4.67722e-07 0 4.98152e-07 0 5.26815e-07 0 5.53559e-07 0 5.79308e-07 0 6.03279e-07 0 6.26103e-07 0 6.48447e-07 0 6.69553e-07 0 6.89374e-07 0 7.09356e-07 0 7.27997e-07 0 7.46014e-07 0 7.64149e-07 0 7.80874e-07 0 7.97693e-07 0 8.13833e-07 0 8.29281e-07 0 8.44803e-07 0 8.59615e-07 0 8.7449e-07 0 8.88641e-07 0 9.02846e-07 0 9.16312e-07 0 9.29825e-07 0 9.42586e-07 0 9.55388e-07 0 9.67427e-07 0 9.80306e-07 0 9.92416e-07 0 1.00375e-06 0 1.01592e-06 0 1.02732e-06 0
1170.94 5.79693e-06 5.72103e-06 7.58924e-08 0.0130918 0.0882626 6.40821e-08 0 1.03202e-07 0 1.60614e-07 0 2.04841e-07 0 2.41749e-07 0 2.74043e-07 0 3.02736e-07 0 3.28648e-07 0 3.52624e-07 0 3.747e-07 0 3.95458e-07 0 4.14798e-07 0 4.33394e-07 0 4.50686e-07 0 4.67134e-07 0 4.83221e-07 0 4.98403e-07 0 5.12649e-07 0 5.27001e-07 0 5.4038e-07 0 5.53305e-07 0 5.66306e-07 0 5.78289e-07 0 5.90334e-07 0 6.01887e-07 0 6.1294e-07 0 6.2404e-07 0 6.34629e-07 0 6.45259e-07 0 6.55367e-07 0 6.65511e-07 0 6.75123e-07 0 6.84767e-07 0 6.9387e-07 0 7.03001e-07 0 7.11584e-07 0 7.20764e-07 0 7.29394e-07 0 7.37468e-07 0 7.46139e-07 0 7.54252e-07 0
1231.05 4.90225e-06 4.84105e-06 6.12055e-08 0.0124852 0.0949314 5.12919e-08 0 8.08946e-08 0 1.23578e-07 0 1.5607e-07 0 1.83003e-07 0 2.06459e-07 0 2.27229e-07 0 2.45935e-07 0 2.63206e-07 0 2.79079e-07 0 2.93981e-07 0 3.07847e-07 0 3.21162e-07 0 3.33531e-07 0 3.45285e-07 0 3.56771e-07 0 3.67603e-07 0 3.7776e-07 0 3.87985e-07 0 3.97511e-07 0 4.06709e-07 0 4.15956e-07 0 4.24475e-07 0 4.33033e-07 0 4.41239e-07 0 4.49086e-07 0 4.56963e-07 0 4.64475e-07 0 4.72014e-07 0 4.79179e-07 0 4.86368e-07 0 4.93178e-07 0 5.00008e-07 0 5.06455e-07 0 5.12918e-07 0 5.18992e-07 0 5.25487e-07 0 5.31592e-07 0 5.37301e-07 0 5.43433e-07 0 5.49167e-07 0
1294.24 4.13733e-06 4.08786e-06 4.94672e-08 0.0119563 0.0980615 4.06163e-08 0 6.28094e-08 0 9.4289e-08 0 1.1799e-07 0 1.37513e-07 0 1.54444e-07 0 1.69389e-07 0 1.82815e-07 0 1.95187e-07 0 2.06538e-07 0 2.1718e-07 0 2.27069e-07 0 2.36556e-07 0 2.4536e-07 0 2.53718e-07 0 2.6188e-07 0 2.69571e-07 0 2.76778e-07 0 2.84029e-07 0 2.90781e-07 0 2.97297e-07 0 3.03844e-07 0 3.09873e-07 0 3.15927e-07 0 3.2173e-07 0 3.27277e-07 0 3.32843e-07 0 3.3815e-07 0 3.43473e-07 0 3.48531e-07 0 3.53605e-07 0 3.5841e-07 0 3.63227e-07 0 3.67773e-07 0 3.72329e-07 0 3.76611e-07 0 3.81188e-07 0 3.85488e-07 0 3.8951e-07 0 3.93828e-07 0 3.97866e-07 0
1360.67 3.48916e-06 3.4491e-06 4.00603e-08 0.0114813 0.0985421 3.18768e-08 0 4.83903e-08 0 7.14611e-08 0 8.86551e-08 0 1.02737e-07 0 1.14902e-07 0 1.25608e-07 0 1.35206e-07 0 1.44033e-07 0 1.52119e-07 0 1.5969e-07 0 1.66718e-07 0 1.73453e-07 0 1.79697e-07 0 1.85621e-07 0 1.91401e-07 0 1.96844e-07 0 2.01942e-07 0 2.07069e-07 0 2.11839e-07 0 2.16441e-07 0 2.21063e-07 0 2.25317e-07 0 2.29588e-07 0 2.33679e-07 0 2.37589e-07 0 2.41512e-07 0 2.45249e-07 0 2.48998e-07 0 2.52559e-07 0 2.5613e-07 0 2.59511e-07 0 2.629e-07 0 2.66097e-07 0 2.69301e-07 0 2.72311e-07 0 2.75528e-07 0 2.7855e-07 0 2.81376e-07 0 2.84409e-07 0 2.87244e-07 0
1430.51 2.94211e-06 2.90962e-06 3.24955e-08 0.011045 0.0971846 2.48223e-08 0 3.70313e-08 0 5.38506e-08 0 6.62683e-08 0 7.63848e-08 0 8.50929e-08 0 9.27366e-08 0 9.95744e-08 0 1.05853e-07 0 1.11596e-07 0 1.16967e-07 0 1.21947e-07 0 1.26716e-07 0 1.31133e-07 0 1.35321e-07 0 1.39405e-07 0 1.43248e-07 0 1.46845e-07 0 1.50461e-07 0 1.53824e-07 0 1.57067e-07 0 1.60322e-07 0 1.63318e-07 0 1.66324e-07 0 1.69203e-07 0 1.71953e-07 0 1.74711e-07 0 1.77339e-07 0 1.79974e-07 0 1.82476e-07 0 1.84984e-07 0 1.87359e-07 0 1.89738e-07 0 1.91983e-07 0 1.94231e-07 0 1.96343e-07 0 1.986e-07 0 2.0072e-07 0 2.02702e-07 0 2.04829e-07 0 2.06817e-07 0
1503.94 2.48115e-06 2.45476e-06 2.63975e-08 0.0106392 0.0948392 1.91924e-08 0 2.81678e-08 0 4.03734e-08 0 4.93073e-08 0 5.65502e-08 0 6.27644e-08 0 6.82057e-08 0 7.30642e-08 0 7.75181e-08 0 8.15875e-08 0 8.53888e-08 0 8.89102e-08 0 9.2279e-08 0 9.53976e-08 0 9.8352e-08 0 1.01231e-07 0 1.0394e-07 0 1.06473e-07 0 1.09019e-07 0 1.11385e-07 0 1.13666e-07 0 1.15956e-07 0 1.18061e-07 0 1.20174e-07 0 1.22196e-07 0 1.24127e-07 0 1.26064e-07 0 1.27908e-07 0 1.29757e-07 0 1.31513e-07 0 1.33272e-07 0 1.34937e-07 0 1.36606e-07 0 1.38179e-07 0 1.39755e-07 0 1.41235e-07 0 1.42817e-07 0 1.44302e-07 0 1.4569e-07 0 1.47179e-07 0 1.48571e-07 0
1581.14 2.07773e-06 2.05626e-06 2.14621e-08 0.0103296 0.0918981 1.46343e-08 0 2.11509e-08 0 2.99074e-08 0 3.62659e-08 0 4.13981e-08 0 4.5788e-08 0 4.96234e-08 0 5.30421e-08 0 5.61717e-08 0 5.90278e-08 0 6.1693e-08 0 6.41598e-08 0 6.65179e-08 0 6.86995e-08 0 7.07649e-08 0 7.27767e-08 0 7.4668e-08 0 7.64367e-08 0 7.82128e-08 0 7.98636e-08 0 8.14539e-08 0 8.30495e-08 0 8.45167e-08 0 8.59881e-08 0 8.73964e-08 0 8.87411e-08 0 9.00891e-08 0 9.13725e-08 0 9.26588e-08 0 9.38799e-08 0 9.51035e-08 0 9.62612e-08 0 9.74211e-08 0 9.85145e-08 0 9.96098e-08 0 1.00638e-07 0 1.01737e-07 0 1.02768e-07 0 1.03732e-07 0 1.04767e-07 0 1.05733e-07 0
1662.3 1.72466e-06 1.7072e-06 1.74567e-08 0.0101218 0.0867829 1.09899e-08 0 1.56563e-08 0 2.1858e-08 0 2.63287e-08 0 2.99223e-08 0 3.29878e-08 0 3.56607e-08 0 3.80393e-08 0 4.0214e-08 0 4.21965e-08 0 4.40449e-08 0 4.57543e-08 0 4.73872e-08 0 4.8897e-08 0 5.03256e-08 0 5.17164e-08 0 5.30233e-08 0 5.4245e-08 0 5.54713e-08 0 5.66107e-08 0 5.7708e-08 0 5.88087e-08 0 5.98204e-08 0 6.08348e-08 0 6.18055e-08 0 6.2732e-08 0 6.36606e-08 0 6.45447e-08 0 6.54304e-08 0 6.62712e-08 0 6.71134e-08 0 6.79102e-08 0 6.87083e-08 0 6.94607e-08 0 7.02141e-08 0 7.09214e-08 0 7.1677e-08 0 7.23862e-08 0 7.3049e-08 0 7.376e-08 0 7.44244e-08 0
1747.63 1.45522e-06 1.441e-06 1.42167e-08 0.00976946 0.0795301 8.34054e-09 0 1.17223e-08 0 1.61715e-08 0 1.93574e-08 0 2.19088e-08 0 2.40797e-08 0 2.5969e-08 0 2.7648e-08 0 2.91812e-08 0 3.05775e-08 0 3.18783e-08 0 3.30804e-08 0 3.4228e-08 0 3.52885e-08 0 3.62914e-08 0 3.72674e-08 0 3.81841e-08 0 3.90407e-08 0 3.99003e-08 0 4.06987e-08 0 4.14673e-08 0 4.22381e-08 0 4.29464e-08 0 4.36564e-08 0 4.43357e-08 0 4.4984e-08 0 4.56335e-08 0 4.62518e-08 0 4.68711e-08 0 4.74589e-08 0 4.80476e-08 0 4.86045e-08 0 4.91622e-08 0 4.96878e-08 0 5.02142e-08 0 5.07082e-08 0 5.12359e-08 0 5.17312e-08 0 5.21939e-08 0 5.26903e-08 0 5.31541e-08 0
1837.33 1.25774e-06 1.24614e-06 1.15975e-08 0.0092209 0.0733414 6.44891e-09 0 8.94936e-09 0 1.22087e-08 0 1.45282e-08 0 1.63795e-08 0 1.79511e-08 0 1.93165e-08 0 2.05282e-08 0 2.16336e-08 0 2.26395e-08 0 2.35757e-08 0 2.44404e-08 0 2.52655e-08 0 2.60274e-08 0 2.67477e-08 0 2.74484e-08 0 2.81063e-08 0 2.87208e-08 0 2.93372e-08 0 2.99096e-08 0 3.04606e-08 0 3.10129e-08 0 3.15204e-08 0 3.20289e-08 0 3.25153e-08 0 3.29795e-08 0 3.34445e-08 0 3.38869e-08 0 3.43301e-08 0 3.47507e-08 0 3.51718e-08 0 3.55701e-08 0 3.5969e-08 0 3.63448e-08 0 3.67211e-08 0 3.70743e-08 0 3.74515e-08 0 3.78055e-08 0 3.81362e-08 0 3.8491e-08 0 3.88223e-08 0
1931.64 1.0859e-06 1.07644e-06 9.46692e-09 0.008718 0.0687897 4.95465e-09 0 6.79434e-09 0 9.17202e-09 0 1.08546e-08 0 1.21934e-08 0 1.33275e-08 0 1.43113e-08 0 1.51833e-08 0 1.59781e-08 0 1.67006e-08 0 1.73728e-08 0 1.79931e-08 0 1.85847e-08 0 1.91309e-08 0 1.96469e-08 0 2.01487e-08 0 2.06197e-08 0 2.10595e-08 0 2.15006e-08 0 2.191e-08 0 2.2304e-08 0 2.26989e-08 0 2.30617e-08 0 2.34251e-08 0 2.37727e-08 0 2.41043e-08 0 2.44364e-08 0 2.47524e-08 0 2.50689e-08 0 2.53691e-08 0 2.56698e-08 0 2.59541e-08 0 2.62387e-08 0 2.65069e-08 0 2.67754e-08 0 2.70274e-08 0 2.72965e-08 0 2.7549e-08 0 2.77849e-08 0 2.80378e-08 0 2.82741e-08 0
2030.79 9.28699e-07 9.2097e-07 7.72815e-09 0.00832148 0.0640698 3.75174e-09 0 5.08765e-09 0 6.8008e-09 0 8.00694e-09 0 8.96384e-09 0 9.77292e-09 0 1.04738e-08 0 1.10944e-08 0 1.16594e-08 0 1.21728e-08 0 1.265e-08 0 1.30903e-08 0 1.35099e-08 0 1.38971e-08 0 1.42628e-08 0 1.46183e-08 0 1.49519e-08 0 1.52634e-08 0 1.55756e-08 0 1.58654e-08 0 1.61441e-08 0 1.64235e-08 0 1.668e-08 0 1.69371e-08 0 1.71828e-08 0 1.74172e-08 0 1.76519e-08 0 1.78753e-08 0 1.80989e-08 0 1.8311e-08 0 1.85234e-08 0 1.87242e-08 0 1.89252e-08 0 1.91146e-08 0 1.93042e-08 0 1.94821e-08 0 1.96721e-08 0 1.98503e-08 0 2.00168e-08 0 2.01954e-08 0 2.03621e-08 0
2135.03 7.94702e-07 7.88391e-07 6.31087e-09 0.00794118 0.0593598 2.82932e-09 0 3.79681e-09 0 5.02867e-09 0 5.89188e-09 0 6.57494e-09 0 7.15149e-09 0 7.65028e-09 0 8.09149e-09 0 8.4929e-09 0 8.85734e-09 0 9.19594e-09 0 9.50814e-09 0 9.8056e-09 0 1.008e-08 0 1.0339e-08 0 1.05908e-08 0 1.08269e-08 0 1.10473e-08 0 1.12683e-08 0 1.14732e-08 0 1.16704e-08 0 1.1868e-08 0 1.20493e-08 0 1.2231e-08 0 1.24047e-08 0 1.25703e-08 0 1.27362e-08 0 1.2894e-08 0 1.3052e-08 0 1.32018e-08 0 1.33518e-08 0 1.34936e-08 0 1.36355e-08 0 1.37692e-08 0 1.39031e-08 0 1.40287e-08 0 1.41627e-08 0 1.42885e-08 0 1.4406e-08 0 1.4532e-08 0 1.46497e-08 0
2244.63 6.81282e-07 6.76127e-07 5.1552e-09 0.00756691 0.0547985 2.12832e-09 0 2.8282e-09 0 3.71351e-09 0 4.33123e-09 0 4.81888e-09 0 5.22982e-09 0 5.58494e-09 0 5.89877e-09 0 6.18409e-09 0 6.44297e-09 0 6.68336e-09 0 6.90492e-09 0 7.11593e-09 0 7.31048e-09 0 7.49415e-09 0 7.67256e-09 0 7.83988e-09 0 7.99601e-09 0 8.15246e-09 0 8.29761e-09 0 8.4372e-09 0 8.57702e-09 0 8.70539e-09 0 8.83394e-09 0 8.95682e-09 0 9.074e-09 0 9.19132e-09 0 9.3029e-09 0 9.41461e-09 0 9.52054e-09 0 9.62659e-09 0 9.72683e-09 0 9.82717e-09 0 9.92168e-09 0 1.00163e-08 0 1.0105e-08 0 1.01998e-08 0 1.02886e-08 0 1.03717e-08 0 1.04607e-08 0 1.05438e-08 0
2359.84 5.85574e-07 5.81362e-07 4.21244e-09 0.00719369 0.0505028 1.59867e-09 0 2.1049e-09 0 2.74145e-09 0 3.18387e-09 0 3.53237e-09 0 3.82563e-09 0 4.07878e-09 0 4.30232e-09 0 4.50541e-09 0 4.68958e-09 0 4.86052e-09 0 5.018e-09 0 5.16793e-09 0 5.30612e-09 0 5.43654e-09 0 5.5632e-09 0 5.68196e-09 0 5.79275e-09 0 5.90375e-09 0 6.00671e-09 0 6.10571e-09 0 6.20486e-09 0 6.29587e-09 0 6.38701e-09 0 6.47411e-09 0 6.55716e-09 0 6.64029e-09 0 6.71936e-09 0 6.7985e-09 0 6.87355e-09 0 6.94867e-09 0 7.01968e-09 0 7.09074e-09 0 7.15767e-09 0 7.22466e-09 0 7.2875e-09 0 7.35458e-09 0 7.41751e-09 0 7.47628e-09 0 7.53928e-09 0 7.59812e-09 0
2480.97 5.04628e-07 5.01185e-07 3.44326e-09 0.00682337 0.0464836 1.19938e-09 0 1.56559e-09 0 2.02358e-09 0 2.34075e-09 0 2.59011e-09 0 2.79967e-09 0 2.98039e-09 0 3.13985e-09 0 3.28463e-09 0 3.41587e-09 0 3.53762e-09 0 3.64974e-09 0 3.75646e-09 0 3.85479e-09 0 3.94757e-09 0 4.03765e-09 0 4.12209e-09 0 4.20085e-09 0 4.27975e-09 0 4.35292e-09 0 4.42326e-09 0 4.49371e-09 0 4.55836e-09 0 4.62309e-09 0 4.68495e-09 0 4.74392e-09 0 4.80296e-09 0 4.85909e-09 0 4.91528e-09 0 4.96855e-09 0 5.02187e-09 0 5.07226e-09 0 5.1227e-09 0 5.17019e-09 0 5.21772e-09 0 5.26231e-09 0 5.3099e-09 0 5.35455e-09 0 5.39624e-09 0 5.44093e-09 0 5.48267e-09 0
2608.32 4.35988e-07 4.33172e-07 2.81532e-09 0.00645733 0.0427447 8.98898e-10 0 1.1639e-09 0 1.49367e-09 0 1.72131e-09 0 1.89996e-09 0 2.04991e-09 0 2.17911e-09 0 2.29304e-09 0 2.39643e-09 0 2.49009e-09 0 2.57696e-09 0 2.65693e-09 0 2.73301e-09 0 2.80311e-09 0 2.86922e-09 0 2.93341e-09 0 2.99356e-09 0 3.04966e-09 0 3.10584e-09 0 3.15794e-09 0 3.20802e-09 0 3.25817e-09 0 3.30418e-09 0 3.35025e-09 0 3.39427e-09 0 3.43623e-09 0 3.47823e-09 0 3.51816e-09 0 3.55813e-09 0 3.59602e-09 0 3.63394e-09 0 3.66978e-09 0 3.70564e-09 0 3.73942e-09 0 3.77321e-09 0 3.80492e-09 0 3.83875e-09 0 3.87049e-09 0 3.90012e-09 0 3.93189e-09 0 3.96156e-09 0
2742.21 3.77624e-07 3.75322e-07 2.30232e-09 0.00609685 0.0392821 6.73113e-10 0 8.64959e-10 0 1.10261e-09 0 1.26618e-09 0 1.39433e-09 0 1.50179e-09 0 1.5943e-09 0 1.67582e-09 0 1.74976e-09 0 1.81673e-09 0 1.87881e-09 0 1.93594e-09 0 1.99029e-09 0 2.04034e-09 0 2.08754e-09 0 2.13336e-09 0 2.17629e-09 0 2.21632e-09 0 2.2564e-09 0 2.29357e-09 0 2.32929e-09 0 2.36505e-09 0 2.39786e-09 0 2.43071e-09 0 2.4621e-09 0 2.49201e-09 0 2.52195e-09 0 2.55041e-09 0 2.5789e-09 0 2.6059e-09 0 2.63293e-09 0 2.65847e-09 0 2.68402e-09 0 2.70808e-09 0 2.73216e-09 0 2.75475e-09 0 2.77885e-09 0 2.80146e-09 0 2.82257e-09 0 2.8452e-09 0 2.86632e-09 0
2882.97 3.27854e-07 3.25971e-07 1.88307e-09 0.00574361 0.036082 5.03654e-10 0 6.42608e-10 0 8.1403e-10 0 9.31694e-10 0 1.02375e-09 0 1.10086e-09 0 1.1672e-09 0 1.22562e-09 0 1.27859e-09 0 1.32654e-09 0 1.37098e-09 0 1.41187e-09 0 1.45075e-09 0 1.48656e-09 0 1.52032e-09 0 1.55308e-09 0 1.58377e-09 0 1.61239e-09 0 1.64104e-09 0 1.6676e-09 0 1.69312e-09 0 1.71868e-09 0 1.74212e-09 0 1.76559e-09 0 1.788e-09 0 1.80937e-09 0 1.83075e-09 0 1.85108e-09 0 1.87142e-09 0 1.89071e-09 0 1.91e-09 0 1.92823e-09 0 1.94648e-09 0 1.96366e-09 0 1.98084e-09 0 1.99697e-09 0 2.01417e-09 0 2.03031e-09 0 2.04537e-09 0 2.06152e-09 0 2.0766e-09 0
3030.95 2.85304e-07 2.83764e-07 1.54036e-09 0.00539901 0.0331304 3.76614e-10 0 4.77317e-10 0 6.01084e-10 0 6.8583e-10 0 7.52042e-10 0 8.07455e-10 0 8.55096e-10 0 8.97034e-10 0 9.35039e-10 0 9.69432e-10 0 1.0013e-09 0 1.03061e-09 0 1.05848e-09 0 1.08413e-09 0 1.10832e-09 0 1.13179e-09 0 1.15377e-09 0 1.17426e-09 0 1.19478e-09 0 1.21379e-09 0 1.23207e-09 0 1.25036e-09 0 1.26714e-09 0 1.28393e-09 0 1.29998e-09 0 1.31527e-09 0 1.33057e-09 0 1.34511e-09 0 1.35966e-09 0 1.37346e-09 0 1.38726e-09 0 1.4003e-09 0 1.41335e-09 0 1.42564e-09 0 1.43793e-09 0 1.44946e-09 0 1.46177e-09 0 1.47331e-09 0 1.48408e-09 0 1.49563e-09 0 1.50641e-09 0
3186.53 2.48826e-07 2.47566e-07 1.26015e-09 0.00506436 0.0304096 2.8146e-10 0 3.54488e-10 0 4.43937e-10 0 5.05048e-10 0 5.52735e-10 0 5.92612e-10 0 6.26876e-10 0 6.57024e-10 0 6.84336e-10 0 7.09043e-10 0 7.31929e-10 0 7.52975e-10 0 7.72981e-10 0 7.91396e-10 0 8.08754e-10 0 8.25592e-10 0 8.41364e-10 0 8.56065e-10 0 8.70781e-10 0 8.8442e-10 0 8.97525e-10 0 9.10641e-10 0 9.22673e-10 0 9.34715e-10 0 9.46216e-10 0 9.57177e-10 0 9.68145e-10 0 9.7857e-10 0 9.89001e-10 0 9.98888e-10 0 1.00878e-09 0 1.01813e-09 0 1.02748e-09 0 1.03628e-09 0 1.04509e-09 0 1.05335e-09 0 1.06217e-09 0 1.07044e-09 0 1.07815e-09 0 1.08643e-09 0 1.09415e-09 0
3350.09 2.17486e-07 2.16455e-07 1.031e-09 0.00474052 0.0279077 2.10256e-10 0 2.63255e-10 0 3.27969e-10 0 3.72092e-10 0 4.06485e-10 0 4.35223e-10 0 4.59904e-10 0 4.8161e-10 0 5.01267e-10 0 5.19045e-10 0 5.35508e-10 0 5.50645e-10 0 5.65031e-10 0 5.78271e-10 0 5.90749e-10 0 6.02853e-10 0 6.14188e-10 0 6.24752e-10 0 6.35326e-10 0 6.45126e-10 0 6.54541e-10 0 6.63963e-10 0 6.72606e-10 0 6.81255e-10 0 6.89515e-10 0 6.97387e-10 0 7.05264e-10 0 7.1275e-10 0 7.2024e-10 0 7.27339e-10 0 7.34442e-10 0 7.41152e-10 0 7.47866e-10 0 7.54187e-10 0 7.6051e-10 0 7.6644e-10 0 7.72768e-10 0 7.78702e-10 0 7.84242e-10 0 7.9018e-10 0 7.95724e-10 0
3522.05 1.90493e-07 1.8965e-07 8.43586e-10 0.00442843 0.0256065 1.57011e-10 0 1.95505e-10 0 2.42374e-10 0 2.74272e-10 0 2.99111e-10 0 3.19852e-10 0 3.37655e-10 0 3.53307e-10 0 3.67478e-10 0 3.8029e-10 0 3.92152e-10 0 4.03057e-10 0 4.13419e-10 0 4.22954e-10 0 4.31939e-10 0 4.40653e-10 0 4.48813e-10 0 4.56418e-10 0 4.64029e-10 0 4.71082e-10 0 4.77858e-10 0 4.84638e-10 0 4.90857e-10 0 4.9708e-10 0 5.03024e-10 0 5.08687e-10 0 5.14353e-10 0 5.19739e-10 0 5.25127e-10 0 5.30233e-10 0 5.35342e-10 0 5.40168e-10 0 5.44997e-10 0 5.49543e-10 0 5.5409e-10 0 5.58355e-10 0 5.62905e-10 0 5.67172e-10 0 5.71156e-10 0 5.75426e-10 0 5.79412e-10 0
3702.84 1.67193e-07 1.66502e-07 6.90276e-10 0.00412863 0.0234925 1.1722e-10 0 1.45202e-10 0 1.79186e-10 0 2.02275e-10 0 2.20238e-10 0 2.35229e-10 0 2.48091e-10 0 2.59395e-10 0 2.69625e-10 0 2.78874e-10 0 2.87434e-10 0 2.95303e-10 0 3.02778e-10 0 3.09656e-10 0 3.16137e-10 0 3.22422e-10 0 3.28306e-10 0 3.3379e-10 0 3.39277e-10 0 3.44362e-10 0 3.49246e-10 0 3.54134e-10 0 3.58617e-10 0 3.63102e-10 0 3.67386e-10 0 3.71467e-10 0 3.75551e-10 0 3.79432e-10 0 3.83314e-10 0 3.86994e-10 0 3.90675e-10 0 3.94152e-10 0 3.97631e-10 0 4.00906e-10 0 4.04182e-10 0 4.07255e-10 0 4.10533e-10 0 4.13607e-10 0 4.16477e-10 0 4.19552e-10 0 4.22424e-10 0
3892.91 1.47036e-07 1.46471e-07 5.64858e-10 0.00384163 0.0215513 8.74996e-11 0 1.07859e-10 0 1.32528e-10 0 1.49263e-10 0 1.62272e-10 0 1.73123e-10 0 1.82429e-10 0 1.90605e-10 0 1.98002e-10 0 2.04688e-10 0 2.10876e-10 0 2.16563e-10 0 2.21965e-10 0 2.26935e-10 0 2.31617e-10 0 2.36157e-10 0 2.40407e-10 0 2.44368e-10 0 2.48331e-10 0 2.52003e-10 0 2.5553e-10 0 2.59059e-10 0 2.62296e-10 0 2.65535e-10 0 2.68627e-10 0 2.71574e-10 0 2.74522e-10 0 2.77323e-10 0 2.80126e-10 0 2.82782e-10 0 2.85438e-10 0 2.87948e-10 0 2.90459e-10 0 2.92823e-10 0 2.95188e-10 0 2.97405e-10 0 2.9977e-10 0 3.01989e-10 0 3.0406e-10 0 3.06279e-10 0 3.08351e-10 0
4092.73 1.29562e-07 1.291e-07 4.62243e-10 0.00356773 0.0197689 6.5309e-11 0 8.01371e-11 0 9.80653e-11 0 1.10211e-10 0 1.19646e-10 0 1.27511e-10 0 1.34253e-10 0 1.40176e-10 0 1.45534e-10 0 1.50375e-10 0 1.54855e-10 0 1.58971e-10 0 1.62881e-10 0 1.66477e-10 0 1.69866e-10 0 1.7315e-10 0 1.76226e-10 0 1.79091e-10 0 1.81958e-10 0 1.84614e-10 0 1.87166e-10 0 1.89718e-10 0 1.92059e-10 0 1.94401e-10 0 1.96638e-10 0 1.98769e-10 0 2.009e-10 0 2.02926e-10 0 2.04953e-10 0 2.06873e-10 0 2.08794e-10 0 2.10609e-10 0 2.12424e-10 0 2.14133e-10 0 2.15842e-10 0 2.17445e-10 0 2.19155e-10 0 2.20759e-10 0 2.22256e-10 0 2.2386e-10 0 2.25358e-10 0
4302.81 1.14384e-07 1.14006e-07 3.78283e-10 0.00330712 0.0181329 4.87467e-11 0 5.95571e-11 0 7.26026e-11 0 8.14295e-11 0 8.82812e-11 0 9.39907e-11 0 9.88838e-11 0 1.03181e-10 0 1.07067e-10 0 1.10578e-10 0 1.13826e-10 0 1.16811e-10 0 1.19645e-10 0 1.22252e-10 0 1.24708e-10 0 1.27088e-10 0 1.29317e-10 0 1.31393e-10 0 1.33471e-10 0 1.35395e-10 0 1.37244e-10 0 1.39093e-10 0 1.40789e-10 0 1.42486e-10 0 1.44106e-10 0 1.4565e-10 0 1.47194e-10 0 1.48661e-10 0 1.50129e-10 0 1.5152e-10 0 1.52911e-10 0 1.54225e-10 0 1.5554e-10 0 1.56778e-10 0 1.58016e-10 0 1.59176e-10 0 1.60415e-10 0 1.61576e-10 0 1.6266e-10 0 1.63822e-10 0 1.64906e-10 0
4523.68 1.01176e-07 1.00866e-07 3.09584e-10 0.00305987 0.0166318 3.63879e-11 0 4.42777e-11 0 5.37821e-11 0 6.02057e-11 0 6.5189e-11 0 6.93397e-11 0 7.28958e-11 0 7.60179e-11 0 7.88411e-11 0 8.13912e-11 0 8.37504e-11 0 8.59176e-11 0 8.79757e-11 0 8.98685e-11 0 9.16512e-11 0 9.33795e-11 0 9.49973e-11 0 9.65043e-11 0 9.80121e-11 0 9.94089e-11 0 1.0075e-10 0 1.02093e-10 0 1.03323e-10 0 1.04554e-10 0 1.0573e-10 0 1.0685e-10 0 1.0797e-10 0 1.09035e-10 0 1.101e-10 0 1.11109e-10 0 1.12118e-10 0 1.13072e-10 0 1.14026e-10 0 1.14923e-10 0 1.15821e-10 0 1.16663e-10 0 1.17562e-10 0 1.18404e-10 0 1.1919e-10 0 1.20033e-10 0 1.2082e-10 0
4755.88 8.96635e-08 8.94101e-08 2.53401e-10 0.00282613 0.015255 2.71687e-11 0 3.29336e-11 0 3.98674e-11 0 4.45489e-11 0 4.81786e-11 0 5.12007e-11 0 5.37893e-11 0 5.60614e-11 0 5.81157e-11 0 5.9971e-11 0 6.16872e-11 0 6.32635e-11 0 6.47604e-11 0 6.61369e-11 0 6.74333e-11 0 6.869e-11 0 6.98663e-11 0 7.0962e-11 0 7.20582e-11 0 7.30737e-11 0 7.40489e-11 0 7.50246e-11 0 7.59192e-11 0 7.68141e-11 0 7.76686e-11 0 7.84826e-11 0 7.92969e-11 0 8.00707e-11 0 8.08446e-11 0 8.1578e-11 0 8.23115e-11 0 8.30045e-11 0 8.36975e-11 0 8.435e-11 0 8.50026e-11 0 8.56144e-11 0 8.62672e-11 0 8.68793e-11 0 8.74507e-11 0 8.8063e-11 0 8.86345e-11 0
5000 7.96074e-08 7.94e-08 2.07422e-10 0.00260557 0.0139916 2.02901e-11 0 2.45074e-11 0 2.95725e-11 0 3.29891e-11 0 3.56368e-11 0 3.78405e-11 0 3.97276e-11 0 4.13837e-11 0 4.28808e-11 0 4.42327e-11 0 4.54831e-11 0 4.66315e-11 0 4.77219e-11 0 4.87246e-11 0 4.96688e-11 0 5.05841e-11 0 5.14408e-11 0 5.22387e-11 0 5.3037e-11 0 5.37765e-11 0 5.44866e-11 0 5.5197e-11 0 5.58484e-11 0 5.64999e-11 0 5.71221e-11 0 5.77147e-11 0 5.83075e-11 0 5.88708e-11 0 5.94342e-11 0 5.99681e-11 0 6.05021e-11 0 6.10065e-11 0 6.15111e-11 0 6.1986e-11 0 6.2461e-11 0 6.29064e-11 0 6.33815e-11 0 6.3827e-11 0 6.42429e-11 0 6.46886e-11 0 6.51046e-11 0
