# 0.00533964 1 114 : grain size, compostion index, size index
# Heating and cooling timescale: 6.42244e-08 inf
# Ratio of heating to cooling to determine stochastic cutoff: 100
# Equilibrium emission is recorded even for those grains in the stochastic regime.
# Emission spectrum was computed for: 
# Type: ISRF
# Scales: 0.25 0.5 1 1.5 2 2.5 3 3.5 4 4.5 5 5.5 6 6.5 7 7.5 8 8.5 9 9.5 10 10.5 11 11.5 12 12.5 13 13.5 14 14.5 15 15.5 16 16.5 17 17.5 18 18.5 19 19.5 20
# StochasticallyHeated: 0 0 0 0 0 0 0 0 0 0 0 0 0 0 0 0 0 0 0 0 0 0 0 0 0 0 0 0 0 0 0 0 0 0 0 0 0 0 0 0 0
# Temperature: -1
# Wavelength  CExt  CAbs  CSca  Albedo G EqEm1 StEm1 EqEm2 StEm2 EqEm3 StEm3 EqEm4 StEm4 EqEm5 StEm5 EqEm6 StEm6 EqEm7 StEm7 EqEm8 StEm8 EqEm9 StEm9 EqEm10 StEm10 EqEm11 StEm11 EqEm12 StEm12 EqEm13 StEm13 EqEm14 StEm14 EqEm15 StEm15 EqEm16 StEm16 EqEm17 StEm17 EqEm18 StEm18 EqEm19 StEm19 EqEm20 StEm20 EqEm21 StEm21 EqEm22 StEm22 EqEm23 StEm23 EqEm24 StEm24 EqEm25 StEm25 EqEm26 StEm26 EqEm27 StEm27 EqEm28 StEm28 EqEm29 StEm29 EqEm30 StEm30 EqEm31 StEm31 EqEm32 StEm32 EqEm33 StEm33 EqEm34 StEm34 EqEm35 StEm35 EqEm36 StEm36 EqEm37 StEm37 EqEm38 StEm38 EqEm39 StEm39 EqEm40 StEm40 EqEm41 StEm41
0.05 0.000179616 6.35052e-05 0.000116111 0.64644 0.853861 0 0 0 0 0 0 0 0 0 0 0 0 0 0 0 0 0 0 0 0 0 0 0 0 0 0 0 0 0 0 0 0 0 0 0 0 0 0 0 0 0 0 0 0 0 0 0 0 0 0 0 0 0 0 0 0 0 0 0 0 0 0 0 0 0 0 0 0 0 0 0 0 0 0 0 0 0 0 0 0 0 0
0.0525665 0.000179636 6.24722e-05 0.000117164 0.65223 0.841362 0 0 0 0 0 0 0 0 0 0 0 0 0 0 0 0 0 0 0 0 0 0 0 0 0 0 0 0 0 0 0 0 0 0 0 0 0 0 0 0 0 0 0 0 0 0 0 0 0 0 0 0 0 0 0 0 0 0 0 0 0 0 0 0 0 0 0 0 0 0 0 0 0 0 0 0 0 0 0 0 0 0
0.0552647 0.000179657 6.16902e-05 0.000117967 0.656623 0.830984 0 0 0 0 0 0 0 0 0 0 0 0 0 0 0 0 0 0 0 0 0 0 0 0 0 0 0 0 0 0 0 0 0 0 0 0 0 0 0 0 0 0 0 0 0 0 0 0 0 0 0 0 0 0 0 0 0 0 0 0 0 0 0 0 0 0 0 0 0 0 0 0 0 0 0 0 0 0 0 0 0 0
0.0581015 0.000179678 6.13364e-05 0.000118342 0.658632 0.824615 0 0 0 0 0 0 0 0 0 0 0 0 0 0 0 0 0 0 0 0 0 0 0 0 0 0 0 0 0 0 0 0 0 0 0 0 0 0 0 0 0 0 0 0 0 0 0 0 0 0 0 0 0 0 0 0 0 0 0 0 0 0 0 0 0 0 0 0 0 0 0 0 0 0 0 0 0 0 0 0 0 0
0.0610839 0.000179699 6.04673e-05 0.000119232 0.663509 0.815841 0 0 0 0 0 0 0 0 0 0 0 0 0 0 0 0 0 0 0 0 0 0 0 0 0 0 0 0 0 0 0 0 0 0 0 0 0 0 0 0 0 0 0 0 0 0 0 0 0 0 0 0 0 0 0 0 0 0 0 0 0 0 0 0 0 0 0 0 0 0 0 0 0 0 0 0 0 0 0 0 0 0
0.0642193 0.000179724 5.8299e-05 0.000121425 0.675619 0.797538 0 0 0 0 0 0 0 0 0 0 0 0 0 0 0 0 0 0 0 0 0 0 0 0 0 0 0 0 0 0 0 0 0 0 0 0 0 0 0 0 0 0 0 0 0 0 0 0 0 0 0 0 0 0 0 0 0 0 0 0 0 0 0 0 0 0 0 0 0 0 0 0 0 0 0 0 0 0 0 0 0 0
0.0675157 0.000179751 5.61433e-05 0.000123608 0.687661 0.777546 0 0 0 0 0 0 0 0 0 0 0 0 0 0 0 0 0 0 0 0 0 0 0 0 0 0 0 0 0 0 0 0 0 0 0 0 0 0 0 0 0 0 0 0 0 0 0 0 0 0 0 0 0 0 0 0 0 0 0 0 0 0 0 0 0 0 0 0 0 0 0 0 0 0 0 0 0 0 0 0 0 0
0.0709813 0.000179781 5.59251e-05 0.000123856 0.688926 0.77042 0 0 0 0 0 0 0 0 0 0 0 0 0 0 0 0 0 0 0 0 0 0 0 0 0 0 0 0 0 0 0 0 0 0 0 0 0 0 0 0 0 0 0 0 0 0 0 0 0 0 0 0 0 0 0 0 0 0 0 0 0 0 0 0 0 0 0 0 0 0 0 0 0 0 0 0 0 0 0 0 0 0
0.0746248 0.00017981 5.67734e-05 0.000123036 0.684258 0.771774 0 0 0 0 0 0 0 0 0 0 0 0 0 0 0 0 0 0 0 0 0 0 0 0 0 0 0 0 0 0 0 0 0 0 0 0 0 0 0 0 0 0 0 0 0 0 0 0 0 0 0 0 0 0 0 0 0 0 0 0 0 0 0 0 0 0 0 0 0 0 0 0 0 0 0 0 0 0 0 0 0 0
0.0784553 0.000179839 5.79566e-05 0.000121882 0.67773 0.776683 0 0 0 0 0 0 0 0 0 0 0 0 0 0 0 0 0 0 0 0 0 0 0 0 0 0 0 0 0 0 0 0 0 0 0 0 0 0 0 0 0 0 0 0 0 0 0 0 0 0 0 0 0 0 0 0 0 0 0 0 0 0 0 0 0 0 0 0 0 0 0 0 0 0 0 0 0 0 0 0 0 0
0.0824824 0.000179867 5.93083e-05 0.000120559 0.670267 0.78257 0 0 0 0 0 0 0 0 0 0 0 0 0 0 0 0 0 0 0 0 0 0 0 0 0 0 0 0 0 0 0 0 0 0 0 0 0 0 0 0 0 0 0 0 0 0 0 0 0 0 0 0 0 0 0 0 0 0 0 0 0 0 0 0 0 0 0 0 0 0 0 0 0 0 0 0 0 0 0 0 0 0
0.0867162 0.000179898 5.96223e-05 0.000120276 0.668577 0.781444 0 0 0 0 0 0 0 0 0 0 0 0 0 0 0 0 0 0 0 0 0 0 0 0 0 0 0 0 0 0 0 0 0 0 0 0 0 0 0 0 0 0 0 0 0 0 0 0 0 0 0 0 0 0 0 0 0 0 0 0 0 0 0 0 0 0 0 0 0 0 0 0 0 0 0 0 0 0 0 0 0 0
0.0911674 0.00017993 5.9343e-05 0.000120587 0.670189 0.77629 0 0 0 0 0 0 0 0 0 0 0 0 0 0 0 0 0 0 0 0 0 0 0 0 0 0 0 0 0 0 0 0 0 0 0 0 0 0 0 0 0 0 0 0 0 0 0 0 0 0 0 0 0 0 0 0 0 0 0 0 0 0 0 0 0 0 0 0 0 0 0 0 0 0 0 0 0 0 0 0 0 0
0.095847 0.000179964 5.95912e-05 0.000120373 0.668872 0.774541 0 0 0 0 0 0 0 0 0 0 0 0 0 0 0 0 0 0 0 0 0 0 0 0 0 0 0 0 0 0 0 0 0 0 0 0 0 0 0 0 0 0 0 0 0 0 0 0 0 0 0 0 0 0 0 0 0 0 0 0 0 0 0 0 0 0 0 0 0 0 0 0 0 0 0 0 0 0 0 0 0 0
0.100767 0.000179993 6.16847e-05 0.000118308 0.657294 0.786022 0 0 0 0 0 0 0 0 0 0 0 0 0 0 0 0 0 0 0 0 0 0 0 0 0 0 0 0 0 0 0 0 0 0 0 0 0 0 0 0 0 0 0 0 0 0 0 0 0 0 0 0 0 0 0 0 0 0 0 0 0 0 0 0 0 0 0 0 0 0 0 0 0 0 0 0 0 0 0 0 0 0
0.105939 0.000180017 6.37918e-05 0.000116226 0.645635 0.800694 0 0 0 0 0 0 0 0 0 0 0 0 0 0 0 0 0 0 0 0 0 0 0 0 0 0 0 0 0 0 0 0 0 0 0 0 0 0 0 0 0 0 0 0 0 0 0 0 0 0 0 0 0 0 0 0 0 0 0 0 0 0 0 0 0 0 0 0 0 0 0 0 0 0 0 0 0 0 0 0 0 0
0.111377 0.000180033 6.76378e-05 0.000112395 0.624304 0.828745 0 0 0 0 0 0 0 0 0 0 0 0 0 0 0 0 0 0 0 0 0 0 0 0 0 0 0 0 0 0 0 0 0 0 0 0 0 0 0 0 0 0 0 0 0 0 0 0 0 0 0 0 0 0 0 0 0 0 0 0 0 0 0 0 0 0 0 0 0 0 0 0 0 0 0 0 0 0 0 0 0 0
0.117094 0.000180046 7.16098e-05 0.000108436 0.602269 0.86111 0 0 0 0 0 0 0 0 0 0 0 0 0 0 0 0 0 0 0 0 0 0 0 0 0 0 0 0 0 0 0 0 0 0 0 0 0 0 0 0 0 0 0 0 0 0 0 0 0 0 0 0 0 0 0 0 0 0 0 0 0 0 0 0 0 0 0 0 0 0 0 0 0 0 0 0 0 0 0 0 0 0
0.123105 0.000180067 7.41705e-05 0.000105896 0.588094 0.883766 0 0 0 0 0 0 0 0 0 0 0 0 0 0 0 0 0 0 0 0 0 0 0 0 0 0 0 0 0 0 0 0 0 0 0 0 0 0 0 0 0 0 0 0 0 0 0 0 0 0 0 0 0 0 0 0 0 0 0 0 0 0 0 0 0 0 0 0 0 0 0 0 0 0 0 0 0 0 0 0 0 0
0.129424 0.000180092 7.63423e-05 0.000103749 0.576092 0.903758 0 0 0 0 0 0 0 0 0 0 0 0 0 0 0 0 0 0 0 0 0 0 0 0 0 0 0 0 0 0 0 0 0 0 0 0 0 0 0 0 0 0 0 0 0 0 0 0 0 0 0 0 0 0 0 0 0 0 0 0 0 0 0 0 0 0 0 0 0 0 0 0 0 0 0 0 0 0 0 0 0 0
0.136067 0.000180117 7.80764e-05 0.000102041 0.566525 0.919976 0 0 0 0 0 0 0 0 0 0 0 0 0 0 0 0 0 0 0 0 0 0 0 0 0 0 0 0 0 0 0 0 0 0 0 0 0 0 0 0 0 0 0 0 0 0 0 0 0 0 0 0 0 0 0 0 0 0 0 0 0 0 0 0 0 0 0 0 0 0 0 0 0 0 0 0 0 0 0 0 0 0
0.143051 0.000180141 7.94215e-05 0.000100719 0.559114 0.932634 0 0 0 0 0 0 0 0 0 0 0 0 0 0 0 0 0 0 0 0 0 0 0 0 0 0 0 0 0 0 0 0 0 0 0 0 0 0 0 0 0 0 0 0 0 0 0 0 0 0 0 0 0 0 0 0 0 0 0 0 0 0 0 0 0 0 0 0 0 0 0 0 0 0 0 0 0 0 0 0 0 0
0.150394 0.000180158 8.01878e-05 9.997e-05 0.554902 0.940794 0 0 0 0 0 0 0 0 0 0 0 0 0 0 0 0 0 0 0 0 0 0 0 0 0 0 0 0 0 0 0 0 0 0 0 0 0 0 0 0 0 0 0 0 0 0 0 0 0 0 0 0 0 0 0 0 0 0 0 0 0 0 0 0 0 0 0 0 0 0 0 0 0 0 0 0 0 0 0 0 0 0
0.158114 0.000180175 7.99234e-05 0.000100251 0.556412 0.941679 0 0 0 0 0 0 0 0 0 0 0 0 0 0 0 0 0 0 0 0 0 0 0 0 0 0 0 0 0 0 0 0 0 0 0 0 0 0 0 0 0 0 0 0 0 0 0 0 0 0 0 0 0 0 0 0 0 0 0 0 0 0 0 0 0 0 0 0 0 0 0 0 0 0 0 0 0 0 0 0 0 0
0.16623 0.000180205 7.80411e-05 0.000102164 0.566931 0.930858 0 0 0 0 0 0 0 0 0 0 0 0 0 0 0 0 0 0 0 0 0 0 0 0 0 0 0 0 0 0 0 0 0 0 0 0 0 0 0 0 0 0 0 0 0 0 0 0 0 0 0 0 0 0 0 0 0 0 0 0 0 0 0 0 0 0 0 0 0 0 0 0 0 0 0 0 0 0 0 0 0 0
0.174762 0.000180253 7.43075e-05 0.000105946 0.58776 0.904306 0 0 0 0 0 0 0 0 0 0 0 0 0 0 0 0 0 0 0 0 0 0 0 0 0 0 0 0 0 0 0 0 0 0 0 0 0 0 0 0 0 0 0 0 0 0 0 0 0 0 0 0 0 0 0 0 0 0 0 0 0 0 0 0 0 0 0 0 0 0 0 0 0 0 0 0 0 0 0 0 0 0
0.183733 0.00018031 6.95937e-05 0.000110716 0.614033 0.868439 0 0 0 0 0 0 0 0 0 0 0 0 0 0 0 0 0 0 0 0 0 0 0 0 0 0 0 0 0 0 0 0 0 0 0 0 0 0 0 0 0 0 0 0 0 0 0 0 0 0 0 0 0 0 0 0 0 0 0 0 0 0 0 0 0 0 0 0 0 0 0 0 0 0 0 0 0 0 0 0 0 0
0.193164 0.000180372 6.46917e-05 0.00011568 0.641343 0.831523 0 0 0 0 0 0 0 0 0 0 0 0 0 0 0 0 0 0 0 0 0 0 0 0 0 0 0 0 0 0 0 0 0 0 0 0 0 0 0 0 0 0 0 0 0 0 0 0 0 0 0 0 0 0 0 0 0 0 0 0 0 0 0 0 0 0 0 0 0 0 0 0 0 0 0 0 0 0 0 0 0 0
0.203079 0.000180438 6.04296e-05 0.000120008 0.665094 0.80101 0 0 0 0 0 0 0 0 0 0 0 0 0 0 0 0 0 0 0 0 0 0 0 0 0 0 0 0 0 0 0 0 0 0 0 0 0 0 0 0 0 0 0 0 0 0 0 0 0 0 0 0 0 0 0 0 0 0 0 0 0 0 0 0 0 0 0 0 0 0 0 0 0 0 0 0 0 0 0 0 0 0
0.213503 0.000180508 5.67694e-05 0.000123738 0.685502 0.776173 0 0 0 0 0 0 0 0 0 0 0 0 0 0 0 0 0 0 0 0 0 0 0 0 0 0 0 0 0 0 0 0 0 0 0 0 0 0 0 0 0 0 0 0 0 0 0 0 0 0 0 0 0 0 0 0 0 0 0 0 0 0 0 0 0 0 0 0 0 0 0 0 0 0 0 0 0 0 0 0 0 0
0.224463 0.000180587 5.43248e-05 0.000126262 0.699176 0.758982 0 0 0 0 0 0 0 0 0 0 0 0 0 0 0 0 0 0 0 0 0 0 0 0 0 0 0 0 0 0 0 0 0 0 0 0 0 0 0 0 0 0 0 0 0 0 0 0 0 0 0 0 0 0 0 0 0 0 0 0 0 0 0 0 0 0 0 0 0 0 0 0 0 0 0 0 0 0 0 0 0 0
0.235984 0.000180672 5.29322e-05 0.000127739 0.707025 0.747392 0 0 0 0 0 0 0 0 0 0 0 0 0 0 0 0 0 0 0 0 0 0 0 0 0 0 0 0 0 0 0 0 0 0 0 0 0 0 0 0 0 0 0 0 0 0 0 0 0 0 0 0 0 0 0 0 0 0 0 0 0 0 0 0 0 0 0 0 0 0 0 0 0 0 0 0 0 0 0 0 0 0
0.248097 0.000180762 5.31551e-05 0.000127607 0.705939 0.743611 0 0 0 0 0 0 0 0 0 0 0 0 0 0 0 0 0 0 0 0 0 0 0 0 0 0 0 0 0 0 0 0 0 0 0 0 0 0 0 0 0 0 0 0 0 0 0 0 0 0 0 0 0 0 0 0 0 0 0 0 0 0 0 0 0 0 0 0 0 0 0 0 0 0 0 0 0 0 0 0 0 0
0.260832 0.000180845 5.44236e-05 0.000126421 0.699059 0.745757 0 0 0 0 0 0 0 0 0 0 0 0 0 0 0 0 0 0 0 0 0 0 0 0 0 0 0 0 0 0 0 0 0 0 0 0 0 0 0 0 0 0 0 0 0 0 0 0 0 0 0 0 0 0 0 0 0 0 0 0 0 0 0 0 0 0 0 0 0 0 0 0 0 0 0 0 0 0 0 0 0 0
0.274221 0.000180916 5.59698e-05 0.000124946 0.69063 0.749989 0 0 0 0 0 0 0 0 0 0 0 0 0 0 0 0 0 0 0 0 0 0 0 0 0 0 0 0 0 0 0 0 0 0 0 0 0 0 0 0 0 0 0 0 0 0 0 0 0 0 0 0 0 0 0 0 0 0 0 0 0 0 0 0 0 0 0 0 0 0 0 0 0 0 0 0 0 0 0 0 0 0
0.288297 0.000180963 5.80283e-05 0.000122934 0.679335 0.759487 0 0 0 0 0 0 0 0 0 0 0 0 0 0 0 0 0 0 0 0 0 0 0 0 0 0 0 0 0 0 0 0 0 0 0 0 0 0 0 0 0 0 0 0 0 0 0 0 0 0 0 0 0 0 0 0 0 0 0 0 0 0 0 0 0 0 0 0 0 0 0 0 0 0 0 0 0 0 0 0 0 0
0.303095 0.00018101 5.944e-05 0.00012157 0.67162 0.766717 0 0 0 0 0 0 0 0 0 0 0 0 0 0 0 0 0 0 0 0 0 0 0 0 0 0 0 0 0 0 0 0 0 0 0 0 0 0 0 0 0 0 0 0 0 0 0 0 0 0 0 0 0 0 0 0 0 0 0 0 0 0 0 0 0 0 0 0 0 0 0 0 0 0 0 0 0 0 0 0 0 0
0.318653 0.000181058 6.05898e-05 0.000120468 0.665357 0.773072 0 0 0 0 0 0 0 0 0 0 0 0 0 0 0 0 0 0 0 0 0 0 0 0 0 0 0 0 0 0 0 0 0 0 0 0 0 0 0 0 0 0 0 0 0 0 0 0 0 0 0 0 0 0 0 0 0 0 0 0 0 0 0 0 0 0 0 0 0 0 0 0 0 0 0 0 0 0 0 0 0 0
0.335009 0.00018111 6.14995e-05 0.00011961 0.660429 0.778528 0 0 0 0 0 0 0 0 0 0 0 0 0 0 0 0 0 0 0 0 0 0 0 0 0 0 0 0 0 0 0 0 0 0 0 0 0 0 0 0 0 0 0 0 0 0 0 0 0 0 0 0 0 0 0 0 0 0 0 0 0 0 0 0 0 0 0 0 0 0 0 0 0 0 0 0 0 0 0 0 0 0
0.352205 0.000181167 6.21223e-05 0.000119045 0.6571 0.782372 0 0 0 0 0 0 0 0 0 0 0 0 0 0 0 0 0 0 0 0 0 0 0 0 0 0 0 0 0 0 0 0 0 0 0 0 0 0 0 0 0 0 0 0 0 0 0 0 0 0 0 0 0 0 0 0 0 0 0 0 0 0 0 0 0 0 0 0 0 0 0 0 0 0 0 0 0 0 0 0 0 0
0.370284 0.00018123 6.25208e-05 0.000118709 0.65502 0.784738 0 0 0 0 0 0 0 0 0 0 0 0 0 0 0 0 0 0 0 0 0 0 0 0 0 0 0 0 0 0 0 0 0 0 0 0 0 0 0 0 0 0 0 0 0 0 0 0 0 0 0 0 0 0 0 0 0 0 0 0 0 0 0 0 0 0 0 0 0 0 0 0 0 0 0 0 0 0 0 0 0 0
0.389291 0.000181298 6.2724e-05 0.000118574 0.654028 0.785639 0 0 0 0 0 0 0 0 0 0 0 0 0 0 0 0 0 0 0 0 0 0 0 0 0 0 0 0 0 0 0 0 0 0 0 0 0 0 0 0 0 0 0 0 0 0 0 0 0 0 0 0 0 0 0 0 0 0 0 0 0 0 0 0 0 0 0 0 0 0 0 0 0 0 0 0 0 0 0 0 0 0
0.409273 0.000181367 6.28699e-05 0.000118497 0.653356 0.786172 0 0 0 0 0 0 0 0 0 0 0 0 0 0 0 0 0 0 0 0 0 0 0 0 0 0 0 0 0 0 0 0 0 0 0 0 0 0 0 0 0 0 0 0 0 0 0 0 0 0 0 0 0 0 0 0 0 0 0 0 0 0 0 0 0 0 0 0 0 0 0 0 0 0 0 0 0 0 0 0 0 0
0.430281 0.00018144 6.29896e-05 0.00011845 0.652834 0.786543 0 0 0 0 0 0 0 0 0 0 0 0 0 0 0 0 0 0 0 0 0 0 0 0 0 0 0 0 0 0 0 0 0 0 0 0 0 0 0 0 0 0 0 0 0 0 0 0 0 0 0 0 0 0 0 0 0 0 0 0 0 0 0 0 0 0 0 0 0 0 0 0 0 0 0 0 0 0 0 0 0 0
0.452368 0.000181514 6.31108e-05 0.000118404 0.65231 0.787101 0 0 0 0 0 0 0 0 0 0 0 0 0 0 0 0 0 0 0 0 0 0 0 0 0 0 0 0 0 0 0 0 0 0 0 0 0 0 0 0 0 0 0 0 0 0 0 0 0 0 0 0 0 0 0 0 0 0 0 0 0 0 0 0 0 0 0 0 0 0 0 0 0 0 0 0 0 0 0 0 0 0
0.475588 0.000181593 6.32167e-05 0.000118376 0.651877 0.787601 0 0 0 0 0 0 0 0 0 0 0 0 0 0 0 0 0 0 0 0 0 0 0 0 0 0 0 0 0 0 0 0 0 0 0 0 0 0 0 0 0 0 0 0 0 0 0 0 0 0 0 0 0 0 0 0 0 0 0 0 0 0 0 0 0 0 0 0 0 0 0 0 0 0 0 0 0 0 0 0 0 0
0.5 0.000181675 6.32803e-05 0.000118395 0.651685 0.787837 0 0 0 0 0 0 0 0 0 0 0 0 0 0 0 0 0 0 0 0 0 0 0 0 0 0 0 0 0 0 0 0 0 0 0 0 0 0 0 0 0 0 0 0 0 0 0 0 0 0 0 0 0 0 0 0 0 0 0 0 0 0 0 0 0 0 0 0 0 0 0 0 0 0 0 0 0 0 0 0 0 0
0.525665 0.000181762 6.33159e-05 0.000118446 0.651656 0.787908 0 0 0 0 0 0 0 0 0 0 0 0 0 0 0 0 0 0 0 0 0 0 0 0 0 0 0 0 0 0 0 0 0 0 0 0 0 0 0 0 0 0 0 0 0 0 0 0 0 0 0 0 0 0 0 0 0 0 0 0 0 0 0 0 0 0 0 0 0 0 0 0 0 0 0 0 0 0 0 0 0 0
0.552648 0.000181852 6.33363e-05 0.000118515 0.651714 0.787859 0 0 0 0 0 0 0 0 0 0 0 0 0 0 0 0 0 0 0 0 0 0 0 0 0 0 0 0 0 0 0 0 0 0 0 0 0 0 0 0 0 0 0 0 0 0 0 0 0 0 0 0 0 0 0 0 0 0 0 0 0 0 0 0 0 0 0 0 0 0 0 0 0 0 0 0 0 0 0 0 0 0
0.581015 0.000181949 6.32473e-05 0.000118701 0.652389 0.787004 0 0 0 0 0 0 0 0 0 0 0 0 0 0 0 0 0 0 0 0 0 0 0 0 0 0 0 0 0 0 0 0 0 0 0 0 0 0 0 0 0 0 0 0 0 0 0 0 0 0 0 0 0 0 0 0 0 0 0 0 0 0 0 0 0 0 0 0 0 0 0 0 0 0 0 0 0 0 0 0 0 0
0.610839 0.000182048 6.31534e-05 0.000118895 0.653095 0.786109 0 0 0 0 0 0 0 0 0 0 0 0 0 0 0 0 0 0 0 0 0 0 0 0 0 0 0 0 0 0 0 0 0 0 0 0 0 0 0 0 0 0 0 0 0 0 0 0 0 0 0 0 0 0 0 0 0 0 0 0 0 0 0 0 0 0 0 0 0 0 0 0 0 0 0 0 0 0 0 0 0 0
0.642193 0.000182152 6.30541e-05 0.000119098 0.653838 0.785173 0 0 0 0 0 0 0 0 0 0 0 0 0 0 0 0 0 0 0 0 0 0 0 0 0 0 0 0 0 0 0 0 0 0 0 0 0 0 0 0 0 0 0 0 0 0 0 0 0 0 0 0 0 0 0 0 0 0 0 0 0 0 0 0 0 0 0 0 0 0 0 0 0 0 0 0 0 0 0 0 0 0
0.675157 0.00018226 6.29127e-05 0.000119347 0.654819 0.783918 0 0 0 0 0 0 0 0 0 0 0 0 0 0 0 0 0 0 0 0 0 0 0 0 0 0 0 0 0 0 0 0 0 0 0 0 0 0 0 0 0 0 0 0 0 0 0 0 0 0 0 0 0 0 0 0 0 0 0 0 0 0 0 0 0 0 0 0 0 0 0 0 0 0 0 0 0 0 0 0 0 0
0.709813 0.000182374 6.27327e-05 0.000119641 0.656021 0.782365 0 0 0 0 0 0 0 0 0 0 0 0 0 0 0 0 0 0 0 0 0 0 0 0 0 0 0 0 0 0 0 0 0 0 0 0 0 0 0 0 0 0 0 0 0 0 0 0 0 0 0 0 0 0 0 0 0 0 0 0 0 0 0 0 0 0 0 0 0 0 0 0 0 0 0 0 0 0 0 0 0 0
0.746248 0.000182492 6.25343e-05 0.000119957 0.657331 0.780656 0 0 0 0 0 0 0 0 0 0 0 0 0 0 0 0 0 0 0 0 0 0 0 0 0 0 0 0 0 0 0 0 0 0 0 0 0 0 0 0 0 0 0 0 0 0 0 0 0 0 0 0 0 0 0 0 0 0 0 0 0 0 0 0 0 0 0 0 0 0 0 0 0 0 0 0 0 0 0 0 0 0
0.784553 0.000182613 6.23295e-05 0.000120284 0.658681 0.778905 0 0 0 0 0 0 0 0 0 0 0 0 0 0 0 0 0 0 0 0 0 0 0 0 0 0 0 0 0 0 0 0 0 0 0 0 0 0 0 0 0 0 0 0 0 0 0 0 0 0 0 0 0 0 0 0 0 0 0 0 0 0 0 0 0 0 0 0 0 0 0 0 0 0 0 0 0 0 0 0 0 0
0.824824 0.000182741 6.212e-05 0.00012062 0.660064 0.777106 0 0 0 0 0 0 0 0 0 0 0 0 0 0 0 0 0 0 0 0 0 0 0 0 0 0 0 0 0 0 0 0 0 0 0 0 0 0 0 0 0 0 0 0 0 0 0 0 0 0 0 0 0 0 0 0 0 0 0 0 0 0 0 0 0 0 0 0 0 0 0 0 0 0 0 0 0 0 0 0 0 0
0.867162 0.000182871 6.19055e-05 0.000120965 0.66148 0.775262 0 0 0 0 0 0 0 0 0 0 0 0 0 0 0 0 0 0 0 0 0 0 0 0 0 0 0 0 0 0 0 0 0 0 0 0 0 0 0 0 0 0 0 0 0 0 0 0 0 0 0 0 0 0 0 0 0 0 0 0 0 0 0 0 0 0 0 0 0 0 0 0 0 0 0 0 0 0 0 0 0 0
0.911674 0.000183006 6.16905e-05 0.000121315 0.662904 0.77341 0 0 0 0 0 0 0 0 0 0 0 0 0 0 0 0 0 0 0 0 0 0 0 0 0 0 0 0 0 0 0 0 0 0 0 0 0 0 0 0 0 0 0 0 0 0 0 0 0 0 0 0 0 0 0 0 0 0 0 0 0 0 0 0 0 0 0 0 0 0 0 0 0 0 0 0 0 0 0 0 0 0
0.95847 0.000183144 6.14863e-05 0.000121658 0.664275 0.771611 0 0 0 0 0 0 0 0 0 0 0 0 0 0 0 0 0 0 0 0 0 0 0 0 0 0 0 0 0 0 0 0 0 0 0 0 0 0 0 0 0 0 0 0 0 0 0 0 0 0 0 0 0 0 0 0 0 0 0 0 0 0 0 0 0 0 0 0 0 0 0 0 0 0 0 0 0 0 0 0 0 0
1.00767 0.000183287 6.12807e-05 0.000122007 0.665658 0.769804 0 0 0 0 0 0 0 0 0 0 0 0 0 0 0 0 0 0 0 0 0 0 0 0 0 0 0 0 0 0 0 0 0 0 0 0 0 0 0 0 0 0 0 0 0 0 0 0 0 0 0 0 0 0 0 0 0 0 0 0 0 0 0 0 0 0 0 0 0 0 0 0 0 0 0 0 0 0 0 0 0 0
1.05939 0.000183434 6.10939e-05 0.00012234 0.666943 0.768106 0 0 0 0 0 0 0 0 0 0 0 0 0 0 0 0 0 0 0 0 0 0 0 0 0 0 0 0 0 0 0 0 0 0 0 0 0 0 0 0 0 0 0 0 0 0 0 0 0 0 0 0 0 0 0 0 0 0 0 0 0 0 0 0 0 0 0 0 0 0 0 0 0 0 0 0 0 0 0 0 0 0
1.11377 0.000183585 6.09011e-05 0.000122684 0.668267 0.766371 0 0 0 0 0 0 0 0 0 0 0 0 0 0 0 0 0 0 0 0 0 0 0 0 0 0 0 0 0 0 0 0 0 0 0 0 0 0 0 0 0 0 0 0 0 0 0 0 0 0 0 0 0 0 0 0 0 0 0 0 0 0 0 0 0 0 0 0 0 0 0 0 0 0 0 0 0 0 0 0 0 0
1.17094 0.000183741 6.07243e-05 0.000123016 0.669511 0.76474 0 0 0 0 0 0 0 0 0 0 0 0 0 0 0 0 0 0 0 0 0 0 0 0 0 0 0 0 0 0 0 0 0 0 0 0 0 0 0 0 0 0 0 0 0 0 0 0 0 0 0 0 0 0 0 0 0 0 0 0 0 0 0 0 0 0 0 0 0 0 0 0 0 0 0 0 0 0 0 0 0 0
1.23105 0.000183901 6.05486e-05 0.000123352 0.670754 0.763117 0 0 0 0 0 0 0 0 0 0 0 0 0 0 0 0 0 0 0 0 0 0 0 0 0 0 0 0 0 0 0 0 0 0 0 0 0 0 0 0 0 0 0 0 0 0 0 0 0 0 0 0 0 0 0 0 0 0 0 0 0 0 0 0 0 0 0 0 0 0 0 0 0 0 0 0 0 0 0 0 0 0
1.29424 0.000184067 6.03533e-05 0.000123713 0.672112 0.761363 0 0 0 0 0 0 0 0 0 0 0 0 0 0 0 0 0 0 0 0 0 0 0 0 0 0 0 0 0 0 0 0 0 0 0 0 0 0 0 0 0 0 0 0 0 0 0 0 0 0 0 0 0 0 0 0 0 0 0 0 0 0 0 0 0 0 0 0 0 0 0 0 0 0 0 0 0 0 0 0 0 0
1.36067 0.000184237 6.01659e-05 0.000124071 0.673432 0.759657 0 0 0 0 0 0 0 0 0 0 0 0 0 0 0 0 0 0 0 0 0 0 0 0 0 0 0 0 0 0 0 0 0 0 0 0 0 0 0 0 0 0 0 0 0 0 0 0 0 0 0 0 0 0 0 0 0 0 0 0 0 0 0 0 0 0 0 0 0 0 0 0 0 0 0 0 0 0 0 0 0 0
1.43051 0.000184411 5.99915e-05 0.000124419 0.674686 0.758033 0 0 0 0 0 0 0 0 0 0 0 0 0 0 0 0 0 0 0 0 0 0 0 0 0 0 0 0 0 0 0 0 0 0 0 0 0 0 0 0 0 0 0 0 0 0 0 0 0 0 0 0 0 0 0 0 0 0 0 0 0 0 0 0 0 0 0 0 0 0 0 0 0 0 0 0 0 0 0 0 0 0
1.50394 0.00018459 5.98254e-05 0.000124765 0.675902 0.756457 0 0 0 0 0 0 0 0 0 0 0 0 0 0 0 0 0 0 0 0 0 0 0 0 0 0 0 0 0 0 0 0 0 0 0 0 0 0 0 0 0 0 0 0 0 0 0 0 0 0 0 0 0 0 0 0 0 0 0 0 0 0 0 0 0 0 0 0 0 0 0 0 0 0 0 0 0 0 0 0 0 0
1.58114 0.000184775 5.96518e-05 0.000125123 0.677166 0.754837 0 0 0 0 0 0 0 0 0 0 0 0 0 0 0 0 0 0 0 0 0 0 0 0 0 0 0 0 0 0 0 0 0 0 0 0 0 0 0 0 0 0 0 0 0 0 0 0 0 0 0 0 0 0 0 0 0 0 0 0 0 0 0 0 0 0 0 0 0 0 0 0 0 0 0 0 0 0 0 0 0 0
1.6623 0.000184967 5.94612e-05 0.000125506 0.678531 0.753116 0 0 0 0 0 0 0 0 0 0 0 0 0 0 0 0 0 0 0 0 0 0 0 0 0 0 0 0 0 0 0 0 0 0 0 0 0 0 0 0 0 0 0 0 0 0 0 0 0 0 0 0 0 0 0 0 0 0 0 0 0 0 0 0 0 0 0 0 0 0 0 0 0 0 0 0 0 0 0 0 0 0
1.74763 0.000185164 5.92678e-05 0.000125896 0.679916 0.751375 0 0 0 0 0 0 0 0 0 0 0 0 0 0 0 0 0 0 0 0 0 0 0 0 0 0 0 0 0 0 0 0 0 0 0 0 0 0 0 0 0 0 0 0 0 0 0 0 0 0 0 0 0 0 0 0 0 0 0 0 0 0 0 0 0 0 0 0 0 0 0 0 0 0 0 0 0 0 0 0 0 0
1.83733 0.000185364 5.90828e-05 0.000126281 0.68126 0.749688 0 0 0 0 0 0 0 0 0 0 0 0 0 0 0 0 0 0 0 0 0 0 0 0 0 0 0 0 0 0 0 0 0 0 0 0 0 0 0 0 0 0 0 0 0 0 0 0 0 0 0 0 0 0 0 0 0 0 0 0 0 0 0 0 0 0 0 0 0 0 0 0 0 0 0 0 0 0 0 0 0 0
1.93164 0.000185569 5.88986e-05 0.000126671 0.682606 0.748009 0 0 0 0 0 0 0 0 0 0 0 0 0 0 0 0 0 0 0 0 0 0 0 0 0 0 0 0 0 0 0 0 0 0 0 0 0 0 0 0 0 0 0 0 0 0 0 0 0 0 0 0 0 0 0 0 0 0 0 0 0 0 0 0 0 0 0 0 0 0 0 0 0 0 0 0 0 0 0 0 0 0
2.03079 0.000185781 5.87138e-05 0.000127067 0.683962 0.746334 0 0 0 0 0 0 0 0 0 0 0 0 0 0 0 0 0 0 0 0 0 0 0 0 0 0 0 0 0 0 0 0 0 0 0 0 0 0 0 0 0 0 0 0 0 0 0 0 0 0 0 0 0 0 0 0 0 0 0 0 0 0 0 0 0 0 0 0 0 0 0 0 0 0 0 0 0 0 0 0 0 0
2.13503 0.000185997 5.85172e-05 0.00012748 0.685386 0.744585 0 0 0 0 0 0 0 0 0 0 0 0 0 0 0 0 0 0 0 0 0 0 0 0 0 0 0 0 0 0 0 0 0 0 0 0 0 0 0 0 0 0 0 0 0 0 0 0 0 0 0 0 0 0 0 0 0 0 0 0 0 0 0 0 0 0 0 0 0 0 0 0 0 0 0 0 0 0 0 0 0 0
2.24463 0.000186217 5.83236e-05 0.000127894 0.686798 0.742869 0 0 0 0 0 0 0 0 0 0 0 0 0 0 0 0 0 0 0 0 0 0 0 0 0 0 0 0 0 0 0 0 0 0 0 0 0 0 0 0 0 0 0 0 0 0 0 0 0 0 0 0 0 0 0 0 0 0 0 0 0 0 0 0 0 0 0 0 0 0 0 0 0 0 0 0 0 0 0 0 0 0
2.35984 0.000186443 5.8137e-05 0.000128306 0.688179 0.741192 0 0 0 0 0 0 0 0 0 0 0 0 0 0 0 0 0 0 0 0 0 0 0 0 0 0 0 0 0 0 0 0 0 0 0 0 0 0 0 0 0 0 0 0 0 0 0 0 0 0 0 0 0 0 0 0 0 0 0 0 0 0 0 0 0 0 0 0 0 0 0 0 0 0 0 0 0 0 0 0 0 0
2.48097 0.000186674 5.79533e-05 0.000128721 0.689548 0.739548 0 0 0 0 0 0 0 0 0 0 0 0 0 0 0 0 0 0 0 0 0 0 0 0 0 0 0 0 0 0 0 0 0 0 0 0 0 0 0 0 0 0 0 0 0 0 0 0 0 0 0 0 0 0 0 0 0 0 0 0 0 0 0 0 0 0 0 0 0 0 0 0 0 0 0 0 0 0 0 0 0 0
2.60832 0.000186912 5.77443e-05 0.000129167 0.691061 0.737764 0 0 0 0 0 0 0 0 0 0 0 0 0 0 0 0 0 0 0 0 0 0 0 0 0 0 0 0 0 0 0 0 0 0 0 0 0 0 0 0 0 0 0 0 0 0 0 0 0 0 0 0 0 0 0 0 0 0 0 0 0 0 0 0 0 0 0 0 0 0 0 0 0 0 0 0 0 0 0 0 0 0
2.74221 0.000187151 5.75273e-05 0.000129624 0.692616 0.735948 0 0 0 0 0 0 0 0 0 0 0 0 0 0 0 0 0 0 0 0 0 0 0 0 0 0 0 0 0 0 0 0 0 0 0 0 0 0 0 0 0 0 0 0 0 0 0 0 0 0 0 0 0 0 0 0 0 0 0 0 0 0 0 0 0 0 0 0 0 0 0 0 0 0 0 0 0 0 0 0 0 0
2.88297 0.000187394 5.73288e-05 0.000130065 0.694073 0.734249 0 0 0 0 0 0 0 0 0 0 0 0 0 0 0 0 0 0 0 0 0 0 0 0 0 0 0 0 0 0 0 0 0 0 0 0 0 0 0 0 0 0 0 0 0 0 0 0 0 0 0 0 0 0 0 0 0 0 0 0 0 0 0 0 0 0 0 0 0 0 0 0 0 0 0 0 0 0 0 0 0 0
3.03095 0.00018764 5.71258e-05 0.000130514 0.695556 0.732542 0 0 0 0 0 0 0 0 0 0 0 0 0 0 0 0 0 0 0 0 0 0 0 0 0 0 0 0 0 0 0 0 0 0 0 0 0 0 0 0 0 0 0 0 0 0 0 0 0 0 0 0 0 0 0 0 0 0 0 0 0 0 0 0 0 0 0 0 0 0 0 0 0 0 0 0 0 0 0 0 0 0
3.18653 0.000187895 5.69163e-05 0.000130978 0.697084 0.730816 0 0 0 0 0 0 0 0 0 0 0 0 0 0 0 0 0 0 0 0 0 0 0 0 0 0 0 0 0 0 0 0 0 0 0 0 0 0 0 0 0 0 0 0 0 0 0 0 0 0 0 0 0 0 0 0 0 0 0 0 0 0 0 0 0 0 0 0 0 0 0 0 0 0 0 0 0 0 0 0 0 0
3.35009 0.000188144 5.67043e-05 0.000131439 0.698611 0.729078 0 0 0 0 0 0 0 0 0 0 0 0 0 0 0 0 0 0 0 0 0 0 0 0 0 0 0 0 0 0 0 0 0 0 0 0 0 0 0 0 0 0 0 0 0 0 0 0 0 0 0 0 0 0 0 0 0 0 0 0 0 0 0 0 0 0 0 0 0 0 0 0 0 0 0 0 0 0 0 0 0 0
3.52205 0.000188391 5.64955e-05 0.000131895 0.700115 0.72737 0 0 0 0 0 0 0 0 0 0 0 0 0 0 0 0 0 0 0 0 0 0 0 0 0 0 0 0 0 0 0 0 0 0 0 0 0 0 0 0 0 0 0 0 0 0 0 0 0 0 0 0 0 0 0 0 0 0 0 0 0 0 0 0 0 0 0 0 0 0 0 0 0 0 0 0 0 0 0 0 0 0
3.70284 0.000188659 5.62878e-05 0.000132371 0.701643 0.725707 0 0 0 0 0 0 0 0 0 0 0 0 0 0 0 0 0 0 0 0 0 0 0 0 0 0 0 0 0 0 0 0 0 0 0 0 0 0 0 0 0 0 0 0 0 0 0 0 0 0 0 0 0 0 0 0 0 0 0 0 0 0 0 0 0 0 0 0 0 0 0 0 0 0 0 0 0 0 0 0 0 0
3.89291 0.000188936 5.60863e-05 0.00013285 0.703147 0.724098 0 0 0 0 0 0 0 0 0 0 0 0 0 0 0 0 0 0 0 0 0 0 0 0 0 0 0 0 0 0 0 0 0 0 0 0 0 0 0 0 0 0 0 0 0 0 0 0 0 0 0 0 0 0 0 0 0 0 0 0 0 0 0 0 0 0 0 0 0 0 0 0 0 0 0 0 0 0 0 0 0 0
4.09273 0.000189183 5.58677e-05 0.000133315 0.70469 0.72239 0 0 0 0 0 0 0 0 0 0 0 0 0 0 0 0 0 0 0 0 0 0 0 0 0 0 0 0 0 0 0 0 0 0 0 0 0 0 0 0 0 0 0 0 0 0 0 0 0 0 0 0 0 0 0 0 0 0 0 0 0 0 0 0 0 0 0 0 0 0 0 0 0 0 0 0 0 0 0 0 0 0
4.30281 0.000189501 5.56456e-05 0.000133855 0.706357 0.720764 0 0 0 0 0 0 0 0 0 0 0 0 0 0 0 0 0 0 0 0 0 0 0 0 0 0 0 0 0 0 0 0 0 0 0 0 0 0 0 0 0 0 0 0 0 0 0 0 0 0 0 0 0 0 0 0 0 0 0 0 0 0 0 0 0 0 0 0 0 0 0 0 0 0 0 0 0 0 0 0 0 0
4.52368 0.000189734 5.54203e-05 0.000134313 0.707905 0.719043 0 0 0 0 0 0 0 0 0 0 0 0 0 0 0 0 0 0 0 0 0 0 0 0 0 0 0 0 0 0 0 0 0 0 0 0 0 0 0 0 0 0 0 0 0 0 0 0 0 0 0 0 0 0 0 0 0 0 0 0 0 0 0 0 0 0 0 0 0 0 0 0 0 0 0 0 0 0 0 0 0 0
4.75588 0.000190054 5.5193e-05 0.000134861 0.709594 0.717427 0 0 0 0 0 0 0 0 0 0 0 0 0 0 0 0 0 0 0 0 0 0 0 0 0 0 0 0 0 0 0 0 0 0 0 0 0 0 0 0 0 0 0 0 0 0 0 0 0 0 0 0 0 0 0 0 0 0 0 0 0 0 0 0 0 0 0 0 0 0 0 0 0 0 0 0 0 0 0 0 0 0
5 0.000190303 5.49614e-05 0.000135342 0.71119 0.715739 0 0 0 0 0 0 0 0 0 0 0 0 0 0 0 0 0 0 0 0 0 0 0 0 0 0 0 0 0 0 0 0 0 0 0 0 0 0 0 0 0 0 0 0 0 0 0 0 0 0 0 0 0 0 0 0 0 0 0 0 0 0 0 0 0 0 0 0 0 0 0 0 0 0 0 0 0 0 0 0 0 0
5.25665 0.000190539 5.47033e-05 0.000135836 0.712903 0.713945 0 0 0 0 0 0 0 0 0 0 0 0 0 0 0 0 0 0 0 0 0 0 0 0 0 0 0 0 0 0 0 0 0 0 0 0 0 0 0 0 0 0 0 0 0 0 0 0 0 0 0 0 0 0 0 0 0 0 0 0 0 0 0 0 0 0 0 0 0 0 0 0 0 0 0 0 0 0 0 0 0 0
5.52648 0.000190893 5.44384e-05 0.000136454 0.714822 0.71226 0 0 0 0 0 0 0 0 0 0 0 0 0 0 0 0 0 0 0 0 0 0 0 0 0 0 0 0 0 0 0 0 0 0 0 0 0 0 0 0 0 0 0 0 0 0 0 0 0 0 0 0 0 0 0 0 0 0 0 0 0 0 0 0 0 0 0 0 0 0 0 0 0 0 0 0 0 0 0 0 0 0
5.81015 0.000191235 5.41865e-05 0.000137049 0.71665 0.710676 0 0 0 0 0 0 0 0 0 0 0 0 0 0 0 0 0 0 0 0 0 0 0 0 0 0 0 0 0 0 0 0 0 0 0 0 0 0 0 0 0 0 0 0 0 0 0 0 0 0 0 0 0 0 0 0 0 0 0 0 0 0 0 0 0 0 0 0 0 0 0 0 0 0 0 0 0 0 0 0 0 0
6.10839 0.000191595 5.39309e-05 0.000137664 0.718516 0.709079 0 0 0 0 0 0 0 0 0 0 0 0 0 0 0 0 0 0 0 0 0 0 0 0 0 0 0 0 0 0 0 0 0 0 0 0 0 0 0 0 0 0 0 0 0 0 0 0 0 0 0 0 0 0 0 0 0 0 0 0 0 0 0 0 0 0 0 0 0 0 0 0 0 0 0 0 0 0 0 0 0 0
6.42193 0.00019183 5.36936e-05 0.000138137 0.720099 0.707456 0 0 0 0 0 0 0 0 0 0 0 0 0 0 0 0 0 0 0 0 0 0 0 0 0 0 0 0 0 0 0 0 0 0 0 0 0 0 0 0 0 0 0 0 0 0 0 0 0 0 0 0 0 0 0 0 0 0 0 0 0 0 0 0 0 0 0 0 0 0 0 0 0 0 0 0 0 0 0 0 0 0
6.75157 0.000192136 5.34375e-05 0.000138699 0.721877 0.705864 0 0 0 0 0 0 0 0 0 0 0 0 0 0 0 0 0 0 0 0 0 0 0 0 0 0 0 0 0 0 0 0 0 0 0 0 0 0 0 0 0 0 0 0 0 0 0 0 0 0 0 0 0 0 0 0 0 0 0 0 0 0 0 0 0 0 0 0 0 0 0 0 0 0 0 0 0 0 0 0 0 0
7.09813 0.000192491 5.3193e-05 0.000139298 0.723659 0.704401 0 0 0 0 0 0 0 0 0 0 0 0 0 0 0 0 0 0 0 0 0 0 0 0 0 0 0 0 0 0 0 0 0 0 0 0 0 0 0 0 0 0 0 0 0 0 0 0 0 0 0 0 0 0 0 0 0 0 0 0 0 0 0 0 0 0 0 0 0 0 0 0 0 0 0 0 0 0 0 0 0 0
7.46248 0.000192828 5.29661e-05 0.000139862 0.725319 0.702961 0 0 0 0 0 0 0 0 0 0 0 0 0 0 0 0 0 0 0 0 0 0 0 0 0 0 0 0 0 0 0 0 0 0 0 0 0 0 0 0 0 0 0 0 0 0 0 0 0 0 0 0 0 0 0 0 0 0 0 0 0 0 0 0 0 0 0 0 0 0 0 0 0 0 0 0 0 0 0 0 0 0
7.84553 0.000193076 5.27482e-05 0.000140328 0.726801 0.70153 0 0 0 0 0 0 0 0 0 0 0 0 0 0 0 0 0 0 0 0 0 0 0 0 0 0 0 0 0 0 0 0 0 0 0 0 0 0 0 0 0 0 0 0 0 0 0 0 0 0 0 0 0 0 0 0 0 0 0 0 0 0 0 0 0 0 0 0 0 0 0 0 0 0 0 0 0 0 0 0 0 0
8.24824 0.000193213 5.25125e-05 0.0001407 0.728214 0.699873 0 0 0 0 0 0 0 0 0 0 0 0 0 0 0 0 0 0 0 0 0 0 0 0 0 0 0 0 0 0 0 0 0 0 0 0 0 0 0 0 0 0 0 0 0 0 0 0 0 0 0 0 0 0 0 0 0 0 0 0 0 0 0 0 0 0 0 0 0 0 0 0 0 0 0 0 0 0 0 0 0 0
8.67162 0.000193313 5.22974e-05 0.000141015 0.729467 0.698338 0 0 0 0 0 0 0 0 0 0 0 0 0 0 0 0 0 0 0 0 0 0 0 0 0 0 0 0 0 0 0 0 0 0 0 0 0 0 0 0 0 0 0 0 0 0 0 0 0 0 0 0 0 0 0 0 0 0 0 0 0 0 0 0 0 0 0 0 0 0 0 0 0 0 0 0 0 0 0 0 0 0
9.11674 0.000193713 5.21053e-05 0.000141608 0.731018 0.697227 0 0 0 0 0 0 0 0 0 0 0 0 0 0 0 0 0 0 0 0 0 0 0 0 0 0 0 0 0 0 0 0 0 0 0 0 0 0 0 0 0 0 0 0 0 0 0 0 0 0 0 0 0 0 0 0 0 0 0 0 0 0 0 0 0 0 0 0 0 0 0 0 0 0 0 0 0 0 0 0 0 0
9.5847 0.000194294 5.19487e-05 0.000142346 0.732629 0.696461 0 0 0 0 0 0 0 0 0 0 0 0 0 0 0 0 0 0 0 0 0 0 0 0 0 0 0 0 0 0 0 0 0 0 0 0 0 0 0 0 0 0 0 0 0 0 0 0 0 0 0 0 0 0 0 0 0 0 0 0 0 0 0 0 0 0 0 0 0 0 0 0 0 0 0 0 0 0 0 0 0 0
10.0767 0.000194541 5.18054e-05 0.000142736 0.733705 0.695398 0 0 0 0 0 0 0 0 0 0 0 0 0 0 0 0 0 0 0 0 0 0 0 0 0 0 0 0 0 0 0 0 0 0 0 0 0 0 0 0 0 0 0 0 0 0 0 0 0 0 0 0 0 0 0 0 0 0 0 0 0 0 0 0 0 0 0 0 0 0 0 0 0 0 0 0 0 0 0 0 0 0
10.5939 0.000194583 5.16652e-05 0.000142918 0.734482 0.694211 0 0 0 0 0 0 0 0 0 0 0 0 0 0 0 0 0 0 0 0 0 0 0 0 0 0 0 0 0 0 0 0 0 0 0 0 0 0 0 0 0 0 0 0 0 0 0 0 0 0 0 0 0 0 0 0 0 0 0 0 0 0 0 0 0 0 0 0 0 0 0 0 0 0 0 0 0 0 0 0 0 0
11.1377 0.000195026 5.15649e-05 0.000143461 0.7356 0.693753 0 0 0 0 0 0 0 0 0 0 0 0 0 0 0 0 0 0 0 0 0 0 0 0 0 0 0 0 0 0 0 0 0 0 0 0 0 0 0 0 0 0 0 0 0 0 0 0 0 0 0 0 0 0 0 0 0 0 0 0 0 0 0 0 0 0 0 0 0 0 0 0 0 0 0 0 0 0 0 0 0 0
11.7094 0.00019536 5.11659e-05 0.000144194 0.738094 0.690855 0 0 0 0 0 0 0 0 0 0 0 0 0 0 0 0 0 0 0 0 0 0 0 0 0 0 0 0 0 0 0 0 0 0 0 0 0 0 0 0 0 0 0 0 0 0 0 0 0 0 0 0 0 0 0 0 0 0 0 0 0 0 0 0 0 0 0 0 0 0 0 0 0 0 0 0 0 0 0 0 0 0
12.3105 0.000195666 5.11497e-05 0.000144517 0.738587 0.691 0 0 0 0 0 0 0 0 0 0 0 0 0 0 0 0 0 0 0 0 0 0 0 0 0 0 0 0 0 0 0 0 0 0 0 0 0 0 0 0 0 0 0 0 0 0 0 0 0 0 0 0 0 0 0 0 0 0 0 0 0 0 0 0 0 0 0 0 0 0 0 0 0 0 0 0 0 0 0 0 0 0
12.9424 0.000196179 5.09486e-05 0.00014523 0.740295 0.690228 0 0 0 0 0 0 0 0 0 0 0 0 0 0 0 0 0 0 0 0 0 0 0 0 0 0 0 0 0 0 0 0 0 0 0 0 0 0 0 0 0 0 0 0 0 0 0 0 0 0 0 0 0 0 0 0 0 0 0 0 0 0 0 0 0 0 0 0 0 0 0 0 0 0 0 0 0 0 0 0 0 0
13.6067 0.000196346 5.07486e-05 0.000145597 0.741535 0.689091 0 0 0 0 0 0 0 0 0 0 0 0 0 0 0 0 0 0 0 0 0 0 0 0 0 0 0 0 0 0 0 0 0 0 0 0 0 0 0 0 0 0 0 0 0 0 0 0 0 0 0 0 0 0 0 0 0 0 0 0 0 0 0 0 0 0 0 0 0 0 0 0 0 0 1.4013e-45 0 2.8026e-45 0 4.2039e-45 0 8.40779e-45 0
14.3051 0.000196734 5.05742e-05 0.00014616 0.742931 0.688295 0 0 0 0 0 0 0 0 0 0 0 0 0 0 0 0 0 0 0 0 0 0 0 0 0 0 0 0 0 0 0 0 0 0 0 0 0 0 0 0 0 0 0 0 0 0 0 0 0 0 0 0 0 0 0 0 0 0 1.4013e-45 0 1.4013e-45 0 4.2039e-45 0 8.40779e-45 0 1.68156e-44 0 3.50325e-44 0 7.00649e-44 0 1.37327e-43 0 2.62043e-43 0 4.83448e-43 0 8.85621e-43 0 1.60869e-42 0
15.0394 0.000197035 5.04152e-05 0.00014662 0.744131 0.687442 0 0 0 0 0 0 0 0 0 0 0 0 0 0 0 0 0 0 0 0 0 0 0 0 0 0 0 0 0 0 0 0 0 0 0 0 0 0 0 0 0 0 0 0 0 0 0 0 1.4013e-45 0 4.2039e-45 0 1.26117e-44 0 3.08286e-44 0 7.00649e-44 0 1.62551e-43 0 3.57331e-43 0 7.49695e-43 0 1.61009e-42 0 3.20057e-42 0 6.30304e-42 0 1.23076e-41 0 2.3064e-41 0 4.28994e-41 0 7.67113e-41 0 1.3629e-40 0 2.40613e-40 0
15.8114 0.000197354 5.02768e-05 0.000147078 0.745246 0.686703 0 0 0 0 0 0 0 0 0 0 0 0 0 0 0 0 0 0 0 0 0 0 0 0 0 0 0 0 0 0 0 0 0 0 0 0 0 0 1.4013e-45 0 5.60519e-45 0 1.68156e-44 0 5.04467e-44 0 1.4013e-43 0 3.71344e-43 0 9.31863e-43 0 2.30373e-42 0 5.41742e-42 0 1.21366e-41 0 2.68587e-41 0 5.67848e-41 0 1.14892e-40 0 2.3795e-40 0 4.57172e-40 0 8.71117e-40 0 1.64642e-39 0 2.99207e-39 0 5.39924e-39 0 9.38459e-39 0 1.6212e-38 0 2.78379e-38 0
16.623 0.000197682 5.01232e-05 0.000147559 0.746446 0.685972 0 0 0 0 0 0 0 0 0 0 0 0 0 0 0 0 0 0 0 0 0 0 0 0 0 0 0 0 0 0 1.4013e-45 0 5.60519e-45 0 2.38221e-44 0 8.82818e-44 0 3.09687e-43 0 9.86514e-43 0 3.06464e-42 0 8.6362e-42 0 2.30163e-41 0 5.81539e-41 0 1.39618e-40 0 3.30307e-40 0 7.44853e-40 0 1.60416e-39 0 3.41503e-39 0 6.96099e-39 0 1.36076e-38 0 2.71981e-38 0 5.06159e-38 0 9.34572e-38 0 1.7123e-37 0 3.02235e-37 0 5.29892e-37 0 8.96496e-37 0 1.50791e-36 0 2.52182e-36 0
17.4762 0.000197969 4.99473e-05 0.000148021 0.747701 0.685166 0 0 0 0 0 0 0 0 0 0 0 0 0 0 0 0 0 0 0 0 0 0 0 0 1.4013e-45 0 9.80909e-45 0 5.1848e-44 0 2.50832e-43 0 1.0748e-42 0 4.26135e-42 0 1.45651e-41 0 4.8398e-41 0 1.45543e-40 0 4.27629e-40 0 1.14583e-39 0 2.91111e-39 0 7.02973e-39 0 1.61708e-38 0 3.66814e-38 0 7.94981e-38 0 1.64917e-37 0 3.3837e-37 0 6.66144e-37 0 1.26027e-36 0 2.43522e-36 0 4.3966e-36 0 7.87842e-36 0 1.40142e-35 0 2.40593e-35 0 4.10413e-35 0 6.76758e-35 0 1.10978e-34 0 1.80996e-34 0
18.3733 0.00019824 4.976e-05 0.00014848 0.748991 0.684388 0 0 0 0 0 0 0 0 0 0 0 0 0 0 0 0 0 0 0 0 4.2039e-45 0 3.92364e-44 0 2.78858e-43 0 1.70398e-42 0 8.69085e-42 0 3.90444e-41 0 1.55836e-40 0 5.77876e-40 0 1.86018e-39 0 5.82923e-39 0 1.6612e-38 0 4.63068e-38 0 1.18249e-37 0 2.87056e-37 0 6.63977e-37 0 1.4665e-36 0 3.19616e-36 0 6.67019e-36 0 1.33529e-35 0 2.64522e-35 0 5.03819e-35 0 9.23957e-35 0 1.72885e-34 0 3.03256e-34 0 5.28158e-34 0 9.13438e-34 0 1.52734e-33 0 2.53834e-33 0 4.08466e-33 0 6.53839e-33 0 1.0412e-32 0
19.3164 0.000198452 4.95048e-05 0.000148947 0.750545 0.683366 0 0 0 0 0 0 0 0 0 0 0 0 0 0 0 0 5.60519e-45 0 7.42688e-44 0 8.01543e-43 0 6.60852e-42 0 4.26443e-41 0 2.38326e-40 0 1.1227e-39 0 4.68691e-39 0 1.74843e-38 0 6.08175e-38 0 1.8491e-37 0 5.4802e-37 0 1.48389e-36 0 3.93449e-36 0 9.5976e-36 0 2.23113e-35 0 4.95371e-35 0 1.05258e-34 0 2.20844e-34 0 4.44626e-34 0 8.60428e-34 0 1.64856e-33 0 3.04268e-33 0 5.4172e-33 0 9.83096e-33 0 1.67777e-32 0 2.84395e-32 0 4.78874e-32 0 7.80868e-32 0 1.26596e-31 0 1.99039e-31 0 3.11371e-31 0 4.84701e-31 0
20.3079 0.000198553 4.90659e-05 0.000149487 0.752883 0.681778 0 0 0 0 0 0 0 0 0 0 0 0 1.4013e-45 0 4.62428e-44 0 9.33265e-43 0 1.1925e-41 0 1.14539e-40 0 8.51194e-40 0 5.01494e-39 0 2.57689e-38 0 1.12545e-37 0 4.38173e-37 0 1.53282e-36 0 5.01695e-36 0 1.44475e-35 0 4.06062e-35 0 1.04731e-34 0 2.6478e-34 0 6.18375e-34 0 1.37952e-33 0 2.94591e-33 0 6.03343e-33 0 1.2209e-32 0 2.37548e-32 0 4.45115e-32 0 8.26182e-32 0 1.4799e-31 0 2.56165e-31 0 4.51548e-31 0 7.50768e-31 0 1.24024e-30 0 2.0359e-30 0 3.24149e-30 0 5.13265e-30 0 7.89344e-30 0 1.20814e-29 0 1.84047e-29 0
21.3503 0.00019853 4.85411e-05 0.000149989 0.755497 0.679727 0 0 0 0 0 0 0 0 0 0 4.2039e-45 0 2.66247e-43 0 7.41007e-42 0 1.30305e-40 0 1.47088e-39 0 1.26509e-38 0 8.52441e-38 0 4.6057e-37 0 2.18484e-36 0 8.87955e-36 0 3.23511e-35 0 1.06459e-34 0 3.28843e-34 0 8.9932e-34 0 2.40326e-33 0 5.91829e-33 0 1.43001e-32 0 3.2042e-32 0 6.87355e-32 0 1.41444e-31 0 2.79724e-31 0 5.46889e-31 0 1.03005e-30 0 1.87181e-30 0 3.37094e-30 0 5.86879e-30 0 9.89011e-30 0 1.69577e-29 0 2.75035e-29 0 4.43347e-29 0 7.1037e-29 0 1.10563e-28 0 1.71184e-28 0 2.57787e-28 0 3.86444e-28 0 5.76731e-28 0
22.4463 0.000198425 4.78717e-05 0.000150553 0.758741 0.676855 0 0 0 0 0 0 0 0 5.60519e-45 0 7.67912e-43 0 3.88706e-41 0 9.20821e-40 0 1.40766e-38 0 1.41163e-37 0 1.09304e-36 0 6.71003e-36 0 3.33877e-35 0 1.46791e-34 0 5.57106e-34 0 1.90556e-33 0 5.91643e-33 0 1.72962e-32 0 4.50343e-32 0 1.14707e-31 0 2.70317e-31 0 6.25617e-31 0 1.34767e-30 0 2.78523e-30 0 5.53305e-30 0 1.0584e-29 0 2.00264e-29 0 3.65709e-29 0 6.4547e-29 0 1.12951e-28 0 1.91395e-28 0 3.14426e-28 0 5.25109e-28 0 8.31797e-28 0 1.30993e-27 0 2.05114e-27 0 3.12421e-27 0 4.73504e-27 0 6.98941e-27 0 1.02726e-26 0 1.50341e-26 0
23.5984 0.000198344 4.69889e-05 0.000151355 0.763094 0.672604 0 0 0 0 0 0 1.4013e-45 0 9.44475e-43 0 1.04716e-40 0 4.37672e-39 0 8.88363e-38 0 1.18875e-36 0 1.06519e-35 0 7.4635e-35 0 4.19329e-34 0 1.92927e-33 0 7.89053e-33 0 2.80585e-32 0 9.03799e-32 0 2.65513e-31 0 7.36598e-31 0 1.83035e-30 0 4.45403e-30 0 1.00661e-29 0 2.23616e-29 0 4.63988e-29 0 9.25532e-29 0 1.77803e-28 0 3.29513e-28 0 6.04371e-28 0 1.07169e-27 0 1.83976e-27 0 3.13264e-27 0 5.17331e-27 0 8.29525e-27 0 1.3511e-26 0 2.09267e-26 0 3.22332e-26 0 4.93787e-26 0 7.36824e-26 0 1.09428e-25 0 1.58486e-25 0 2.28594e-25 0 3.28388e-25 0
24.8097 0.000198444 4.58011e-05 0.000152643 0.7692 0.666275 0 0 0 0 0 0 2.85865e-43 0 1.25039e-40 0 1.10101e-38 0 3.83508e-37 0 6.72019e-36 0 7.92284e-35 0 6.37855e-34 0 4.06402e-33 0 2.09879e-32 0 8.96281e-32 0 3.42209e-31 0 1.1438e-30 0 3.4798e-30 0 9.6988e-30 0 2.55992e-29 0 6.08455e-29 0 1.41772e-28 0 3.07901e-28 0 6.57853e-28 0 1.31721e-27 0 2.54037e-27 0 4.72718e-27 0 8.50066e-27 0 1.51364e-26 0 2.61e-26 0 4.36391e-26 0 7.24002e-26 0 1.1667e-25 0 1.82814e-25 0 2.90752e-25 0 4.40819e-25 0 6.64818e-25 0 9.9746e-25 0 1.4596e-24 0 2.12624e-24 0 3.02426e-24 0 4.28477e-24 0 6.04739e-24 0
26.0832 0.000198875 4.44868e-05 0.000154388 0.776307 0.657719 0 0 0 0 5.60519e-45 0 3.94381e-41 0 1.2814e-38 0 9.06739e-37 0 2.6557e-35 0 4.0464e-34 0 4.22915e-33 0 3.07516e-32 0 1.78993e-31 0 8.5317e-31 0 3.39413e-30 0 1.21386e-29 0 3.82507e-29 0 1.10218e-28 0 2.92201e-28 0 7.35546e-28 0 1.67592e-27 0 3.74698e-27 0 7.83531e-27 0 1.61315e-26 0 3.12233e-26 0 5.83171e-26 0 1.05277e-25 0 1.83967e-25 0 3.18475e-25 0 5.34739e-25 0 8.71921e-25 0 1.41126e-24 0 2.22183e-24 0 3.40594e-24 0 5.29555e-24 0 7.86726e-24 0 1.16293e-23 0 1.71058e-23 0 2.45702e-23 0 3.51408e-23 0 4.91301e-23 0 6.84336e-23 0 9.49737e-23 0
27.4221 0.000199591 4.31342e-05 0.000156457 0.783887 0.647949 0 0 0 0 1.02435e-42 0 4.21053e-39 0 1.03151e-36 0 5.92863e-35 0 1.47245e-33 0 1.96416e-32 0 1.83063e-31 0 1.20822e-30 0 6.45307e-30 0 2.85006e-29 0 1.05991e-28 0 3.56193e-28 0 1.06126e-27 0 2.90397e-27 0 7.34089e-27 0 1.76645e-26 0 3.8662e-26 0 8.31096e-26 0 1.67642e-25 0 3.33189e-25 0 6.24442e-25 0 1.13126e-24 0 1.98414e-24 0 3.374e-24 0 5.6865e-24 0 9.30941e-24 0 1.48215e-23 0 2.3432e-23 0 3.6082e-23 0 5.41699e-23 0 8.24278e-23 0 1.20114e-22 0 1.74196e-22 0 2.51446e-22 0 3.54839e-22 0 4.98708e-22 0 6.85925e-22 0 9.40094e-22 0 1.28397e-21 0
28.8297 0.000200674 4.18923e-05 0.000158782 0.791243 0.637376 0 0 0 0 1.29189e-40 0 3.53574e-37 0 6.62167e-35 0 3.12281e-33 0 6.63007e-32 0 7.79328e-31 0 6.51347e-30 0 3.92054e-29 0 1.92948e-28 0 7.9256e-28 0 2.76437e-27 0 8.75612e-27 0 2.47341e-26 0 6.44354e-26 0 1.55674e-25 0 3.58881e-25 0 7.56004e-25 0 1.56554e-24 0 3.05153e-24 0 5.8649e-24 0 1.06596e-23 0 1.87591e-23 0 3.20118e-23 0 5.30426e-23 0 8.71476e-23 0 1.39277e-22 0 2.16765e-22 0 3.35116e-22 0 5.05268e-22 0 7.43659e-22 0 1.10864e-21 0 1.58608e-21 0 2.25884e-21 0 3.20266e-21 0 4.4442e-21 0 6.14316e-21 0 8.31885e-21 0 1.12273e-20 0 1.51025e-20 0
30.3095 0.000201933 4.07136e-05 0.000161219 0.79838 0.626667 0 0 8.40779e-45 0 1.26942e-38 0 2.36072e-35 0 3.42436e-33 0 1.33797e-31 0 2.44698e-30 0 2.55025e-29 0 1.92156e-28 0 1.05956e-27 0 4.82426e-27 0 1.84955e-26 0 6.0693e-26 0 1.81722e-25 0 4.87948e-25 0 1.21311e-24 0 2.80729e-24 0 6.21314e-24 0 1.26208e-23 0 2.52226e-23 0 4.75875e-23 0 8.85895e-23 0 1.56385e-22 0 2.6772e-22 0 4.45088e-22 0 7.19537e-22 0 1.15387e-21 0 1.80235e-21 0 2.74516e-21 0 4.15467e-21 0 6.13984e-21 0 8.86775e-21 0 1.29647e-20 0 1.82265e-20 0 2.55133e-20 0 3.55622e-20 0 4.85652e-20 0 6.60783e-20 0 8.81661e-20 0 1.17261e-19 0 1.55469e-19 0
31.8653 0.000203342 3.97753e-05 0.000163566 0.804392 0.616984 0 0 1.21913e-42 0 9.88722e-37 0 1.27316e-33 0 1.44839e-31 0 4.73185e-30 0 7.50915e-29 0 6.97977e-28 0 4.76531e-27 0 2.41748e-26 0 1.02217e-25 0 3.66998e-25 0 1.13642e-24 0 3.22519e-24 0 8.25236e-24 0 1.96242e-23 0 4.35903e-23 0 9.28043e-23 0 1.82103e-22 0 3.51835e-22 0 6.43547e-22 0 1.16223e-21 0 1.99552e-21 0 3.32767e-21 0 5.39669e-21 0 8.52216e-21 0 1.33548e-20 0 2.04111e-20 0 3.0456e-20 0 4.51705e-20 0 6.54927e-20 0 9.29083e-20 0 1.33337e-19 0 1.8436e-19 0 2.53864e-19 0 3.48161e-19 0 4.68284e-19 0 6.27644e-19 0 8.25736e-19 0 1.08305e-18 0 1.4163e-18 0
33.5009 0.000204844 3.88455e-05 0.000165998 0.810365 0.607567 0 0 1.47212e-40 0 6.14105e-35 0 5.57468e-32 0 5.03314e-30 0 1.38694e-28 0 1.9231e-27 0 1.60316e-26 0 9.96543e-26 0 4.67018e-25 0 1.84045e-24 0 6.2081e-24 0 1.81915e-23 0 4.90644e-23 0 1.19913e-22 0 2.73347e-22 0 5.83967e-22 0 1.19824e-21 0 2.27509e-21 0 4.25654e-21 0 7.55953e-21 0 1.3264e-20 0 2.21806e-20 0 3.60758e-20 0 5.71414e-20 0 8.82439e-20 0 1.35285e-19 0 2.02526e-19 0 2.96348e-19 0 4.31148e-19 0 6.13886e-19 0 8.5612e-19 0 1.20717e-18 0 1.64292e-18 0 2.22724e-18 0 3.0078e-18 0 3.98743e-18 0 5.26849e-18 0 6.83908e-18 0 8.85223e-18 0 1.14254e-17 0
35.2205 0.000206269 3.8207e-05 0.000168062 0.814771 0.599935 9.80909e-45 0 1.39713e-38 0 3.09835e-33 0 2.01691e-30 0 1.46159e-28 0 3.42552e-27 0 4.17749e-26 0 3.13997e-25 0 1.78526e-24 0 7.75865e-24 0 2.85955e-23 0 9.08974e-23 0 2.52735e-22 0 6.49418e-22 0 1.51942e-21 0 3.32699e-21 0 6.84905e-21 0 1.35689e-20 0 2.49692e-20 0 4.53085e-20 0 7.82419e-20 0 1.33566e-19 0 2.17818e-19 0 3.45957e-19 0 5.35803e-19 0 8.10074e-19 0 1.21627e-18 0 1.78528e-18 0 2.56422e-18 0 3.66294e-18 0 5.12623e-18 0 7.03384e-18 0 9.75306e-18 0 1.30754e-17 0 1.74643e-17 0 2.32414e-17 0 3.03898e-17 0 3.96109e-17 0 5.07684e-17 0 6.489e-17 0 8.27153e-17 0
37.0284 0.000207656 3.7501e-05 0.000170155 0.819408 0.592492 1.4041e-42 0 1.04575e-36 0 1.2715e-31 0 6.03257e-29 0 3.54667e-27 0 7.12586e-26 0 7.69122e-25 0 5.23884e-24 0 2.73628e-23 0 1.10685e-22 0 3.82774e-22 0 1.14994e-21 0 3.04162e-21 0 7.46368e-21 0 1.67526e-20 0 3.53052e-20 0 7.01627e-20 0 1.34439e-19 0 2.40134e-19 0 4.23247e-19 0 7.11654e-19 0 1.18355e-18 0 1.88458e-18 0 2.92639e-18 0 4.43649e-18 0 6.57346e-18 0 9.67565e-18 0 1.39386e-17 0 1.96694e-17 0 2.76124e-17 0 3.80142e-17 0 5.13609e-17 0 7.0089e-17 0 9.2629e-17 0 1.21985e-16 0 1.60088e-16 0 2.06604e-16 0 2.65831e-16 0 3.36607e-16 0 4.25112e-16 0 5.35506e-16 0
38.9291 0.000208866 3.68883e-05 0.000171977 0.823388 0.586145 1.62995e-40 0 6.27127e-35 0 4.30505e-30 0 1.51183e-27 0 7.28511e-26 0 1.26426e-24 0 1.21492e-23 0 7.53542e-23 0 3.63062e-22 0 1.37176e-21 0 4.46499e-21 0 1.27124e-20 0 3.20652e-20 0 7.53092e-20 0 1.62493e-19 0 3.30204e-19 0 6.34583e-19 0 1.17793e-18 0 2.04525e-18 0 3.50646e-18 0 5.74812e-18 0 9.32518e-18 0 1.45151e-17 0 2.20601e-17 0 3.27712e-17 0 4.76332e-17 0 6.88018e-17 0 9.73639e-17 0 1.35104e-16 0 1.86547e-16 0 2.52843e-16 0 3.36633e-16 0 4.52462e-16 0 5.89884e-16 0 7.6646e-16 0 9.92609e-16 0 1.26517e-15 0 1.60795e-15 0 2.01272e-15 0 2.51312e-15 0 3.13026e-15 0
40.9273 0.000209856 3.61949e-05 0.000173661 0.827525 0.579879 1.47654e-38 0 3.03205e-33 0 1.20841e-28 0 3.18755e-26 0 1.27123e-24 0 1.91915e-23 0 1.65137e-22 0 9.36928e-22 0 4.1806e-21 0 1.4803e-20 0 4.5485e-20 0 1.23052e-19 0 2.96673e-19 0 6.68325e-19 0 1.38888e-18 0 2.72634e-18 0 5.07498e-18 0 9.14004e-18 0 1.54482e-17 0 2.5797e-17 0 4.12806e-17 0 6.54059e-17 0 9.9632e-17 0 1.48358e-16 0 2.16174e-16 0 3.08525e-16 0 4.37707e-16 0 6.09003e-16 0 8.31652e-16 0 1.13037e-15 0 1.50951e-15 0 1.98186e-15 0 2.6256e-15 0 3.37901e-15 0 4.33471e-15 0 5.54327e-15 0 6.98219e-15 0 8.77063e-15 0 1.08588e-14 0 1.34123e-14 0 1.65278e-14 0
43.0281 0.000210688 3.55725e-05 0.000175115 0.83116 0.574416 1.06112e-36 0 1.19916e-31 0 2.84933e-27 0 5.72494e-25 0 1.90713e-23 0 2.52179e-22 0 1.95347e-21 0 1.01827e-20 0 4.22358e-20 0 1.40599e-19 0 4.08977e-19 0 1.05394e-18 0 2.43414e-18 0 5.27028e-18 0 1.05682e-17 0 2.00731e-17 0 3.62488e-17 0 6.34355e-17 0 1.04504e-16 0 1.70197e-16 0 2.66171e-16 0 4.12357e-16 0 6.15362e-16 0 8.9867e-16 0 1.28561e-15 0 1.80325e-15 0 2.51496e-15 0 3.44322e-15 0 4.63106e-15 0 6.20087e-15 0 8.1646e-15 0 1.05779e-14 0 1.38226e-14 0 1.75712e-14 0 2.22685e-14 0 2.81373e-14 0 3.50441e-14 0 4.35329e-14 0 5.33384e-14 0 6.52055e-14 0 7.95363e-14 0
45.2368 0.000211222 3.48375e-05 0.000176385 0.835067 0.568671 6.08739e-35 0 3.89791e-30 0 5.66303e-26 0 8.78281e-24 0 2.46549e-22 0 2.87398e-21 0 2.01452e-20 0 9.68764e-20 0 3.74863e-19 0 1.17672e-18 0 3.249e-18 0 7.99457e-18 0 1.77245e-17 0 3.69559e-17 0 7.16306e-17 0 1.31859e-16 0 2.31342e-16 0 3.93938e-16 0 6.33349e-16 0 1.00721e-15 0 1.54115e-15 0 2.3371e-15 0 3.42016e-15 0 4.90327e-15 0 6.89291e-15 0 9.50985e-15 0 1.30496e-14 0 1.75941e-14 0 2.33238e-14 0 3.0788e-14 0 3.99973e-14 0 5.11686e-14 0 6.59966e-14 0 8.29174e-14 0 1.03875e-13 0 1.29761e-13 0 1.5989e-13 0 1.96528e-13 0 2.38418e-13 0 2.88618e-13 0 3.48652e-13 0
47.5588 0.000211759 3.43721e-05 0.000177387 0.837683 0.563737 2.84913e-33 0 1.06278e-28 0 9.67042e-25 0 1.1724e-22 0 2.79664e-21 0 2.89162e-20 0 1.84306e-19 0 8.20891e-19 0 2.97337e-18 0 8.8266e-18 0 2.31918e-17 0 5.46119e-17 0 1.16462e-16 0 2.34268e-16 0 4.39639e-16 0 7.85537e-16 0 1.34089e-15 0 2.22474e-15 0 3.49483e-15 0 5.43333e-15 0 8.14279e-15 0 1.20997e-14 0 1.73808e-14 0 2.44834e-14 0 3.38506e-14 0 4.59741e-14 0 6.21193e-14 0 8.25396e-14 0 1.07923e-13 0 1.40544e-13 0 1.80265e-13 0 2.27856e-13 0 2.90258e-13 0 3.60635e-13 0 4.46843e-13 0 5.52164e-13 0 6.73471e-13 0 8.19499e-13 0 9.84841e-13 0 1.18113e-12 0 1.41371e-12 0
50 0.000212031 3.37329e-05 0.000178298 0.840905 0.558583 1.08526e-31 0 2.42135e-27 0 1.41177e-23 0 1.35414e-21 0 2.76673e-20 0 2.55235e-19 0 1.48615e-18 0 6.15368e-18 0 2.09319e-17 0 5.89225e-17 0 1.47686e-16 0 3.33527e-16 0 6.85441e-16 0 1.33254e-15 0 2.42501e-15 0 4.2119e-15 0 7.00433e-15 0 1.13375e-14 0 1.74215e-14 0 2.65076e-14 0 3.89492e-14 0 5.67679e-14 0 8.01158e-14 0 1.10982e-13 0 1.51036e-13 0 2.02086e-13 0 2.69071e-13 0 3.52595e-13 0 4.55035e-13 0 5.84978e-13 0 7.41245e-13 0 9.26284e-13 0 1.16609e-12 0 1.43356e-12 0 1.75775e-12 0 2.14973e-12 0 2.5967e-12 0 3.12961e-12 0 3.72745e-12 0 4.43088e-12 0 5.25703e-12 0
52.5665 0.000212324 3.33299e-05 0.000178994 0.843023 0.553563 3.43886e-30 0 4.70569e-26 0 1.79669e-22 0 1.37914e-20 0 2.43184e-19 0 2.01277e-18 0 1.07538e-17 0 4.15437e-17 0 1.33112e-16 0 3.56243e-16 0 8.53729e-16 0 1.85285e-15 0 3.67624e-15 0 6.91859e-15 0 1.2228e-14 0 2.06735e-14 0 3.35365e-14 0 5.3022e-14 0 7.97842e-14 0 1.18933e-13 0 1.71502e-13 0 2.45406e-13 0 3.40562e-13 0 4.64325e-13 0 6.22463e-13 0 8.21098e-13 0 1.07809e-12 0 1.39422e-12 0 1.77702e-12 0 2.25664e-12 0 2.82659e-12 0 3.49398e-12 0 4.34939e-12 0 5.29335e-12 0 6.42613e-12 0 7.78229e-12 0 9.3141e-12 0 1.11237e-11 0 1.31361e-11 0 1.54838e-11 0 1.82181e-11 0
55.2648 0.000212596 3.29477e-05 0.000179648 0.845022 0.548617 9.09189e-29 0 7.81477e-25 0 1.99473e-21 0 1.23874e-19 0 1.8987e-18 0 1.41743e-17 0 6.9781e-17 0 2.52362e-16 0 7.63918e-16 0 1.9485e-15 0 4.47448e-15 0 9.35043e-15 0 1.79419e-14 0 3.27396e-14 0 5.62777e-14 0 9.27383e-14 0 1.46928e-13 0 2.27159e-13 0 3.35063e-13 0 4.8983e-13 0 6.93829e-13 0 9.75598e-13 0 1.3324e-12 0 1.78931e-12 0 2.36463e-12 0 3.07731e-12 0 3.98712e-12 0 5.09194e-12 0 6.41355e-12 0 8.0501e-12 0 9.97305e-12 0 1.22009e-11 0 1.50264e-11 0 1.81131e-11 0 2.17821e-11 0 2.61335e-11 0 3.10042e-11 0 3.67084e-11 0 4.29986e-11 0 5.02783e-11 0 5.86892e-11 0
58.1015 0.000212772 3.25686e-05 0.000180203 0.846932 0.543951 2.02249e-27 0 1.11702e-23 0 1.94397e-20 0 9.8682e-19 0 1.32384e-17 0 8.9589e-17 0 4.0803e-16 0 1.38586e-15 0 3.97428e-15 0 9.68408e-15 0 2.13536e-14 0 4.3046e-14 0 8.00111e-14 0 1.41776e-13 0 2.37344e-13 0 3.8169e-13 0 5.91288e-13 0 8.94923e-13 0 1.29521e-12 0 1.85869e-12 0 2.5884e-12 0 3.57951e-12 0 4.81479e-12 0 6.3735e-12 0 8.3089e-12 0 1.0675e-11 0 1.36572e-11 0 1.72345e-11 0 2.14646e-11 0 2.66444e-11 0 3.26656e-11 0 3.95711e-11 0 4.8242e-11 0 5.76237e-11 0 6.86748e-11 0 8.16644e-11 0 9.608e-11 0 1.12823e-10 0 1.31139e-10 0 1.52174e-10 0 1.76295e-10 0
61.0839 0.000212966 3.23466e-05 0.000180619 0.848114 0.538776 3.8357e-26 0 1.39095e-22 0 1.68159e-19 0 7.04688e-18 0 8.32797e-17 0 5.13352e-16 0 2.17122e-15 0 6.94715e-15 0 1.89237e-14 0 4.41489e-14 0 9.36627e-14 0 1.82458e-13 0 3.2903e-13 0 5.66967e-13 0 9.25569e-13 0 1.45434e-12 0 2.20533e-12 0 3.27094e-12 0 4.64932e-12 0 6.55537e-12 0 8.98254e-12 0 1.22269e-11 0 1.621e-11 0 2.1166e-11 0 2.72384e-11 0 3.45693e-11 0 4.3698e-11 0 5.45213e-11 0 6.71793e-11 0 8.25154e-11 0 1.00161e-10 0 1.20204e-10 0 1.45133e-10 0 1.7186e-10 0 2.03072e-10 0 2.39449e-10 0 2.7949e-10 0 3.2563e-10 0 3.75724e-10 0 4.32837e-10 0 4.97854e-10 0
64.2193 0.000213125 3.20846e-05 0.00018104 0.849456 0.533051 6.21435e-25 0 1.51034e-21 0 1.29118e-18 0 4.50877e-17 0 4.72319e-16 0 2.66407e-15 0 1.05017e-14 0 3.17467e-14 0 8.23472e-14 0 1.84332e-13 0 3.76963e-13 0 7.10814e-13 0 1.24545e-12 0 2.08983e-12 0 3.33096e-12 0 5.1197e-12 0 7.60719e-12 0 1.10679e-11 0 1.54641e-11 0 2.14411e-11 0 2.89315e-11 0 3.87927e-11 0 5.07268e-11 0 6.53785e-11 0 8.31055e-11 0 1.04252e-10 0 1.30283e-10 0 1.60805e-10 0 1.96129e-10 0 2.38497e-10 0 2.86772e-10 0 3.41107e-10 0 4.08075e-10 0 4.79252e-10 0 5.61697e-10 0 6.57007e-10 0 7.61105e-10 0 8.80162e-10 0 1.00849e-09 0 1.15379e-09 0 1.31807e-09 0
67.5157 0.000213413 3.18474e-05 0.000181566 0.850771 0.528105 8.68399e-24 0 1.44244e-20 0 8.86871e-18 0 2.60371e-16 0 2.43198e-15 0 1.26064e-14 0 4.64747e-14 0 1.33107e-13 0 3.29564e-13 0 7.0926e-13 0 1.40066e-12 0 2.5606e-12 0 4.36537e-12 0 7.14216e-12 0 1.11276e-11 0 1.67481e-11 0 2.44089e-11 0 3.48689e-11 0 4.79298e-11 0 6.54032e-11 0 8.69699e-11 0 1.14955e-10 0 1.48364e-10 0 1.88863e-10 0 2.37276e-10 0 2.94376e-10 0 3.63897e-10 0 4.44558e-10 0 5.36982e-10 0 6.46774e-10 0 7.70724e-10 0 9.09019e-10 0 1.07801e-09 0 1.25614e-09 0 1.46086e-09 0 1.69572e-09 0 1.95033e-09 0 2.23947e-09 0 2.549e-09 0 2.89715e-09 0 3.28821e-09 0
70.9813 0.0002137 3.18006e-05 0.0001819 0.851191 0.523165 1.05985e-22 0 1.22572e-19 0 5.50801e-17 0 1.37109e-15 0 1.1483e-14 0 5.49281e-14 0 1.90001e-13 0 5.16926e-13 0 1.22446e-12 0 2.53839e-12 0 4.84906e-12 0 8.60744e-12 0 1.42969e-11 0 2.28355e-11 0 3.48163e-11 0 5.13658e-11 0 7.34971e-11 0 1.03181e-10 0 1.39643e-10 0 1.87682e-10 0 2.46122e-10 0 3.20918e-10 0 4.09058e-10 0 5.14618e-10 0 6.39371e-10 0 7.84928e-10 0 9.60307e-10 0 1.16175e-09 0 1.3904e-09 0 1.65954e-09 0 1.96073e-09 0 2.29399e-09 0 2.6979e-09 0 3.12031e-09 0 3.6022e-09 0 4.15099e-09 0 4.74178e-09 0 5.40812e-09 0 6.11682e-09 0 6.90895e-09 0 7.79319e-09 0
74.6248 0.000213781 3.17679e-05 0.000182013 0.8514 0.516509 1.1313e-21 0 9.27186e-19 0 3.09215e-16 0 6.57916e-15 0 4.96703e-14 0 2.20114e-13 0 7.16629e-13 0 1.85671e-12 0 4.21671e-12 0 8.43586e-12 0 1.56137e-11 0 2.69497e-11 0 4.36678e-11 0 6.81713e-11 0 1.01819e-10 0 1.47393e-10 0 2.07241e-10 0 2.86161e-10 0 3.81606e-10 0 5.05532e-10 0 6.54226e-10 0 8.42065e-10 0 1.0607e-09 0 1.31954e-09 0 1.62214e-09 0 1.97159e-09 0 2.38847e-09 0 2.86277e-09 0 3.39628e-09 0 4.01883e-09 0 4.70968e-09 0 5.46812e-09 0 6.38018e-09 0 7.3269e-09 0 8.39935e-09 0 9.6122e-09 0 1.09091e-08 0 1.23625e-08 0 1.38988e-08 0 1.56056e-08 0 1.74997e-08 0
78.4553 0.000214003 3.16612e-05 0.000182342 0.852053 0.509263 1.06012e-20 0 6.26169e-18 0 1.57253e-15 0 2.88187e-14 0 1.97123e-13 0 8.12306e-13 0 2.49653e-12 0 6.17449e-12 0 1.34722e-11 0 2.6055e-11 0 4.67963e-11 0 7.86477e-11 0 1.24469e-10 0 1.90132e-10 0 2.7847e-10 0 3.95896e-10 0 5.47462e-10 0 7.44126e-10 0 9.78473e-10 0 1.27856e-09 0 1.63392e-09 0 2.07729e-09 0 2.58731e-09 0 3.18456e-09 0 3.87559e-09 0 4.66582e-09 0 5.59971e-09 0 6.65259e-09 0 7.8268e-09 0 9.18568e-09 0 1.06817e-08 0 1.23118e-08 0 1.42575e-08 0 1.62629e-08 0 1.85194e-08 0 2.10544e-08 0 2.37481e-08 0 2.67481e-08 0 2.99005e-08 0 3.33831e-08 0 3.7226e-08 0
82.4824 0.000214657 3.17292e-05 0.000182928 0.852186 0.503677 8.84511e-20 0 3.8259e-17 0 7.33612e-15 0 1.16647e-13 0 7.26383e-13 0 2.79333e-12 0 8.12705e-12 0 1.92307e-11 0 4.03915e-11 0 7.56408e-11 0 1.32026e-10 0 2.16335e-10 0 3.34785e-10 0 5.00932e-10 0 7.20127e-10 0 1.00636e-09 0 1.36978e-09 0 1.83416e-09 0 2.37976e-09 0 3.06925e-09 0 3.87564e-09 0 4.86988e-09 0 6.00086e-09 0 7.31158e-09 0 8.81324e-09 0 1.05146e-08 0 1.25072e-08 0 1.47344e-08 0 1.7198e-08 0 2.00268e-08 0 2.31175e-08 0 2.64612e-08 0 3.04244e-08 0 3.44814e-08 0 3.90175e-08 0 4.40814e-08 0 4.94296e-08 0 5.53515e-08 0 6.15393e-08 0 6.83383e-08 0 7.58009e-08 0
86.7162 0.000215276 3.20409e-05 0.000183235 0.851163 0.498723 6.62397e-19 0 2.13033e-16 0 3.1603e-14 0 4.39014e-13 0 2.50028e-12 0 9.00298e-12 0 2.48629e-11 0 5.64093e-11 0 1.14264e-10 0 2.07526e-10 0 3.52506e-10 0 5.63847e-10 0 8.54165e-10 0 1.25317e-09 0 1.76988e-09 0 2.43327e-09 0 3.26252e-09 0 4.30673e-09 0 5.51725e-09 0 7.02791e-09 0 8.77387e-09 0 1.09025e-08 0 1.32982e-08 0 1.60472e-08 0 1.91674e-08 0 2.26713e-08 0 2.67403e-08 0 3.12509e-08 0 3.62019e-08 0 4.18441e-08 0 4.79646e-08 0 5.45412e-08 0 6.22843e-08 0 7.01597e-08 0 7.89116e-08 0 8.86237e-08 0 9.88219e-08 0 1.10052e-07 0 1.21723e-07 0 1.34481e-07 0 1.48414e-07 0
91.1674 0.000215414 3.23446e-05 0.000183069 0.849849 0.49142 4.44217e-18 0 1.07772e-15 0 1.25249e-13 0 1.53014e-12 0 8.0049e-12 0 2.70762e-11 0 7.11563e-11 0 1.5511e-10 0 3.03552e-10 0 5.35479e-10 0 8.86343e-10 0 1.3856e-09 0 2.05689e-09 0 2.96177e-09 0 4.11306e-09 0 5.56751e-09 0 7.35877e-09 0 9.58323e-09 0 1.21293e-08 0 1.52689e-08 0 1.88568e-08 0 2.31843e-08 0 2.80059e-08 0 3.34868e-08 0 3.96524e-08 0 4.65182e-08 0 5.44267e-08 0 6.31253e-08 0 7.26028e-08 0 8.3327e-08 0 9.48807e-08 0 1.07215e-07 0 1.21645e-07 0 1.36232e-07 0 1.52349e-07 0 1.70133e-07 0 1.88705e-07 0 2.09047e-07 0 2.30082e-07 0 2.52964e-07 0 2.77831e-07 0
95.847 0.000215449 3.25134e-05 0.000182935 0.84909 0.481243 2.67163e-17 0 4.9573e-15 0 4.56753e-13 0 4.93819e-12 0 2.3829e-11 0 7.59449e-11 0 1.90387e-10 0 3.99522e-10 0 7.5665e-10 0 1.29828e-09 0 2.09673e-09 0 3.20704e-09 0 4.66984e-09 0 6.60558e-09 0 9.02739e-09 0 1.20403e-08 0 1.56989e-08 0 2.01825e-08 0 2.52523e-08 0 3.14335e-08 0 3.84217e-08 0 4.67653e-08 0 5.59722e-08 0 6.63448e-08 0 7.79147e-08 0 9.06957e-08 0 1.05304e-07 0 1.21253e-07 0 1.38509e-07 0 1.57902e-07 0 1.7866e-07 0 2.00685e-07 0 2.26296e-07 0 2.52034e-07 0 2.80317e-07 0 3.11355e-07 0 3.436e-07 0 3.78742e-07 0 4.14905e-07 0 4.54062e-07 0 4.96419e-07 0
100.767 0.000216139 3.27706e-05 0.000183369 0.848382 0.471179 1.45841e-16 0 2.09697e-14 0 1.54923e-12 0 1.49116e-11 0 6.6633e-11 0 2.0068e-10 0 4.81011e-10 0 9.73514e-10 0 1.78713e-09 0 2.98663e-09 0 4.71185e-09 0 7.05898e-09 0 1.00919e-08 0 1.40355e-08 0 1.8891e-08 0 2.48442e-08 0 3.19763e-08 0 4.06076e-08 0 5.02554e-08 0 6.18915e-08 0 7.49133e-08 0 9.03105e-08 0 1.07146e-07 0 1.25952e-07 0 1.46761e-07 0 1.69573e-07 0 1.95456e-07 0 2.23515e-07 0 2.5367e-07 0 2.87344e-07 0 3.23163e-07 0 3.60948e-07 0 4.04631e-07 0 4.48289e-07 0 4.96012e-07 0 5.48116e-07 0 6.01977e-07 0 6.60398e-07 0 7.2024e-07 0 7.84749e-07 0 8.54228e-07 0
105.939 0.000217601 3.34253e-05 0.000184176 0.846392 0.464035 7.3287e-16 0 8.26784e-14 0 4.95093e-12 0 4.26659e-11 0 1.77215e-10 0 5.05753e-10 0 1.16159e-09 0 2.27139e-09 0 4.04784e-09 0 6.59722e-09 0 1.01789e-08 0 1.49514e-08 0 2.10055e-08 0 2.87471e-08 0 3.81349e-08 0 4.94861e-08 0 6.29123e-08 0 7.89673e-08 0 9.6717e-08 0 1.17906e-07 0 1.41389e-07 0 1.689e-07 0 1.98721e-07 0 2.31763e-07 0 2.68044e-07 0 3.07531e-07 0 3.52022e-07 0 3.99929e-07 0 4.51089e-07 0 5.07869e-07 0 5.67911e-07 0 6.30897e-07 0 7.03316e-07 0 7.75313e-07 0 8.53623e-07 0 9.38704e-07 0 1.02624e-06 0 1.12075e-06 0 1.21715e-06 0 1.32062e-06 0 1.4316e-06 0
111.377 0.000219072 3.44226e-05 0.00018465 0.842871 0.458919 3.398e-15 0 3.04358e-13 0 1.49247e-11 0 1.15779e-10 0 4.48597e-10 0 1.21635e-09 0 2.6825e-09 0 5.07644e-09 0 8.79509e-09 0 1.39965e-08 0 2.1143e-08 0 3.04785e-08 0 4.21148e-08 0 5.67602e-08 0 7.42643e-08 0 9.51515e-08 0 1.19558e-07 0 1.48413e-07 0 1.79981e-07 0 2.17299e-07 0 2.58278e-07 0 3.05867e-07 0 3.57025e-07 0 4.13274e-07 0 4.74587e-07 0 5.4086e-07 0 6.15036e-07 0 6.94398e-07 0 7.78637e-07 0 8.71587e-07 0 9.69326e-07 0 1.07132e-06 0 1.18797e-06 0 1.30336e-06 0 1.42828e-06 0 1.56337e-06 0 1.70174e-06 0 1.85049e-06 0 2.00156e-06 0 2.16308e-06 0 2.33564e-06 0
117.094 0.000219873 3.54556e-05 0.000184418 0.838745 0.452362 1.44641e-14 0 1.04025e-12 0 4.21813e-11 0 2.96077e-10 0 1.07377e-09 0 2.77308e-09 0 5.88403e-09 0 1.07937e-08 0 1.82052e-08 0 2.8322e-08 0 4.193e-08 0 5.9374e-08 0 8.07571e-08 0 1.07266e-07 0 1.38515e-07 0 1.75339e-07 0 2.17871e-07 0 2.67614e-07 0 3.21496e-07 0 3.84602e-07 0 4.5329e-07 0 5.32398e-07 0 6.1677e-07 0 7.08859e-07 0 8.08546e-07 0 9.15592e-07 0 1.03465e-06 0 1.16125e-06 0 1.29487e-06 0 1.44148e-06 0 1.59484e-06 0 1.75405e-06 0 1.93526e-06 0 2.11365e-06 0 2.30591e-06 0 2.51289e-06 0 2.72398e-06 0 2.94999e-06 0 3.17863e-06 0 3.42215e-06 0 3.68133e-06 0
123.105 0.000220018 3.61929e-05 0.000183825 0.8355 0.441035 5.62411e-14 0 3.28279e-12 0 1.11101e-10 0 7.09061e-10 0 2.41476e-09 0 5.95396e-09 0 1.21778e-08 0 2.16868e-08 0 3.56566e-08 0 5.42872e-08 0 7.88456e-08 0 1.09767e-07 0 1.47074e-07 0 1.92663e-07 0 2.45705e-07 0 3.07465e-07 0 3.78017e-07 0 4.59684e-07 0 5.47314e-07 0 6.49041e-07 0 7.58845e-07 0 8.84305e-07 0 1.01711e-06 0 1.16106e-06 0 1.31586e-06 0 1.48106e-06 0 1.66368e-06 0 1.85676e-06 0 2.05943e-06 0 2.28064e-06 0 2.51084e-06 0 2.7487e-06 0 3.01814e-06 0 3.28219e-06 0 3.56555e-06 0 3.86932e-06 0 4.17788e-06 0 4.50695e-06 0 4.83859e-06 0 5.19054e-06 0 5.56379e-06 0
129.424 0.000220118 3.61355e-05 0.000183982 0.835836 0.423847 1.97939e-13 0 9.47301e-12 0 2.69952e-10 0 1.5738e-09 0 5.04844e-09 0 1.19111e-08 0 2.35257e-08 0 4.07319e-08 0 6.53634e-08 0 9.74943e-08 0 1.39042e-07 0 1.9047e-07 0 2.51585e-07 0 3.25253e-07 0 4.09902e-07 0 5.0735e-07 0 6.17509e-07 0 7.43779e-07 0 8.78054e-07 0 1.03262e-06 0 1.19814e-06 0 1.38584e-06 0 1.58312e-06 0 1.79554e-06 0 2.02253e-06 0 2.26333e-06 0 2.52802e-06 0 2.80634e-06 0 3.09694e-06 0 3.41255e-06 0 3.7394e-06 0 4.07561e-06 0 4.45473e-06 0 4.82467e-06 0 5.22005e-06 0 5.64221e-06 0 6.06937e-06 0 6.52323e-06 0 6.979e-06 0 7.46103e-06 0 7.97047e-06 0
136.067 0.000220957 3.53953e-05 0.000185562 0.839809 0.403378 6.34865e-13 0 2.51545e-11 0 6.08676e-10 0 3.25587e-09 0 9.8664e-09 0 2.23231e-08 0 4.26492e-08 0 7.18893e-08 0 1.12729e-07 0 1.64893e-07 0 2.31122e-07 0 3.11781e-07 0 4.06263e-07 0 5.18678e-07 0 6.46326e-07 0 7.91694e-07 0 9.54391e-07 0 1.13915e-06 0 1.33395e-06 0 1.55641e-06 0 1.79282e-06 0 2.059e-06 0 2.33687e-06 0 2.63418e-06 0 2.95e-06 0 3.28315e-06 0 3.64735e-06 0 4.0283e-06 0 4.42411e-06 0 4.85193e-06 0 5.29296e-06 0 5.74464e-06 0 6.25182e-06 0 6.74467e-06 0 7.26938e-06 0 7.82752e-06 0 8.39017e-06 0 8.98589e-06 0 9.58208e-06 0 1.02105e-05 0 1.08726e-05 0
143.051 0.000222401 3.34733e-05 0.000188928 0.849492 0.382398 1.83282e-12 0 6.06788e-11 0 1.25674e-09 0 6.19397e-09 0 1.77808e-08 0 3.86575e-08 0 7.1559e-08 0 1.17583e-07 0 1.80376e-07 0 2.58989e-07 0 3.57077e-07 0 4.74702e-07 0 6.10613e-07 0 7.70331e-07 0 9.49656e-07 0 1.15178e-06 0 1.37587e-06 0 1.62809e-06 0 1.89187e-06 0 2.1908e-06 0 2.50622e-06 0 2.85893e-06 0 3.22476e-06 0 3.61383e-06 0 4.0248e-06 0 4.45598e-06 0 4.92494e-06 0 5.41301e-06 0 5.91773e-06 0 6.46081e-06 0 7.01821e-06 0 7.58672e-06 0 8.2225e-06 0 8.83791e-06 0 9.49069e-06 0 1.01825e-05 0 1.08776e-05 0 1.16109e-05 0 1.23425e-05 0 1.31113e-05 0 1.39187e-05 0
150.394 0.000224235 3.1375e-05 0.00019286 0.86008 0.365265 4.90587e-12 0 1.36907e-10 0 2.44552e-09 0 1.115e-08 0 3.04015e-08 0 6.36371e-08 0 1.1431e-07 0 1.83331e-07 0 2.7542e-07 0 3.88532e-07 0 5.27348e-07 0 6.91384e-07 0 8.78468e-07 0 1.09575e-06 0 1.33709e-06 0 1.60647e-06 0 1.90244e-06 0 2.23277e-06 0 2.57556e-06 0 2.96125e-06 0 3.36541e-06 0 3.81444e-06 0 4.27732e-06 0 4.76681e-06 0 5.28104e-06 0 5.81784e-06 0 6.39878e-06 0 7.00054e-06 0 7.62005e-06 0 8.28378e-06 0 8.96217e-06 0 9.65139e-06 0 1.04192e-05 0 1.11596e-05 0 1.19423e-05 0 1.27689e-05 0 1.35965e-05 0 1.44671e-05 0 1.53328e-05 0 1.62399e-05 0 1.71898e-05 0
158.114 0.000225203 2.95697e-05 0.000195633 0.868698 0.352003 1.23919e-11 0 2.93941e-10 0 4.56122e-09 0 1.93114e-08 0 5.0138e-08 0 1.01232e-07 0 1.76714e-07 0 2.76953e-07 0 4.07884e-07 0 5.65812e-07 0 7.56599e-07 0 9.78915e-07 0 1.22934e-06 0 1.51695e-06 0 1.83317e-06 0 2.18284e-06 0 2.56374e-06 0 2.98548e-06 0 3.4199e-06 0 3.90532e-06 0 4.41071e-06 0 4.96872e-06 0 5.54062e-06 0 6.14209e-06 0 6.77075e-06 0 7.4238e-06 0 8.12726e-06 0 8.85264e-06 0 9.59626e-06 0 1.03897e-05 0 1.11974e-05 0 1.2015e-05 0 1.29224e-05 0 1.37945e-05 0 1.47132e-05 0 1.56803e-05 0 1.66455e-05 0 1.76577e-05 0 1.86614e-05 0 1.97101e-05 0 2.08051e-05 0
166.23 0.000224584 2.79347e-05 0.000196649 0.875616 0.339599 2.95376e-11 0 6.00289e-10 0 8.14781e-09 0 3.21494e-08 0 7.96703e-08 0 1.55435e-07 0 2.64052e-07 0 4.04853e-07 0 5.85085e-07 0 7.98759e-07 0 1.05305e-06 0 1.34544e-06 0 1.67095e-06 0 2.04082e-06 0 2.44355e-06 0 2.88496e-06 0 3.36187e-06 0 3.8859e-06 0 4.42192e-06 0 5.01696e-06 0 5.63264e-06 0 6.30846e-06 0 6.99724e-06 0 7.71793e-06 0 8.4675e-06 0 9.24257e-06 0 1.00738e-05 0 1.09272e-05 0 1.17985e-05 0 1.27246e-05 0 1.36638e-05 0 1.46112e-05 0 1.5659e-05 0 1.66625e-05 0 1.77163e-05 0 1.88223e-05 0 1.99228e-05 0 2.10735e-05 0 2.22113e-05 0 2.3397e-05 0 2.46318e-05 0
174.763 0.000222011 2.63569e-05 0.000195654 0.881281 0.323306 6.63959e-11 0 1.16484e-09 0 1.39201e-08 0 5.13652e-08 0 1.21773e-07 0 2.29949e-07 0 3.80659e-07 0 5.71586e-07 0 8.11326e-07 0 1.09092e-06 0 1.41894e-06 0 1.79137e-06 0 2.20135e-06 0 2.66251e-06 0 3.16002e-06 0 3.70073e-06 0 4.28041e-06 0 4.91276e-06 0 5.55527e-06 0 6.2641e-06 0 6.9932e-06 0 7.78906e-06 0 8.59592e-06 0 9.436e-06 0 1.03057e-05 0 1.12011e-05 0 1.21572e-05 0 1.31349e-05 0 1.41293e-05 0 1.51822e-05 0 1.62463e-05 0 1.73159e-05 0 1.84951e-05 0 1.96208e-05 0 2.07994e-05 0 2.20327e-05 0 2.32564e-05 0 2.45323e-05 0 2.57906e-05 0 2.70985e-05 0 2.84572e-05 0
183.733 0.000218277 2.5195e-05 0.000193082 0.884573 0.299414 1.43172e-10 0 2.18393e-09 0 2.31215e-08 0 8.00494e-08 0 1.81943e-07 0 3.33072e-07 0 5.37966e-07 0 7.91921e-07 0 1.10502e-06 0 1.46449e-06 0 1.88055e-06 0 2.34728e-06 0 2.85563e-06 0 3.42193e-06 0 4.02751e-06 0 4.68044e-06 0 5.37526e-06 0 6.128e-06 0 6.888e-06 0 7.72149e-06 0 8.57403e-06 0 9.49971e-06 0 1.04335e-05 0 1.14011e-05 0 1.23985e-05 0 1.3421e-05 0 1.45085e-05 0 1.56163e-05 0 1.67388e-05 0 1.79233e-05 0 1.91162e-05 0 2.03116e-05 0 2.16251e-05 0 2.28753e-05 0 2.41806e-05 0 2.55424e-05 0 2.68901e-05 0 2.82916e-05 0 2.96703e-05 0 3.10999e-05 0 3.25813e-05 0
193.164 0.000214406 2.39917e-05 0.000190414 0.888101 0.265217 2.91978e-10 0 3.89899e-09 0 3.67871e-08 0 1.19868e-07 0 2.61742e-07 0 4.65216e-07 0 7.34017e-07 0 1.06031e-06 0 1.45565e-06 0 1.90285e-06 0 2.4138e-06 0 2.98045e-06 0 3.59139e-06 0 4.26576e-06 0 4.98091e-06 0 5.74611e-06 0 6.55471e-06 0 7.42498e-06 0 8.29835e-06 0 9.2508e-06 0 1.02198e-05 0 1.12667e-05 0 1.23177e-05 0 1.3402e-05 0 1.45149e-05 0 1.56513e-05 0 1.68554e-05 0 1.80774e-05 0 1.93113e-05 0 2.0609e-05 0 2.19118e-05 0 2.32132e-05 0 2.4639e-05 0 2.59921e-05 0 2.7401e-05 0 2.8867e-05 0 3.0314e-05 0 3.18152e-05 0 3.32883e-05 0 3.48123e-05 0 3.6388e-05 0
203.079 0.00021169 2.28996e-05 0.00018879 0.891825 0.221631 5.6807e-10 0 6.68418e-09 0 5.65198e-08 0 1.73845e-07 0 3.65404e-07 0 6.3148e-07 0 9.74411e-07 0 1.38253e-06 0 1.86887e-06 0 2.41127e-06 0 3.02344e-06 0 3.69498e-06 0 4.41204e-06 0 5.19669e-06 0 6.02219e-06 0 6.89908e-06 0 7.81954e-06 0 8.80402e-06 0 9.78637e-06 0 1.08519e-05 0 1.19306e-05 0 1.30903e-05 0 1.42493e-05 0 1.544e-05 0 1.66572e-05 0 1.78955e-05 0 1.92027e-05 0 2.05247e-05 0 2.18553e-05 0 2.32501e-05 0 2.46461e-05 0 2.60366e-05 0 2.75557e-05 0 2.89934e-05 0 3.04865e-05 0 3.20362e-05 0 3.3562e-05 0 3.51412e-05 0 3.66874e-05 0 3.82834e-05 0 3.99302e-05 0
213.503 0.00021099 2.21108e-05 0.000188879 0.895204 0.172361 1.06674e-09 0 1.11284e-08 0 8.47848e-08 0 2.46864e-07 0 5.00399e-07 0 8.41985e-07 0 1.27201e-06 0 1.77421e-06 0 2.36331e-06 0 3.01153e-06 0 3.73462e-06 0 4.51967e-06 0 5.35027e-06 0 6.25165e-06 0 7.19281e-06 0 8.1857e-06 0 9.22131e-06 0 1.03224e-05 0 1.14152e-05 0 1.25945e-05 0 1.37825e-05 0 1.5054e-05 0 1.63192e-05 0 1.76138e-05 0 1.89323e-05 0 2.02688e-05 0 2.16748e-05 0 2.3092e-05 0 2.45139e-05 0 2.59999e-05 0 2.74829e-05 0 2.8956e-05 0 3.0561e-05 0 3.2076e-05 0 3.36455e-05 0 3.52706e-05 0 3.6867e-05 0 3.85155e-05 0 4.01261e-05 0 4.17851e-05 0 4.34933e-05 0
224.463 0.000212312 2.14948e-05 0.000190817 0.898758 0.121489 1.92866e-09 0 1.79435e-08 0 1.23805e-07 0 3.42149e-07 0 6.7003e-07 0 1.09913e-06 0 1.62738e-06 0 2.23332e-06 0 2.93353e-06 0 3.6942e-06 0 4.53335e-06 0 5.43547e-06 0 6.38165e-06 0 7.40038e-06 0 8.45645e-06 0 9.56328e-06 0 1.07108e-05 0 1.1924e-05 0 1.31218e-05 0 1.44082e-05 0 1.56983e-05 0 1.70729e-05 0 1.84352e-05 0 1.9824e-05 0 2.12331e-05 0 2.26567e-05 0 2.41494e-05 0 2.56492e-05 0 2.71495e-05 0 2.8713e-05 0 3.0269e-05 0 3.18106e-05 0 3.34858e-05 0 3.50633e-05 0 3.66937e-05 0 3.8378e-05 0 4.00289e-05 0 4.173e-05 0 4.33886e-05 0 4.50938e-05 0 4.68461e-05 0
235.984 0.000215279 2.1091e-05 0.000194188 0.902029 0.072675 3.37308e-09 0 2.81439e-08 0 1.76709e-07 0 4.64713e-07 0 8.80673e-07 0 1.41019e-06 0 2.04833e-06 0 2.76792e-06 0 3.58768e-06 0 4.46744e-06 0 5.42778e-06 0 6.45054e-06 0 7.51439e-06 0 8.65126e-06 0 9.82177e-06 0 1.10409e-05 0 1.22977e-05 0 1.36193e-05 0 1.49177e-05 0 1.63058e-05 0 1.76917e-05 0 1.91625e-05 0 2.06144e-05 0 2.20891e-05 0 2.35804e-05 0 2.50821e-05 0 2.66518e-05 0 2.82243e-05 0 2.97929e-05 0 3.1423e-05 0 3.30411e-05 0 3.46402e-05 0 3.63737e-05 0 3.80023e-05 0 3.96818e-05 0 4.1413e-05 0 4.31063e-05 0 4.48476e-05 0 4.65422e-05 0 4.8281e-05 0 5.00646e-05 0
248.097 0.000219144 2.08932e-05 0.000198251 0.90466 0.0282339 5.71973e-09 0 4.30279e-08 0 2.46985e-07 0 6.19579e-07 0 1.13809e-06 0 1.78099e-06 0 2.54022e-06 0 3.38256e-06 0 4.32924e-06 0 5.3335e-06 0 6.41879e-06 0 7.56438e-06 0 8.74662e-06 0 1.0001e-05 0 1.12842e-05 0 1.26129e-05 0 1.39751e-05 0 1.54002e-05 0 1.67939e-05 0 1.82773e-05 0 1.97523e-05 0 2.13115e-05 0 2.28451e-05 0 2.43973e-05 0 2.5962e-05 0 2.75327e-05 0 2.91698e-05 0 3.0805e-05 0 3.24319e-05 0 3.41182e-05 0 3.57878e-05 0 3.74341e-05 0 3.92146e-05 0 4.08836e-05 0 4.26011e-05 0 4.43679e-05 0 4.60926e-05 0 4.78628e-05 0 4.95823e-05 0 5.13437e-05 0 5.31472e-05 0
260.832 0.000223012 2.09874e-05 0.000202025 0.905891 -0.010857 9.46384e-09 0 6.45141e-08 0 3.40035e-07 0 8.15553e-07 0 1.45426e-06 0 2.22658e-06 0 3.12124e-06 0 4.09861e-06 0 5.18296e-06 0 6.32067e-06 0 7.5385e-06 0 8.81317e-06 0 1.01188e-05 0 1.14948e-05 0 1.28937e-05 0 1.43341e-05 0 1.58031e-05 0 1.73328e-05 0 1.88219e-05 0 2.04004e-05 0 2.19639e-05 0 2.36105e-05 0 2.52244e-05 0 2.68526e-05 0 2.84888e-05 0 3.01265e-05 0 3.18287e-05 0 3.35244e-05 0 3.5207e-05 0 3.69469e-05 0 3.86656e-05 0 4.03564e-05 0 4.21812e-05 0 4.3888e-05 0 4.5641e-05 0 4.74408e-05 0 4.91943e-05 0 5.09909e-05 0 5.27331e-05 0 5.45146e-05 0 5.63357e-05 0
274.221 0.000225765 2.11877e-05 0.000204577 0.906152 -0.0450065 1.5172e-08 0 9.41741e-08 0 4.57678e-07 0 1.05183e-06 0 1.82339e-06 0 2.73434e-06 0 3.77041e-06 0 4.88575e-06 0 6.10811e-06 0 7.37726e-06 0 8.72354e-06 0 1.01214e-05 0 1.1543e-05 0 1.30317e-05 0 1.45363e-05 0 1.60772e-05 0 1.76412e-05 0 1.92623e-05 0 2.08338e-05 0 2.24931e-05 0 2.41304e-05 0 2.58489e-05 0 2.75275e-05 0 2.92159e-05 0 3.09076e-05 0 3.25962e-05 0 3.43466e-05 0 3.60859e-05 0 3.78077e-05 0 3.9584e-05 0 4.13346e-05 0 4.30533e-05 0 4.49042e-05 0 4.66321e-05 0 4.84035e-05 0 5.02188e-05 0 5.19842e-05 0 5.37899e-05 0 5.5538e-05 0 5.73228e-05 0 5.91445e-05 0
288.297 0.000226361 2.13925e-05 0.000204969 0.905494 -0.0748018 2.3494e-08 0 1.33394e-07 0 6.00132e-07 0 1.32433e-06 0 2.235e-06 0 3.28602e-06 0 4.46075e-06 0 5.70782e-06 0 7.05871e-06 0 8.44746e-06 0 9.90797e-06 0 1.14129e-05 0 1.29331e-05 0 1.45154e-05 0 1.61057e-05 0 1.77263e-05 0 1.93635e-05 0 2.1053e-05 0 2.26844e-05 0 2.44005e-05 0 2.6088e-05 0 2.78532e-05 0 2.95721e-05 0 3.12959e-05 0 3.30183e-05 0 3.47332e-05 0 3.65063e-05 0 3.82639e-05 0 3.99999e-05 0 4.17869e-05 0 4.35444e-05 0 4.52664e-05 0 4.71173e-05 0 4.88418e-05 0 5.06067e-05 0 5.24121e-05 0 5.4165e-05 0 5.5955e-05 0 5.76853e-05 0 5.94491e-05 0 6.12469e-05 0
303.095 0.00022387 2.15384e-05 0.000202332 0.903791 -0.100824 3.50971e-08 0 1.83075e-07 0 7.65357e-07 0 1.62497e-06 0 2.67328e-06 0 3.85729e-06 0 5.15889e-06 0 6.52245e-06 0 7.98327e-06 0 9.47093e-06 0 1.10228e-05 0 1.26102e-05 0 1.42036e-05 0 1.58525e-05 0 1.75011e-05 0 1.9173e-05 0 2.08545e-05 0 2.25828e-05 0 2.42453e-05 0 2.5988e-05 0 2.7696e-05 0 2.9477e-05 0 3.1206e-05 0 3.29353e-05 0 3.46587e-05 0 3.63703e-05 0 3.81359e-05 0 3.9882e-05 0 4.1603e-05 0 4.33708e-05 0 4.5106e-05 0 4.6803e-05 0 4.86235e-05 0 5.03169e-05 0 5.20469e-05 0 5.38137e-05 0 5.55265e-05 0 5.72729e-05 0 5.89584e-05 0 6.06743e-05 0 6.24207e-05 0
318.653 0.000217797 2.16063e-05 0.00019619 0.900796 -0.123721 5.06205e-08 0 2.43594e-07 0 9.49696e-07 0 1.94366e-06 0 3.12094e-06 0 4.42357e-06 0 5.8332e-06 0 7.29143e-06 0 8.83737e-06 0 1.03977e-05 0 1.20127e-05 0 1.36536e-05 0 1.52906e-05 0 1.69754e-05 0 1.86516e-05 0 2.03437e-05 0 2.20386e-05 0 2.37737e-05 0 2.54369e-05 0 2.71746e-05 0 2.88722e-05 0 3.06372e-05 0 3.23459e-05 0 3.40504e-05 0 3.57449e-05 0 3.74239e-05 0 3.9152e-05 0 4.08574e-05 0 4.25347e-05 0 4.42544e-05 0 4.59392e-05 0 4.75839e-05 0 4.93454e-05 0 5.0981e-05 0 5.26495e-05 0 5.43508e-05 0 5.59976e-05 0 5.76742e-05 0 5.92903e-05 0 6.09333e-05 0 6.26033e-05 0
335.009 0.000207882 2.14539e-05 0.000186429 0.896798 -0.144182 7.0135e-08 0 3.12584e-07 0 1.1404e-06 0 2.2539e-06 0 3.53661e-06 0 4.92844e-06 0 6.41224e-06 0 7.92896e-06 0 9.52099e-06 0 1.11142e-05 0 1.27513e-05 0 1.44038e-05 0 1.6043e-05 0 1.77213e-05 0 1.93832e-05 0 2.10537e-05 0 2.27204e-05 0 2.44204e-05 0 2.60444e-05 0 2.77358e-05 0 2.93834e-05 0 3.10915e-05 0 3.27408e-05 0 3.43819e-05 0 3.60097e-05 0 3.76191e-05 0 3.92719e-05 0 4.08998e-05 0 4.24979e-05 0 4.41333e-05 0 4.57326e-05 0 4.72914e-05 0 4.8958e-05 0 5.05032e-05 0 5.20769e-05 0 5.36794e-05 0 5.52283e-05 0 5.68033e-05 0 5.83193e-05 0 5.98587e-05 0 6.14214e-05 0
352.205 0.000194398 2.10455e-05 0.000173352 0.89174 -0.162607 9.33044e-08 0 3.86596e-07 0 1.32414e-06 0 2.53165e-06 0 3.88637e-06 0 5.3293e-06 0 6.84591e-06 0 8.37868e-06 0 9.97247e-06 0 1.15547e-05 0 1.31693e-05 0 1.4789e-05 0 1.6387e-05 0 1.80152e-05 0 1.96202e-05 0 2.12271e-05 0 2.28243e-05 0 2.44479e-05 0 2.59939e-05 0 2.75994e-05 0 2.91589e-05 0 3.07714e-05 0 3.23245e-05 0 3.38663e-05 0 3.53923e-05 0 3.68978e-05 0 3.8441e-05 0 3.9958e-05 0 4.14445e-05 0 4.29631e-05 0 4.44458e-05 0 4.58885e-05 0 4.74288e-05 0 4.88547e-05 0 5.03049e-05 0 5.17796e-05 0 5.32032e-05 0 5.46487e-05 0 5.60386e-05 0 5.74482e-05 0 5.88775e-05 0
370.284 0.000178173 2.04459e-05 0.000157727 0.885247 -0.179216 1.19646e-07 0 4.62517e-07 0 1.49192e-06 0 2.76389e-06 0 4.15552e-06 0 5.61187e-06 0 7.12214e-06 0 8.6322e-06 0 1.01884e-05 0 1.17217e-05 0 1.3276e-05 0 1.48263e-05 0 1.63479e-05 0 1.78911e-05 0 1.94061e-05 0 2.0917e-05 0 2.24136e-05 0 2.39299e-05 0 2.53694e-05 0 2.68602e-05 0 2.83044e-05 0 2.9794e-05 0 3.12254e-05 0 3.26433e-05 0 3.40437e-05 0 3.54227e-05 0 3.68336e-05 0 3.8218e-05 0 3.95723e-05 0 4.09536e-05 0 4.23001e-05 0 4.36085e-05 0 4.50032e-05 0 4.62926e-05 0 4.76023e-05 0 4.89323e-05 0 5.02147e-05 0 5.15153e-05 0 5.27644e-05 0 5.40299e-05 0 5.53117e-05 0
389.291 0.000160201 1.96307e-05 0.00014057 0.877462 -0.194391 1.47771e-07 0 5.34777e-07 0 1.62936e-06 0 2.92944e-06 0 4.31825e-06 0 5.74758e-06 0 7.21106e-06 0 8.65953e-06 0 1.01397e-05 0 1.15877e-05 0 1.30464e-05 0 1.44934e-05 0 1.59069e-05 0 1.73341e-05 0 1.87297e-05 0 2.01166e-05 0 2.14857e-05 0 2.28687e-05 0 2.41779e-05 0 2.55302e-05 0 2.6837e-05 0 2.81818e-05 0 2.94711e-05 0 3.07457e-05 0 3.20022e-05 0 3.32372e-05 0 3.44985e-05 0 3.5734e-05 0 3.69408e-05 0 3.81698e-05 0 3.93661e-05 0 4.05268e-05 0 4.17625e-05 0 4.29034e-05 0 4.40609e-05 0 4.52349e-05 0 4.63655e-05 0 4.7511e-05 0 4.86099e-05 0 4.97221e-05 0 5.08475e-05 0
409.273 0.000141574 1.86476e-05 0.000122926 0.868283 -0.208331 1.76197e-07 0 5.98883e-07 0 1.7284e-06 0 3.02035e-06 0 4.36954e-06 0 5.73628e-06 0 7.11891e-06 0 8.47428e-06 0 9.84834e-06 0 1.11834e-05 0 1.25205e-05 0 1.38401e-05 0 1.51232e-05 0 1.64135e-05 0 1.76705e-05 0 1.89155e-05 0 2.01408e-05 0 2.13748e-05 0 2.25399e-05 0 2.37404e-05 0 2.48979e-05 0 2.60864e-05 0 2.72235e-05 0 2.83454e-05 0 2.94494e-05 0 3.05327e-05 0 3.16372e-05 0 3.27175e-05 0 3.37711e-05 0 3.48425e-05 0 3.5884e-05 0 3.68932e-05 0 3.79663e-05 0 3.89558e-05 0 3.99586e-05 0 4.09746e-05 0 4.19519e-05 0 4.29411e-05 0 4.38891e-05 0 4.48476e-05 0 4.58166e-05 0
430.281 0.000123372 1.76081e-05 0.000105763 0.857276 -0.221044 2.04028e-07 0 6.53337e-07 0 1.7909e-06 0 3.04619e-06 0 4.32921e-06 0 5.60959e-06 0 6.89017e-06 0 8.13418e-06 0 9.38589e-06 0 1.05943e-05 0 1.1798e-05 0 1.29801e-05 0 1.41246e-05 0 1.52712e-05 0 1.63842e-05 0 1.74831e-05 0 1.85615e-05 0 1.96446e-05 0 2.06647e-05 0 2.17134e-05 0 2.27222e-05 0 2.3756e-05 0 2.47432e-05 0 2.57155e-05 0 2.66705e-05 0 2.76062e-05 0 2.85588e-05 0 2.94891e-05 0 3.03951e-05 0 3.13153e-05 0 3.22086e-05 0 3.30732e-05 0 3.39914e-05 0 3.48371e-05 0 3.56933e-05 0 3.65598e-05 0 3.73925e-05 0 3.82345e-05 0 3.90407e-05 0 3.98551e-05 0 4.06777e-05 0
452.368 0.000106294 1.65355e-05 8.97587e-05 0.844437 -0.23274 2.29812e-07 0 6.95357e-07 0 1.81508e-06 0 3.00921e-06 0 4.20511e-06 0 5.38176e-06 0 6.54601e-06 0 7.66738e-06 0 8.78773e-06 0 9.86283e-06 0 1.09282e-05 0 1.19697e-05 0 1.29741e-05 0 1.39766e-05 0 1.49466e-05 0 1.59015e-05 0 1.68359e-05 0 1.77721e-05 0 1.86518e-05 0 1.95541e-05 0 2.04205e-05 0 2.13065e-05 0 2.2151e-05 0 2.29815e-05 0 2.37959e-05 0 2.45926e-05 0 2.54025e-05 0 2.61925e-05 0 2.69608e-05 0 2.77401e-05 0 2.84957e-05 0 2.92263e-05 0 3.00014e-05 0 3.07144e-05 0 3.14356e-05 0 3.21648e-05 0 3.28649e-05 0 3.35721e-05 0 3.42487e-05 0 3.49316e-05 0 3.56208e-05 0
475.588 9.07924e-05 1.54686e-05 7.53238e-05 0.829626 -0.243534 2.52489e-07 0 7.23913e-07 0 1.80387e-06 0 2.91881e-06 0 4.01409e-06 0 5.07742e-06 0 6.11894e-06 0 7.11404e-06 0 8.10165e-06 0 9.04404e-06 0 9.97339e-06 0 1.0878e-05 0 1.17471e-05 0 1.26116e-05 0 1.34456e-05 0 1.42642e-05 0 1.50633e-05 0 1.5862e-05 0 1.66109e-05 0 1.73775e-05 0 1.81121e-05 0 1.88621e-05 0 1.95758e-05 0 2.02764e-05 0 2.09625e-05 0 2.16327e-05 0 2.23132e-05 0 2.2976e-05 0 2.36199e-05 0 2.42723e-05 0 2.49041e-05 0 2.55144e-05 0 2.61611e-05 0 2.67556e-05 0 2.73562e-05 0 2.79629e-05 0 2.85449e-05 0 2.91324e-05 0 2.9694e-05 0 3.02604e-05 0 3.08316e-05 0
500 7.70982e-05 1.44446e-05 6.26536e-05 0.812646 -0.253487 2.71418e-07 0 7.39367e-07 0 1.76294e-06 0 2.78761e-06 0 3.77604e-06 0 4.72363e-06 0 5.64295e-06 0 6.51469e-06 0 7.37447e-06 0 8.19055e-06 0 8.99168e-06 0 9.76838e-06 0 1.05119e-05 0 1.12493e-05 0 1.19585e-05 0 1.26528e-05 0 1.3329e-05 0 1.40033e-05 0 1.46344e-05 0 1.52791e-05 0 1.58958e-05 0 1.65244e-05 0 1.71216e-05 0 1.7707e-05 0 1.82795e-05 0 1.88381e-05 0 1.94045e-05 0 1.99555e-05 0 2.04902e-05 0 2.10313e-05 0 2.15549e-05 0 2.20601e-05 0 2.2595e-05 0 2.30862e-05 0 2.35821e-05 0 2.40826e-05 0 2.45623e-05 0 2.50462e-05 0 2.55084e-05 0 2.59742e-05 0 2.64436e-05 0
525.665 6.53413e-05 1.35415e-05 5.17998e-05 0.792757 -0.262454 2.87394e-07 0 7.45751e-07 0 1.70535e-06 0 2.63833e-06 0 3.52299e-06 0 4.36108e-06 0 5.16691e-06 0 5.92563e-06 0 6.66957e-06 0 7.37219e-06 0 8.05902e-06 0 8.72241e-06 0 9.3554e-06 0 9.98123e-06 0 1.05816e-05 0 1.11679e-05 0 1.17377e-05 0 1.23047e-05 0 1.28343e-05 0 1.33745e-05 0 1.38903e-05 0 1.44152e-05 0 1.49132e-05 0 1.54008e-05 0 1.5877e-05 0 1.6341e-05 0 1.68109e-05 0 1.72676e-05 0 1.77103e-05 0 1.8158e-05 0 1.85906e-05 0 1.90078e-05 0 1.9449e-05 0 1.98538e-05 0 2.02622e-05 0 2.06741e-05 0 2.10685e-05 0 2.14661e-05 0 2.18456e-05 0 2.22278e-05 0 2.26128e-05 0
552.648 5.5312e-05 1.27066e-05 4.26054e-05 0.770274 -0.270692 2.99137e-07 0 7.41225e-07 0 1.62913e-06 0 2.46887e-06 0 3.25232e-06 0 3.98631e-06 0 4.68613e-06 0 5.34066e-06 0 5.97894e-06 0 6.57898e-06 0 7.1632e-06 0 7.72551e-06 0 8.2604e-06 0 8.7878e-06 0 9.29246e-06 0 9.78425e-06 0 1.02611e-05 0 1.07348e-05 0 1.11764e-05 0 1.16261e-05 0 1.2055e-05 0 1.24907e-05 0 1.29035e-05 0 1.33071e-05 0 1.37009e-05 0 1.40842e-05 0 1.4472e-05 0 1.48484e-05 0 1.5213e-05 0 1.55813e-05 0 1.59369e-05 0 1.62795e-05 0 1.66416e-05 0 1.69736e-05 0 1.73082e-05 0 1.76454e-05 0 1.79682e-05 0 1.82933e-05 0 1.86034e-05 0 1.89156e-05 0 1.92297e-05 0
581.015 4.68509e-05 1.19428e-05 3.49081e-05 0.745089 -0.278249 3.06568e-07 0 7.27096e-07 0 1.53917e-06 0 2.2874e-06 0 2.97492e-06 0 3.61232e-06 0 4.21528e-06 0 4.77572e-06 0 5.31945e-06 0 5.82841e-06 0 6.32211e-06 0 6.79575e-06 0 7.245e-06 0 7.68682e-06 0 8.10862e-06 0 8.5188e-06 0 8.91576e-06 0 9.30937e-06 0 9.67576e-06 0 1.00483e-05 0 1.0403e-05 0 1.0763e-05 0 1.11036e-05 0 1.14362e-05 0 1.17603e-05 0 1.20755e-05 0 1.23941e-05 0 1.2703e-05 0 1.3002e-05 0 1.33037e-05 0 1.35949e-05 0 1.38751e-05 0 1.41711e-05 0 1.44423e-05 0 1.47154e-05 0 1.49905e-05 0 1.52536e-05 0 1.55185e-05 0 1.57709e-05 0 1.6025e-05 0 1.62805e-05 0
610.839 3.97829e-05 1.12494e-05 2.85335e-05 0.717231 -0.285155 3.09776e-07 0 7.04823e-07 0 1.4399e-06 0 2.10069e-06 0 2.69924e-06 0 3.24875e-06 0 3.76475e-06 0 4.24159e-06 0 4.702e-06 0 5.13123e-06 0 5.54616e-06 0 5.94302e-06 0 6.31845e-06 0 6.6868e-06 0 7.03769e-06 0 7.37825e-06 0 7.70726e-06 0 8.03294e-06 0 8.33565e-06 0 8.643e-06 0 8.93527e-06 0 9.23148e-06 0 9.51144e-06 0 9.78456e-06 0 1.00504e-05 0 1.03087e-05 0 1.05695e-05 0 1.08223e-05 0 1.10666e-05 0 1.13131e-05 0 1.15507e-05 0 1.17792e-05 0 1.20204e-05 0 1.22412e-05 0 1.24635e-05 0 1.26873e-05 0 1.29011e-05 0 1.31163e-05 0 1.33213e-05 0 1.35275e-05 0 1.37347e-05 0
642.193 3.39095e-05 1.06213e-05 2.32882e-05 0.686775 -0.291451 3.08947e-07 0 6.75805e-07 0 1.33494e-06 0 1.91386e-06 0 2.43127e-06 0 2.90195e-06 0 3.3409e-06 0 3.74434e-06 0 4.13216e-06 0 4.49236e-06 0 4.83944e-06 0 5.17048e-06 0 5.48287e-06 0 5.78868e-06 0 6.07943e-06 0 6.36111e-06 0 6.63278e-06 0 6.9013e-06 0 7.15052e-06 0 7.40324e-06 0 7.64327e-06 0 7.88626e-06 0 8.11567e-06 0 8.33925e-06 0 8.5567e-06 0 8.76775e-06 0 8.9807e-06 0 9.18689e-06 0 9.38608e-06 0 9.5868e-06 0 9.78022e-06 0 9.96612e-06 0 1.01622e-05 0 1.03416e-05 0 1.05221e-05 0 1.07037e-05 0 1.08772e-05 0 1.10516e-05 0 1.12177e-05 0 1.13847e-05 0 1.15524e-05 0
675.157 2.90317e-05 1.00513e-05 1.89804e-05 0.653781 -0.297187 3.04332e-07 0 6.41343e-07 0 1.2272e-06 0 1.73065e-06 0 2.17498e-06 0 2.57574e-06 0 2.94711e-06 0 3.28671e-06 0 3.61182e-06 0 3.91273e-06 0 4.20182e-06 0 4.47682e-06 0 4.73574e-06 0 4.98869e-06 0 5.22873e-06 0 5.4609e-06 0 5.68448e-06 0 5.90516e-06 0 6.10972e-06 0 6.31689e-06 0 6.51344e-06 0 6.71221e-06 0 6.89968e-06 0 7.08222e-06 0 7.2596e-06 0 7.43163e-06 0 7.60506e-06 0 7.77286e-06 0 7.93486e-06 0 8.09799e-06 0 8.25509e-06 0 8.40599e-06 0 8.56505e-06 0 8.71051e-06 0 8.85678e-06 0 9.00384e-06 0 9.14428e-06 0 9.28542e-06 0 9.41976e-06 0 9.55473e-06 0 9.6903e-06 0
709.813 2.49983e-05 9.54392e-06 1.54544e-05 0.618218 -0.302329 2.96641e-07 0 6.03453e-07 0 1.12051e-06 0 1.55581e-06 0 1.93553e-06 0 2.27529e-06 0 2.58826e-06 0 2.87313e-06 0 3.14479e-06 0 3.39542e-06 0 3.63554e-06 0 3.86342e-06 0 4.07751e-06 0 4.28627e-06 0 4.48404e-06 0 4.67503e-06 0 4.8587e-06 0 5.03974e-06 0 5.20736e-06 0 5.37694e-06 0 5.53766e-06 0 5.70003e-06 0 5.85303e-06 0 6.00189e-06 0 6.14642e-06 0 6.28648e-06 0 6.42759e-06 0 6.56402e-06 0 6.69565e-06 0 6.82812e-06 0 6.95561e-06 0 7.07801e-06 0 7.20695e-06 0 7.32481e-06 0 7.44327e-06 0 7.56231e-06 0 7.67593e-06 0 7.79007e-06 0 7.89868e-06 0 8.00774e-06 0 8.11724e-06 0
746.248 2.16946e-05 9.1093e-06 1.25853e-05 0.580112 -0.306789 2.86849e-07 0 5.64365e-07 0 1.01861e-06 0 1.39376e-06 0 1.71744e-06 0 2.00493e-06 0 2.26828e-06 0 2.50695e-06 0 2.73375e-06 0 2.94236e-06 0 3.14172e-06 0 3.33049e-06 0 3.5075e-06 0 3.6798e-06 0 3.84277e-06 0 3.99993e-06 0 4.15087e-06 0 4.29947e-06 0 4.43691e-06 0 4.57581e-06 0 4.70732e-06 0 4.84007e-06 0 4.96506e-06 0 5.08656e-06 0 5.20445e-06 0 5.31862e-06 0 5.43356e-06 0 5.54462e-06 0 5.65171e-06 0 5.75943e-06 0 5.86303e-06 0 5.96245e-06 0 6.06714e-06 0 6.16278e-06 0 6.25885e-06 0 6.35537e-06 0 6.44745e-06 0 6.53991e-06 0 6.62786e-06 0 6.71614e-06 0 6.80474e-06 0
784.553 1.89557e-05 8.70966e-06 1.0246e-05 0.540526 -0.310788 2.74423e-07 0 5.23135e-07 0 9.19251e-07 0 1.24057e-06 0 1.515e-06 0 1.75706e-06 0 1.97768e-06 0 2.17681e-06 0 2.36542e-06 0 2.53843e-06 0 2.70337e-06 0 2.85923e-06 0 3.00512e-06 0 3.1469e-06 0 3.28081e-06 0 3.40978e-06 0 3.53349e-06 0 3.65515e-06 0 3.76756e-06 0 3.88105e-06 0 3.98843e-06 0 4.09672e-06 0 4.1986e-06 0 4.29756e-06 0 4.39352e-06 0 4.48639e-06 0 4.57984e-06 0 4.67008e-06 0 4.75704e-06 0 4.84447e-06 0 4.92852e-06 0 5.00913e-06 0 5.09398e-06 0 5.17146e-06 0 5.24927e-06 0 5.32739e-06 0 5.4019e-06 0 5.47669e-06 0 5.5478e-06 0 5.61916e-06 0 5.69076e-06 0
824.824 1.66791e-05 8.33998e-06 8.33912e-06 0.499974 -0.314361 2.59845e-07 0 4.80787e-07 0 8.2378e-07 0 1.09738e-06 0 1.32885e-06 0 1.53173e-06 0 1.71575e-06 0 1.88124e-06 0 2.03751e-06 0 2.18049e-06 0 2.31651e-06 0 2.4448e-06 0 2.56467e-06 0 2.681e-06 0 2.79073e-06 0 2.89628e-06 0 2.99741e-06 0 3.09677e-06 0 3.18849e-06 0 3.28102e-06 0 3.36848e-06 0 3.45663e-06 0 3.53949e-06 0 3.61994e-06 0 3.69789e-06 0 3.77329e-06 0 3.84912e-06 0 3.92231e-06 0 3.9928e-06 0 4.06363e-06 0 4.1317e-06 0 4.19696e-06 0 4.26562e-06 0 4.32829e-06 0 4.3912e-06 0 4.45434e-06 0 4.51454e-06 0 4.57495e-06 0 4.63236e-06 0 4.68996e-06 0 4.74774e-06 0
867.163 1.47831e-05 7.99617e-06 6.78693e-06 0.459101 -0.317539 2.43624e-07 0 4.38257e-07 0 7.33265e-07 0 9.64937e-07 0 1.15923e-06 0 1.32852e-06 0 1.4814e-06 0 1.61841e-06 0 1.74743e-06 0 1.8652e-06 0 1.97701e-06 0 2.08228e-06 0 2.1805e-06 0 2.27569e-06 0 2.36536e-06 0 2.45152e-06 0 2.534e-06 0 2.61496e-06 0 2.68962e-06 0 2.76489e-06 0 2.83598e-06 0 2.90758e-06 0 2.97484e-06 0 3.0401e-06 0 3.10331e-06 0 3.16441e-06 0 3.22583e-06 0 3.28508e-06 0 3.34212e-06 0 3.39941e-06 0 3.45445e-06 0 3.50719e-06 0 3.56265e-06 0 3.61326e-06 0 3.66405e-06 0 3.71501e-06 0 3.76358e-06 0 3.8123e-06 0 3.85859e-06 0 3.90502e-06 0 3.95157e-06 0
911.674 1.3203e-05 7.67506e-06 5.52794e-06 0.418688 -0.320346 2.26275e-07 0 3.96378e-07 0 6.48514e-07 0 8.43662e-07 0 1.006e-06 0 1.14667e-06 0 1.2732e-06 0 1.38624e-06 0 1.4924e-06 0 1.58911e-06 0 1.68075e-06 0 1.76689e-06 0 1.84716e-06 0 1.92484e-06 0 1.99794e-06 0 2.06811e-06 0 2.13522e-06 0 2.20103e-06 0 2.26168e-06 0 2.32278e-06 0 2.38045e-06 0 2.43849e-06 0 2.49299e-06 0 2.54583e-06 0 2.59699e-06 0 2.64641e-06 0 2.69607e-06 0 2.74396e-06 0 2.79004e-06 0 2.83631e-06 0 2.88073e-06 0 2.92329e-06 0 2.96803e-06 0 3.00885e-06 0 3.04979e-06 0 3.09085e-06 0 3.12998e-06 0 3.16922e-06 0 3.2065e-06 0 3.24387e-06 0 3.28134e-06 0
958.471 1.18751e-05 7.37292e-06 4.50219e-06 0.379128 -0.322819 2.08254e-07 0 3.5579e-07 0 5.69974e-07 0 7.33527e-07 0 8.68562e-07 0 9.84989e-07 0 1.08932e-06 0 1.18226e-06 0 1.26934e-06 0 1.3485e-06 0 1.42339e-06 0 1.49369e-06 0 1.5591e-06 0 1.62234e-06 0 1.68178e-06 0 1.73879e-06 0 1.79327e-06 0 1.84665e-06 0 1.89581e-06 0 1.9453e-06 0 1.99198e-06 0 2.03894e-06 0 2.08301e-06 0 2.12572e-06 0 2.16704e-06 0 2.20695e-06 0 2.24703e-06 0 2.28567e-06 0 2.32283e-06 0 2.36013e-06 0 2.39594e-06 0 2.43022e-06 0 2.46626e-06 0 2.49912e-06 0 2.53207e-06 0 2.56512e-06 0 2.5966e-06 0 2.62816e-06 0 2.65813e-06 0 2.68817e-06 0 2.71828e-06 0
1007.67 1.07568e-05 7.09024e-06 3.6666e-06 0.340862 -0.324954 1.90083e-07 0 3.17176e-07 0 4.98151e-07 0 6.34628e-07 0 7.46528e-07 0 8.42562e-07 0 9.28323e-07 0 1.00451e-06 0 1.07575e-06 0 1.14039e-06 0 1.20145e-06 0 1.25869e-06 0 1.31188e-06 0 1.36326e-06 0 1.41151e-06 0 1.45774e-06 0 1.50188e-06 0 1.5451e-06 0 1.58488e-06 0 1.6249e-06 0 1.66264e-06 0 1.70057e-06 0 1.73615e-06 0 1.77062e-06 0 1.80396e-06 0 1.83614e-06 0 1.86845e-06 0 1.89958e-06 0 1.92951e-06 0 1.95955e-06 0 1.98837e-06 0 2.01596e-06 0 2.04495e-06 0 2.07138e-06 0 2.09788e-06 0 2.12444e-06 0 2.14974e-06 0 2.1751e-06 0 2.19917e-06 0 2.2233e-06 0 2.24748e-06 0
1059.39 9.82513e-06 6.83771e-06 2.98742e-06 0.30406 -0.326624 1.72459e-07 0 2.81449e-07 0 4.33887e-07 0 5.4752e-07 0 6.40097e-07 0 7.19209e-07 0 7.89636e-07 0 8.52051e-07 0 9.10291e-07 0 9.6305e-07 0 1.01282e-06 0 1.05941e-06 0 1.10266e-06 0 1.1444e-06 0 1.18356e-06 0 1.22106e-06 0 1.25683e-06 0 1.29184e-06 0 1.32404e-06 0 1.35642e-06 0 1.38693e-06 0 1.41759e-06 0 1.44633e-06 0 1.47417e-06 0 1.50108e-06 0 1.52704e-06 0 1.5531e-06 0 1.5782e-06 0 1.60233e-06 0 1.62654e-06 0 1.64976e-06 0 1.67198e-06 0 1.69532e-06 0 1.71659e-06 0 1.73792e-06 0 1.75929e-06 0 1.77964e-06 0 1.80003e-06 0 1.81939e-06 0 1.83879e-06 0 1.85822e-06 0
1113.77 9.03171e-06 6.59648e-06 2.43523e-06 0.269632 -0.328026 1.55226e-07 0 2.48089e-07 0 3.7583e-07 0 4.70041e-07 0 5.46344e-07 0 6.11293e-07 0 6.68945e-07 0 7.19924e-07 0 7.67406e-07 0 8.10354e-07 0 8.50813e-07 0 8.88648e-07 0 9.2374e-07 0 9.57569e-07 0 9.89286e-07 0 1.01963e-06 0 1.04857e-06 0 1.07687e-06 0 1.10288e-06 0 1.12903e-06 0 1.15365e-06 0 1.17839e-06 0 1.20157e-06 0 1.224e-06 0 1.24569e-06 0 1.26661e-06 0 1.28759e-06 0 1.3078e-06 0 1.32722e-06 0 1.34669e-06 0 1.36537e-06 0 1.38324e-06 0 1.402e-06 0 1.4191e-06 0 1.43624e-06 0 1.45341e-06 0 1.46976e-06 0 1.48614e-06 0 1.50168e-06 0 1.51725e-06 0 1.53285e-06 0
1170.94 8.34998e-06 6.36498e-06 1.985e-06 0.237726 -0.329188 1.38652e-07 0 2.1729e-07 0 3.23812e-07 0 4.01603e-07 0 4.64267e-07 0 5.17416e-07 0 5.64467e-07 0 6.05988e-07 0 6.44595e-07 0 6.79467e-07 0 7.1228e-07 0 7.42932e-07 0 7.71337e-07 0 7.98697e-07 0 8.24331e-07 0 8.48842e-07 0 8.72199e-07 0 8.9503e-07 0 9.16007e-07 0 9.3708e-07 0 9.56919e-07 0 9.76838e-07 0 9.95498e-07 0 1.01355e-06 0 1.031e-06 0 1.04782e-06 0 1.06469e-06 0 1.08093e-06 0 1.09654e-06 0 1.11218e-06 0 1.12718e-06 0 1.14153e-06 0 1.1566e-06 0 1.17032e-06 0 1.18408e-06 0 1.19785e-06 0 1.21097e-06 0 1.2241e-06 0 1.23657e-06 0 1.24905e-06 0 1.26156e-06 0
1231.05 7.76413e-06 6.14615e-06 1.61799e-06 0.208392 -0.330072 1.23029e-07 0 1.89281e-07 0 2.7776e-07 0 3.41789e-07 0 3.93112e-07 0 4.36498e-07 0 4.74814e-07 0 5.08562e-07 0 5.39895e-07 0 5.68159e-07 0 5.94726e-07 0 6.19521e-07 0 6.42478e-07 0 6.64575e-07 0 6.85264e-07 0 7.05035e-07 0 7.23865e-07 0 7.42262e-07 0 7.59158e-07 0 7.76123e-07 0 7.9209e-07 0 8.08114e-07 0 8.23121e-07 0 8.37637e-07 0 8.51656e-07 0 8.65174e-07 0 8.78726e-07 0 8.9177e-07 0 9.04299e-07 0 9.16857e-07 0 9.28894e-07 0 9.40407e-07 0 9.52493e-07 0 9.635e-07 0 9.74527e-07 0 9.85573e-07 0 9.96084e-07 0 1.00661e-06 0 1.0166e-06 0 1.0266e-06 0 1.03662e-06 0
1294.24 7.26201e-06 5.94219e-06 1.31982e-06 0.181743 -0.330637 1.08547e-07 0 1.64131e-07 0 2.37396e-07 0 2.89974e-07 0 3.31927e-07 0 3.67285e-07 0 3.98442e-07 0 4.25837e-07 0 4.51235e-07 0 4.74121e-07 0 4.9561e-07 0 5.15648e-07 0 5.34188e-07 0 5.52021e-07 0 5.68708e-07 0 5.84646e-07 0 5.99818e-07 0 6.14634e-07 0 6.28235e-07 0 6.41888e-07 0 6.54732e-07 0 6.67618e-07 0 6.79682e-07 0 6.91348e-07 0 7.02612e-07 0 7.1347e-07 0 7.24354e-07 0 7.34826e-07 0 7.44883e-07 0 7.54961e-07 0 7.6462e-07 0 7.73856e-07 0 7.8355e-07 0 7.92377e-07 0 8.01218e-07 0 8.10074e-07 0 8.18499e-07 0 8.26936e-07 0 8.34941e-07 0 8.42955e-07 0 8.50981e-07 0
1360.67 6.82171e-06 5.74503e-06 1.07669e-06 0.157832 -0.331 9.5149e-08 0 1.4155e-07 0 2.01977e-07 0 2.45011e-07 0 2.79204e-07 0 3.07943e-07 0 3.33216e-07 0 3.55403e-07 0 3.75947e-07 0 3.94438e-07 0 4.11786e-07 0 4.27949e-07 0 4.42893e-07 0 4.57259e-07 0 4.70695e-07 0 4.83521e-07 0 4.95725e-07 0 5.07638e-07 0 5.18571e-07 0 5.2954e-07 0 5.39857e-07 0 5.50204e-07 0 5.59888e-07 0 5.69251e-07 0 5.78289e-07 0 5.86998e-07 0 5.95727e-07 0 6.04124e-07 0 6.12186e-07 0 6.20263e-07 0 6.28003e-07 0 6.35403e-07 0 6.43169e-07 0 6.50239e-07 0 6.5732e-07 0 6.6441e-07 0 6.71155e-07 0 6.7791e-07 0 6.84316e-07 0 6.9073e-07 0 6.97152e-07 0
1430.51 6.43177e-06 5.55348e-06 8.78297e-07 0.136556 -0.33119 8.28825e-08 0 1.21432e-07 0 1.71081e-07 0 2.06191e-07 0 2.33982e-07 0 2.5728e-07 0 2.77731e-07 0 2.95659e-07 0 3.1224e-07 0 3.27149e-07 0 3.41125e-07 0 3.54138e-07 0 3.66162e-07 0 3.77714e-07 0 3.88513e-07 0 3.98817e-07 0 4.08617e-07 0 4.18181e-07 0 4.26953e-07 0 4.35753e-07 0 4.44027e-07 0 4.52323e-07 0 4.60086e-07 0 4.67589e-07 0 4.74829e-07 0 4.81806e-07 0 4.88796e-07 0 4.95519e-07 0 5.01974e-07 0 5.08439e-07 0 5.14633e-07 0 5.20554e-07 0 5.26767e-07 0 5.32423e-07 0 5.38086e-07 0 5.43756e-07 0 5.4915e-07 0 5.5455e-07 0 5.59671e-07 0 5.64798e-07 0 5.69931e-07 0
1503.94 6.08436e-06 5.36782e-06 7.16539e-07 0.117767 -0.331207 7.17776e-08 0 1.03666e-07 0 1.44319e-07 0 1.72882e-07 0 1.95412e-07 0 2.14257e-07 0 2.3077e-07 0 2.45227e-07 0 2.58584e-07 0 2.70584e-07 0 2.81824e-07 0 2.92283e-07 0 3.01941e-07 0 3.11216e-07 0 3.19882e-07 0 3.28147e-07 0 3.36006e-07 0 3.43672e-07 0 3.50702e-07 0 3.57752e-07 0 3.64378e-07 0 3.71021e-07 0 3.77235e-07 0 3.8324e-07 0 3.89034e-07 0 3.94615e-07 0 4.00207e-07 0 4.05583e-07 0 4.10744e-07 0 4.15913e-07 0 4.20864e-07 0 4.25597e-07 0 4.30562e-07 0 4.35081e-07 0 4.39605e-07 0 4.44135e-07 0 4.48443e-07 0 4.52756e-07 0 4.56846e-07 0 4.6094e-07 0 4.65038e-07 0
1581.14 5.78173e-06 5.19678e-06 5.84948e-07 0.101172 -0.330867 6.19269e-08 0 8.82447e-08 0 1.21483e-07 0 1.44699e-07 0 1.62954e-07 0 1.7819e-07 0 1.9152e-07 0 2.03177e-07 0 2.13936e-07 0 2.23595e-07 0 2.32635e-07 0 2.41042e-07 0 2.48802e-07 0 2.56251e-07 0 2.63207e-07 0 2.6984e-07 0 2.76144e-07 0 2.82291e-07 0 2.87927e-07 0 2.93577e-07 0 2.98887e-07 0 3.04209e-07 0 3.09186e-07 0 3.13994e-07 0 3.18633e-07 0 3.23101e-07 0 3.27576e-07 0 3.31879e-07 0 3.36008e-07 0 3.40143e-07 0 3.44104e-07 0 3.47889e-07 0 3.51859e-07 0 3.55472e-07 0 3.5909e-07 0 3.62711e-07 0 3.66154e-07 0 3.69601e-07 0 3.7287e-07 0 3.76141e-07 0 3.79416e-07 0
1662.3 5.50685e-06 5.02938e-06 4.77463e-07 0.0867035 -0.330382 5.31397e-08 0 7.47743e-08 0 1.01865e-07 0 1.20685e-07 0 1.35439e-07 0 1.47731e-07 0 1.5847e-07 0 1.6785e-07 0 1.76501e-07 0 1.84261e-07 0 1.9152e-07 0 1.98266e-07 0 2.04491e-07 0 2.10463e-07 0 2.16038e-07 0 2.21352e-07 0 2.26402e-07 0 2.31324e-07 0 2.35836e-07 0 2.40358e-07 0 2.44607e-07 0 2.48864e-07 0 2.52845e-07 0 2.56691e-07 0 2.604e-07 0 2.63972e-07 0 2.67549e-07 0 2.70987e-07 0 2.74287e-07 0 2.77591e-07 0 2.80755e-07 0 2.83779e-07 0 2.8695e-07 0 2.89836e-07 0 2.92724e-07 0 2.95616e-07 0 2.98365e-07 0 3.01117e-07 0 3.03726e-07 0 3.06337e-07 0 3.08951e-07 0
1747.63 5.25494e-06 4.86526e-06 3.89679e-07 0.0741548 -0.329765 4.53639e-08 0 6.30825e-08 0 8.50957e-08 0 1.00313e-07 0 1.12212e-07 0 1.22107e-07 0 1.30741e-07 0 1.38275e-07 0 1.45218e-07 0 1.51442e-07 0 1.5726e-07 0 1.62666e-07 0 1.6765e-07 0 1.72431e-07 0 1.76893e-07 0 1.81144e-07 0 1.85183e-07 0 1.89119e-07 0 1.92726e-07 0 1.9634e-07 0 1.99735e-07 0 2.03136e-07 0 2.06316e-07 0 2.09387e-07 0 2.12349e-07 0 2.15201e-07 0 2.18056e-07 0 2.20801e-07 0 2.23435e-07 0 2.26071e-07 0 2.28596e-07 0 2.31009e-07 0 2.33538e-07 0 2.3584e-07 0 2.38144e-07 0 2.4045e-07 0 2.42643e-07 0 2.44837e-07 0 2.46917e-07 0 2.48999e-07 0 2.51083e-07 0
1837.33 5.02249e-06 4.70432e-06 3.18164e-07 0.063348 -0.329029 3.85365e-08 0 5.29974e-08 0 7.08349e-08 0 8.31103e-08 0 9.26853e-08 0 1.00635e-07 0 1.07564e-07 0 1.13605e-07 0 1.19167e-07 0 1.2415e-07 0 1.28807e-07 0 1.33131e-07 0 1.37117e-07 0 1.40938e-07 0 1.44504e-07 0 1.479e-07 0 1.51126e-07 0 1.54269e-07 0 1.57148e-07 0 1.60033e-07 0 1.62742e-07 0 1.65456e-07 0 1.67993e-07 0 1.70443e-07 0 1.72805e-07 0 1.75079e-07 0 1.77356e-07 0 1.79544e-07 0 1.81643e-07 0 1.83745e-07 0 1.85757e-07 0 1.87679e-07 0 1.89695e-07 0 1.91529e-07 0 1.93365e-07 0 1.95202e-07 0 1.96948e-07 0 1.98696e-07 0 2.00353e-07 0 2.02011e-07 0 2.0367e-07 0
1931.64 4.80627e-06 4.5464e-06 2.59868e-07 0.0540684 -0.328185 3.25838e-08 0 4.43475e-08 0 5.87631e-08 0 6.86428e-08 0 7.63321e-08 0 8.27072e-08 0 8.82576e-08 0 9.30927e-08 0 9.75418e-08 0 1.01526e-07 0 1.05247e-07 0 1.087e-07 0 1.11883e-07 0 1.14933e-07 0 1.17778e-07 0 1.20488e-07 0 1.23061e-07 0 1.25567e-07 0 1.27862e-07 0 1.30162e-07 0 1.32321e-07 0 1.34484e-07 0 1.36505e-07 0 1.38457e-07 0 1.40338e-07 0 1.4215e-07 0 1.43963e-07 0 1.45705e-07 0 1.47377e-07 0 1.4905e-07 0 1.50652e-07 0 1.52182e-07 0 1.53786e-07 0 1.55246e-07 0 1.56707e-07 0 1.58169e-07 0 1.59558e-07 0 1.60949e-07 0 1.62267e-07 0 1.63586e-07 0 1.64906e-07 0
2030.79 4.61319e-06 4.40101e-06 2.12181e-07 0.0459944 -0.326924 2.74883e-08 0 3.70494e-08 0 4.86958e-08 0 5.66479e-08 0 6.28244e-08 0 6.79385e-08 0 7.23869e-08 0 7.6259e-08 0 7.98199e-08 0 8.30068e-08 0 8.59822e-08 0 8.87428e-08 0 9.12859e-08 0 9.37226e-08 0 9.59949e-08 0 9.81584e-08 0 1.00212e-07 0 1.02212e-07 0 1.04044e-07 0 1.05879e-07 0 1.07602e-07 0 1.09327e-07 0 1.10939e-07 0 1.12495e-07 0 1.13995e-07 0 1.15439e-07 0 1.16885e-07 0 1.18274e-07 0 1.19606e-07 0 1.20939e-07 0 1.22216e-07 0 1.23435e-07 0 1.24714e-07 0 1.25877e-07 0 1.2704e-07 0 1.28205e-07 0 1.29312e-07 0 1.30419e-07 0 1.31469e-07 0 1.3252e-07 0 1.33571e-07 0
2135.03 4.45124e-06 4.2781e-06 1.73144e-07 0.0388978 -0.324789 2.32015e-08 0 3.09869e-08 0 4.04186e-08 0 4.68366e-08 0 5.18124e-08 0 5.59275e-08 0 5.95036e-08 0 6.26145e-08 0 6.54737e-08 0 6.80315e-08 0 7.04186e-08 0 7.26326e-08 0 7.46716e-08 0 7.66249e-08 0 7.84459e-08 0 8.01793e-08 0 8.18245e-08 0 8.34266e-08 0 8.48937e-08 0 8.63628e-08 0 8.77419e-08 0 8.91227e-08 0 9.04129e-08 0 9.16584e-08 0 9.28589e-08 0 9.40144e-08 0 9.51708e-08 0 9.6282e-08 0 9.73477e-08 0 9.84142e-08 0 9.94351e-08 0 1.0041e-07 0 1.01433e-07 0 1.02362e-07 0 1.03293e-07 0 1.04224e-07 0 1.05109e-07 0 1.05994e-07 0 1.06834e-07 0 1.07673e-07 0 1.08513e-07 0
2244.63 4.295e-06 4.15361e-06 1.41383e-07 0.0329181 -0.322484 1.94925e-08 0 2.5811e-08 0 3.34276e-08 0 3.85944e-08 0 4.25935e-08 0 4.58972e-08 0 4.87659e-08 0 5.12599e-08 0 5.35511e-08 0 5.55997e-08 0 5.75111e-08 0 5.92833e-08 0 6.0915e-08 0 6.24777e-08 0 6.39343e-08 0 6.53206e-08 0 6.66361e-08 0 6.7917e-08 0 6.90897e-08 0 7.02639e-08 0 7.1366e-08 0 7.24693e-08 0 7.35002e-08 0 7.44952e-08 0 7.54542e-08 0 7.63771e-08 0 7.73008e-08 0 7.81882e-08 0 7.90392e-08 0 7.98908e-08 0 8.07059e-08 0 8.14845e-08 0 8.23006e-08 0 8.3043e-08 0 8.37857e-08 0 8.45289e-08 0 8.52353e-08 0 8.5942e-08 0 8.66118e-08 0 8.72819e-08 0 8.79523e-08 0
2359.84 4.14267e-06 4.02723e-06 1.15439e-07 0.0278659 -0.320019 1.63014e-08 0 2.14126e-08 0 2.75459e-08 0 3.16947e-08 0 3.49011e-08 0 3.75472e-08 0 3.98434e-08 0 4.18385e-08 0 4.36704e-08 0 4.53079e-08 0 4.68352e-08 0 4.82509e-08 0 4.9554e-08 0 5.08017e-08 0 5.19646e-08 0 5.30711e-08 0 5.41209e-08 0 5.51429e-08 0 5.60786e-08 0 5.70153e-08 0 5.78944e-08 0 5.87743e-08 0 5.95964e-08 0 6.03899e-08 0 6.11545e-08 0 6.18904e-08 0 6.26267e-08 0 6.33341e-08 0 6.40125e-08 0 6.46912e-08 0 6.53409e-08 0 6.59614e-08 0 6.66118e-08 0 6.72033e-08 0 6.77952e-08 0 6.83873e-08 0 6.89501e-08 0 6.95132e-08 0 7.00468e-08 0 7.05806e-08 0 7.11147e-08 0
2480.97 3.99307e-06 3.89883e-06 9.4236e-08 0.0235999 -0.317408 1.35711e-08 0 1.76922e-08 0 2.2617e-08 0 2.59398e-08 0 2.85042e-08 0 3.06187e-08 0 3.24523e-08 0 3.40447e-08 0 3.55063e-08 0 3.68123e-08 0 3.803e-08 0 3.91585e-08 0 4.0197e-08 0 4.11912e-08 0 4.21176e-08 0 4.2999e-08 0 4.38351e-08 0 4.4649e-08 0 4.5394e-08 0 4.61397e-08 0 4.68395e-08 0 4.754e-08 0 4.81943e-08 0 4.88258e-08 0 4.94343e-08 0 5.00198e-08 0 5.06057e-08 0 5.11685e-08 0 5.17082e-08 0 5.22482e-08 0 5.2765e-08 0 5.32586e-08 0 5.37759e-08 0 5.42464e-08 0 5.47171e-08 0 5.51881e-08 0 5.56356e-08 0 5.60834e-08 0 5.65077e-08 0 5.69322e-08 0 5.73568e-08 0
2608.32 3.84537e-06 3.76844e-06 7.69264e-08 0.0200049 -0.314668 1.1248e-08 0 1.45602e-08 0 1.85034e-08 0 2.11577e-08 0 2.32036e-08 0 2.48893e-08 0 2.63501e-08 0 2.76181e-08 0 2.87816e-08 0 2.98209e-08 0 3.07897e-08 0 3.16873e-08 0 3.25132e-08 0 3.33037e-08 0 3.40402e-08 0 3.47408e-08 0 3.54053e-08 0 3.60521e-08 0 3.6644e-08 0 3.72366e-08 0 3.77925e-08 0 3.8349e-08 0 3.88687e-08 0 3.93702e-08 0 3.98535e-08 0 4.03185e-08 0 4.07838e-08 0 4.12307e-08 0 4.16592e-08 0 4.20879e-08 0 4.24982e-08 0 4.28901e-08 0 4.33007e-08 0 4.36742e-08 0 4.40479e-08 0 4.44217e-08 0 4.47769e-08 0 4.51323e-08 0 4.5469e-08 0 4.58059e-08 0 4.61429e-08 0
2742.21 3.6991e-06 3.63627e-06 6.2833e-08 0.016986 -0.311817 9.28206e-09 0 1.19357e-08 0 1.50842e-08 0 1.7199e-08 0 1.88273e-08 0 2.01677e-08 0 2.13289e-08 0 2.23363e-08 0 2.32604e-08 0 2.40856e-08 0 2.48547e-08 0 2.55671e-08 0 2.62224e-08 0 2.68496e-08 0 2.74339e-08 0 2.79895e-08 0 2.85166e-08 0 2.90295e-08 0 2.94989e-08 0 2.99686e-08 0 3.04094e-08 0 3.08505e-08 0 3.12625e-08 0 3.166e-08 0 3.20431e-08 0 3.24116e-08 0 3.27803e-08 0 3.31344e-08 0 3.3474e-08 0 3.38137e-08 0 3.41388e-08 0 3.44492e-08 0 3.47746e-08 0 3.50705e-08 0 3.53665e-08 0 3.56626e-08 0 3.59439e-08 0 3.62254e-08 0 3.64922e-08 0 3.6759e-08 0 3.70259e-08 0
2882.97 3.55385e-06 3.50254e-06 5.13105e-08 0.014438 -0.308875 7.62716e-09 0 9.74667e-09 0 1.22536e-08 0 1.39342e-08 0 1.52269e-08 0 1.62903e-08 0 1.72111e-08 0 1.80096e-08 0 1.87419e-08 0 1.93956e-08 0 2.00048e-08 0 2.05689e-08 0 2.10878e-08 0 2.15843e-08 0 2.20468e-08 0 2.24866e-08 0 2.29037e-08 0 2.33095e-08 0 2.36809e-08 0 2.40526e-08 0 2.44013e-08 0 2.47502e-08 0 2.50761e-08 0 2.53906e-08 0 2.56935e-08 0 2.59849e-08 0 2.62765e-08 0 2.65566e-08 0 2.68251e-08 0 2.70937e-08 0 2.73508e-08 0 2.75962e-08 0 2.78534e-08 0 2.80874e-08 0 2.83214e-08 0 2.85555e-08 0 2.87779e-08 0 2.90004e-08 0 2.92113e-08 0 2.94222e-08 0 2.96332e-08 0
3030.95 3.40956e-06 3.36767e-06 4.18919e-08 0.0122866 -0.305863 6.24141e-09 0 7.92921e-09 0 9.91988e-09 0 1.12521e-08 0 1.22758e-08 0 1.31175e-08 0 1.38459e-08 0 1.44774e-08 0 1.50563e-08 0 1.55731e-08 0 1.60545e-08 0 1.65002e-08 0 1.69102e-08 0 1.73024e-08 0 1.76677e-08 0 1.8015e-08 0 1.83444e-08 0 1.86649e-08 0 1.89581e-08 0 1.92515e-08 0 1.95268e-08 0 1.98023e-08 0 2.00595e-08 0 2.03077e-08 0 2.05468e-08 0 2.07768e-08 0 2.10069e-08 0 2.12279e-08 0 2.14398e-08 0 2.16518e-08 0 2.18546e-08 0 2.20482e-08 0 2.22512e-08 0 2.24358e-08 0 2.26204e-08 0 2.2805e-08 0 2.29805e-08 0 2.31561e-08 0 2.33224e-08 0 2.34888e-08 0 2.36552e-08 0
3186.53 3.26648e-06 3.23227e-06 3.42136e-08 0.0104741 -0.302805 5.0872e-09 0 6.42739e-09 0 8.00402e-09 0 9.05743e-09 0 9.86625e-09 0 1.05309e-08 0 1.11058e-08 0 1.16042e-08 0 1.20609e-08 0 1.24685e-08 0 1.28481e-08 0 1.31995e-08 0 1.35227e-08 0 1.38319e-08 0 1.41198e-08 0 1.43935e-08 0 1.46531e-08 0 1.49056e-08 0 1.51367e-08 0 1.53678e-08 0 1.55847e-08 0 1.58017e-08 0 1.60043e-08 0 1.61998e-08 0 1.63881e-08 0 1.65693e-08 0 1.67505e-08 0 1.69246e-08 0 1.70915e-08 0 1.72584e-08 0 1.74181e-08 0 1.75706e-08 0 1.77304e-08 0 1.78757e-08 0 1.80211e-08 0 1.81665e-08 0 1.83047e-08 0 1.84429e-08 0 1.85738e-08 0 1.87048e-08 0 1.88358e-08 0
3350.09 3.1249e-06 3.09695e-06 2.79496e-08 0.00894416 -0.299722 4.13071e-09 0 5.19198e-09 0 6.43758e-09 0 7.26861e-09 0 7.9062e-09 0 8.42987e-09 0 8.88269e-09 0 9.27508e-09 0 9.63461e-09 0 9.9554e-09 0 1.02541e-08 0 1.05307e-08 0 1.07849e-08 0 1.10281e-08 0 1.12546e-08 0 1.14699e-08 0 1.1674e-08 0 1.18726e-08 0 1.20543e-08 0 1.22361e-08 0 1.24066e-08 0 1.25772e-08 0 1.27365e-08 0 1.28902e-08 0 1.30382e-08 0 1.31806e-08 0 1.33231e-08 0 1.34599e-08 0 1.3591e-08 0 1.37222e-08 0 1.38477e-08 0 1.39676e-08 0 1.40932e-08 0 1.42074e-08 0 1.43216e-08 0 1.44359e-08 0 1.45445e-08 0 1.46531e-08 0 1.4756e-08 0 1.48589e-08 0 1.49618e-08 0
3522.05 2.98515e-06 2.96232e-06 2.28278e-08 0.00764712 -0.296638 3.34195e-09 0 4.18018e-09 0 5.16193e-09 0 5.81607e-09 0 6.31759e-09 0 6.72932e-09 0 7.08523e-09 0 7.39355e-09 0 7.67601e-09 0 7.92798e-09 0 8.16259e-09 0 8.37975e-09 0 8.5794e-09 0 8.77034e-09 0 8.94812e-09 0 9.11712e-09 0 9.27734e-09 0 9.43321e-09 0 9.5758e-09 0 9.71846e-09 0 9.85227e-09 0 9.98614e-09 0 1.01111e-08 0 1.02317e-08 0 1.03479e-08 0 1.04596e-08 0 1.05714e-08 0 1.06787e-08 0 1.07816e-08 0 1.08845e-08 0 1.0983e-08 0 1.1077e-08 0 1.11755e-08 0 1.12651e-08 0 1.13547e-08 0 1.14443e-08 0 1.15295e-08 0 1.16147e-08 0 1.16954e-08 0 1.17761e-08 0 1.18568e-08 0
3702.84 2.84766e-06 2.82902e-06 1.86407e-08 0.00654596 -0.293572 2.69456e-09 0 3.35503e-09 0 4.1271e-09 0 4.64092e-09 0 5.03461e-09 0 5.35768e-09 0 5.63687e-09 0 5.87868e-09 0 6.10015e-09 0 6.29769e-09 0 6.4816e-09 0 6.65181e-09 0 6.80828e-09 0 6.95791e-09 0 7.09721e-09 0 7.22964e-09 0 7.35517e-09 0 7.47728e-09 0 7.58898e-09 0 7.70074e-09 0 7.80555e-09 0 7.91041e-09 0 8.00832e-09 0 8.10276e-09 0 8.19374e-09 0 8.28124e-09 0 8.36877e-09 0 8.45282e-09 0 8.5334e-09 0 8.61399e-09 0 8.6911e-09 0 8.76472e-09 0 8.84186e-09 0 8.912e-09 0 8.98216e-09 0 9.05233e-09 0 9.11901e-09 0 9.18569e-09 0 9.24888e-09 0 9.31208e-09 0 9.37529e-09 0
3892.91 2.71313e-06 2.6979e-06 1.5232e-08 0.00561417 -0.290547 2.16579e-09 0 2.68508e-09 0 3.29105e-09 0 3.69389e-09 0 4.00238e-09 0 4.25544e-09 0 4.47406e-09 0 4.66337e-09 0 4.83674e-09 0 4.99135e-09 0 5.13527e-09 0 5.26846e-09 0 5.39088e-09 0 5.50795e-09 0 5.61692e-09 0 5.72051e-09 0 5.8187e-09 0 5.91422e-09 0 6.00158e-09 0 6.08898e-09 0 6.17096e-09 0 6.25296e-09 0 6.32952e-09 0 6.40338e-09 0 6.47452e-09 0 6.54294e-09 0 6.61138e-09 0 6.6771e-09 0 6.74009e-09 0 6.8031e-09 0 6.86339e-09 0 6.92095e-09 0 6.98126e-09 0 7.03609e-09 0 7.09094e-09 0 7.1458e-09 0 7.19792e-09 0 7.25005e-09 0 7.29945e-09 0 7.34885e-09 0 7.39826e-09 0
4092.73 2.58187e-06 2.56942e-06 1.24455e-08 0.00482035 -0.287579 1.73565e-09 0 2.14312e-09 0 2.61784e-09 0 2.93313e-09 0 3.17444e-09 0 3.37233e-09 0 3.54325e-09 0 3.69122e-09 0 3.82671e-09 0 3.94752e-09 0 4.05998e-09 0 4.16403e-09 0 4.25967e-09 0 4.35112e-09 0 4.43624e-09 0 4.51715e-09 0 4.59383e-09 0 4.66843e-09 0 4.73665e-09 0 4.80491e-09 0 4.86892e-09 0 4.93295e-09 0 4.99273e-09 0 5.0504e-09 0 5.10594e-09 0 5.15936e-09 0 5.2128e-09 0 5.2641e-09 0 5.31329e-09 0 5.36248e-09 0 5.40954e-09 0 5.45447e-09 0 5.50155e-09 0 5.54436e-09 0 5.58717e-09 0 5.62999e-09 0 5.67068e-09 0 5.71137e-09 0 5.74993e-09 0 5.78849e-09 0 5.82706e-09 0
4302.81 2.4543e-06 2.44414e-06 1.01668e-08 0.00414244 -0.284681 1.38718e-09 0 1.70632e-09 0 2.07762e-09 0 2.32399e-09 0 2.51247e-09 0 2.66698e-09 0 2.80041e-09 0 2.9159e-09 0 3.02164e-09 0 3.11591e-09 0 3.20365e-09 0 3.28484e-09 0 3.35944e-09 0 3.43078e-09 0 3.49717e-09 0 3.56028e-09 0 3.62009e-09 0 3.67827e-09 0 3.73148e-09 0 3.78471e-09 0 3.83462e-09 0 3.88456e-09 0 3.93117e-09 0 3.97614e-09 0 4.01945e-09 0 4.0611e-09 0 4.10276e-09 0 4.14276e-09 0 4.18111e-09 0 4.21946e-09 0 4.25615e-09 0 4.29118e-09 0 4.32789e-09 0 4.36126e-09 0 4.39464e-09 0 4.42802e-09 0 4.45974e-09 0 4.49146e-09 0 4.52151e-09 0 4.55157e-09 0 4.58164e-09 0
4523.68 2.33086e-06 2.32256e-06 8.3055e-09 0.00356327 -0.281866 1.10594e-09 0 1.35551e-09 0 1.64548e-09 0 1.83774e-09 0 1.98475e-09 0 2.10524e-09 0 2.20927e-09 0 2.2993e-09 0 2.38172e-09 0 2.45519e-09 0 2.52356e-09 0 2.58682e-09 0 2.64495e-09 0 2.70053e-09 0 2.75226e-09 0 2.80142e-09 0 2.84802e-09 0 2.89333e-09 0 2.93478e-09 0 2.97624e-09 0 3.01512e-09 0 3.05401e-09 0 3.09032e-09 0 3.12534e-09 0 3.15907e-09 0 3.19151e-09 0 3.22396e-09 0 3.25511e-09 0 3.28497e-09 0 3.31484e-09 0 3.34341e-09 0 3.37069e-09 0 3.39927e-09 0 3.42526e-09 0 3.45125e-09 0 3.47724e-09 0 3.50194e-09 0 3.52664e-09 0 3.55004e-09 0 3.57345e-09 0 3.59685e-09 0
4755.88 2.21198e-06 2.20519e-06 6.78893e-09 0.00306916 -0.279147 8.7981e-10 0 1.07471e-09 0 1.3009e-09 0 1.45075e-09 0 1.56531e-09 0 1.65916e-09 0 1.74018e-09 0 1.81029e-09 0 1.87446e-09 0 1.93166e-09 0 1.98489e-09 0 2.03413e-09 0 2.07938e-09 0 2.12264e-09 0 2.1629e-09 0 2.20117e-09 0 2.23743e-09 0 2.2727e-09 0 2.30495e-09 0 2.33722e-09 0 2.36747e-09 0 2.39773e-09 0 2.42598e-09 0 2.45323e-09 0 2.47948e-09 0 2.50472e-09 0 2.52996e-09 0 2.5542e-09 0 2.57743e-09 0 2.60067e-09 0 2.6229e-09 0 2.64412e-09 0 2.66636e-09 0 2.68658e-09 0 2.70679e-09 0 2.72702e-09 0 2.74623e-09 0 2.76544e-09 0 2.78365e-09 0 2.80186e-09 0 2.82007e-09 0
5000 2.09774e-06 2.0922e-06 5.5481e-09 0.0026448 -0.276529 6.98506e-10 0 8.5053e-10 0 1.02677e-09 0 1.14346e-09 0 1.23262e-09 0 1.30567e-09 0 1.36871e-09 0 1.42325e-09 0 1.47317e-09 0 1.51766e-09 0 1.55906e-09 0 1.59736e-09 0 1.63255e-09 0 1.66619e-09 0 1.6975e-09 0 1.72726e-09 0 1.75545e-09 0 1.78287e-09 0 1.80795e-09 0 1.83304e-09 0 1.85656e-09 0 1.88009e-09 0 1.90205e-09 0 1.92324e-09 0 1.94364e-09 0 1.96326e-09 0 1.98289e-09 0 2.00173e-09 0 2.01979e-09 0 2.03785e-09 0 2.05513e-09 0 2.07163e-09 0 2.08891e-09 0 2.10463e-09 0 2.12034e-09 0 2.13606e-09 0 2.151e-09 0 2.16593e-09 0 2.18008e-09 0 2.19423e-09 0 2.20839e-09 0
