# 0.0081128 0 118 : grain size, compostion index, size index
# Heating and cooling timescale: 2.57538e-08 inf
# Ratio of heating to cooling to determine stochastic cutoff: 100
# Equilibrium emission is recorded even for those grains in the stochastic regime.
# Emission spectrum was computed for: 
# Type: ISRF
# Scales: 0.25 0.5 1 1.5 2 2.5 3 3.5 4 4.5 5 5.5 6 6.5 7 7.5 8 8.5 9 9.5 10 10.5 11 11.5 12 12.5 13 13.5 14 14.5 15 15.5 16 16.5 17 17.5 18 18.5 19 19.5 20
# StochasticallyHeated: 0 0 0 0 0 0 0 0 0 0 0 0 0 0 0 0 0 0 0 0 0 0 0 0 0 0 0 0 0 0 0 0 0 0 0 0 0 0 0 0 0
# Temperature: -1
# Wavelength  CExt  CAbs  CSca  Albedo G EqEm1 StEm1 EqEm2 StEm2 EqEm3 StEm3 EqEm4 StEm4 EqEm5 StEm5 EqEm6 StEm6 EqEm7 StEm7 EqEm8 StEm8 EqEm9 StEm9 EqEm10 StEm10 EqEm11 StEm11 EqEm12 StEm12 EqEm13 StEm13 EqEm14 StEm14 EqEm15 StEm15 EqEm16 StEm16 EqEm17 StEm17 EqEm18 StEm18 EqEm19 StEm19 EqEm20 StEm20 EqEm21 StEm21 EqEm22 StEm22 EqEm23 StEm23 EqEm24 StEm24 EqEm25 StEm25 EqEm26 StEm26 EqEm27 StEm27 EqEm28 StEm28 EqEm29 StEm29 EqEm30 StEm30 EqEm31 StEm31 EqEm32 StEm32 EqEm33 StEm33 EqEm34 StEm34 EqEm35 StEm35 EqEm36 StEm36 EqEm37 StEm37 EqEm38 StEm38 EqEm39 StEm39 EqEm40 StEm40 EqEm41 StEm41
0.05 0.000414262 0.000195671 0.000218591 0.527663 0.989925 0 0 0 0 0 0 0 0 0 0 0 0 0 0 0 0 0 0 0 0 0 0 0 0 0 0 0 0 0 0 0 0 0 0 0 0 0 0 0 0 0 0 0 0 0 0 0 0 0 0 0 0 0 0 0 0 0 0 0 0 0 0 0 0 0 0 0 0 0 0 0 0 0 0 0 0 0 0 0 0 0 0
0.0525665 0.000414313 0.000191933 0.00022238 0.536745 0.983229 0 0 0 0 0 0 0 0 0 0 0 0 0 0 0 0 0 0 0 0 0 0 0 0 0 0 0 0 0 0 0 0 0 0 0 0 0 0 0 0 0 0 0 0 0 0 0 0 0 0 0 0 0 0 0 0 0 0 0 0 0 0 0 0 0 0 0 0 0 0 0 0 0 0 0 0 0 0 0 0 0 0
0.0552647 0.000414354 0.000190678 0.000223676 0.539819 0.979604 0 0 0 0 0 0 0 0 0 0 0 0 0 0 0 0 0 0 0 0 0 0 0 0 0 0 0 0 0 0 0 0 0 0 0 0 0 0 0 0 0 0 0 0 0 0 0 0 0 0 0 0 0 0 0 0 0 0 0 0 0 0 0 0 0 0 0 0 0 0 0 0 0 0 0 0 0 0 0 0 0 0
0.0581015 0.000414393 0.000190056 0.000224337 0.541363 0.977096 0 0 0 0 0 0 0 0 0 0 0 0 0 0 0 0 0 0 0 0 0 0 0 0 0 0 0 0 0 0 0 0 0 0 0 0 0 0 0 0 0 0 0 0 0 0 0 0 0 0 0 0 0 0 0 0 0 0 0 0 0 0 0 0 0 0 0 0 0 0 0 0 0 0 0 0 0 0 0 0 0 0
0.0610839 0.000414428 0.000189694 0.000224734 0.542275 0.975226 0 0 0 0 0 0 0 0 0 0 0 0 0 0 0 0 0 0 0 0 0 0 0 0 0 0 0 0 0 0 0 0 0 0 0 0 0 0 0 0 0 0 0 0 0 0 0 0 0 0 0 0 0 0 0 0 0 0 0 0 0 0 0 0 0 0 0 0 0 0 0 0 0 0 0 0 0 0 0 0 0 0
0.0642193 0.000414465 0.000189373 0.000225092 0.54309 0.973588 0 0 0 0 0 0 0 0 0 0 0 0 0 0 0 0 0 0 0 0 0 0 0 0 0 0 0 0 0 0 0 0 0 0 0 0 0 0 0 0 0 0 0 0 0 0 0 0 0 0 0 0 0 0 0 0 0 0 0 0 0 0 0 0 0 0 0 0 0 0 0 0 0 0 0 0 0 0 0 0 0 0
0.0675157 0.000414501 0.000188964 0.000225537 0.544117 0.971864 0 0 0 0 0 0 0 0 0 0 0 0 0 0 0 0 0 0 0 0 0 0 0 0 0 0 0 0 0 0 0 0 0 0 0 0 0 0 0 0 0 0 0 0 0 0 0 0 0 0 0 0 0 0 0 0 0 0 0 0 0 0 0 0 0 0 0 0 0 0 0 0 0 0 0 0 0 0 0 0 0 0
0.0709813 0.000414539 0.000188438 0.0002261 0.545426 0.969883 0 0 0 0 0 0 0 0 0 0 0 0 0 0 0 0 0 0 0 0 0 0 0 0 0 0 0 0 0 0 0 0 0 0 0 0 0 0 0 0 0 0 0 0 0 0 0 0 0 0 0 0 0 0 0 0 0 0 0 0 0 0 0 0 0 0 0 0 0 0 0 0 0 0 0 0 0 0 0 0 0 0
0.0746248 0.000414577 0.000187833 0.000226744 0.546928 0.967638 0 0 0 0 0 0 0 0 0 0 0 0 0 0 0 0 0 0 0 0 0 0 0 0 0 0 0 0 0 0 0 0 0 0 0 0 0 0 0 0 0 0 0 0 0 0 0 0 0 0 0 0 0 0 0 0 0 0 0 0 0 0 0 0 0 0 0 0 0 0 0 0 0 0 0 0 0 0 0 0 0 0
0.0784553 0.000414618 0.000187224 0.000227394 0.548442 0.965295 0 0 0 0 0 0 0 0 0 0 0 0 0 0 0 0 0 0 0 0 0 0 0 0 0 0 0 0 0 0 0 0 0 0 0 0 0 0 0 0 0 0 0 0 0 0 0 0 0 0 0 0 0 0 0 0 0 0 0 0 0 0 0 0 0 0 0 0 0 0 0 0 0 0 0 0 0 0 0 0 0 0
0.0824824 0.00041466 0.000186628 0.000228032 0.549925 0.962911 0 0 0 0 0 0 0 0 0 0 0 0 0 0 0 0 0 0 0 0 0 0 0 0 0 0 0 0 0 0 0 0 0 0 0 0 0 0 0 0 0 0 0 0 0 0 0 0 0 0 0 0 0 0 0 0 0 0 0 0 0 0 0 0 0 0 0 0 0 0 0 0 0 0 0 0 0 0 0 0 0 0
0.0867162 0.000414702 0.000186037 0.000228665 0.551396 0.960477 0 0 0 0 0 0 0 0 0 0 0 0 0 0 0 0 0 0 0 0 0 0 0 0 0 0 0 0 0 0 0 0 0 0 0 0 0 0 0 0 0 0 0 0 0 0 0 0 0 0 0 0 0 0 0 0 0 0 0 0 0 0 0 0 0 0 0 0 0 0 0 0 0 0 0 0 0 0 0 0 0 0
0.0911674 0.000414748 0.000185447 0.0002293 0.552867 0.957982 0 0 0 0 0 0 0 0 0 0 0 0 0 0 0 0 0 0 0 0 0 0 0 0 0 0 0 0 0 0 0 0 0 0 0 0 0 0 0 0 0 0 0 0 0 0 0 0 0 0 0 0 0 0 0 0 0 0 0 0 0 0 0 0 0 0 0 0 0 0 0 0 0 0 0 0 0 0 0 0 0 0
0.095847 0.000414794 0.000184865 0.000229929 0.554321 0.955432 0 0 0 0 0 0 0 0 0 0 0 0 0 0 0 0 0 0 0 0 0 0 0 0 0 0 0 0 0 0 0 0 0 0 0 0 0 0 0 0 0 0 0 0 0 0 0 0 0 0 0 0 0 0 0 0 0 0 0 0 0 0 0 0 0 0 0 0 0 0 0 0 0 0 0 0 0 0 0 0 0 0
0.100767 0.000414842 0.000184312 0.00023053 0.555706 0.952887 0 0 0 0 0 0 0 0 0 0 0 0 0 0 0 0 0 0 0 0 0 0 0 0 0 0 0 0 0 0 0 0 0 0 0 0 0 0 0 0 0 0 0 0 0 0 0 0 0 0 0 0 0 0 0 0 0 0 0 0 0 0 0 0 0 0 0 0 0 0 0 0 0 0 0 0 0 0 0 0 0 0
0.105939 0.000414892 0.000183872 0.00023102 0.556819 0.950555 0 0 0 0 0 0 0 0 0 0 0 0 0 0 0 0 0 0 0 0 0 0 0 0 0 0 0 0 0 0 0 0 0 0 0 0 0 0 0 0 0 0 0 0 0 0 0 0 0 0 0 0 0 0 0 0 0 0 0 0 0 0 0 0 0 0 0 0 0 0 0 0 0 0 0 0 0 0 0 0 0 0
0.111377 0.000414944 0.000183625 0.000231319 0.557471 0.948816 0 0 0 0 0 0 0 0 0 0 0 0 0 0 0 0 0 0 0 0 0 0 0 0 0 0 0 0 0 0 0 0 0 0 0 0 0 0 0 0 0 0 0 0 0 0 0 0 0 0 0 0 0 0 0 0 0 0 0 0 0 0 0 0 0 0 0 0 0 0 0 0 0 0 0 0 0 0 0 0 0 0
0.117094 0.000414997 0.000183512 0.000231486 0.557801 0.947637 0 0 0 0 0 0 0 0 0 0 0 0 0 0 0 0 0 0 0 0 0 0 0 0 0 0 0 0 0 0 0 0 0 0 0 0 0 0 0 0 0 0 0 0 0 0 0 0 0 0 0 0 0 0 0 0 0 0 0 0 0 0 0 0 0 0 0 0 0 0 0 0 0 0 0 0 0 0 0 0 0 0
0.123105 0.00041505 0.00018331 0.00023174 0.558342 0.946244 0 0 0 0 0 0 0 0 0 0 0 0 0 0 0 0 0 0 0 0 0 0 0 0 0 0 0 0 0 0 0 0 0 0 0 0 0 0 0 0 0 0 0 0 0 0 0 0 0 0 0 0 0 0 0 0 0 0 0 0 0 0 0 0 0 0 0 0 0 0 0 0 0 0 0 0 0 0 0 0 0 0
0.129424 0.000415105 0.000183228 0.000231877 0.558598 0.945155 0 0 0 0 0 0 0 0 0 0 0 0 0 0 0 0 0 0 0 0 0 0 0 0 0 0 0 0 0 0 0 0 0 0 0 0 0 0 0 0 0 0 0 0 0 0 0 0 0 0 0 0 0 0 0 0 0 0 0 0 0 0 0 0 0 0 0 0 0 0 0 0 0 0 0 0 0 0 0 0 0 0
0.136067 0.000415163 0.000183475 0.000231687 0.558064 0.945287 0 0 0 0 0 0 0 0 0 0 0 0 0 0 0 0 0 0 0 0 0 0 0 0 0 0 0 0 0 0 0 0 0 0 0 0 0 0 0 0 0 0 0 0 0 0 0 0 0 0 0 0 0 0 0 0 0 0 0 0 0 0 0 0 0 0 0 0 0 0 0 0 0 0 0 0 0 0 0 0 0 0
0.143051 0.000415219 0.000183539 0.00023168 0.557971 0.94501 0 0 0 0 0 0 0 0 0 0 0 0 0 0 0 0 0 0 0 0 0 0 0 0 0 0 0 0 0 0 0 0 0 0 0 0 0 0 0 0 0 0 0 0 0 0 0 0 0 0 0 0 0 0 0 0 0 0 0 0 0 0 0 0 0 0 0 0 0 0 0 0 0 0 0 0 0 0 0 0 0 0
0.150394 0.000415278 0.000183966 0.000231312 0.557005 0.945713 0 0 0 0 0 0 0 0 0 0 0 0 0 0 0 0 0 0 0 0 0 0 0 0 0 0 0 0 0 0 0 0 0 0 0 0 0 0 0 0 0 0 0 0 0 0 0 0 0 0 0 0 0 0 0 0 0 0 0 0 0 0 0 0 0 0 0 0 0 0 0 0 0 0 0 0 0 0 0 0 0 0
0.158114 0.000415331 0.000185402 0.000229928 0.553603 0.950427 0 0 0 0 0 0 0 0 0 0 0 0 0 0 0 0 0 0 0 0 0 0 0 0 0 0 0 0 0 0 0 0 0 0 0 0 0 0 0 0 0 0 0 0 0 0 0 0 0 0 0 0 0 0 0 0 0 0 0 0 0 0 0 0 0 0 0 0 0 0 0 0 0 0 0 0 0 0 0 0 0 0
0.16623 0.000415376 0.000185561 0.000229815 0.553269 0.951929 0 0 0 0 0 0 0 0 0 0 0 0 0 0 0 0 0 0 0 0 0 0 0 0 0 0 0 0 0 0 0 0 0 0 0 0 0 0 0 0 0 0 0 0 0 0 0 0 0 0 0 0 0 0 0 0 0 0 0 0 0 0 0 0 0 0 0 0 0 0 0 0 0 0 0 0 0 0 0 0 0 0
0.174762 0.000415432 0.000184213 0.000231219 0.556575 0.948494 0 0 0 0 0 0 0 0 0 0 0 0 0 0 0 0 0 0 0 0 0 0 0 0 0 0 0 0 0 0 0 0 0 0 0 0 0 0 0 0 0 0 0 0 0 0 0 0 0 0 0 0 0 0 0 0 0 0 0 0 0 0 0 0 0 0 0 0 0 0 0 0 0 0 0 0 0 0 0 0 0 0
0.183733 0.000415497 0.000182097 0.0002334 0.561736 0.942309 0 0 0 0 0 0 0 0 0 0 0 0 0 0 0 0 0 0 0 0 0 0 0 0 0 0 0 0 0 0 0 0 0 0 0 0 0 0 0 0 0 0 0 0 0 0 0 0 0 0 0 0 0 0 0 0 0 0 0 0 0 0 0 0 0 0 0 0 0 0 0 0 0 0 0 0 0 0 0 0 0 0
0.193164 0.000415571 0.000178993 0.000236578 0.569283 0.932504 0 0 0 0 0 0 0 0 0 0 0 0 0 0 0 0 0 0 0 0 0 0 0 0 0 0 0 0 0 0 0 0 0 0 0 0 0 0 0 0 0 0 0 0 0 0 0 0 0 0 0 0 0 0 0 0 0 0 0 0 0 0 0 0 0 0 0 0 0 0 0 0 0 0 0 0 0 0 0 0 0 0
0.203079 0.000415658 0.000175703 0.000239955 0.57729 0.920848 0 0 0 0 0 0 0 0 0 0 0 0 0 0 0 0 0 0 0 0 0 0 0 0 0 0 0 0 0 0 0 0 0 0 0 0 0 0 0 0 0 0 0 0 0 0 0 0 0 0 0 0 0 0 0 0 0 0 0 0 0 0 0 0 0 0 0 0 0 0 0 0 0 0 0 0 0 0 0 0 0 0
0.213503 0.000415748 0.000173134 0.000242614 0.583559 0.911119 0 0 0 0 0 0 0 0 0 0 0 0 0 0 0 0 0 0 0 0 0 0 0 0 0 0 0 0 0 0 0 0 0 0 0 0 0 0 0 0 0 0 0 0 0 0 0 0 0 0 0 0 0 0 0 0 0 0 0 0 0 0 0 0 0 0 0 0 0 0 0 0 0 0 0 0 0 0 0 0 0 0
0.224463 0.000415839 0.000170905 0.000244935 0.589013 0.902368 0 0 0 0 0 0 0 0 0 0 0 0 0 0 0 0 0 0 0 0 0 0 0 0 0 0 0 0 0 0 0 0 0 0 0 0 0 0 0 0 0 0 0 0 0 0 0 0 0 0 0 0 0 0 0 0 0 0 0 0 0 0 0 0 0 0 0 0 0 0 0 0 0 0 0 0 0 0 0 0 0 0
0.235984 0.000415934 0.000168648 0.000247285 0.594531 0.893565 0 0 0 0 0 0 0 0 0 0 0 0 0 0 0 0 0 0 0 0 0 0 0 0 0 0 0 0 0 0 0 0 0 0 0 0 0 0 0 0 0 0 0 0 0 0 0 0 0 0 0 0 0 0 0 0 0 0 0 0 0 0 0 0 0 0 0 0 0 0 0 0 0 0 0 0 0 0 0 0 0 0
0.248097 0.000416037 0.000165995 0.000250042 0.601009 0.883137 0 0 0 0 0 0 0 0 0 0 0 0 0 0 0 0 0 0 0 0 0 0 0 0 0 0 0 0 0 0 0 0 0 0 0 0 0 0 0 0 0 0 0 0 0 0 0 0 0 0 0 0 0 0 0 0 0 0 0 0 0 0 0 0 0 0 0 0 0 0 0 0 0 0 0 0 0 0 0 0 0 0
0.260832 0.000416144 0.000163895 0.000252248 0.606156 0.874277 0 0 0 0 0 0 0 0 0 0 0 0 0 0 0 0 0 0 0 0 0 0 0 0 0 0 0 0 0 0 0 0 0 0 0 0 0 0 0 0 0 0 0 0 0 0 0 0 0 0 0 0 0 0 0 0 0 0 0 0 0 0 0 0 0 0 0 0 0 0 0 0 0 0 0 0 0 0 0 0 0 0
0.274221 0.000416255 0.000162221 0.000254034 0.610285 0.866828 0 0 0 0 0 0 0 0 0 0 0 0 0 0 0 0 0 0 0 0 0 0 0 0 0 0 0 0 0 0 0 0 0 0 0 0 0 0 0 0 0 0 0 0 0 0 0 0 0 0 0 0 0 0 0 0 0 0 0 0 0 0 0 0 0 0 0 0 0 0 0 0 0 0 0 0 0 0 0 0 0 0
0.288297 0.000416366 0.000160876 0.00025549 0.613618 0.86067 0 0 0 0 0 0 0 0 0 0 0 0 0 0 0 0 0 0 0 0 0 0 0 0 0 0 0 0 0 0 0 0 0 0 0 0 0 0 0 0 0 0 0 0 0 0 0 0 0 0 0 0 0 0 0 0 0 0 0 0 0 0 0 0 0 0 0 0 0 0 0 0 0 0 0 0 0 0 0 0 0 0
0.303095 0.000416483 0.000159736 0.000256747 0.616465 0.855209 0 0 0 0 0 0 0 0 0 0 0 0 0 0 0 0 0 0 0 0 0 0 0 0 0 0 0 0 0 0 0 0 0 0 0 0 0 0 0 0 0 0 0 0 0 0 0 0 0 0 0 0 0 0 0 0 0 0 0 0 0 0 0 0 0 0 0 0 0 0 0 0 0 0 0 0 0 0 0 0 0 0
0.318653 0.000416602 0.000158772 0.00025783 0.618887 0.850489 0 0 0 0 0 0 0 0 0 0 0 0 0 0 0 0 0 0 0 0 0 0 0 0 0 0 0 0 0 0 0 0 0 0 0 0 0 0 0 0 0 0 0 0 0 0 0 0 0 0 0 0 0 0 0 0 0 0 0 0 0 0 0 0 0 0 0 0 0 0 0 0 0 0 0 0 0 0 0 0 0 0
0.335009 0.000416724 0.000157907 0.000258817 0.621075 0.846185 0 0 0 0 0 0 0 0 0 0 0 0 0 0 0 0 0 0 0 0 0 0 0 0 0 0 0 0 0 0 0 0 0 0 0 0 0 0 0 0 0 0 0 0 0 0 0 0 0 0 0 0 0 0 0 0 0 0 0 0 0 0 0 0 0 0 0 0 0 0 0 0 0 0 0 0 0 0 0 0 0 0
0.352205 0.000416851 0.000157134 0.000259717 0.623045 0.842266 0 0 0 0 0 0 0 0 0 0 0 0 0 0 0 0 0 0 0 0 0 0 0 0 0 0 0 0 0 0 0 0 0 0 0 0 0 0 0 0 0 0 0 0 0 0 0 0 0 0 0 0 0 0 0 0 0 0 0 0 0 0 0 0 0 0 0 0 0 0 0 0 0 0 0 0 0 0 0 0 0 0
0.370284 0.000416982 0.000156363 0.000260619 0.625012 0.838427 0 0 0 0 0 0 0 0 0 0 0 0 0 0 0 0 0 0 0 0 0 0 0 0 0 0 0 0 0 0 0 0 0 0 0 0 0 0 0 0 0 0 0 0 0 0 0 0 0 0 0 0 0 0 0 0 0 0 0 0 0 0 0 0 0 0 0 0 0 0 0 0 0 0 0 0 0 0 0 0 0 0
0.389291 0.000417118 0.00015562 0.000261499 0.626917 0.834737 0 0 0 0 0 0 0 0 0 0 0 0 0 0 0 0 0 0 0 0 0 0 0 0 0 0 0 0 0 0 0 0 0 0 0 0 0 0 0 0 0 0 0 0 0 0 0 0 0 0 0 0 0 0 0 0 0 0 0 0 0 0 0 0 0 0 0 0 0 0 0 0 0 0 0 0 0 0 0 0 0 0
0.409273 0.000417258 0.000154845 0.000262413 0.628899 0.830993 0 0 0 0 0 0 0 0 0 0 0 0 0 0 0 0 0 0 0 0 0 0 0 0 0 0 0 0 0 0 0 0 0 0 0 0 0 0 0 0 0 0 0 0 0 0 0 0 0 0 0 0 0 0 0 0 0 0 0 0 0 0 0 0 0 0 0 0 0 0 0 0 0 0 0 0 0 0 0 0 0 0
0.430281 0.000417403 0.000154058 0.000263345 0.630914 0.82723 0 0 0 0 0 0 0 0 0 0 0 0 0 0 0 0 0 0 0 0 0 0 0 0 0 0 0 0 0 0 0 0 0 0 0 0 0 0 0 0 0 0 0 0 0 0 0 0 0 0 0 0 0 0 0 0 0 0 0 0 0 0 0 0 0 0 0 0 0 0 0 0 0 0 0 0 0 0 0 0 0 0
0.452368 0.000417555 0.000153313 0.000264242 0.632832 0.823613 0 0 0 0 0 0 0 0 0 0 0 0 0 0 0 0 0 0 0 0 0 0 0 0 0 0 0 0 0 0 0 0 0 0 0 0 0 0 0 0 0 0 0 0 0 0 0 0 0 0 0 0 0 0 0 0 0 0 0 0 0 0 0 0 0 0 0 0 0 0 0 0 0 0 0 0 0 0 0 0 0 0
0.475588 0.000417712 0.00015258 0.000265132 0.634725 0.820047 0 0 0 0 0 0 0 0 0 0 0 0 0 0 0 0 0 0 0 0 0 0 0 0 0 0 0 0 0 0 0 0 0 0 0 0 0 0 0 0 0 0 0 0 0 0 0 0 0 0 0 0 0 0 0 0 0 0 0 0 0 0 0 0 0 0 0 0 0 0 0 0 0 0 0 0 0 0 0 0 0 0
0.5 0.000417874 0.000151964 0.00026591 0.63634 0.816879 0 0 0 0 0 0 0 0 0 0 0 0 0 0 0 0 0 0 0 0 0 0 0 0 0 0 0 0 0 0 0 0 0 0 0 0 0 0 0 0 0 0 0 0 0 0 0 0 0 0 0 0 0 0 0 0 0 0 0 0 0 0 0 0 0 0 0 0 0 0 0 0 0 0 0 0 0 0 0 0 0 0
0.525665 0.000418038 0.000151459 0.00026658 0.637692 0.814115 0 0 0 0 0 0 0 0 0 0 0 0 0 0 0 0 0 0 0 0 0 0 0 0 0 0 0 0 0 0 0 0 0 0 0 0 0 0 0 0 0 0 0 0 0 0 0 0 0 0 0 0 0 0 0 0 0 0 0 0 0 0 0 0 0 0 0 0 0 0 0 0 0 0 0 0 0 0 0 0 0 0
0.552648 0.000418208 0.000151052 0.000267156 0.638811 0.811731 0 0 0 0 0 0 0 0 0 0 0 0 0 0 0 0 0 0 0 0 0 0 0 0 0 0 0 0 0 0 0 0 0 0 0 0 0 0 0 0 0 0 0 0 0 0 0 0 0 0 0 0 0 0 0 0 0 0 0 0 0 0 0 0 0 0 0 0 0 0 0 0 0 0 0 0 0 0 0 0 0 0
0.581015 0.000418382 0.000150707 0.000267675 0.639786 0.8096 0 0 0 0 0 0 0 0 0 0 0 0 0 0 0 0 0 0 0 0 0 0 0 0 0 0 0 0 0 0 0 0 0 0 0 0 0 0 0 0 0 0 0 0 0 0 0 0 0 0 0 0 0 0 0 0 0 0 0 0 0 0 0 0 0 0 0 0 0 0 0 0 0 0 0 0 0 0 0 0 0 0
0.610839 0.000418561 0.000150378 0.000268183 0.640727 0.807559 0 0 0 0 0 0 0 0 0 0 0 0 0 0 0 0 0 0 0 0 0 0 0 0 0 0 0 0 0 0 0 0 0 0 0 0 0 0 0 0 0 0 0 0 0 0 0 0 0 0 0 0 0 0 0 0 0 0 0 0 0 0 0 0 0 0 0 0 0 0 0 0 0 0 0 0 0 0 0 0 0 0
0.642193 0.000418743 0.000150068 0.000268675 0.641622 0.805625 0 0 0 0 0 0 0 0 0 0 0 0 0 0 0 0 0 0 0 0 0 0 0 0 0 0 0 0 0 0 0 0 0 0 0 0 0 0 0 0 0 0 0 0 0 0 0 0 0 0 0 0 0 0 0 0 0 0 0 0 0 0 0 0 0 0 0 0 0 0 0 0 0 0 0 0 0 0 0 0 0 0
0.675157 0.000418933 0.000149756 0.000269177 0.64253 0.803714 0 0 0 0 0 0 0 0 0 0 0 0 0 0 0 0 0 0 0 0 0 0 0 0 0 0 0 0 0 0 0 0 0 0 0 0 0 0 0 0 0 0 0 0 0 0 0 0 0 0 0 0 0 0 0 0 0 0 0 0 0 0 0 0 0 0 0 0 0 0 0 0 0 0 0 0 0 0 0 0 0 0
0.709813 0.000419127 0.000149441 0.000269686 0.643447 0.801809 0 0 0 0 0 0 0 0 0 0 0 0 0 0 0 0 0 0 0 0 0 0 0 0 0 0 0 0 0 0 0 0 0 0 0 0 0 0 0 0 0 0 0 0 0 0 0 0 0 0 0 0 0 0 0 0 0 0 0 0 0 0 0 0 0 0 0 0 0 0 0 0 0 0 0 0 0 0 0 0 0 0
0.746248 0.000419327 0.000149147 0.00027018 0.644318 0.799987 0 0 0 0 0 0 0 0 0 0 0 0 0 0 0 0 0 0 0 0 0 0 0 0 0 0 0 0 0 0 0 0 0 0 0 0 0 0 0 0 0 0 0 0 0 0 0 0 0 0 0 0 0 0 0 0 0 0 0 0 0 0 0 0 0 0 0 0 0 0 0 0 0 0 0 0 0 0 0 0 0 0
0.784553 0.000419532 0.000148892 0.00027064 0.645099 0.798291 0 0 0 0 0 0 0 0 0 0 0 0 0 0 0 0 0 0 0 0 0 0 0 0 0 0 0 0 0 0 0 0 0 0 0 0 0 0 0 0 0 0 0 0 0 0 0 0 0 0 0 0 0 0 0 0 0 0 0 0 0 0 0 0 0 0 0 0 0 0 0 0 0 0 0 0 0 0 0 0 0 0
0.824824 0.000419738 0.000148782 0.000270956 0.645536 0.797091 0 0 0 0 0 0 0 0 0 0 0 0 0 0 0 0 0 0 0 0 0 0 0 0 0 0 0 0 0 0 0 0 0 0 0 0 0 0 0 0 0 0 0 0 0 0 0 0 0 0 0 0 0 0 0 0 0 0 0 0 0 0 0 0 0 0 0 0 0 0 0 0 0 0 0 0 0 0 0 0 0 0
0.867162 0.000419948 0.00014881 0.000271138 0.645647 0.796422 0 0 0 0 0 0 0 0 0 0 0 0 0 0 0 0 0 0 0 0 0 0 0 0 0 0 0 0 0 0 0 0 0 0 0 0 0 0 0 0 0 0 0 0 0 0 0 0 0 0 0 0 0 0 0 0 0 0 0 0 0 0 0 0 0 0 0 0 0 0 0 0 0 0 0 0 0 0 0 0 0 0
0.911674 0.000420164 0.000148848 0.000271316 0.645739 0.79585 0 0 0 0 0 0 0 0 0 0 0 0 0 0 0 0 0 0 0 0 0 0 0 0 0 0 0 0 0 0 0 0 0 0 0 0 0 0 0 0 0 0 0 0 0 0 0 0 0 0 0 0 0 0 0 0 0 0 0 0 0 0 0 0 0 0 0 0 0 0 0 0 0 0 0 0 0 0 0 0 0 0
0.95847 0.000420389 0.000148754 0.000271634 0.646151 0.794878 0 0 0 0 0 0 0 0 0 0 0 0 0 0 0 0 0 0 0 0 0 0 0 0 0 0 0 0 0 0 0 0 0 0 0 0 0 0 0 0 0 0 0 0 0 0 0 0 0 0 0 0 0 0 0 0 0 0 0 0 0 0 0 0 0 0 0 0 0 0 0 0 0 0 0 0 0 0 0 0 0 0
1.00767 0.000420623 0.000148584 0.000272039 0.646753 0.793632 0 0 0 0 0 0 0 0 0 0 0 0 0 0 0 0 0 0 0 0 0 0 0 0 0 0 0 0 0 0 0 0 0 0 0 0 0 0 0 0 0 0 0 0 0 0 0 0 0 0 0 0 0 0 0 0 0 0 0 0 0 0 0 0 0 0 0 0 0 0 0 0 0 0 0 0 0 0 0 0 0 0
1.05939 0.000420864 0.000148431 0.000272433 0.647319 0.792448 0 0 0 0 0 0 0 0 0 0 0 0 0 0 0 0 0 0 0 0 0 0 0 0 0 0 0 0 0 0 0 0 0 0 0 0 0 0 0 0 0 0 0 0 0 0 0 0 0 0 0 0 0 0 0 0 0 0 0 0 0 0 0 0 0 0 0 0 0 0 0 0 0 0 0 0 0 0 0 0 0 0
1.11377 0.000421111 0.000148284 0.000272826 0.647873 0.79129 0 0 0 0 0 0 0 0 0 0 0 0 0 0 0 0 0 0 0 0 0 0 0 0 0 0 0 0 0 0 0 0 0 0 0 0 0 0 0 0 0 0 0 0 0 0 0 0 0 0 0 0 0 0 0 0 0 0 0 0 0 0 0 0 0 0 0 0 0 0 0 0 0 0 0 0 0 0 0 0 0 0
1.17094 0.000421366 0.000148102 0.000273264 0.64852 0.79001 0 0 0 0 0 0 0 0 0 0 0 0 0 0 0 0 0 0 0 0 0 0 0 0 0 0 0 0 0 0 0 0 0 0 0 0 0 0 0 0 0 0 0 0 0 0 0 0 0 0 0 0 0 0 0 0 0 0 0 0 0 0 0 0 0 0 0 0 0 0 0 0 0 0 0 0 0 0 0 0 0 0
1.23105 0.000421629 0.000147917 0.000273712 0.649176 0.788725 0 0 0 0 0 0 0 0 0 0 0 0 0 0 0 0 0 0 0 0 0 0 0 0 0 0 0 0 0 0 0 0 0 0 0 0 0 0 0 0 0 0 0 0 0 0 0 0 0 0 0 0 0 0 0 0 0 0 0 0 0 0 0 0 0 0 0 0 0 0 0 0 0 0 0 0 0 0 0 0 0 0
1.29424 0.000421897 0.00014776 0.000274137 0.649772 0.787522 0 0 0 0 0 0 0 0 0 0 0 0 0 0 0 0 0 0 0 0 0 0 0 0 0 0 0 0 0 0 0 0 0 0 0 0 0 0 0 0 0 0 0 0 0 0 0 0 0 0 0 0 0 0 0 0 0 0 0 0 0 0 0 0 0 0 0 0 0 0 0 0 0 0 0 0 0 0 0 0 0 0
1.36067 0.000422173 0.000147706 0.000274466 0.650128 0.786672 0 0 0 0 0 0 0 0 0 0 0 0 0 0 0 0 0 0 0 0 0 0 0 0 0 0 0 0 0 0 0 0 0 0 0 0 0 0 0 0 0 0 0 0 0 0 0 0 0 0 0 0 0 0 0 0 0 0 0 0 0 0 0 0 0 0 0 0 0 0 0 0 0 0 0 0 0 0 0 0 0 0
1.43051 0.000422458 0.000147654 0.000274804 0.650489 0.785859 0 0 0 0 0 0 0 0 0 0 0 0 0 0 0 0 0 0 0 0 0 0 0 0 0 0 0 0 0 0 0 0 0 0 0 0 0 0 0 0 0 0 0 0 0 0 0 0 0 0 0 0 0 0 0 0 0 0 0 0 0 0 0 0 0 0 0 0 0 0 0 0 0 0 0 0 0 0 0 0 0 0
1.50394 0.000422757 0.000147472 0.000275285 0.651166 0.784604 0 0 0 0 0 0 0 0 0 0 0 0 0 0 0 0 0 0 0 0 0 0 0 0 0 0 0 0 0 0 0 0 0 0 0 0 0 0 0 0 0 0 0 0 0 0 0 0 0 0 0 0 0 0 0 0 0 0 0 0 0 0 0 0 0 0 0 0 0 0 0 0 0 0 0 0 0 0 0 0 0 0
1.58114 0.000423064 0.000147262 0.000275801 0.651914 0.783234 0 0 0 0 0 0 0 0 0 0 0 0 0 0 0 0 0 0 0 0 0 0 0 0 0 0 0 0 0 0 0 0 0 0 0 0 0 0 0 0 0 0 0 0 0 0 0 0 0 0 0 0 0 0 0 0 0 0 0 0 0 0 0 0 0 0 0 0 0 0 0 0 0 0 0 0 0 0 0 0 0 0
1.6623 0.000423378 0.000147085 0.000276293 0.652593 0.781954 0 0 0 0 0 0 0 0 0 0 0 0 0 0 0 0 0 0 0 0 0 0 0 0 0 0 0 0 0 0 0 0 0 0 0 0 0 0 0 0 0 0 0 0 0 0 0 0 0 0 0 0 0 0 0 0 0 0 0 0 0 0 0 0 0 0 0 0 0 0 0 0 0 0 0 0 0 0 0 0 0 0
1.74763 0.000423701 0.00014696 0.000276742 0.653153 0.780844 0 0 0 0 0 0 0 0 0 0 0 0 0 0 0 0 0 0 0 0 0 0 0 0 0 0 0 0 0 0 0 0 0 0 0 0 0 0 0 0 0 0 0 0 0 0 0 0 0 0 0 0 0 0 0 0 0 0 0 0 0 0 0 0 0 0 0 0 0 0 0 0 0 0 0 0 0 0 0 0 0 0
1.83733 0.000424037 0.000146826 0.000277211 0.653742 0.779721 0 0 0 0 0 0 0 0 0 0 0 0 0 0 0 0 0 0 0 0 0 0 0 0 0 0 0 0 0 0 0 0 0 0 0 0 0 0 0 0 0 0 0 0 0 0 0 0 0 0 0 0 0 0 0 0 0 0 0 0 0 0 0 0 0 0 0 0 0 0 0 0 0 0 0 0 0 0 0 0 0 0
1.93164 0.000424387 0.000146585 0.000277802 0.654596 0.778209 0 0 0 0 0 0 0 0 0 0 0 0 0 0 0 0 0 0 0 0 0 0 0 0 0 0 0 0 0 0 0 0 0 0 0 0 0 0 0 0 0 0 0 0 0 0 0 0 0 0 0 0 0 0 0 0 0 0 0 0 0 0 0 0 0 0 0 0 0 0 0 0 0 0 0 0 0 0 0 0 0 0
2.03079 0.00042474 0.000146415 0.000278324 0.655282 0.776913 0 0 0 0 0 0 0 0 0 0 0 0 0 0 0 0 0 0 0 0 0 0 0 0 0 0 0 0 0 0 0 0 0 0 0 0 0 0 0 0 0 0 0 0 0 0 0 0 0 0 0 0 0 0 0 0 0 0 0 0 0 0 0 0 0 0 0 0 0 0 0 0 0 0 0 0 0 0 0 0 0 0
2.13503 0.000425104 0.000146291 0.000278813 0.65587 0.775766 0 0 0 0 0 0 0 0 0 0 0 0 0 0 0 0 0 0 0 0 0 0 0 0 0 0 0 0 0 0 0 0 0 0 0 0 0 0 0 0 0 0 0 0 0 0 0 0 0 0 0 0 0 0 0 0 0 0 0 0 0 0 0 0 0 0 0 0 0 0 0 0 0 0 0 0 0 0 0 0 0 0
2.24463 0.00042548 0.000146168 0.000279312 0.656463 0.774613 0 0 0 0 0 0 0 0 0 0 0 0 0 0 0 0 0 0 0 0 0 0 0 0 0 0 0 0 0 0 0 0 0 0 0 0 0 0 0 0 0 0 0 0 0 0 0 0 0 0 0 0 0 0 0 0 0 0 0 0 0 0 0 0 0 0 0 0 0 0 0 0 0 0 0 0 0 0 0 0 0 0
2.35984 0.000425871 0.000146043 0.000279828 0.657072 0.773443 0 0 0 0 0 0 0 0 0 0 0 0 0 0 0 0 0 0 0 0 0 0 0 0 0 0 0 0 0 0 0 0 0 0 0 0 0 0 0 0 0 0 0 0 0 0 0 0 0 0 0 0 0 0 0 0 0 0 0 0 0 0 0 0 0 0 0 0 0 0 0 0 0 0 0 0 0 0 0 0 0 0
2.48097 0.000426273 0.000145869 0.000280404 0.657804 0.772083 0 0 0 0 0 0 0 0 0 0 0 0 0 0 0 0 0 0 0 0 0 0 0 0 0 0 0 0 0 0 0 0 0 0 0 0 0 0 0 0 0 0 0 0 0 0 0 0 0 0 0 0 0 0 0 0 0 0 0 0 0 0 0 0 0 0 0 0 0 0 0 0 0 0 0 0 0 0 0 0 0 0
2.60832 0.000426682 0.000145878 0.000280804 0.658112 0.771318 0 0 0 0 0 0 0 0 0 0 0 0 0 0 0 0 0 0 0 0 0 0 0 0 0 0 0 0 0 0 0 0 0 0 0 0 0 0 0 0 0 0 0 0 0 0 0 0 0 0 0 0 0 0 0 0 0 0 0 0 0 0 0 0 0 0 0 0 0 0 0 0 0 0 0 0 0 0 0 0 0 0
2.74221 0.000427124 0.000145698 0.000281426 0.658886 0.769939 0 0 0 0 0 0 0 0 0 0 0 0 0 0 0 0 0 0 0 0 0 0 0 0 0 0 0 0 0 0 0 0 0 0 0 0 0 0 0 0 0 0 0 0 0 0 0 0 0 0 0 0 0 0 0 0 0 0 0 0 0 0 0 0 0 0 0 0 0 0 0 0 0 0 0 0 0 0 0 0 0 0
2.88297 0.000427567 0.000145474 0.000282093 0.659762 0.768365 0 0 0 0 0 0 0 0 0 0 0 0 0 0 0 0 0 0 0 0 0 0 0 0 0 0 0 0 0 0 0 0 0 0 0 0 0 0 0 0 0 0 0 0 0 0 0 0 0 0 0 0 0 0 0 0 0 0 0 0 0 0 0 0 0 0 0 0 0 0 0 0 0 0 0 0 0 0 0 0 0 0
3.03095 0.000428028 0.000145372 0.000282655 0.660367 0.767184 0 0 0 0 0 0 0 0 0 0 0 0 0 0 0 0 0 0 0 0 0 0 0 0 0 0 0 0 0 0 0 0 0 0 0 0 0 0 0 0 0 0 0 0 0 0 0 0 0 0 0 0 0 0 0 0 0 0 0 0 0 0 0 0 0 0 0 0 0 0 0 0 0 0 0 0 0 0 0 0 0 0
3.18653 0.000428515 0.00014508 0.000283434 0.661435 0.765364 0 0 0 0 0 0 0 0 0 0 0 0 0 0 0 0 0 0 0 0 0 0 0 0 0 0 0 0 0 0 0 0 0 0 0 0 0 0 0 0 0 0 0 0 0 0 0 0 0 0 0 0 0 0 0 0 0 0 0 0 0 0 0 0 0 0 0 0 0 0 0 0 0 0 0 0 0 0 0 0 0 0
3.35009 0.000428988 0.000144789 0.000284199 0.662488 0.763497 0 0 0 0 0 0 0 0 0 0 0 0 0 0 0 0 0 0 0 0 0 0 0 0 0 0 0 0 0 0 0 0 0 0 0 0 0 0 0 0 0 0 0 0 0 0 0 0 0 0 0 0 0 0 0 0 0 0 0 0 0 0 0 0 0 0 0 0 0 0 0 0 0 0 0 0 0 0 0 0 0 0
3.52205 0.000429495 0.000144713 0.000284783 0.663063 0.762339 0 0 0 0 0 0 0 0 0 0 0 0 0 0 0 0 0 0 0 0 0 0 0 0 0 0 0 0 0 0 0 0 0 0 0 0 0 0 0 0 0 0 0 0 0 0 0 0 0 0 0 0 0 0 0 0 0 0 0 0 0 0 0 0 0 0 0 0 0 0 0 0 0 0 0 0 0 0 0 0 0 0
3.70284 0.000430017 0.00014448 0.000285536 0.664012 0.760644 0 0 0 0 0 0 0 0 0 0 0 0 0 0 0 0 0 0 0 0 0 0 0 0 0 0 0 0 0 0 0 0 0 0 0 0 0 0 0 0 0 0 0 0 0 0 0 0 0 0 0 0 0 0 0 0 0 0 0 0 0 0 0 0 0 0 0 0 0 0 0 0 0 0 0 0 0 0 0 0 0 0
3.89291 0.000430545 0.000144182 0.000286363 0.665117 0.75871 0 0 0 0 0 0 0 0 0 0 0 0 0 0 0 0 0 0 0 0 0 0 0 0 0 0 0 0 0 0 0 0 0 0 0 0 0 0 0 0 0 0 0 0 0 0 0 0 0 0 0 0 0 0 0 0 0 0 0 0 0 0 0 0 0 0 0 0 0 0 0 0 0 0 0 0 0 0 0 0 0 0
4.09273 0.000431093 0.00014396 0.000287133 0.666057 0.757007 0 0 0 0 0 0 0 0 0 0 0 0 0 0 0 0 0 0 0 0 0 0 0 0 0 0 0 0 0 0 0 0 0 0 0 0 0 0 0 0 0 0 0 0 0 0 0 0 0 0 0 0 0 0 0 0 0 0 0 0 0 0 0 0 0 0 0 0 0 0 0 0 0 0 0 0 0 0 0 0 0 0
4.30281 0.000431649 0.000143908 0.000287741 0.66661 0.755817 0 0 0 0 0 0 0 0 0 0 0 0 0 0 0 0 0 0 0 0 0 0 0 0 0 0 0 0 0 0 0 0 0 0 0 0 0 0 0 0 0 0 0 0 0 0 0 0 0 0 0 0 0 0 0 0 0 0 0 0 0 0 0 0 0 0 0 0 0 0 0 0 0 0 0 0 0 0 0 0 0 0
4.52368 0.00043221 0.000143839 0.000288371 0.6672 0.754546 0 0 0 0 0 0 0 0 0 0 0 0 0 0 0 0 0 0 0 0 0 0 0 0 0 0 0 0 0 0 0 0 0 0 0 0 0 0 0 0 0 0 0 0 0 0 0 0 0 0 0 0 0 0 0 0 0 0 0 0 0 0 0 0 0 0 0 0 0 0 0 0 0 0 0 0 0 0 0 0 0 0
4.75588 0.000432797 0.000143713 0.000289084 0.667944 0.75307 0 0 0 0 0 0 0 0 0 0 0 0 0 0 0 0 0 0 0 0 0 0 0 0 0 0 0 0 0 0 0 0 0 0 0 0 0 0 0 0 0 0 0 0 0 0 0 0 0 0 0 0 0 0 0 0 0 0 0 0 0 0 0 0 0 0 0 0 0 0 0 0 0 0 0 0 0 0 0 0 0 0
5 0.000433379 0.000143619 0.000289759 0.668606 0.751669 0 0 0 0 0 0 0 0 0 0 0 0 0 0 0 0 0 0 0 0 0 0 0 0 0 0 0 0 0 0 0 0 0 0 0 0 0 0 0 0 0 0 0 0 0 0 0 0 0 0 0 0 0 0 0 0 0 0 0 0 0 0 0 0 0 0 0 0 0 0 0 0 0 0 0 0 0 0 0 0 0 0
5.25665 0.000433987 0.000143803 0.000290183 0.668645 0.751106 0 0 0 0 0 0 0 0 0 0 0 0 0 0 0 0 0 0 0 0 0 0 0 0 0 0 0 0 0 0 0 0 0 0 0 0 0 0 0 0 0 0 0 0 0 0 0 0 0 0 0 0 0 0 0 0 0 0 0 0 0 0 0 0 0 0 0 0 0 0 0 0 0 0 0 0 0 0 0 0 0 0
5.52648 0.000434629 0.000144068 0.000290562 0.668528 0.750754 0 0 0 0 0 0 0 0 0 0 0 0 0 0 0 0 0 0 0 0 0 0 0 0 0 0 0 0 0 0 0 0 0 0 0 0 0 0 0 0 0 0 0 0 0 0 0 0 0 0 0 0 0 0 0 0 0 0 0 0 0 0 0 0 0 0 0 0 0 0 0 0 0 0 0 0 0 0 0 0 0 0
5.81015 0.000435347 0.000144672 0.000290675 0.667687 0.751409 0 0 0 0 0 0 0 0 0 0 0 0 0 0 0 0 0 0 0 0 0 0 0 0 0 0 0 0 0 0 0 0 0 0 0 0 0 0 0 0 0 0 0 0 0 0 0 0 0 0 0 0 0 0 0 0 0 0 0 0 0 0 0 0 0 0 0 0 0 0 0 0 0 0 0 0 0 0 0 0 0 0
6.10839 0.000436193 0.000144717 0.000291476 0.668227 0.750295 0 0 0 0 0 0 0 0 0 0 0 0 0 0 0 0 0 0 0 0 0 0 0 0 0 0 0 0 0 0 0 0 0 0 0 0 0 0 0 0 0 0 0 0 0 0 0 0 0 0 0 0 0 0 0 0 0 0 0 0 0 0 0 0 0 0 0 0 0 0 0 0 0 0 0 0 0 0 0 0 0 0
6.42193 0.000437025 0.000143424 0.000293601 0.671817 0.745079 0 0 0 0 0 0 0 0 0 0 0 0 0 0 0 0 0 0 0 0 0 0 0 0 0 0 0 0 0 0 0 0 0 0 0 0 0 0 0 0 0 0 0 0 0 0 0 0 0 0 0 0 0 0 0 0 0 0 0 0 0 0 0 0 0 0 0 0 0 0 0 0 0 0 0 0 0 0 0 0 0 0
6.75157 0.000437778 0.000143077 0.000294701 0.673175 0.742734 0 0 0 0 0 0 0 0 0 0 0 0 0 0 0 0 0 0 0 0 0 0 0 0 0 0 0 0 0 0 0 0 0 0 0 0 0 0 0 0 0 0 0 0 0 0 0 0 0 0 0 0 0 0 0 0 0 0 0 0 0 0 0 0 0 0 0 0 0 0 0 0 0 0 0 0 0 0 0 0 0 0
7.09813 0.000438655 0.000142788 0.000295867 0.674486 0.74054 0 0 0 0 0 0 0 0 0 0 0 0 0 0 0 0 0 0 0 0 0 0 0 0 0 0 0 0 0 0 0 0 0 0 0 0 0 0 0 0 0 0 0 0 0 0 0 0 0 0 0 0 0 0 0 0 0 0 0 0 0 0 0 0 0 0 0 0 0 0 0 0 0 0 0 0 0 0 0 0 0 0
7.46248 0.000439535 0.000141673 0.000297862 0.677676 0.735917 0 0 0 0 0 0 0 0 0 0 0 0 0 0 0 0 0 0 0 0 0 0 0 0 0 0 0 0 0 0 0 0 0 0 0 0 0 0 0 0 0 0 0 0 0 0 0 0 0 0 0 0 0 0 0 0 0 0 0 0 0 0 0 0 0 0 0 0 0 0 0 0 0 0 0 0 0 0 0 0 0 0
7.84553 0.000440333 0.000140783 0.00029955 0.680281 0.731998 0 0 0 0 0 0 0 0 0 0 0 0 0 0 0 0 0 0 0 0 0 0 0 0 0 0 0 0 0 0 0 0 0 0 0 0 0 0 0 0 0 0 0 0 0 0 0 0 0 0 0 0 0 0 0 0 0 0 0 0 0 0 0 0 0 0 0 0 0 0 0 0 0 0 0 0 0 0 0 0 0 0
8.24824 0.000441137 0.00013965 0.000301487 0.683432 0.727436 0 0 0 0 0 0 0 0 0 0 0 0 0 0 0 0 0 0 0 0 0 0 0 0 0 0 0 0 0 0 0 0 0 0 0 0 0 0 0 0 0 0 0 0 0 0 0 0 0 0 0 0 0 0 0 0 0 0 0 0 0 0 0 0 0 0 0 0 0 0 0 0 0 0 0 0 0 0 0 0 0 0
8.67162 0.000441879 0.00013881 0.000303069 0.685864 0.723757 0 0 0 0 0 0 0 0 0 0 0 0 0 0 0 0 0 0 0 0 0 0 0 0 0 0 0 0 0 0 0 0 0 0 0 0 0 0 0 0 0 0 0 0 0 0 0 0 0 0 0 0 0 0 0 0 0 0 0 0 0 0 0 0 0 0 0 0 0 0 0 0 0 0 0 0 0 0 0 0 0 0
9.11674 0.000442566 0.000138222 0.000304344 0.68768 0.720817 0 0 0 0 0 0 0 0 0 0 0 0 0 0 0 0 0 0 0 0 0 0 0 0 0 0 0 0 0 0 0 0 0 0 0 0 0 0 0 0 0 0 0 0 0 0 0 0 0 0 0 0 0 0 0 0 0 0 0 0 0 0 0 0 0 0 0 0 0 0 0 0 0 0 0 0 0 0 0 0 0 0
9.5847 0.000443232 0.000137876 0.000305357 0.688932 0.718551 0 0 0 0 0 0 0 0 0 0 0 0 0 0 0 0 0 0 0 0 0 0 0 0 0 0 0 0 0 0 0 0 0 0 0 0 0 0 0 0 0 0 0 0 0 0 0 0 0 0 0 0 0 0 0 0 0 0 0 0 0 0 0 0 0 0 0 0 0 0 0 0 0 0 0 0 0 0 0 0 0 0
10.0767 0.000443935 0.000137946 0.000305989 0.689264 0.717385 0 0 0 0 0 0 0 0 0 0 0 0 0 0 0 0 0 0 0 0 0 0 0 0 0 0 0 0 0 0 0 0 0 0 0 0 0 0 0 0 0 0 0 0 0 0 0 0 0 0 0 0 0 0 0 0 0 0 0 0 0 0 0 0 0 0 0 0 0 0 0 0 0 0 0 0 0 0 0 0 0 0
10.5939 0.000444743 0.000138442 0.000306301 0.688714 0.717281 0 0 0 0 0 0 0 0 0 0 0 0 0 0 0 0 0 0 0 0 0 0 0 0 0 0 0 0 0 0 0 0 0 0 0 0 0 0 0 0 0 0 0 0 0 0 0 0 0 0 0 0 0 0 0 0 0 0 0 0 0 0 0 0 0 0 0 0 0 0 0 0 0 0 0 0 0 0 0 0 0 0
11.1377 0.000445746 0.000138417 0.000307329 0.689472 0.715702 0 0 0 0 0 0 0 0 0 0 0 0 0 0 0 0 0 0 0 0 0 0 0 0 0 0 0 0 0 0 0 0 0 0 0 0 0 0 0 0 0 0 0 0 0 0 0 0 0 0 0 0 0 0 0 0 0 0 0 0 0 0 0 0 0 0 0 0 0 0 0 0 0 0 0 0 0 0 0 0 0 0
11.7094 0.000446615 0.000137792 0.000308823 0.691475 0.712611 0 0 0 0 0 0 0 0 0 0 0 0 0 0 0 0 0 0 0 0 0 0 0 0 0 0 0 0 0 0 0 0 0 0 0 0 0 0 0 0 0 0 0 0 0 0 0 0 0 0 0 0 0 0 0 0 0 0 0 0 0 0 0 0 0 0 0 0 0 0 0 0 0 0 0 0 0 0 0 0 0 0
12.3105 0.000447462 0.000137486 0.000309977 0.692743 0.710356 0 0 0 0 0 0 0 0 0 0 0 0 0 0 0 0 0 0 0 0 0 0 0 0 0 0 0 0 0 0 0 0 0 0 0 0 0 0 0 0 0 0 0 0 0 0 0 0 0 0 0 0 0 0 0 0 0 0 0 0 0 0 0 0 0 0 0 0 0 0 0 0 0 0 0 0 0 0 0 0 0 0
12.9424 0.000448573 0.000137671 0.000310902 0.693092 0.709226 0 0 0 0 0 0 0 0 0 0 0 0 0 0 0 0 0 0 0 0 0 0 0 0 0 0 0 0 0 0 0 0 0 0 0 0 0 0 0 0 0 0 0 0 0 0 0 0 0 0 0 0 0 0 0 0 0 0 0 0 0 0 0 0 0 0 0 0 0 0 0 0 0 0 0 0 0 0 0 0 0 0
13.6067 0.000449251 0.000136418 0.000312833 0.696344 0.704688 0 0 0 0 0 0 0 0 0 0 0 0 0 0 0 0 0 0 0 0 0 0 0 0 0 0 0 0 0 0 0 0 0 0 0 0 0 0 0 0 0 0 0 0 0 0 0 0 0 0 0 0 0 0 0 0 0 0 0 0 0 0 0 0 0 0 0 0 0 0 0 0 0 0 0 0 0 0 0 0 0 0
14.3051 0.000450179 0.000136486 0.000313693 0.696819 0.703316 0 0 0 0 0 0 0 0 0 0 0 0 0 0 0 0 0 0 0 0 0 0 0 0 0 0 0 0 0 0 0 0 0 0 0 0 0 0 0 0 0 0 0 0 0 0 0 0 0 0 0 0 0 0 0 0 0 0 0 0 0 0 0 0 0 0 0 0 0 0 0 0 0 0 0 0 0 0 0 0 0 0
15.0394 0.000451107 0.000136652 0.000314454 0.697073 0.702156 0 0 0 0 0 0 0 0 0 0 0 0 0 0 0 0 0 0 0 0 0 0 0 0 0 0 0 0 0 0 0 0 0 0 0 0 0 0 0 0 0 0 0 0 0 0 0 0 0 0 0 0 0 0 0 0 0 0 0 0 0 0 0 0 0 0 0 0 0 0 0 0 0 0 0 0 0 0 0 0 0 0
15.8114 0.000452035 0.000136539 0.000315496 0.697946 0.700301 0 0 0 0 0 0 0 0 0 0 0 0 0 0 0 0 0 0 0 0 0 0 0 0 0 0 0 0 0 0 0 0 0 0 0 0 0 0 0 0 0 0 0 0 0 0 0 0 0 0 0 0 0 0 0 0 0 0 0 0 0 0 0 0 0 0 0 0 0 0 0 0 0 0 0 0 0 0 0 0 0 0
16.623 0.000453116 0.000136065 0.000317051 0.699712 0.697531 0 0 0 0 0 0 0 0 0 0 0 0 0 0 0 0 0 0 0 0 0 0 0 0 0 0 0 0 0 0 0 0 0 0 0 0 0 0 0 0 0 0 0 0 0 0 0 0 0 0 0 0 0 0 0 0 0 0 0 0 0 0 0 0 0 0 0 0 0 0 0 0 0 0 0 0 0 0 0 0 0 0
17.4762 0.000454145 0.000135805 0.000318339 0.700964 0.695281 0 0 0 0 0 0 0 0 0 0 0 0 0 0 0 0 0 0 0 0 0 0 0 0 0 0 0 0 0 0 0 0 0 0 0 0 0 0 0 0 0 0 0 0 0 0 0 0 0 0 0 0 0 0 0 0 0 0 0 0 0 0 0 0 0 0 0 0 0 0 0 0 0 0 0 0 0 0 0 0 0 0
18.3733 0.000455033 0.000135318 0.000319715 0.702619 0.692559 0 0 0 0 0 0 0 0 0 0 0 0 0 0 0 0 0 0 0 0 0 0 0 0 0 0 0 0 0 0 0 0 0 0 0 0 0 0 0 0 0 0 0 0 0 0 0 0 0 0 0 0 0 0 0 0 0 0 0 0 0 0 0 0 0 0 0 0 0 0 0 0 1.4013e-45 0 2.8026e-45 0 5.60519e-45 0 1.26117e-44 0 2.38221e-44 0
19.3164 0.000455946 0.000135469 0.000320477 0.702884 0.691247 0 0 0 0 0 0 0 0 0 0 0 0 0 0 0 0 0 0 0 0 0 0 0 0 0 0 0 0 0 0 0 0 0 0 0 0 0 0 0 0 0 0 0 0 0 0 0 0 0 0 0 0 0 0 0 0 0 0 1.4013e-45 0 2.8026e-45 0 7.00649e-45 0 1.4013e-44 0 3.08286e-44 0 7.00649e-44 0 1.47136e-43 0 3.06884e-43 0 6.05361e-43 0 1.1827e-42 0 2.29393e-42 0 4.22351e-42 0
20.3079 0.000457121 0.000135671 0.00032145 0.703206 0.689915 0 0 0 0 0 0 0 0 0 0 0 0 0 0 0 0 0 0 0 0 0 0 0 0 0 0 0 0 0 0 0 0 0 0 0 0 0 0 0 0 0 0 0 0 0 0 0 0 1.4013e-45 0 5.60519e-45 0 1.4013e-44 0 3.50325e-44 0 8.96831e-44 0 2.25609e-43 0 5.31092e-43 0 1.23314e-42 0 2.7003e-42 0 5.58698e-42 0 1.19685e-41 0 2.42719e-41 0 4.87596e-41 0 9.29874e-41 0 1.75918e-40 0 3.3021e-40 0 5.90224e-40 0
21.3503 0.000458243 0.000134918 0.000323325 0.705576 0.686504 0 0 0 0 0 0 0 0 0 0 0 0 0 0 0 0 0 0 0 0 0 0 0 0 0 0 0 0 0 0 0 0 0 0 0 0 0 0 1.4013e-45 0 2.8026e-45 0 1.12104e-44 0 3.78351e-44 0 1.16308e-43 0 3.3491e-43 0 9.44475e-43 0 2.4845e-42 0 6.13208e-42 0 1.49056e-41 0 3.56953e-41 0 8.05592e-41 0 1.7952e-40 0 3.78299e-40 0 7.55478e-40 0 1.55926e-39 0 3.05485e-39 0 5.93135e-39 0 1.09604e-38 0 2.01e-38 0 3.65867e-38 0 6.35676e-38 0
22.4463 0.000459271 0.000134823 0.000324448 0.706442 0.684533 0 0 0 0 0 0 0 0 0 0 0 0 0 0 0 0 0 0 0 0 0 0 0 0 0 0 0 0 0 0 0 0 2.8026e-45 0 1.12104e-44 0 4.62428e-44 0 1.73761e-43 0 6.37591e-43 0 2.0557e-42 0 6.46699e-42 0 1.89091e-41 0 5.1607e-41 0 1.38164e-40 0 3.46884e-40 0 8.19143e-40 0 1.90654e-39 0 4.37521e-39 0 9.48959e-39 0 2.03355e-38 0 4.1321e-38 0 7.97795e-38 0 1.58937e-37 0 3.01325e-37 0 5.66408e-37 0 1.01574e-36 0 1.80839e-36 0 3.19683e-36 0 5.40653e-36 0
23.5984 0.000460333 0.000134308 0.000326026 0.708238 0.681651 0 0 0 0 0 0 0 0 0 0 0 0 0 0 0 0 0 0 0 0 0 0 0 0 0 0 2.8026e-45 0 1.54143e-44 0 8.96831e-44 0 4.41409e-43 0 1.97023e-42 0 7.62727e-42 0 2.71389e-41 0 9.36726e-41 0 2.85318e-40 0 8.48418e-40 0 2.35428e-39 0 6.11783e-39 0 1.56101e-38 0 3.74694e-38 0 8.48462e-38 0 1.89498e-37 0 4.17585e-37 0 8.72121e-37 0 1.80063e-36 0 3.53431e-36 0 6.60809e-36 0 1.2729e-35 0 2.33906e-35 0 4.26337e-35 0 7.43056e-35 0 1.28618e-34 0 2.2113e-34 0 3.64506e-34 0
24.8097 0.000461357 0.00013401 0.000327346 0.70953 0.679222 0 0 0 0 0 0 0 0 0 0 0 0 0 0 0 0 0 0 0 0 0 0 7.00649e-45 0 6.44597e-44 0 4.62428e-43 0 2.75635e-42 0 1.42946e-41 0 6.52346e-41 0 2.7102e-40 0 9.82013e-40 0 3.28421e-39 0 1.06704e-38 0 3.07806e-38 0 8.67862e-38 0 2.29118e-37 0 5.68261e-37 0 1.38514e-36 0 3.18566e-36 0 6.93145e-36 0 1.48853e-35 0 3.15606e-35 0 6.3586e-35 0 1.26717e-34 0 2.40668e-34 0 4.36435e-34 0 8.1421e-34 0 1.45239e-33 0 2.57078e-33 0 4.36068e-33 0 7.34853e-33 0 1.23043e-32 0 1.97932e-32 0
26.0832 0.000462442 0.000133754 0.000328689 0.710767 0.676833 0 0 0 0 0 0 0 0 0 0 0 0 0 0 0 0 0 0 9.80909e-45 0 1.35926e-43 0 1.30181e-42 0 1.04369e-41 0 6.75202e-41 0 3.6848e-40 0 1.76349e-39 0 7.47291e-39 0 2.89612e-38 0 9.8545e-38 0 3.10705e-37 0 9.53043e-37 0 2.61064e-36 0 6.99746e-36 0 1.76183e-35 0 4.18015e-35 0 9.75544e-35 0 2.15423e-34 0 4.51265e-34 0 9.33598e-34 0 1.90814e-33 0 3.71513e-33 0 7.15859e-33 0 1.31767e-32 0 2.32107e-32 0 4.20033e-32 0 7.28378e-32 0 1.25381e-31 0 2.07261e-31 0 3.40484e-31 0 5.55934e-31 0 8.73782e-31 0
27.4221 0.000463481 0.000133355 0.000330126 0.712276 0.67415 0 0 0 0 0 0 0 0 0 0 0 0 0 0 4.2039e-45 0 1.06499e-43 0 1.73481e-42 0 2.07855e-41 0 1.78067e-40 0 1.29013e-39 0 7.61919e-39 0 3.8274e-38 0 1.69693e-37 0 6.70136e-37 0 2.43089e-36 0 7.79145e-36 0 2.32265e-35 0 6.74499e-35 0 1.75893e-34 0 4.49299e-34 0 1.08138e-33 0 2.45973e-33 0 5.50773e-33 0 1.17009e-32 0 2.36418e-32 0 4.72056e-32 0 9.31724e-32 0 1.75599e-31 0 3.27694e-31 0 5.85479e-31 0 1.0032e-30 0 1.76362e-30 0 2.97718e-30 0 4.99074e-30 0 8.04992e-30 0 1.29076e-29 0 2.05768e-29 0 3.1635e-29 0
28.8297 0.000464593 0.00013317 0.000331423 0.713362 0.67184 0 0 0 0 0 0 0 0 0 0 0 0 1.82169e-44 0 7.10458e-43 0 1.61962e-41 0 2.31637e-40 0 2.4578e-39 0 1.89591e-38 0 1.24703e-37 0 6.75299e-37 0 3.1352e-36 0 1.29256e-35 0 4.77336e-35 0 1.62594e-34 0 4.92334e-34 0 1.39144e-33 0 3.83581e-33 0 9.54551e-33 0 2.32917e-32 0 5.37058e-32 0 1.17356e-31 0 2.52637e-31 0 5.17328e-31 0 1.00998e-30 0 1.94968e-30 0 3.72255e-30 0 6.80201e-30 0 1.23127e-29 0 2.13841e-29 0 3.56902e-29 0 6.10384e-29 0 1.00439e-28 0 1.64175e-28 0 2.587e-28 0 4.05359e-28 0 6.31658e-28 0 9.50941e-28 0
30.3095 0.000465635 0.000132698 0.000332937 0.715016 0.668963 0 0 0 0 0 0 0 0 0 0 4.06377e-44 0 2.88948e-42 0 9.76383e-41 0 1.91075e-39 0 2.39986e-38 0 2.26905e-37 0 1.58415e-36 0 9.50415e-36 0 4.73931e-35 0 2.04141e-34 0 7.85377e-34 0 2.72114e-33 0 8.73059e-33 0 2.50442e-32 0 6.72793e-32 0 1.76511e-31 0 4.2013e-31 0 9.81458e-31 0 2.17259e-30 0 4.56968e-30 0 9.47588e-30 0 1.87366e-29 0 3.54041e-29 0 6.61846e-29 0 1.22439e-28 0 2.17238e-28 0 3.82005e-28 0 6.45805e-28 0 1.05123e-27 0 1.75135e-27 0 2.81262e-27 0 4.48846e-27 0 6.91743e-27 0 1.06039e-26 0 1.61697e-26 0 2.38615e-26 0
31.8653 0.000466682 0.000132492 0.00033419 0.716097 0.666552 0 0 0 0 0 0 0 0 3.36312e-44 0 6.31845e-42 0 3.67004e-40 0 1.04425e-38 0 1.76738e-37 0 1.9618e-36 0 1.66218e-35 0 1.05542e-34 0 5.80165e-34 0 2.67475e-33 0 1.07284e-32 0 3.86467e-32 0 1.26019e-31 0 3.81952e-31 0 1.0407e-30 0 2.66409e-30 0 6.66787e-30 0 1.52129e-29 0 3.40963e-29 0 7.26045e-29 0 1.47267e-28 0 2.94697e-28 0 5.63628e-28 0 1.03243e-27 0 1.87197e-27 0 3.36061e-27 0 5.79797e-27 0 9.91839e-27 0 1.63433e-26 0 2.59779e-26 0 4.22141e-26 0 6.62447e-26 0 1.0333e-25 0 1.5592e-25 0 2.3408e-25 0 3.49667e-25 0 5.06292e-25 0
33.5009 0.000467799 0.000132512 0.000335287 0.716733 0.66449 0 0 0 0 0 0 7.00649e-45 0 5.31513e-42 0 7.64319e-40 0 3.64062e-38 0 8.79659e-37 0 1.29675e-35 0 1.27981e-34 0 9.7692e-34 0 5.66776e-33 0 2.86683e-32 0 1.22667e-31 0 4.59754e-31 0 1.55571e-30 0 4.78841e-30 0 1.37484e-29 0 3.56711e-29 0 8.72181e-29 0 2.08733e-28 0 4.57431e-28 0 9.85621e-28 0 2.02274e-27 0 3.96356e-27 0 7.66737e-27 0 1.42074e-26 0 2.52666e-26 0 4.45008e-26 0 7.76389e-26 0 1.30429e-25 0 2.17347e-25 0 3.49513e-25 0 5.43127e-25 0 8.61905e-25 0 1.32312e-24 0 2.01951e-24 0 2.98675e-24 0 4.39588e-24 0 6.43912e-24 0 9.15639e-24 0
35.2205 0.000469032 0.00013253 0.000336501 0.717438 0.662337 0 0 0 0 0 0 1.06078e-42 0 6.40489e-40 0 7.22636e-38 0 2.85035e-36 0 5.89531e-35 0 7.62072e-34 0 6.72575e-33 0 4.64896e-32 0 2.4753e-31 0 1.15677e-30 0 4.61052e-30 0 1.62006e-29 0 5.16522e-29 0 1.50491e-28 0 4.104e-28 0 1.01638e-27 0 2.37896e-27 0 5.45594e-27 0 1.15071e-26 0 2.38822e-26 0 4.73216e-26 0 8.97309e-26 0 1.68078e-25 0 3.02204e-25 0 5.22549e-25 0 8.95251e-25 0 1.52004e-24 0 2.48971e-24 0 4.04671e-24 0 6.35826e-24 0 9.67007e-24 0 1.50036e-23 0 2.25552e-23 0 3.37232e-23 0 4.89309e-23 0 7.067e-23 0 1.01606e-22 0 1.42021e-22 0
37.0284 0.000470184 0.000132314 0.00033787 0.718591 0.659713 0 0 0 0 1.4013e-44 0 1.36318e-40 0 6.02323e-38 0 5.39549e-36 0 1.77864e-34 0 3.17295e-33 0 3.6198e-32 0 2.87246e-31 0 1.80666e-30 0 8.86522e-30 0 3.84251e-29 0 1.43152e-28 0 4.73078e-28 0 1.42529e-27 0 3.94141e-27 0 1.02347e-26 0 2.4249e-26 0 5.44495e-26 0 1.19916e-25 0 2.43865e-25 0 4.88399e-25 0 9.35964e-25 0 1.72018e-24 0 3.1249e-24 0 5.45991e-24 0 9.19179e-24 0 1.53392e-23 0 2.53798e-23 0 4.05806e-23 0 6.44127e-23 0 9.89982e-23 0 1.47512e-22 0 2.24017e-22 0 3.30131e-22 0 4.83994e-22 0 6.89607e-22 0 9.78271e-22 0 1.3818e-21 0 1.90011e-21 0
38.9291 0.000471415 0.000132287 0.000339128 0.719383 0.657341 0 0 0 0 2.16921e-42 0 1.36759e-38 0 4.48827e-36 0 3.22824e-34 0 8.97235e-33 0 1.39054e-31 0 1.4086e-30 0 1.01027e-29 0 5.80854e-29 0 2.63725e-28 0 1.06409e-27 0 3.71771e-27 0 1.15895e-26 0 3.30865e-26 0 8.70623e-26 0 2.15784e-25 0 4.90172e-25 0 1.05803e-24 0 2.24201e-24 0 4.40413e-24 0 8.52625e-24 0 1.58289e-23 0 2.82398e-23 0 4.9827e-23 0 8.47191e-23 0 1.39044e-22 0 2.26306e-22 0 3.65345e-22 0 5.70929e-22 0 8.86011e-22 0 1.33346e-21 0 1.94861e-21 0 2.89947e-21 0 4.19279e-21 0 6.03314e-21 0 8.44887e-21 0 1.17826e-20 0 1.63646e-20 0 2.21556e-20 0
40.9273 0.000472672 0.00013232 0.000340352 0.720059 0.654997 0 0 0 0 2.63258e-40 0 1.08275e-36 0 2.67797e-34 0 1.56326e-32 0 3.69379e-31 0 5.00767e-30 0 4.53046e-29 0 2.95131e-28 0 1.55796e-27 0 6.56993e-27 0 2.47634e-26 0 8.13916e-26 0 2.40027e-25 0 6.51031e-25 0 1.63406e-24 0 3.87446e-24 0 8.45555e-24 0 1.75782e-23 0 3.59081e-23 0 6.82495e-23 0 1.27935e-22 0 2.30443e-22 0 3.99668e-22 0 6.85903e-22 0 1.13638e-21 0 1.82049e-21 0 2.89337e-21 0 4.56307e-21 0 6.97702e-21 0 1.05976e-20 0 1.56344e-20 0 2.24276e-20 0 3.27303e-20 0 4.6485e-20 0 6.57109e-20 0 9.05214e-20 0 1.24206e-19 0 1.69762e-19 0 2.26462e-19 0
43.0281 0.000474 0.000132252 0.000341749 0.720988 0.652376 0 0 7.00649e-45 0 2.49507e-38 0 6.83555e-35 0 1.29182e-32 0 6.18291e-31 0 1.25192e-29 0 1.49439e-28 0 1.21414e-27 0 7.21781e-27 0 3.51293e-26 0 1.38089e-25 0 4.87835e-25 0 1.51291e-24 0 4.23214e-24 0 1.09331e-23 0 2.62359e-23 0 5.96395e-23 0 1.2529e-22 0 2.51323e-22 0 4.95797e-22 0 9.13257e-22 0 1.6602e-21 0 2.90574e-21 0 4.90587e-21 0 8.20025e-21 0 1.32551e-20 0 2.07518e-20 0 3.22438e-20 0 4.97324e-20 0 7.44815e-20 0 1.10847e-19 0 1.60455e-19 0 2.26153e-19 0 3.24006e-19 0 4.52353e-19 0 6.28728e-19 0 8.52678e-19 0 1.15204e-18 0 1.55075e-18 0 2.03979e-18 0
45.2368 0.00047537 0.000132308 0.000343062 0.721674 0.649872 0 0 1.02295e-42 0 1.87225e-36 0 3.48508e-33 0 5.09911e-31 0 2.02052e-29 0 3.53235e-28 0 3.73571e-27 0 2.74005e-26 0 1.49313e-25 0 6.72678e-25 0 2.47326e-24 0 8.21531e-24 0 2.41082e-23 0 6.41357e-23 0 1.58183e-22 0 3.63707e-22 0 7.94286e-22 0 1.60924e-21 0 3.12015e-21 0 5.95443e-21 0 1.06458e-20 0 1.87962e-20 0 3.20109e-20 0 5.26808e-20 0 8.58756e-20 0 1.35595e-19 0 2.07688e-19 0 3.15833e-19 0 4.76938e-19 0 7.00337e-19 0 1.02224e-18 0 1.45324e-18 0 2.01424e-18 0 2.83555e-18 0 3.89481e-18 0 5.32709e-18 0 7.1179e-18 0 9.47663e-18 0 1.25726e-17 0 1.63176e-17 0
47.5588 0.000476654 0.000132144 0.000344509 0.722766 0.646928 0 0 1.24044e-40 0 1.1222e-34 0 1.44634e-31 0 1.65896e-29 0 5.49268e-28 0 8.35057e-27 0 7.87071e-26 0 5.23779e-25 0 2.62746e-24 0 1.09984e-23 0 3.79476e-23 0 1.18873e-22 0 3.30975e-22 0 8.3943e-22 0 1.98108e-21 0 4.37361e-21 0 9.19396e-21 0 1.79959e-20 0 3.37823e-20 0 6.24671e-20 0 1.08559e-19 0 1.86426e-19 0 3.09346e-19 0 4.96862e-19 0 7.90847e-19 0 1.22118e-18 0 1.83193e-18 0 2.72939e-18 0 4.03953e-18 0 5.82143e-18 0 8.3417e-18 0 1.16569e-17 0 1.59013e-17 0 2.20145e-17 0 2.97732e-17 0 4.01042e-17 0 5.28331e-17 0 6.93649e-17 0 9.07647e-17 0 1.16311e-16 0
50 0.000478026 0.000132169 0.000345857 0.723511 0.644155 2.8026e-45 0 1.17649e-38 0 5.44826e-33 0 4.95003e-30 0 4.50419e-28 0 1.25706e-26 0 1.67333e-25 0 1.41354e-24 0 8.57541e-24 0 3.97601e-23 0 1.55197e-22 0 5.04053e-22 0 1.49336e-21 0 3.95516e-21 0 9.58559e-21 0 2.16935e-20 0 4.60759e-20 0 9.34079e-20 0 1.76935e-19 0 3.22089e-19 0 5.77967e-19 0 9.7769e-19 0 1.63522e-18 0 2.64713e-18 0 4.15449e-18 0 6.46427e-18 0 9.77226e-18 0 1.43722e-17 0 2.10004e-17 0 3.04915e-17 0 4.31647e-17 0 6.07752e-17 0 8.35522e-17 0 1.1226e-16 0 1.52969e-16 0 2.03854e-16 0 2.70624e-16 0 3.51753e-16 0 4.55721e-16 0 5.88539e-16 0 7.45108e-16 0
52.5665 0.000479485 0.000132175 0.00034731 0.72434 0.641261 5.0727e-43 0 8.82515e-37 0 2.16158e-31 0 1.40825e-28 0 1.02812e-26 0 2.4389e-25 0 2.86108e-24 0 2.17777e-23 0 1.20985e-22 0 5.20471e-22 0 1.90088e-21 0 5.82869e-21 0 1.63768e-20 0 4.13596e-20 0 9.59975e-20 0 2.08762e-19 0 4.2739e-19 0 8.37045e-19 0 1.53686e-18 0 2.71702e-18 0 4.73831e-18 0 7.81222e-18 0 1.27421e-17 0 2.01478e-17 0 3.09325e-17 0 4.71022e-17 0 6.97837e-17 0 1.00717e-16 0 1.44466e-16 0 2.05973e-16 0 2.86675e-16 0 3.96947e-16 0 5.37297e-16 0 7.11572e-16 0 9.55072e-16 0 1.25506e-15 0 1.64325e-15 0 2.1087e-15 0 2.69764e-15 0 3.44063e-15 0 4.30606e-15 0
55.2648 0.000480943 0.000132202 0.000348741 0.725119 0.638236 6.14371e-41 0 5.29731e-35 0 7.07928e-30 0 3.36134e-27 0 1.9902e-25 0 4.04491e-24 0 4.20761e-23 0 2.90055e-22 0 1.48197e-21 0 5.93699e-21 0 2.03544e-20 0 5.90902e-20 0 1.57859e-19 0 3.81041e-19 0 8.48792e-19 0 1.77714e-18 0 3.51318e-18 0 6.65843e-18 0 1.18679e-17 0 2.04057e-17 0 3.46328e-17 0 5.57233e-17 0 8.87424e-17 0 1.37215e-16 0 2.06299e-16 0 3.07757e-16 0 4.47287e-16 0 6.34095e-16 0 8.93651e-16 0 1.25225e-15 0 1.71499e-15 0 2.33724e-15 0 3.11721e-15 0 4.07205e-15 0 5.38753e-15 0 6.98595e-15 0 9.02716e-15 0 1.14439e-14 0 1.44651e-14 0 1.82312e-14 0 2.25684e-14 0
58.1015 0.000482424 0.00013208 0.000350344 0.726216 0.6349 5.8069e-39 0 2.56904e-33 0 1.92946e-28 0 6.7808e-26 0 3.28951e-24 0 5.77138e-23 0 5.35484e-22 0 3.35934e-21 0 1.585e-20 0 5.93374e-20 0 1.91556e-19 0 5.27903e-19 0 1.34422e-18 0 3.10806e-18 0 6.65789e-18 0 1.34458e-17 0 2.57108e-17 0 4.72313e-17 0 8.18421e-17 0 1.37045e-16 0 2.26664e-16 0 3.56326e-16 0 5.54721e-16 0 8.39661e-16 0 1.23752e-15 0 1.81043e-15 0 2.58364e-15 0 3.60081e-15 0 4.99044e-15 0 6.87873e-15 0 9.27707e-15 0 1.24534e-14 0 1.63774e-14 0 2.11167e-14 0 2.75592e-14 0 3.52853e-14 0 4.50281e-14 0 5.64258e-14 0 7.0511e-14 0 8.78709e-14 0 1.07648e-13 0
61.0839 0.000483981 0.000132285 0.000351696 0.726673 0.631857 4.35271e-37 0 1.02078e-31 0 4.43149e-27 0 1.16976e-24 0 4.69501e-23 0 7.16211e-22 0 5.96035e-21 0 3.41855e-20 0 1.49527e-19 0 5.24843e-19 0 1.6001e-18 0 4.19672e-18 0 1.02096e-17 0 2.26597e-17 0 4.67679e-17 0 9.1263e-17 0 1.69074e-16 0 3.01507e-16 0 5.08613e-16 0 8.30504e-16 0 1.34027e-15 0 2.06094e-15 0 3.13984e-15 0 4.65744e-15 0 6.73554e-15 0 9.6724e-15 0 1.35657e-14 0 1.86026e-14 0 2.53741e-14 0 3.44315e-14 0 4.57631e-14 0 6.0555e-14 0 7.85775e-14 0 1.00067e-13 0 1.2891e-13 0 1.63069e-13 0 2.05633e-13 0 2.5486e-13 0 3.15032e-13 0 3.88397e-13 0 4.7112e-13 0
64.2193 0.00048545 0.000131854 0.000353596 0.728388 0.627765 2.59819e-35 0 3.33159e-30 0 8.58698e-26 0 1.72646e-23 0 5.78637e-22 0 7.72738e-21 0 5.79874e-20 0 3.05399e-19 0 1.24295e-18 0 4.10337e-18 0 1.18473e-17 0 2.96441e-17 0 6.90535e-17 0 1.4741e-16 0 2.93667e-16 0 5.5466e-16 0 9.97093e-16 0 1.72858e-15 0 2.84245e-15 0 4.53158e-15 0 7.14418e-15 0 1.07572e-14 0 1.60552e-14 0 2.33612e-14 0 3.31816e-14 0 4.68151e-14 0 6.45836e-14 0 8.7208e-14 0 1.17163e-13 0 1.56633e-13 0 2.05311e-13 0 2.67983e-13 0 3.43346e-13 0 4.32114e-13 0 5.49822e-13 0 6.87581e-13 0 8.57288e-13 0 1.05144e-12 0 1.28631e-12 0 1.56974e-12 0 1.8862e-12 0
67.5157 0.000487017 0.000131751 0.000355266 0.729473 0.624026 1.2577e-33 0 9.08171e-29 0 1.42555e-24 0 2.2123e-22 0 6.24631e-21 0 7.35008e-20 0 4.99871e-19 0 2.42752e-18 0 9.22546e-18 0 2.87309e-17 0 7.87675e-17 0 1.88459e-16 0 4.21244e-16 0 8.66552e-16 0 1.66921e-15 0 3.05631e-15 0 5.33913e-15 0 9.01068e-15 0 1.44615e-14 0 2.25362e-14 0 3.47482e-14 0 5.12864e-14 0 7.5063e-14 0 1.07239e-13 0 1.49732e-13 0 2.07732e-13 0 2.8211e-13 0 3.75391e-13 0 4.97117e-13 0 6.55231e-13 0 8.47586e-13 0 1.09202e-12 0 1.38229e-12 0 1.72025e-12 0 2.16325e-12 0 2.67589e-12 0 3.3006e-12 0 4.00795e-12 0 4.8552e-12 0 5.86768e-12 0 6.98769e-12 0
70.9813 0.000488559 0.000131742 0.000356817 0.730346 0.620114 4.97974e-32 0 2.08248e-27 0 2.03958e-23 0 2.47419e-21 0 5.93445e-20 0 6.1912e-19 0 3.83434e-18 0 1.72381e-17 0 6.13768e-17 0 1.80833e-16 0 4.71944e-16 0 1.08209e-15 0 2.32554e-15 0 4.61839e-15 0 8.61598e-15 0 1.53168e-14 0 2.60382e-14 0 4.28352e-14 0 6.71779e-14 0 1.02444e-13 0 1.54652e-13 0 2.23961e-13 0 3.2175e-13 0 4.51732e-13 0 6.20533e-13 0 8.47252e-13 0 1.13354e-12 0 1.48746e-12 0 1.94297e-12 0 2.52665e-12 0 3.22758e-12 0 4.10724e-12 0 5.13951e-12 0 6.32812e-12 0 7.86922e-12 0 9.63348e-12 0 1.17614e-11 0 1.41472e-11 0 1.69781e-11 0 2.03298e-11 0 2.40047e-11 0
74.6248 0.000490199 0.000131545 0.000358654 0.73165 0.615923 1.6252e-30 0 4.04246e-26 0 2.52785e-22 0 2.42605e-20 0 4.98278e-19 0 4.63601e-18 0 2.62661e-17 0 1.09729e-16 0 3.67206e-16 0 1.02629e-15 0 2.5559e-15 0 5.62757e-15 0 1.16509e-14 0 2.23758e-14 0 4.04921e-14 0 6.99895e-14 0 1.15938e-13 0 1.86149e-13 0 2.85591e-13 0 4.26636e-13 0 6.31239e-13 0 8.97755e-13 0 1.26713e-12 0 1.7498e-12 0 2.36669e-12 0 3.18263e-12 0 4.19796e-12 0 5.43606e-12 0 7.00873e-12 0 8.99808e-12 0 1.13577e-11 0 1.42841e-11 0 1.76795e-11 0 2.15482e-11 0 2.65123e-11 0 3.21373e-11 0 3.88556e-11 0 4.6318e-11 0 5.50935e-11 0 6.53919e-11 0 7.65884e-11 0
78.4553 0.000491814 0.00013135 0.000360463 0.732926 0.611457 4.41943e-29 0 6.70638e-25 0 2.73686e-21 0 2.10196e-19 0 3.72488e-18 0 3.10806e-17 0 1.61795e-16 0 6.3034e-16 0 1.98861e-15 0 5.28589e-15 0 1.25905e-14 0 2.66738e-14 0 5.32959e-14 0 9.91458e-14 0 1.74297e-13 0 2.93325e-13 0 4.74067e-13 0 7.43763e-13 0 1.11749e-12 0 1.63699e-12 0 2.37616e-12 0 3.32178e-12 0 4.61029e-12 0 6.26689e-12 0 8.35219e-12 0 1.10704e-11 0 1.4406e-11 0 1.84209e-11 0 2.34573e-11 0 2.97502e-11 0 3.71272e-11 0 4.61736e-11 0 5.65574e-11 0 6.82708e-11 0 8.31524e-11 0 9.98521e-11 0 1.19612e-10 0 1.41367e-10 0 1.66732e-10 0 1.96249e-10 0 2.28085e-10 0
82.4824 0.000493194 0.000131031 0.000362163 0.734322 0.606448 1.00934e-27 0 9.5724e-24 0 2.60311e-20 0 1.61739e-18 0 2.49084e-17 0 1.87386e-16 0 8.99977e-16 0 3.28099e-15 0 9.7863e-15 0 2.48003e-14 0 5.66212e-14 0 1.15639e-13 0 2.23375e-13 0 4.03137e-13 0 6.89455e-13 0 1.13117e-12 0 1.78583e-12 0 2.74085e-12 0 4.03702e-12 0 5.80454e-12 0 8.27363e-12 0 1.13786e-11 0 1.55416e-11 0 2.08118e-11 0 2.73506e-11 0 3.57566e-11 0 4.59359e-11 0 5.80372e-11 0 7.30379e-11 0 9.15633e-11 0 1.13038e-10 0 1.39093e-10 0 1.68694e-10 0 2.01768e-10 0 2.43395e-10 0 2.89677e-10 0 3.43957e-10 0 4.0321e-10 0 4.71741e-10 0 5.50855e-10 0 6.35533e-10 0
86.7162 0.000494925 0.000131193 0.000363732 0.734924 0.60211 1.96159e-26 0 1.18965e-22 0 2.1989e-19 0 1.11679e-17 0 1.50495e-16 0 1.02595e-15 0 4.56399e-15 0 1.56203e-14 0 4.41704e-14 0 1.06968e-13 0 2.34569e-13 0 4.6265e-13 0 8.65415e-13 0 1.51748e-12 0 2.52812e-12 0 4.04875e-12 0 6.25102e-12 0 9.39534e-12 0 1.35793e-11 0 1.91816e-11 0 2.68718e-11 0 3.63859e-11 0 4.89473e-11 0 6.46177e-11 0 8.37945e-11 0 1.08124e-10 0 1.37217e-10 0 1.71397e-10 0 2.13289e-10 0 2.64454e-10 0 3.23137e-10 0 3.93611e-10 0 4.72901e-10 0 5.60697e-10 0 6.70208e-10 0 7.90897e-10 0 9.31255e-10 0 1.08324e-09 0 1.25768e-09 0 1.45752e-09 0 1.66988e-09 0
91.1674 0.000496472 0.000130994 0.000365478 0.73615 0.596971 3.24933e-25 0 1.28799e-21 0 1.64893e-18 0 6.91327e-17 0 8.20512e-16 0 5.09317e-15 0 2.1065e-14 0 6.78918e-14 0 1.82481e-13 0 4.23238e-13 0 8.93207e-13 0 1.70424e-12 0 3.09189e-12 0 5.27492e-12 0 8.57169e-12 0 1.34154e-11 0 2.0278e-11 0 2.98776e-11 0 4.24132e-11 0 5.89093e-11 0 8.11799e-11 0 1.08307e-10 0 1.43603e-10 0 1.87024e-10 0 2.3947e-10 0 3.05178e-10 0 3.82812e-10 0 4.73003e-10 0 5.82365e-10 0 7.14522e-10 0 8.64576e-10 0 1.04304e-09 0 1.24197e-09 0 1.46036e-09 0 1.73044e-09 0 2.02562e-09 0 2.36615e-09 0 2.73208e-09 0 3.14899e-09 0 3.62319e-09 0 4.12359e-09 0
95.847 0.000497935 0.000131031 0.000366904 0.736851 0.591426 4.644e-24 0 1.22839e-20 0 1.10896e-17 0 3.87419e-16 0 4.07498e-15 0 2.31375e-14 0 8.92864e-14 0 2.71786e-13 0 6.96084e-13 0 1.5495e-12 0 3.15298e-12 0 5.8291e-12 0 1.02722e-11 0 1.70737e-11 0 2.70947e-11 0 4.14882e-11 0 6.14589e-11 0 8.88563e-11 0 1.23998e-10 0 1.69485e-10 0 2.2993e-10 0 3.02476e-10 0 3.95564e-10 0 5.08568e-10 0 6.43371e-10 0 8.10255e-10 0 1.00519e-09 0 1.22925e-09 0 1.49817e-09 0 1.81989e-09 0 2.18168e-09 0 2.60801e-09 0 3.07907e-09 0 3.59196e-09 0 4.22116e-09 0 4.90334e-09 0 5.68436e-09 0 6.51755e-09 0 7.46021e-09 0 8.52503e-09 0 9.64134e-09 0
100.767 0.000499883 0.000130973 0.00036891 0.737992 0.585824 5.75415e-23 0 1.03592e-19 0 6.70815e-17 0 1.97025e-15 0 1.84744e-14 0 9.63692e-14 0 3.48155e-13 0 1.00372e-12 0 2.4553e-12 0 5.25612e-12 0 1.03308e-11 0 1.85346e-11 0 3.1771e-11 0 5.15136e-11 0 7.99256e-11 0 1.19865e-10 0 1.74188e-10 0 2.47347e-10 0 3.39598e-10 0 4.57147e-10 0 6.11018e-10 0 7.93111e-10 0 1.0237e-09 0 1.30009e-09 0 1.62593e-09 0 2.02475e-09 0 2.48557e-09 0 3.0099e-09 0 3.63311e-09 0 4.37157e-09 0 5.19444e-09 0 6.15562e-09 0 7.20877e-09 0 8.34655e-09 0 9.7316e-09 0 1.12219e-08 0 1.29159e-08 0 1.47105e-08 0 1.67274e-08 0 1.89908e-08 0 2.13489e-08 0
105.939 0.000501832 0.000130982 0.00037085 0.738992 0.580381 6.23174e-22 0 7.78064e-19 0 3.6731e-16 0 9.14703e-15 0 7.689e-14 0 3.7001e-13 0 1.25549e-12 0 3.43715e-12 0 8.04867e-12 0 1.66014e-11 0 3.15707e-11 0 5.50479e-11 0 9.19099e-11 0 1.45548e-10 0 2.21032e-10 0 3.24988e-10 0 4.63735e-10 0 6.47323e-10 0 8.75104e-10 0 1.16104e-09 0 1.53001e-09 0 1.96084e-09 0 2.49959e-09 0 3.13764e-09 0 3.8814e-09 0 4.78197e-09 0 5.81184e-09 0 6.97239e-09 0 8.33905e-09 0 9.94381e-09 0 1.17165e-08 0 1.37699e-08 0 1.60019e-08 0 1.83954e-08 0 2.12878e-08 0 2.43777e-08 0 2.78656e-08 0 3.15363e-08 0 3.5636e-08 0 4.02081e-08 0 4.49432e-08 0
111.377 0.0005033 0.000131133 0.000372167 0.739454 0.574131 5.94123e-21 0 5.23726e-18 0 1.83049e-15 0 3.89622e-14 0 2.95183e-13 0 1.31559e-12 0 4.20546e-12 0 1.09609e-11 0 2.46223e-11 0 4.90229e-11 0 9.03461e-11 0 1.53312e-10 0 2.49649e-10 0 3.86567e-10 0 5.75196e-10 0 8.29955e-10 0 1.16391e-09 0 1.59844e-09 0 2.12933e-09 0 2.78635e-09 0 3.62268e-09 0 4.5869e-09 0 5.77826e-09 0 7.17318e-09 0 8.78185e-09 0 1.07098e-08 0 1.28929e-08 0 1.53306e-08 0 1.8176e-08 0 2.14883e-08 0 2.5117e-08 0 2.92872e-08 0 3.37857e-08 0 3.85758e-08 0 4.43242e-08 0 5.0423e-08 0 5.72622e-08 0 6.44151e-08 0 7.2356e-08 0 8.11595e-08 0 9.02254e-08 0
117.094 0.000504623 0.000130849 0.000373773 0.740699 0.566383 4.99599e-20 0 3.16265e-17 0 8.30481e-15 0 1.52253e-13 0 1.0449e-12 0 4.32927e-12 0 1.30757e-11 0 3.25227e-11 0 7.02278e-11 0 1.352e-10 0 2.41838e-10 0 3.99925e-10 0 6.35904e-10 0 9.63864e-10 0 1.40663e-09 0 1.99363e-09 0 2.75003e-09 0 3.71869e-09 0 4.88488e-09 0 6.30877e-09 0 8.09792e-09 0 1.01358e-08 0 1.26253e-08 0 1.55085e-08 0 1.87998e-08 0 2.2706e-08 0 2.7088e-08 0 3.19384e-08 0 3.75528e-08 0 4.40349e-08 0 5.10803e-08 0 5.91161e-08 0 6.77222e-08 0 7.68249e-08 0 8.76764e-08 0 9.91145e-08 0 1.11861e-07 0 1.25113e-07 0 1.39741e-07 0 1.55867e-07 0 1.72385e-07 0
123.105 0.0005068 0.000130823 0.000375977 0.741865 0.559173 3.74719e-19 0 1.73125e-16 0 3.46354e-14 0 5.50908e-13 0 3.4415e-12 0 1.33029e-11 0 3.8068e-11 0 9.05648e-11 0 1.88347e-10 0 3.51188e-10 0 6.10598e-10 0 9.85244e-10 0 1.53152e-09 0 2.27472e-09 0 3.25896e-09 0 4.54096e-09 0 6.16623e-09 0 8.21625e-09 0 1.06501e-08 0 1.35838e-08 0 1.72249e-08 0 2.13246e-08 0 2.62789e-08 0 3.19576e-08 0 3.83776e-08 0 4.59262e-08 0 5.43196e-08 0 6.3533e-08 0 7.41131e-08 0 8.62329e-08 0 9.93077e-08 0 1.14114e-07 0 1.29862e-07 0 1.46412e-07 0 1.66018e-07 0 1.86557e-07 0 2.09309e-07 0 2.32829e-07 0 2.58651e-07 0 2.86965e-07 0 3.15819e-07 0
129.424 0.00050942 0.000131401 0.000378019 0.742058 0.553145 2.52793e-18 0 8.65603e-16 0 1.33699e-13 0 1.85789e-12 0 1.06131e-11 0 3.84035e-11 0 1.04398e-10 0 2.38074e-10 0 4.77734e-10 0 8.64082e-10 0 1.46232e-09 0 2.30508e-09 0 3.50681e-09 0 5.10892e-09 0 7.19209e-09 0 9.86029e-09 0 1.31909e-08 0 1.73318e-08 0 2.21831e-08 0 2.79595e-08 0 3.50452e-08 0 4.29365e-08 0 5.23748e-08 0 6.30873e-08 0 7.50868e-08 0 8.90715e-08 0 1.0449e-07 0 1.21282e-07 0 1.40419e-07 0 1.62178e-07 0 1.85485e-07 0 2.11698e-07 0 2.39397e-07 0 2.68332e-07 0 3.02403e-07 0 3.37884e-07 0 3.76968e-07 0 4.17154e-07 0 4.61045e-07 0 5.08926e-07 0 5.57483e-07 0
136.067 0.000510946 0.000131702 0.000379244 0.742238 0.545868 1.53181e-17 0 3.94468e-15 0 4.76381e-13 0 5.82168e-12 0 3.05434e-11 0 1.03795e-10 0 2.68715e-10 0 5.88619e-10 0 1.14167e-09 0 2.00606e-09 0 3.30884e-09 0 5.10116e-09 0 7.60323e-09 0 1.08752e-08 0 1.5056e-08 0 2.03261e-08 0 2.68083e-08 0 3.47575e-08 0 4.39536e-08 0 5.47766e-08 0 6.79055e-08 0 8.23753e-08 0 9.95128e-08 0 1.18783e-07 0 1.40179e-07 0 1.64906e-07 0 1.9195e-07 0 2.21181e-07 0 2.54256e-07 0 2.91597e-07 0 3.31323e-07 0 3.75713e-07 0 4.2233e-07 0 4.70745e-07 0 5.2743e-07 0 5.8613e-07 0 6.50444e-07 0 7.16232e-07 0 7.87734e-07 0 8.65359e-07 0 9.43715e-07 0
143.051 0.000511684 0.000131501 0.000380183 0.743003 0.535945 8.36629e-17 0 1.64299e-14 0 1.5701e-12 0 1.69803e-11 0 8.21612e-11 0 2.6302e-10 0 6.5003e-10 0 1.3704e-09 0 2.5734e-09 0 4.39904e-09 0 7.08075e-09 0 1.06879e-08 0 1.56229e-08 0 2.19589e-08 0 2.99217e-08 0 3.98076e-08 0 5.17978e-08 0 6.63108e-08 0 8.28997e-08 0 1.02208e-07 0 1.25383e-07 0 1.50673e-07 0 1.80348e-07 0 2.13418e-07 0 2.49832e-07 0 2.9158e-07 0 3.3689e-07 0 3.85517e-07 0 4.40161e-07 0 5.01439e-07 0 5.66212e-07 0 6.38143e-07 0 7.13235e-07 0 7.90798e-07 0 8.81118e-07 0 9.74149e-07 0 1.07556e-06 0 1.17879e-06 0 1.29045e-06 0 1.41113e-06 0 1.5324e-06 0
150.394 0.000513082 0.000131156 0.000381926 0.744376 0.524588 4.14993e-16 0 6.29772e-14 0 4.81716e-12 0 4.63792e-11 0 2.07785e-10 0 6.28441e-10 0 1.48602e-09 0 3.02082e-09 0 5.50076e-09 0 9.16019e-09 0 1.44056e-08 0 2.13117e-08 0 3.05798e-08 0 4.22732e-08 0 5.67389e-08 0 7.44403e-08 0 9.56247e-08 0 1.2095e-07 0 1.49568e-07 0 1.82529e-07 0 2.21694e-07 0 2.6403e-07 0 3.13268e-07 0 3.67677e-07 0 4.27114e-07 0 4.94739e-07 0 5.67603e-07 0 6.45269e-07 0 7.31979e-07 0 8.28593e-07 0 9.30092e-07 0 1.04215e-06 0 1.15847e-06 0 1.27799e-06 0 1.41646e-06 0 1.55836e-06 0 1.71228e-06 0 1.86824e-06 0 2.03621e-06 0 2.21692e-06 0 2.39778e-06 0
158.114 0.000515847 0.000131177 0.000384669 0.745705 0.514248 1.88557e-15 0 2.2392e-13 0 1.38591e-11 0 1.19467e-10 0 4.97439e-10 0 1.42535e-09 0 3.23172e-09 0 6.34587e-09 0 1.12223e-08 0 1.82284e-08 0 2.80399e-08 0 4.06965e-08 0 5.73743e-08 0 7.80696e-08 0 1.0329e-07 0 1.33729e-07 0 1.69699e-07 0 2.12193e-07 0 2.59695e-07 0 3.13858e-07 0 3.776e-07 0 4.45889e-07 0 5.24643e-07 0 6.10968e-07 0 7.0456e-07 0 8.10278e-07 0 9.23398e-07 0 1.0432e-06 0 1.17612e-06 0 1.32332e-06 0 1.47706e-06 0 1.64585e-06 0 1.82013e-06 0 1.99831e-06 0 2.20373e-06 0 2.41322e-06 0 2.63941e-06 0 2.86759e-06 0 3.11229e-06 0 3.37447e-06 0 3.63581e-06 0
166.23 0.000519104 0.000131737 0.000387366 0.746221 0.505805 7.89257e-15 0 7.42296e-13 0 3.75616e-11 0 2.91461e-10 0 1.13195e-09 0 3.08098e-09 0 6.71186e-09 0 1.27524e-08 0 2.19327e-08 0 3.47917e-08 0 5.2405e-08 0 7.46886e-08 0 1.03546e-07 0 1.38792e-07 0 1.81136e-07 0 2.31578e-07 0 2.90469e-07 0 3.59264e-07 0 4.35374e-07 0 5.21334e-07 0 6.21576e-07 0 7.28054e-07 0 8.49868e-07 0 9.82373e-07 0 1.125e-06 0 1.28501e-06 0 1.45509e-06 0 1.63411e-06 0 1.83156e-06 0 2.04897e-06 0 2.27478e-06 0 2.52136e-06 0 2.77469e-06 0 3.03246e-06 0 3.32824e-06 0 3.62851e-06 0 3.95129e-06 0 4.27554e-06 0 4.62187e-06 0 4.99147e-06 0 5.35849e-06 0
174.763 0.000521291 0.000132686 0.000388605 0.745467 0.497618 3.05276e-14 0 2.29987e-12 0 9.60872e-11 0 6.74616e-10 0 2.45208e-09 0 6.3557e-09 0 1.33293e-08 0 2.45441e-08 0 4.11101e-08 0 6.376e-08 0 9.41368e-08 0 1.31864e-07 0 1.7992e-07 0 2.37739e-07 0 3.06262e-07 0 3.86881e-07 0 4.79926e-07 0 5.87465e-07 0 7.0527e-07 0 8.37121e-07 0 9.8955e-07 0 1.15015e-06 0 1.33248e-06 0 1.52938e-06 0 1.73987e-06 0 1.97447e-06 0 2.22228e-06 0 2.48158e-06 0 2.76599e-06 0 3.07741e-06 0 3.39917e-06 0 3.74876e-06 0 4.10616e-06 0 4.46821e-06 0 4.8818e-06 0 5.29983e-06 0 5.74733e-06 0 6.19506e-06 0 6.67146e-06 0 7.17795e-06 0 7.67909e-06 0
183.733 0.000521859 0.000133158 0.000388701 0.744839 0.486467 1.08831e-13 0 6.63925e-12 0 2.31175e-10 0 1.47573e-09 0 5.0364e-09 0 1.2461e-08 0 2.52054e-08 0 4.50493e-08 0 7.35791e-08 0 1.11699e-07 0 1.61807e-07 0 2.22956e-07 0 2.99628e-07 0 3.90566e-07 0 4.96956e-07 0 6.2065e-07 0 7.61858e-07 0 9.23409e-07 0 1.09873e-06 0 1.29328e-06 0 1.51633e-06 0 1.74953e-06 0 2.01238e-06 0 2.29425e-06 0 2.59363e-06 0 2.92522e-06 0 3.27341e-06 0 3.63572e-06 0 4.031e-06 0 4.46154e-06 0 4.90415e-06 0 5.38273e-06 0 5.86976e-06 0 6.36102e-06 0 6.91983e-06 0 7.48231e-06 0 8.08205e-06 0 8.6798e-06 0 9.31354e-06 0 9.98487e-06 0 1.06469e-05 0
193.164 0.00052101 0.000132293 0.000388717 0.746083 0.469986 3.56661e-13 0 1.78014e-11 0 5.2119e-10 0 3.03918e-09 0 9.76878e-09 0 2.31242e-08 0 4.51927e-08 0 7.85145e-08 0 1.25202e-07 0 1.86232e-07 0 2.64939e-07 0 3.59394e-07 0 4.76065e-07 0 6.12574e-07 0 7.70325e-07 0 9.51677e-07 0 1.15657e-06 0 1.38871e-06 0 1.63842e-06 0 1.91323e-06 0 2.22585e-06 0 2.5503e-06 0 2.91347e-06 0 3.30036e-06 0 3.70877e-06 0 4.15843e-06 0 4.62792e-06 0 5.11388e-06 0 5.64137e-06 0 6.21306e-06 0 6.79796e-06 0 7.42751e-06 0 8.06538e-06 0 8.70616e-06 0 9.43215e-06 0 1.016e-05 0 1.09331e-05 0 1.17009e-05 0 1.25121e-05 0 1.33685e-05 0 1.42102e-05 0
203.079 0.000521382 0.000131943 0.000389438 0.746936 0.450826 1.0935e-12 0 4.50926e-11 0 1.11956e-09 0 5.98989e-09 0 1.81863e-08 0 4.12762e-08 0 7.80718e-08 0 1.32027e-07 0 2.05794e-07 0 3.00231e-07 0 4.19828e-07 0 5.61088e-07 0 7.33103e-07 0 9.31776e-07 0 1.15869e-06 0 1.41678e-06 0 1.70549e-06 0 2.02961e-06 0 2.3753e-06 0 2.75279e-06 0 3.17902e-06 0 3.61828e-06 0 4.10676e-06 0 4.62388e-06 0 5.16656e-06 0 5.76068e-06 0 6.37769e-06 0 7.01311e-06 0 7.69951e-06 0 8.43991e-06 0 9.19399e-06 0 1.00021e-05 0 1.08175e-05 0 1.16334e-05 0 1.25543e-05 0 1.34741e-05 0 1.44476e-05 0 1.54111e-05 0 1.64257e-05 0 1.74933e-05 0 1.85394e-05 0
213.503 0.000524019 0.000131964 0.000392055 0.74817 0.431559 3.14405e-12 0 1.08121e-10 0 2.29479e-09 0 1.13124e-08 0 3.25335e-08 0 7.09424e-08 0 1.30073e-07 0 2.14396e-07 0 3.27019e-07 0 4.68368e-07 0 6.44309e-07 0 8.48993e-07 0 1.09488e-06 0 1.3754e-06 0 1.69225e-06 0 2.04897e-06 0 2.44427e-06 0 2.88419e-06 0 3.34962e-06 0 3.8541e-06 0 4.41968e-06 0 4.99869e-06 0 5.63856e-06 0 6.31191e-06 0 7.0146e-06 0 7.77979e-06 0 8.57038e-06 0 9.38068e-06 0 1.0252e-05 0 1.11876e-05 0 1.21363e-05 0 1.31489e-05 0 1.41665e-05 0 1.5181e-05 0 1.6322e-05 0 1.74575e-05 0 1.86552e-05 0 1.98366e-05 0 2.10769e-05 0 2.2378e-05 0 2.3649e-05 0
224.463 0.000528739 0.000132962 0.000395777 0.74853 0.415167 8.54399e-12 0 2.47211e-10 0 4.51981e-09 0 2.06113e-08 0 5.62967e-08 0 1.18176e-07 0 2.10356e-07 0 3.38366e-07 0 5.05582e-07 0 7.11524e-07 0 9.63683e-07 0 1.25284e-06 0 1.59575e-06 0 1.9824e-06 0 2.41452e-06 0 2.89631e-06 0 3.42546e-06 0 4.00945e-06 0 4.62258e-06 0 5.28248e-06 0 6.01731e-06 0 6.76485e-06 0 7.58607e-06 0 8.44536e-06 0 9.33732e-06 0 1.03037e-05 0 1.12973e-05 0 1.2311e-05 0 1.33962e-05 0 1.45566e-05 0 1.57285e-05 0 1.69742e-05 0 1.82215e-05 0 1.94606e-05 0 2.08493e-05 0 2.22267e-05 0 2.36749e-05 0 2.50989e-05 0 2.65894e-05 0 2.81484e-05 0 2.96671e-05 0
235.984 0.000533754 0.000134503 0.000399251 0.748006 0.401966 2.19393e-11 0 5.38614e-10 0 8.54499e-09 0 3.61845e-08 0 9.4101e-08 0 1.90509e-07 0 3.29697e-07 0 5.18166e-07 0 7.59204e-07 0 1.05078e-06 0 1.40225e-06 0 1.79979e-06 0 2.26549e-06 0 2.78476e-06 0 3.35928e-06 0 3.99396e-06 0 4.68511e-06 0 5.44188e-06 0 6.23063e-06 0 7.07386e-06 0 8.00682e-06 0 8.95021e-06 0 9.98075e-06 0 1.10533e-05 0 1.21609e-05 0 1.33552e-05 0 1.45774e-05 0 1.58189e-05 0 1.71426e-05 0 1.85521e-05 0 1.99701e-05 0 2.14717e-05 0 2.29699e-05 0 2.44534e-05 0 2.61104e-05 0 2.77486e-05 0 2.94657e-05 0 3.11492e-05 0 3.29062e-05 0 3.47389e-05 0 3.65196e-05 0
248.097 0.000537124 0.00013604 0.000401084 0.746725 0.390312 5.31683e-11 0 1.11645e-09 0 1.54762e-08 0 6.10761e-08 0 1.51593e-07 0 2.96513e-07 0 4.9959e-07 0 7.68036e-07 0 1.10452e-06 0 1.50464e-06 0 1.97983e-06 0 2.51035e-06 0 3.12461e-06 0 3.8023e-06 0 4.54495e-06 0 5.35818e-06 0 6.23664e-06 0 7.19127e-06 0 8.17937e-06 0 9.22898e-06 0 1.03832e-05 0 1.15437e-05 0 1.28046e-05 0 1.41101e-05 0 1.54519e-05 0 1.68919e-05 0 1.83592e-05 0 1.98436e-05 0 2.14199e-05 0 2.30919e-05 0 2.47677e-05 0 2.65362e-05 0 2.82944e-05 0 3.003e-05 0 3.19626e-05 0 3.38673e-05 0 3.58579e-05 0 3.7804e-05 0 3.98298e-05 0 4.19371e-05 0 4.39795e-05 0
260.832 0.000537331 0.000137429 0.000399902 0.744238 0.377302 1.21822e-10 0 2.20475e-09 0 2.68804e-08 0 9.92049e-08 0 2.3554e-07 0 4.45866e-07 0 7.3234e-07 0 1.10246e-06 0 1.55758e-06 0 2.09005e-06 0 2.71352e-06 0 3.40098e-06 0 4.18819e-06 0 5.04796e-06 0 5.98159e-06 0 6.99546e-06 0 8.08223e-06 0 9.25481e-06 0 1.04605e-05 0 1.17335e-05 0 1.31253e-05 0 1.4517e-05 0 1.60214e-05 0 1.75715e-05 0 1.91574e-05 0 2.0852e-05 0 2.25714e-05 0 2.4304e-05 0 2.6137e-05 0 2.80742e-05 0 3.00089e-05 0 3.20436e-05 0 3.40601e-05 0 3.60446e-05 0 3.82479e-05 0 4.0413e-05 0 4.26694e-05 0 4.48696e-05 0 4.71538e-05 0 4.95242e-05 0 5.18159e-05 0
274.221 0.000534405 0.000137911 0.000396493 0.741935 0.359083 2.63172e-10 0 4.13494e-09 0 4.46188e-08 0 1.545e-07 0 3.51661e-07 0 6.45259e-07 0 1.03448e-06 0 1.5265e-06 0 2.1206e-06 0 2.80499e-06 0 3.59562e-06 0 4.45716e-06 0 5.43335e-06 0 6.48932e-06 0 7.62612e-06 0 8.85084e-06 0 1.01541e-05 0 1.15506e-05 0 1.29777e-05 0 1.44757e-05 0 1.61044e-05 0 1.77247e-05 0 1.94677e-05 0 2.12553e-05 0 2.30762e-05 0 2.50139e-05 0 2.69721e-05 0 2.8938e-05 0 3.10105e-05 0 3.3193e-05 0 3.53654e-05 0 3.76429e-05 0 3.9893e-05 0 4.2101e-05 0 4.45456e-05 0 4.69412e-05 0 4.94311e-05 0 5.18529e-05 0 5.43612e-05 0 5.69577e-05 0 5.94624e-05 0
288.297 0.000529477 0.000137456 0.00039202 0.740392 0.332715 5.37314e-10 0 7.37994e-09 0 7.09029e-08 0 2.31068e-07 0 5.05238e-07 0 8.99987e-07 0 1.40999e-06 0 2.04148e-06 0 2.79085e-06 0 3.6415e-06 0 4.61168e-06 0 5.65708e-06 0 6.82974e-06 0 8.08672e-06 0 9.42881e-06 0 1.08638e-05 0 1.23802e-05 0 1.39947e-05 0 1.56347e-05 0 1.73468e-05 0 1.91985e-05 0 2.10316e-05 0 2.29944e-05 0 2.49985e-05 0 2.70317e-05 0 2.91866e-05 0 3.13561e-05 0 3.35265e-05 0 3.58068e-05 0 3.82002e-05 0 4.0575e-05 0 4.30569e-05 0 4.55019e-05 0 4.78948e-05 0 5.05368e-05 0 5.31192e-05 0 5.57963e-05 0 5.8394e-05 0 6.10783e-05 0 6.38507e-05 0 6.65192e-05 0
303.095 0.000524721 0.000136486 0.000388235 0.739888 0.297269 1.04248e-09 0 1.25991e-08 0 1.08386e-07 0 3.33426e-07 0 7.01729e-07 0 1.21526e-06 0 1.86265e-06 0 2.64858e-06 0 3.56597e-06 0 4.59286e-06 0 5.74986e-06 0 6.9833e-06 0 8.35376e-06 0 9.81007e-06 0 1.13528e-05 0 1.29906e-05 0 1.47099e-05 0 1.65292e-05 0 1.83666e-05 0 2.0275e-05 0 2.23287e-05 0 2.43522e-05 0 2.65095e-05 0 2.8703e-05 0 3.09195e-05 0 3.326e-05 0 3.56078e-05 0 3.79488e-05 0 4.04003e-05 0 4.29654e-05 0 4.55028e-05 0 4.8147e-05 0 5.07446e-05 0 5.32803e-05 0 5.6073e-05 0 5.87958e-05 0 6.16118e-05 0 6.43379e-05 0 6.71488e-05 0 7.00458e-05 0 7.28284e-05 0
318.653 0.000522246 0.000135298 0.000386948 0.74093 0.25403 1.9305e-09 0 2.06586e-08 0 1.59994e-07 0 4.65912e-07 0 9.45577e-07 0 1.59424e-06 0 2.39312e-06 0 3.34493e-06 0 4.43863e-06 0 5.64666e-06 0 6.99207e-06 0 8.41188e-06 0 9.97516e-06 0 1.16227e-05 0 1.33551e-05 0 1.51818e-05 0 1.70872e-05 0 1.90918e-05 0 2.11055e-05 0 2.31866e-05 0 2.54156e-05 0 2.76021e-05 0 2.99235e-05 0 3.22744e-05 0 3.46412e-05 0 3.71315e-05 0 3.96211e-05 0 4.20954e-05 0 4.46788e-05 0 4.73737e-05 0 5.00319e-05 0 5.27944e-05 0 5.55011e-05 0 5.81368e-05 0 6.10326e-05 0 6.38493e-05 0 6.67559e-05 0 6.95636e-05 0 7.24526e-05 0 7.54239e-05 0 7.82724e-05 0
335.009 0.000523107 0.000134296 0.00038881 0.743271 0.20598 3.42995e-09 0 3.26933e-08 0 2.29118e-07 0 6.3328e-07 0 1.24161e-06 0 2.04065e-06 0 3.0031e-06 0 4.12949e-06 0 5.40462e-06 0 6.79533e-06 0 8.3272e-06 0 9.92825e-06 0 1.16759e-05 0 1.35035e-05 0 1.54116e-05 0 1.74105e-05 0 1.94832e-05 0 2.16517e-05 0 2.38189e-05 0 2.60481e-05 0 2.84251e-05 0 3.0747e-05 0 3.32024e-05 0 3.56796e-05 0 3.81648e-05 0 4.07708e-05 0 4.33676e-05 0 4.59408e-05 0 4.86196e-05 0 5.1406e-05 0 5.41471e-05 0 5.69883e-05 0 5.97652e-05 0 6.2463e-05 0 6.54203e-05 0 6.82903e-05 0 7.12456e-05 0 7.40944e-05 0 7.702e-05 0 8.00233e-05 0 8.2897e-05 0
352.205 0.000527924 0.000134602 0.000393322 0.745035 0.157503 5.90835e-09 0 5.04463e-08 0 3.21475e-07 0 8.45531e-07 0 1.60416e-06 0 2.57337e-06 0 3.71635e-06 0 5.03149e-06 0 6.4993e-06 0 8.08099e-06 0 9.80508e-06 0 1.15906e-05 0 1.35237e-05 0 1.55301e-05 0 1.7611e-05 0 1.97775e-05 0 2.20113e-05 0 2.4336e-05 0 2.66482e-05 0 2.90159e-05 0 3.15298e-05 0 3.39756e-05 0 3.65524e-05 0 3.91428e-05 0 4.17329e-05 0 4.44401e-05 0 4.71295e-05 0 4.97869e-05 0 5.25457e-05 0 5.54077e-05 0 5.82158e-05 0 6.11193e-05 0 6.39504e-05 0 6.66949e-05 0 6.96969e-05 0 7.26041e-05 0 7.55915e-05 0 7.84658e-05 0 8.14121e-05 0 8.4431e-05 0 8.73147e-05 0
370.284 0.000535683 0.000135935 0.000399748 0.74624 0.111158 9.86619e-09 0 7.58648e-08 0 4.41662e-07 0 1.10808e-06 0 2.03759e-06 0 3.19418e-06 0 4.53096e-06 0 6.04444e-06 0 7.71097e-06 0 9.48635e-06 0 1.14024e-05 0 1.33695e-05 0 1.54827e-05 0 1.76606e-05 0 1.9905e-05 0 2.22281e-05 0 2.46105e-05 0 2.70776e-05 0 2.952e-05 0 3.20106e-05 0 3.46442e-05 0 3.71968e-05 0 3.98766e-05 0 4.25615e-05 0 4.52374e-05 0 4.8026e-05 0 5.07881e-05 0 5.35099e-05 0 5.63284e-05 0 5.92448e-05 0 6.20992e-05 0 6.50439e-05 0 6.79087e-05 0 7.06801e-05 0 7.37053e-05 0 7.66291e-05 0 7.96278e-05 0 8.25077e-05 0 8.54545e-05 0 8.84688e-05 0 9.13433e-05 0
389.291 0.000545448 0.000139321 0.000406127 0.744576 0.069652 1.61163e-08 0 1.12177e-07 0 5.99249e-07 0 1.43745e-06 0 2.56586e-06 0 3.93507e-06 0 5.48761e-06 0 7.21857e-06 0 9.1003e-06 0 1.10832e-05 0 1.32032e-05 0 1.53617e-05 0 1.76634e-05 0 2.00198e-05 0 2.24334e-05 0 2.49179e-05 0 2.7453e-05 0 3.00655e-05 0 3.26409e-05 0 3.52564e-05 0 3.80116e-05 0 4.06725e-05 0 4.34566e-05 0 4.6237e-05 0 4.89999e-05 0 5.18708e-05 0 5.47067e-05 0 5.7494e-05 0 6.03732e-05 0 6.33453e-05 0 6.62476e-05 0 6.92349e-05 0 7.21352e-05 0 7.49353e-05 0 7.79861e-05 0 8.0929e-05 0 8.39418e-05 0 8.68303e-05 0 8.97809e-05 0 9.27942e-05 0 9.56633e-05 0
409.273 0.000554765 0.000142477 0.000412288 0.743176 0.031924 2.53652e-08 0 1.60597e-07 0 7.90529e-07 0 1.81703e-06 0 3.15304e-06 0 4.73586e-06 0 6.49822e-06 0 8.43467e-06 0 1.05143e-05 0 1.26832e-05 0 1.49814e-05 0 1.7303e-05 0 1.97614e-05 0 2.22622e-05 0 2.48091e-05 0 2.74171e-05 0 3.00653e-05 0 3.27823e-05 0 3.54496e-05 0 3.81481e-05 0 4.09806e-05 0 4.37068e-05 0 4.65502e-05 0 4.93812e-05 0 5.21864e-05 0 5.50933e-05 0 5.79574e-05 0 6.07655e-05 0 6.36595e-05 0 6.66401e-05 0 6.95444e-05 0 7.25276e-05 0 7.5418e-05 0 7.82036e-05 0 8.12329e-05 0 8.41499e-05 0 8.71311e-05 0 8.99845e-05 0 9.28949e-05 0 9.58624e-05 0 9.86839e-05 0
430.281 0.000561237 0.000145689 0.000415549 0.740415 -0.00178883 3.8611e-08 0 2.23399e-07 0 1.01737e-06 0 2.2454e-06 0 3.79309e-06 0 5.58545e-06 0 7.54691e-06 0 9.67245e-06 0 1.19289e-05 0 1.42593e-05 0 1.67077e-05 0 1.91627e-05 0 2.17451e-05 0 2.43564e-05 0 2.70013e-05 0 2.96963e-05 0 3.24204e-05 0 3.52034e-05 0 3.79247e-05 0 4.06682e-05 0 4.35379e-05 0 4.62911e-05 0 4.91541e-05 0 5.19965e-05 0 5.48054e-05 0 5.77087e-05 0 6.05622e-05 0 6.33536e-05 0 6.6224e-05 0 6.9174e-05 0 7.20426e-05 0 7.49833e-05 0 7.78273e-05 0 8.05633e-05 0 8.35336e-05 0 8.6389e-05 0 8.93025e-05 0 9.20869e-05 0 9.49227e-05 0 9.78099e-05 0 0.000100551 0
452.368 0.000562825 0.000148484 0.000414342 0.736181 -0.0318514 5.67566e-08 0 3.01418e-07 0 1.27479e-06 0 2.70701e-06 0 4.45759e-06 0 6.44152e-06 0 8.57725e-06 0 1.08614e-05 0 1.32597e-05 0 1.57139e-05 0 1.82714e-05 0 2.08179e-05 0 2.34799e-05 0 2.61562e-05 0 2.88531e-05 0 3.15883e-05 0 3.4341e-05 0 3.7142e-05 0 3.98708e-05 0 4.26126e-05 0 4.54712e-05 0 4.82055e-05 0 5.10408e-05 0 5.38481e-05 0 5.66153e-05 0 5.94685e-05 0 6.22664e-05 0 6.49975e-05 0 6.78002e-05 0 7.06747e-05 0 7.34645e-05 0 7.63192e-05 0 7.9075e-05 0 8.17219e-05 0 8.45909e-05 0 8.73445e-05 0 9.01499e-05 0 9.28271e-05 0 9.55499e-05 0 9.83184e-05 0 0.000100944 0
475.588 0.000557684 0.000150658 0.000407026 0.729851 -0.058644 8.05948e-08 0 3.94515e-07 0 1.55518e-06 0 3.18344e-06 0 5.11643e-06 0 7.26253e-06 0 9.53708e-06 0 1.19395e-05 0 1.4436e-05 0 1.69681e-05 0 1.9587e-05 0 2.21771e-05 0 2.48687e-05 0 2.75602e-05 0 3.02593e-05 0 3.29846e-05 0 3.57161e-05 0 3.84851e-05 0 4.11735e-05 0 4.38659e-05 0 4.66645e-05 0 4.93338e-05 0 5.20943e-05 0 5.48205e-05 0 5.75015e-05 0 6.02595e-05 0 6.29582e-05 0 6.55871e-05 0 6.82797e-05 0 7.1036e-05 0 7.37062e-05 0 7.64338e-05 0 7.90627e-05 0 8.15837e-05 0 8.43121e-05 0 8.69268e-05 0 8.9587e-05 0 9.21222e-05 0 9.46972e-05 0 9.73121e-05 0 9.97887e-05 0
500 0.00054476 0.000152004 0.000392756 0.72097 -0.0825085 1.10591e-07 0 5.00968e-07 0 1.84704e-06 0 3.6513e-06 0 5.73462e-06 0 8.00291e-06 0 1.03717e-05 0 1.28442e-05 0 1.53883e-05 0 1.79474e-05 0 2.0575e-05 0 2.31576e-05 0 2.58262e-05 0 2.84813e-05 0 3.11317e-05 0 3.37965e-05 0 3.64573e-05 0 3.9145e-05 0 4.17458e-05 0 4.43427e-05 0 4.70343e-05 0 4.95947e-05 0 5.22358e-05 0 5.4838e-05 0 5.73913e-05 0 6.00123e-05 0 6.25717e-05 0 6.50601e-05 0 6.76042e-05 0 7.0204e-05 0 7.27182e-05 0 7.52822e-05 0 7.77496e-05 0 8.01124e-05 0 8.26659e-05 0 8.51096e-05 0 8.75924e-05 0 8.99556e-05 0 9.2353e-05 0 9.47847e-05 0 9.7085e-05 0
525.665 0.000523814 0.000152212 0.000371602 0.709416 -0.103841 1.46566e-07 0 6.16749e-07 0 2.13383e-06 0 4.08073e-06 0 6.27024e-06 0 8.61041e-06 0 1.10202e-05 0 1.35075e-05 0 1.60432e-05 0 1.85737e-05 0 2.11545e-05 0 2.36758e-05 0 2.62675e-05 0 2.88336e-05 0 3.13842e-05 0 3.39386e-05 0 3.64799e-05 0 3.90382e-05 0 4.15063e-05 0 4.39636e-05 0 4.65038e-05 0 4.8914e-05 0 5.13944e-05 0 5.38327e-05 0 5.62201e-05 0 5.8666e-05 0 6.10497e-05 0 6.33633e-05 0 6.57246e-05 0 6.81335e-05 0 7.04594e-05 0 7.28278e-05 0 7.51036e-05 0 7.728e-05 0 7.96289e-05 0 8.18739e-05 0 8.41521e-05 0 8.63178e-05 0 8.85125e-05 0 9.07359e-05 0 9.28371e-05 0
552.648 0.000495359 0.000150927 0.000344432 0.695318 -0.123113 1.87424e-07 0 7.35287e-07 0 2.39473e-06 0 4.43776e-06 0 6.67853e-06 0 9.0318e-06 0 1.14231e-05 0 1.38654e-05 0 1.63333e-05 0 1.8778e-05 0 2.12552e-05 0 2.36618e-05 0 2.61233e-05 0 2.85495e-05 0 3.09512e-05 0 3.33477e-05 0 3.57237e-05 0 3.81081e-05 0 4.04018e-05 0 4.26794e-05 0 4.50278e-05 0 4.72508e-05 0 4.95335e-05 0 5.17727e-05 0 5.39609e-05 0 5.61984e-05 0 5.83752e-05 0 6.04845e-05 0 6.26337e-05 0 6.48229e-05 0 6.69335e-05 0 6.90796e-05 0 7.11389e-05 0 7.31059e-05 0 7.52261e-05 0 7.725e-05 0 7.93014e-05 0 8.12495e-05 0 8.32214e-05 0 8.52172e-05 0 8.71014e-05 0
581.015 0.000460935 0.000148194 0.000312741 0.678492 -0.140542 2.31564e-07 0 8.49873e-07 0 2.61341e-06 0 4.70037e-06 0 6.93554e-06 0 9.24422e-06 0 1.15609e-05 0 1.39035e-05 0 1.6251e-05 0 1.85603e-05 0 2.08861e-05 0 2.31338e-05 0 2.54219e-05 0 2.76676e-05 0 2.98823e-05 0 3.20844e-05 0 3.42607e-05 0 3.64383e-05 0 3.85273e-05 0 4.05966e-05 0 4.27251e-05 0 4.47354e-05 0 4.67955e-05 0 4.88124e-05 0 5.07796e-05 0 5.27878e-05 0 5.47381e-05 0 5.66249e-05 0 5.85447e-05 0 6.04973e-05 0 6.23771e-05 0 6.42861e-05 0 6.61155e-05 0 6.78608e-05 0 6.97399e-05 0 7.15317e-05 0 7.33458e-05 0 7.50667e-05 0 7.6807e-05 0 7.85667e-05 0 8.02263e-05 0
610.839 0.000422523 0.000144103 0.00027842 0.658947 -0.156431 2.76772e-07 0 9.53421e-07 0 2.77612e-06 0 4.85332e-06 0 7.02845e-06 0 9.24005e-06 0 1.14332e-05 0 1.36299e-05 0 1.58142e-05 0 1.79488e-05 0 2.00864e-05 0 2.2142e-05 0 2.42253e-05 0 2.62619e-05 0 2.82632e-05 0 3.02466e-05 0 3.22009e-05 0 3.4151e-05 0 3.6017e-05 0 3.7861e-05 0 3.97536e-05 0 4.15375e-05 0 4.3362e-05 0 4.51449e-05 0 4.68809e-05 0 4.86502e-05 0 5.03658e-05 0 5.20231e-05 0 5.3707e-05 0 5.54174e-05 0 5.70619e-05 0 5.87298e-05 0 6.03264e-05 0 6.18478e-05 0 6.34841e-05 0 6.50428e-05 0 6.66192e-05 0 6.81132e-05 0 6.96227e-05 0 7.11476e-05 0 7.25846e-05 0
642.193 0.000382472 0.000139021 0.000243451 0.63652 -0.170921 3.20973e-07 0 1.04105e-06 0 2.87817e-06 0 4.89808e-06 0 6.96854e-06 0 9.04265e-06 0 1.10766e-05 0 1.30958e-05 0 1.50889e-05 0 1.70245e-05 0 1.89525e-05 0 2.0798e-05 0 2.26606e-05 0 2.44747e-05 0 2.62513e-05 0 2.80067e-05 0 2.97316e-05 0 3.14482e-05 0 3.30869e-05 0 3.47028e-05 0 3.63578e-05 0 3.79148e-05 0 3.95042e-05 0 4.10548e-05 0 4.25623e-05 0 4.40962e-05 0 4.55814e-05 0 4.70143e-05 0 4.84682e-05 0 4.99431e-05 0 5.13595e-05 0 5.27944e-05 0 5.41664e-05 0 5.54725e-05 0 5.68758e-05 0 5.82112e-05 0 5.95606e-05 0 6.08383e-05 0 6.21281e-05 0 6.34299e-05 0 6.46558e-05 0
675.157 0.00034287 0.000133274 0.000209596 0.611299 -0.184172 3.62142e-07 0 1.10924e-06 0 2.91944e-06 0 4.84308e-06 0 6.77545e-06 0 8.68425e-06 0 1.05364e-05 0 1.236e-05 0 1.41474e-05 0 1.58733e-05 0 1.75839e-05 0 1.9214e-05 0 2.08529e-05 0 2.24436e-05 0 2.39965e-05 0 2.55265e-05 0 2.7026e-05 0 2.85146e-05 0 2.99325e-05 0 3.13279e-05 0 3.27544e-05 0 3.40938e-05 0 3.5459e-05 0 3.67886e-05 0 3.80793e-05 0 3.93908e-05 0 4.0659e-05 0 4.18809e-05 0 4.31193e-05 0 4.4374e-05 0 4.55776e-05 0 4.67957e-05 0 4.79591e-05 0 4.90657e-05 0 5.02535e-05 0 5.13827e-05 0 5.25228e-05 0 5.36014e-05 0 5.46894e-05 0 5.57867e-05 0 5.68192e-05 0
709.813 0.00030534 0.000127194 0.000178147 0.583437 -0.196318 3.98663e-07 0 1.15647e-06 0 2.9049e-06 0 4.70377e-06 0 6.47665e-06 0 8.20493e-06 0 9.86541e-06 0 1.14874e-05 0 1.30671e-05 0 1.4584e-05 0 1.60804e-05 0 1.75006e-05 0 1.89234e-05 0 2.02997e-05 0 2.16395e-05 0 2.2956e-05 0 2.4243e-05 0 2.55179e-05 0 2.67298e-05 0 2.79201e-05 0 2.91347e-05 0 3.02733e-05 0 3.1432e-05 0 3.25588e-05 0 3.36512e-05 0 3.47596e-05 0 3.58301e-05 0 3.68603e-05 0 3.79033e-05 0 3.89589e-05 0 3.99704e-05 0 4.0993e-05 0 4.19689e-05 0 4.28962e-05 0 4.38907e-05 0 4.48355e-05 0 4.57885e-05 0 4.66894e-05 0 4.75976e-05 0 4.85128e-05 0 4.93734e-05 0
746.248 0.000270859 0.00012102 0.000149839 0.553199 -0.20753 4.2924e-07 0 1.18249e-06 0 2.8416e-06 0 4.49702e-06 0 6.09945e-06 0 7.64226e-06 0 9.11082e-06 0 1.05348e-05 0 1.19133e-05 0 1.32302e-05 0 1.45237e-05 0 1.57466e-05 0 1.69676e-05 0 1.81451e-05 0 1.92883e-05 0 2.04088e-05 0 2.15017e-05 0 2.25821e-05 0 2.36071e-05 0 2.46121e-05 0 2.56359e-05 0 2.65941e-05 0 2.75678e-05 0 2.85135e-05 0 2.9429e-05 0 3.03569e-05 0 3.1252e-05 0 3.21124e-05 0 3.29826e-05 0 3.38624e-05 0 3.47048e-05 0 3.55555e-05 0 3.63667e-05 0 3.71368e-05 0 3.79622e-05 0 3.87455e-05 0 3.95352e-05 0 4.02812e-05 0 4.10327e-05 0 4.17895e-05 0 4.25006e-05 0
784.553 0.000240111 0.000115118 0.000124993 0.520562 -0.217716 4.53733e-07 0 1.19016e-06 0 2.74243e-06 0 4.24697e-06 0 5.67887e-06 0 7.0415e-06 0 8.32728e-06 0 9.5655e-06 0 1.07573e-05 0 1.18905e-05 0 1.2999e-05 0 1.40433e-05 0 1.50827e-05 0 1.60823e-05 0 1.70502e-05 0 1.79967e-05 0 1.8918e-05 0 1.9827e-05 0 2.06878e-05 0 2.15304e-05 0 2.23875e-05 0 2.31886e-05 0 2.40015e-05 0 2.479e-05 0 2.55524e-05 0 2.63242e-05 0 2.7068e-05 0 2.77822e-05 0 2.85039e-05 0 2.92329e-05 0 2.99301e-05 0 3.06338e-05 0 3.13041e-05 0 3.19401e-05 0 3.26212e-05 0 3.32671e-05 0 3.39178e-05 0 3.45322e-05 0 3.51506e-05 0 3.5773e-05 0 3.63576e-05 0
824.824 0.000213174 0.000109587 0.000103586 0.485924 -0.22698 4.71775e-07 0 1.18122e-06 0 2.61572e-06 0 3.96849e-06 0 5.2356e-06 0 6.42829e-06 0 7.54457e-06 0 8.61266e-06 0 9.63527e-06 0 1.06033e-05 0 1.15466e-05 0 1.24324e-05 0 1.33114e-05 0 1.41545e-05 0 1.4969e-05 0 1.57638e-05 0 1.65359e-05 0 1.72963e-05 0 1.80152e-05 0 1.87179e-05 0 1.94316e-05 0 2.00978e-05 0 2.0773e-05 0 2.14271e-05 0 2.20588e-05 0 2.26978e-05 0 2.33128e-05 0 2.3903e-05 0 2.44987e-05 0 2.50999e-05 0 2.56745e-05 0 2.62539e-05 0 2.68055e-05 0 2.73284e-05 0 2.78881e-05 0 2.84185e-05 0 2.89525e-05 0 2.94563e-05 0 2.99632e-05 0 3.04731e-05 0 3.09517e-05 0
867.163 0.000190087 0.000104677 8.54097e-05 0.44932 -0.235129 4.84205e-07 0 1.16001e-06 0 2.47382e-06 0 3.68114e-06 0 4.79522e-06 0 5.83318e-06 0 6.79727e-06 0 7.71421e-06 0 8.58779e-06 0 9.41136e-06 0 1.0211e-05 0 1.09596e-05 0 1.17005e-05 0 1.24094e-05 0 1.30927e-05 0 1.37582e-05 0 1.44035e-05 0 1.50379e-05 0 1.56369e-05 0 1.62215e-05 0 1.68144e-05 0 1.73672e-05 0 1.79269e-05 0 1.84684e-05 0 1.8991e-05 0 1.95189e-05 0 2.00267e-05 0 2.05135e-05 0 2.10044e-05 0 2.14996e-05 0 2.19724e-05 0 2.24488e-05 0 2.29021e-05 0 2.33315e-05 0 2.37908e-05 0 2.42259e-05 0 2.46636e-05 0 2.50763e-05 0 2.54914e-05 0 2.59087e-05 0 2.63002e-05 0
911.674 0.000170492 0.000100357 7.01352e-05 0.41137 -0.242146 4.91111e-07 0 1.12835e-06 0 2.32209e-06 0 3.39266e-06 0 4.36682e-06 0 5.26577e-06 0 6.09483e-06 0 6.87895e-06 0 7.62256e-06 0 8.32092e-06 0 8.99678e-06 0 9.62767e-06 0 1.02505e-05 0 1.08451e-05 0 1.14171e-05 0 1.19731e-05 0 1.25114e-05 0 1.30398e-05 0 1.35379e-05 0 1.40235e-05 0 1.45154e-05 0 1.49735e-05 0 1.54367e-05 0 1.58845e-05 0 1.63163e-05 0 1.67521e-05 0 1.71708e-05 0 1.75719e-05 0 1.79762e-05 0 1.83836e-05 0 1.87724e-05 0 1.91639e-05 0 1.95361e-05 0 1.98886e-05 0 2.02653e-05 0 2.0622e-05 0 2.09806e-05 0 2.13186e-05 0 2.16584e-05 0 2.19998e-05 0 2.23199e-05 0
958.471 0.000154037 9.66383e-05 5.73983e-05 0.372628 -0.247751 4.92985e-07 0 1.08864e-06 0 2.16618e-06 0 3.11066e-06 0 3.95888e-06 0 4.73467e-06 0 5.44541e-06 0 6.11415e-06 0 6.74565e-06 0 7.33661e-06 0 7.90679e-06 0 8.43763e-06 0 8.96046e-06 0 9.45855e-06 0 9.93681e-06 0 1.0401e-05 0 1.08496e-05 0 1.12893e-05 0 1.17034e-05 0 1.21065e-05 0 1.25144e-05 0 1.28939e-05 0 1.32772e-05 0 1.36475e-05 0 1.40041e-05 0 1.43638e-05 0 1.47092e-05 0 1.50398e-05 0 1.53728e-05 0 1.57081e-05 0 1.60279e-05 0 1.63497e-05 0 1.66555e-05 0 1.69449e-05 0 1.7254e-05 0 1.75466e-05 0 1.78406e-05 0 1.81176e-05 0 1.83958e-05 0 1.86753e-05 0 1.89373e-05 0
1007.67 0.000140169 9.33294e-05 4.68397e-05 0.334166 -0.251975 4.89423e-07 0 1.04098e-06 0 2.00648e-06 0 2.83474e-06 0 3.56956e-06 0 4.23605e-06 0 4.84292e-06 0 5.41119e-06 0 5.94569e-06 0 6.44423e-06 0 6.92389e-06 0 7.36937e-06 0 7.80719e-06 0 8.22348e-06 0 8.62251e-06 0 9.00916e-06 0 9.38236e-06 0 9.74769e-06 0 1.00912e-05 0 1.04253e-05 0 1.07631e-05 0 1.1077e-05 0 1.13938e-05 0 1.16996e-05 0 1.19938e-05 0 1.22904e-05 0 1.2575e-05 0 1.28471e-05 0 1.31211e-05 0 1.33968e-05 0 1.36597e-05 0 1.3924e-05 0 1.4175e-05 0 1.44125e-05 0 1.4666e-05 0 1.49058e-05 0 1.51467e-05 0 1.53736e-05 0 1.56014e-05 0 1.58301e-05 0 1.60444e-05 0
1059.39 0.000128367 9.02316e-05 3.81353e-05 0.29708 -0.254836 4.80017e-07 0 9.85367e-07 0 1.84308e-06 0 2.56422e-06 0 3.19674e-06 0 3.76603e-06 0 4.28145e-06 0 4.76193e-06 0 5.21221e-06 0 5.63093e-06 0 6.03273e-06 0 6.40507e-06 0 6.77027e-06 0 7.11691e-06 0 7.44864e-06 0 7.76961e-06 0 8.07902e-06 0 8.38154e-06 0 8.66569e-06 0 8.94179e-06 0 9.22062e-06 0 9.47951e-06 0 9.74061e-06 0 9.99239e-06 0 1.02345e-05 0 1.04784e-05 0 1.07122e-05 0 1.09358e-05 0 1.11606e-05 0 1.13868e-05 0 1.16023e-05 0 1.18189e-05 0 1.20245e-05 0 1.22189e-05 0 1.24264e-05 0 1.26225e-05 0 1.28195e-05 0 1.30049e-05 0 1.3191e-05 0 1.33778e-05 0 1.35528e-05 0
1113.77 0.000118137 8.71377e-05 3.09993e-05 0.262401 -0.256668 4.644e-07 0 9.21847e-07 0 1.6761e-06 0 2.29842e-06 0 2.83851e-06 0 3.32114e-06 0 3.7558e-06 0 4.15931e-06 0 4.5362e-06 0 4.88567e-06 0 5.22024e-06 0 5.52961e-06 0 5.83252e-06 0 6.11955e-06 0 6.39383e-06 0 6.65888e-06 0 6.91406e-06 0 7.16329e-06 0 7.39715e-06 0 7.62416e-06 0 7.85322e-06 0 8.06573e-06 0 8.2799e-06 0 8.48626e-06 0 8.6846e-06 0 8.88423e-06 0 9.07552e-06 0 9.25829e-06 0 9.44205e-06 0 9.62679e-06 0 9.80268e-06 0 9.97942e-06 0 1.01471e-05 0 1.03056e-05 0 1.04747e-05 0 1.06345e-05 0 1.07948e-05 0 1.09458e-05 0 1.10972e-05 0 1.12492e-05 0 1.13914e-05 0
1170.94 0.000109129 8.39504e-05 2.51781e-05 0.230719 -0.257886 4.42943e-07 0 8.51815e-07 0 1.50795e-06 0 2.03989e-06 0 2.49701e-06 0 2.90279e-06 0 3.26646e-06 0 3.60279e-06 0 3.91594e-06 0 4.20558e-06 0 4.48223e-06 0 4.73758e-06 0 4.98716e-06 0 5.2233e-06 0 5.44866e-06 0 5.66616e-06 0 5.87534e-06 0 6.07943e-06 0 6.27075e-06 0 6.45631e-06 0 6.64341e-06 0 6.81685e-06 0 6.99152e-06 0 7.15972e-06 0 7.32127e-06 0 7.48378e-06 0 7.63943e-06 0 7.78806e-06 0 7.93742e-06 0 8.08751e-06 0 8.23035e-06 0 8.37381e-06 0 8.50986e-06 0 8.6384e-06 0 8.77549e-06 0 8.90499e-06 0 9.03494e-06 0 9.15717e-06 0 9.27979e-06 0 9.40278e-06 0 9.51792e-06 0
1231.05 0.000101118 8.06656e-05 2.04524e-05 0.202263 -0.259051 4.16662e-07 0 7.77647e-07 0 1.34245e-06 0 1.79291e-06 0 2.17649e-06 0 2.51491e-06 0 2.81684e-06 0 3.09509e-06 0 3.35343e-06 0 3.59179e-06 0 3.81901e-06 0 4.02836e-06 0 4.23267e-06 0 4.42571e-06 0 4.60971e-06 0 4.7871e-06 0 4.95752e-06 0 5.12364e-06 0 5.27924e-06 0 5.43004e-06 0 5.58197e-06 0 5.72272e-06 0 5.86437e-06 0 6.00069e-06 0 6.13156e-06 0 6.26313e-06 0 6.38907e-06 0 6.50929e-06 0 6.63004e-06 0 6.75133e-06 0 6.86671e-06 0 6.98255e-06 0 7.09236e-06 0 7.19608e-06 0 7.30665e-06 0 7.41107e-06 0 7.51582e-06 0 7.61431e-06 0 7.71309e-06 0 7.81215e-06 0 7.90485e-06 0
1294.24 9.40297e-05 7.73984e-05 1.66312e-05 0.176872 -0.260646 3.87255e-07 0 7.02643e-07 0 1.18458e-06 0 1.56314e-06 0 1.88279e-06 0 2.16321e-06 0 2.41235e-06 0 2.64121e-06 0 2.85313e-06 0 3.04824e-06 0 3.23388e-06 0 3.40465e-06 0 3.57106e-06 0 3.72811e-06 0 3.87762e-06 0 4.02162e-06 0 4.15983e-06 0 4.29444e-06 0 4.42043e-06 0 4.54244e-06 0 4.66528e-06 0 4.77901e-06 0 4.89341e-06 0 5.00344e-06 0 5.10902e-06 0 5.2151e-06 0 5.31661e-06 0 5.41346e-06 0 5.5107e-06 0 5.60833e-06 0 5.70117e-06 0 5.79435e-06 0 5.88265e-06 0 5.96602e-06 0 6.05488e-06 0 6.13876e-06 0 6.22288e-06 0 6.30197e-06 0 6.38125e-06 0 6.46075e-06 0 6.53512e-06 0
1360.67 8.78894e-05 7.43407e-05 1.35487e-05 0.154156 -0.262912 3.56714e-07 0 6.30231e-07 0 1.03909e-06 0 1.35574e-06 0 1.62103e-06 0 1.85255e-06 0 2.05746e-06 0 2.24514e-06 0 2.4185e-06 0 2.57778e-06 0 2.72908e-06 0 2.86805e-06 0 3.0033e-06 0 3.13079e-06 0 3.25204e-06 0 3.3687e-06 0 3.48059e-06 0 3.58947e-06 0 3.6913e-06 0 3.78986e-06 0 3.88903e-06 0 3.98079e-06 0 4.07304e-06 0 4.16172e-06 0 4.24677e-06 0 4.3322e-06 0 4.4139e-06 0 4.49182e-06 0 4.57003e-06 0 4.64853e-06 0 4.72314e-06 0 4.79801e-06 0 4.86893e-06 0 4.93588e-06 0 5.0072e-06 0 5.07452e-06 0 5.14202e-06 0 5.20545e-06 0 5.26903e-06 0 5.33276e-06 0 5.39237e-06 0
1430.51 8.27469e-05 7.16852e-05 1.10617e-05 0.133682 -0.265886 3.26781e-07 0 5.63051e-07 0 9.09083e-07 0 1.17359e-06 0 1.3936e-06 0 1.58469e-06 0 1.75321e-06 0 1.90714e-06 0 2.04901e-06 0 2.17913e-06 0 2.30252e-06 0 2.41571e-06 0 2.52574e-06 0 2.62934e-06 0 2.72778e-06 0 2.82242e-06 0 2.9131e-06 0 3.0013e-06 0 3.08372e-06 0 3.16345e-06 0 3.24363e-06 0 3.31778e-06 0 3.39229e-06 0 3.46389e-06 0 3.53252e-06 0 3.60143e-06 0 3.66731e-06 0 3.73012e-06 0 3.79314e-06 0 3.85637e-06 0 3.91646e-06 0 3.97672e-06 0 4.0338e-06 0 4.08766e-06 0 4.14504e-06 0 4.19917e-06 0 4.25343e-06 0 4.30442e-06 0 4.35552e-06 0 4.40672e-06 0 4.4546e-06 0
1503.94 7.86249e-05 6.95717e-05 9.05314e-06 0.115143 -0.269502 2.98629e-07 0 5.02545e-07 0 7.95575e-07 0 1.01687e-06 0 1.19972e-06 0 1.35783e-06 0 1.49682e-06 0 1.62346e-06 0 1.73993e-06 0 1.84658e-06 0 1.94757e-06 0 2.04009e-06 0 2.12994e-06 0 2.21445e-06 0 2.29468e-06 0 2.37176e-06 0 2.44556e-06 0 2.51729e-06 0 2.58429e-06 0 2.64906e-06 0 2.71416e-06 0 2.77434e-06 0 2.83478e-06 0 2.89284e-06 0 2.94847e-06 0 3.0043e-06 0 3.05766e-06 0 3.10852e-06 0 3.15953e-06 0 3.2107e-06 0 3.25931e-06 0 3.30805e-06 0 3.3542e-06 0 3.39774e-06 0 3.44411e-06 0 3.48784e-06 0 3.53168e-06 0 3.57286e-06 0 3.61411e-06 0 3.65545e-06 0 3.6941e-06 0
1581.14 7.56843e-05 6.82528e-05 7.43155e-06 0.0981913 -0.273709 2.73562e-07 0 4.50253e-07 0 6.99732e-07 0 8.86043e-07 0 1.03905e-06 0 1.17081e-06 0 1.2863e-06 0 1.39128e-06 0 1.48766e-06 0 1.57577e-06 0 1.6591e-06 0 1.73535e-06 0 1.80933e-06 0 1.87885e-06 0 1.9448e-06 0 2.0081e-06 0 2.06868e-06 0 2.12753e-06 0 2.18246e-06 0 2.23554e-06 0 2.28886e-06 0 2.33814e-06 0 2.3876e-06 0 2.4351e-06 0 2.4806e-06 0 2.52625e-06 0 2.56986e-06 0 2.61141e-06 0 2.65308e-06 0 2.69486e-06 0 2.73454e-06 0 2.77432e-06 0 2.81198e-06 0 2.8475e-06 0 2.88532e-06 0 2.92099e-06 0 2.95673e-06 0 2.99029e-06 0 3.02392e-06 0 3.0576e-06 0 3.08909e-06 0
1662.3 7.43042e-05 6.81808e-05 6.12344e-06 0.0824104 -0.277335 2.53169e-07 0 4.0808e-07 0 6.23277e-07 0 7.82336e-07 0 9.1223e-07 0 1.02367e-06 0 1.12109e-06 0 1.20945e-06 0 1.29044e-06 0 1.36437e-06 0 1.43421e-06 0 1.49805e-06 0 1.55992e-06 0 1.61803e-06 0 1.67311e-06 0 1.72595e-06 0 1.77648e-06 0 1.82554e-06 0 1.87131e-06 0 1.91552e-06 0 1.95992e-06 0 2.00092e-06 0 2.04208e-06 0 2.08158e-06 0 2.1194e-06 0 2.15734e-06 0 2.19357e-06 0 2.22809e-06 0 2.26269e-06 0 2.29738e-06 0 2.33032e-06 0 2.36333e-06 0 2.39457e-06 0 2.42403e-06 0 2.4554e-06 0 2.48497e-06 0 2.5146e-06 0 2.54242e-06 0 2.57029e-06 0 2.5982e-06 0 2.62429e-06 0
1747.63 7.40734e-05 6.90261e-05 5.04729e-06 0.0681391 -0.277488 2.35697e-07 0 3.72538e-07 0 5.59795e-07 0 6.96895e-07 0 8.0828e-07 0 9.03517e-07 0 9.8656e-07 0 1.06174e-06 0 1.13054e-06 0 1.19326e-06 0 1.25245e-06 0 1.3065e-06 0 1.35884e-06 0 1.40796e-06 0 1.45449e-06 0 1.4991e-06 0 1.54175e-06 0 1.58312e-06 0 1.62171e-06 0 1.65897e-06 0 1.69636e-06 0 1.73089e-06 0 1.76553e-06 0 1.79877e-06 0 1.83059e-06 0 1.8625e-06 0 1.89297e-06 0 1.92198e-06 0 1.95106e-06 0 1.9802e-06 0 2.00787e-06 0 2.0356e-06 0 2.06183e-06 0 2.08657e-06 0 2.11289e-06 0 2.13771e-06 0 2.16257e-06 0 2.18592e-06 0 2.20929e-06 0 2.2327e-06 0 2.25458e-06 0
1837.33 7.39105e-05 6.97603e-05 4.15021e-06 0.0561518 -0.274831 2.17528e-07 0 3.37543e-07 0 4.99515e-07 0 6.1707e-07 0 7.12126e-07 0 7.93148e-07 0 8.63635e-07 0 9.27338e-07 0 9.85548e-07 0 1.03856e-06 0 1.08852e-06 0 1.13412e-06 0 1.17824e-06 0 1.21961e-06 0 1.25878e-06 0 1.29632e-06 0 1.33218e-06 0 1.36696e-06 0 1.39938e-06 0 1.43067e-06 0 1.46207e-06 0 1.49105e-06 0 1.52012e-06 0 1.54801e-06 0 1.57469e-06 0 1.60144e-06 0 1.62698e-06 0 1.65129e-06 0 1.67566e-06 0 1.70007e-06 0 1.72324e-06 0 1.74646e-06 0 1.76842e-06 0 1.78913e-06 0 1.81116e-06 0 1.83193e-06 0 1.85273e-06 0 1.87226e-06 0 1.89181e-06 0 1.91139e-06 0 1.92968e-06 0
1931.64 7.43216e-05 7.09057e-05 3.41586e-06 0.0459606 -0.271014 2.0059e-07 0 3.05921e-07 0 4.46272e-07 0 5.47322e-07 0 6.28678e-07 0 6.97824e-07 0 7.57856e-07 0 8.12022e-07 0 8.61454e-07 0 9.06419e-07 0 9.48766e-07 0 9.87377e-07 0 1.02472e-06 0 1.05971e-06 0 1.09282e-06 0 1.12453e-06 0 1.15481e-06 0 1.18417e-06 0 1.21153e-06 0 1.23793e-06 0 1.26441e-06 0 1.28884e-06 0 1.31333e-06 0 1.33683e-06 0 1.35931e-06 0 1.38183e-06 0 1.40334e-06 0 1.4238e-06 0 1.44431e-06 0 1.46485e-06 0 1.48435e-06 0 1.50388e-06 0 1.52235e-06 0 1.53976e-06 0 1.55829e-06 0 1.57575e-06 0 1.59323e-06 0 1.60964e-06 0 1.62607e-06 0 1.64252e-06 0 1.65789e-06 0
2030.79 7.60206e-05 7.32056e-05 2.81504e-06 0.0370299 -0.262483 1.86733e-07 0 2.80201e-07 0 4.03291e-07 0 4.91263e-07 0 5.6181e-07 0 6.21613e-07 0 6.73434e-07 0 7.20124e-07 0 7.62683e-07 0 8.01358e-07 0 8.37751e-07 0 8.7091e-07 0 9.02955e-07 0 9.3297e-07 0 9.61357e-07 0 9.88532e-07 0 1.01447e-06 0 1.03961e-06 0 1.06303e-06 0 1.08562e-06 0 1.10827e-06 0 1.12917e-06 0 1.15011e-06 0 1.1702e-06 0 1.18941e-06 0 1.20866e-06 0 1.22703e-06 0 1.24451e-06 0 1.26202e-06 0 1.27956e-06 0 1.2962e-06 0 1.31287e-06 0 1.32864e-06 0 1.3435e-06 0 1.3593e-06 0 1.3742e-06 0 1.38911e-06 0 1.40311e-06 0 1.41712e-06 0 1.43115e-06 0 1.44425e-06 0
2135.03 7.82742e-05 7.59564e-05 2.31779e-06 0.0296112 -0.247408 1.73692e-07 0 2.56693e-07 0 3.64824e-07 0 4.41586e-07 0 5.02921e-07 0 5.54791e-07 0 5.9966e-07 0 6.40032e-07 0 6.76793e-07 0 7.10168e-07 0 7.41551e-07 0 7.70127e-07 0 7.97727e-07 0 8.23566e-07 0 8.47991e-07 0 8.71365e-07 0 8.93669e-07 0 9.15275e-07 0 9.35399e-07 0 9.54802e-07 0 9.74254e-07 0 9.92194e-07 0 1.01017e-06 0 1.02741e-06 0 1.04389e-06 0 1.0604e-06 0 1.07616e-06 0 1.09115e-06 0 1.10616e-06 0 1.1212e-06 0 1.13547e-06 0 1.14975e-06 0 1.16326e-06 0 1.17599e-06 0 1.18953e-06 0 1.20229e-06 0 1.21506e-06 0 1.22705e-06 0 1.23905e-06 0 1.25106e-06 0 1.26228e-06 0
2244.63 8.0473e-05 7.8569e-05 1.90397e-06 0.0236597 -0.224335 1.60196e-07 0 2.33388e-07 0 3.27803e-07 0 3.94414e-07 0 4.47462e-07 0 4.92227e-07 0 5.30889e-07 0 5.65634e-07 0 5.9724e-07 0 6.25912e-07 0 6.52854e-07 0 6.77371e-07 0 7.01039e-07 0 7.23186e-07 0 7.44113e-07 0 7.64132e-07 0 7.83228e-07 0 8.01721e-07 0 8.1894e-07 0 8.35538e-07 0 8.52175e-07 0 8.67515e-07 0 8.82885e-07 0 8.97615e-07 0 9.117e-07 0 9.25809e-07 0 9.39268e-07 0 9.52072e-07 0 9.64895e-07 0 9.77735e-07 0 9.89915e-07 0 1.00211e-06 0 1.01364e-06 0 1.0245e-06 0 1.03606e-06 0 1.04695e-06 0 1.05785e-06 0 1.06807e-06 0 1.07831e-06 0 1.08855e-06 0 1.09812e-06 0
2359.84 8.1829e-05 8.02709e-05 1.55806e-06 0.0190405 -0.192728 1.4519e-07 0 2.0871e-07 0 2.89907e-07 0 3.4687e-07 0 3.92099e-07 0 4.3019e-07 0 4.6304e-07 0 4.9253e-07 0 5.19331e-07 0 5.43626e-07 0 5.66441e-07 0 5.87191e-07 0 6.07214e-07 0 6.25942e-07 0 6.43632e-07 0 6.60548e-07 0 6.76679e-07 0 6.92297e-07 0 7.06836e-07 0 7.20846e-07 0 7.34886e-07 0 7.47829e-07 0 7.60795e-07 0 7.73219e-07 0 7.85097e-07 0 7.96994e-07 0 8.0834e-07 0 8.19133e-07 0 8.2994e-07 0 8.4076e-07 0 8.51023e-07 0 8.61298e-07 0 8.71012e-07 0 8.80163e-07 0 8.89896e-07 0 8.99065e-07 0 9.08242e-07 0 9.16852e-07 0 9.2547e-07 0 9.34095e-07 0 9.4215e-07 0
2480.97 8.15555e-05 8.02873e-05 1.26825e-06 0.0155507 -0.152949 1.28212e-07 0 1.82002e-07 0 2.50193e-07 0 2.97786e-07 0 3.3547e-07 0 3.6715e-07 0 3.94436e-07 0 4.18906e-07 0 4.41126e-07 0 4.61256e-07 0 4.80148e-07 0 4.97323e-07 0 5.13888e-07 0 5.29375e-07 0 5.44e-07 0 5.5798e-07 0 5.71309e-07 0 5.8421e-07 0 5.96216e-07 0 6.07784e-07 0 6.19374e-07 0 6.30056e-07 0 6.40756e-07 0 6.51006e-07 0 6.60805e-07 0 6.70618e-07 0 6.79975e-07 0 6.88875e-07 0 6.97786e-07 0 7.06706e-07 0 7.15166e-07 0 7.23635e-07 0 7.3164e-07 0 7.39182e-07 0 7.47202e-07 0 7.54756e-07 0 7.62317e-07 0 7.6941e-07 0 7.76509e-07 0 7.83613e-07 0 7.90247e-07 0
2608.32 7.90512e-05 7.80254e-05 1.02577e-06 0.012976 -0.107031 1.09516e-07 0 1.53641e-07 0 2.09156e-07 0 2.47719e-07 0 2.78178e-07 0 3.03741e-07 0 3.25733e-07 0 3.45437e-07 0 3.63316e-07 0 3.79503e-07 0 3.94687e-07 0 4.08485e-07 0 4.21787e-07 0 4.34221e-07 0 4.45957e-07 0 4.57174e-07 0 4.67865e-07 0 4.7821e-07 0 4.87836e-07 0 4.97109e-07 0 5.06398e-07 0 5.14958e-07 0 5.23531e-07 0 5.31742e-07 0 5.39591e-07 0 5.47449e-07 0 5.54942e-07 0 5.62068e-07 0 5.69202e-07 0 5.76343e-07 0 5.83114e-07 0 5.89892e-07 0 5.96299e-07 0 6.02334e-07 0 6.08751e-07 0 6.14795e-07 0 6.20843e-07 0 6.26518e-07 0 6.32196e-07 0 6.37878e-07 0 6.43185e-07 0
2742.21 7.41731e-05 7.33487e-05 8.24368e-07 0.0111141 -0.0585747 9.01102e-08 0 1.25027e-07 0 1.68652e-07 0 1.98827e-07 0 2.22605e-07 0 2.42532e-07 0 2.59656e-07 0 2.74986e-07 0 2.88888e-07 0 3.01466e-07 0 3.1326e-07 0 3.23972e-07 0 3.34296e-07 0 3.43943e-07 0 3.53047e-07 0 3.61745e-07 0 3.70033e-07 0 3.78052e-07 0 3.85512e-07 0 3.92697e-07 0 3.99893e-07 0 4.06524e-07 0 4.13163e-07 0 4.19522e-07 0 4.25599e-07 0 4.31683e-07 0 4.37483e-07 0 4.42999e-07 0 4.4852e-07 0 4.54046e-07 0 4.59286e-07 0 4.64531e-07 0 4.69487e-07 0 4.74156e-07 0 4.7912e-07 0 4.83795e-07 0 4.88474e-07 0 4.92862e-07 0 4.97253e-07 0 5.01647e-07 0 5.05751e-07 0
2882.97 6.73206e-05 6.66615e-05 6.59148e-07 0.00979118 -0.01189 7.1398e-08 0 9.80423e-08 0 1.31122e-07 0 1.53913e-07 0 1.71836e-07 0 1.86835e-07 0 1.99712e-07 0 2.11231e-07 0 2.2167e-07 0 2.31111e-07 0 2.39959e-07 0 2.47993e-07 0 2.55733e-07 0 2.62964e-07 0 2.69785e-07 0 2.76301e-07 0 2.8251e-07 0 2.88515e-07 0 2.941e-07 0 2.99479e-07 0 3.04865e-07 0 3.09827e-07 0 3.14795e-07 0 3.19553e-07 0 3.241e-07 0 3.28651e-07 0 3.32989e-07 0 3.37114e-07 0 3.41243e-07 0 3.45376e-07 0 3.49294e-07 0 3.53214e-07 0 3.5692e-07 0 3.6041e-07 0 3.64121e-07 0 3.67615e-07 0 3.71112e-07 0 3.74391e-07 0 3.77673e-07 0 3.80956e-07 0 3.84023e-07 0
3030.95 5.92858e-05 5.87603e-05 5.2554e-07 0.00886452 0.0291031 5.46666e-08 0 7.43409e-08 0 9.86264e-08 0 1.15299e-07 0 1.28385e-07 0 1.39323e-07 0 1.48706e-07 0 1.57092e-07 0 1.64689e-07 0 1.71556e-07 0 1.77989e-07 0 1.83829e-07 0 1.89453e-07 0 1.94706e-07 0 1.9966e-07 0 2.04391e-07 0 2.08898e-07 0 2.13257e-07 0 2.17311e-07 0 2.21214e-07 0 2.25122e-07 0 2.28722e-07 0 2.32326e-07 0 2.35776e-07 0 2.39074e-07 0 2.42374e-07 0 2.45519e-07 0 2.4851e-07 0 2.51504e-07 0 2.54499e-07 0 2.57339e-07 0 2.60181e-07 0 2.62867e-07 0 2.65396e-07 0 2.68085e-07 0 2.70617e-07 0 2.7315e-07 0 2.75527e-07 0 2.77904e-07 0 2.80283e-07 0 2.82504e-07 0
3186.53 5.09396e-05 5.05208e-05 4.18812e-07 0.00822174 0.0619114 4.06849e-08 0 5.48251e-08 0 7.21877e-08 0 8.40688e-08 0 9.33785e-08 0 1.01151e-07 0 1.07813e-07 0 1.13764e-07 0 1.19151e-07 0 1.2402e-07 0 1.28579e-07 0 1.32716e-07 0 1.36699e-07 0 1.40419e-07 0 1.43926e-07 0 1.47275e-07 0 1.50465e-07 0 1.53549e-07 0 1.56417e-07 0 1.59178e-07 0 1.61942e-07 0 1.64488e-07 0 1.67037e-07 0 1.69477e-07 0 1.71808e-07 0 1.74141e-07 0 1.76365e-07 0 1.78479e-07 0 1.80595e-07 0 1.82712e-07 0 1.84719e-07 0 1.86727e-07 0 1.88625e-07 0 1.90412e-07 0 1.92312e-07 0 1.94101e-07 0 1.9589e-07 0 1.97569e-07 0 1.99249e-07 0 2.00929e-07 0 2.02498e-07 0
3350.09 4.29885e-05 4.26542e-05 3.34253e-07 0.00777541 0.0857228 2.96373e-08 0 3.95979e-08 0 5.17697e-08 0 6.00742e-08 0 6.65712e-08 0 7.199e-08 0 7.66307e-08 0 8.07743e-08 0 8.45237e-08 0 8.79104e-08 0 9.10811e-08 0 9.39574e-08 0 9.67265e-08 0 9.93112e-08 0 1.01748e-07 0 1.04075e-07 0 1.0629e-07 0 1.08432e-07 0 1.10424e-07 0 1.12341e-07 0 1.1426e-07 0 1.16027e-07 0 1.17796e-07 0 1.1949e-07 0 1.21108e-07 0 1.22727e-07 0 1.2427e-07 0 1.25737e-07 0 1.27204e-07 0 1.28673e-07 0 1.30065e-07 0 1.31458e-07 0 1.32775e-07 0 1.34014e-07 0 1.35332e-07 0 1.36572e-07 0 1.37814e-07 0 1.38978e-07 0 1.40142e-07 0 1.41307e-07 0 1.42395e-07 0
3522.05 3.58487e-05 3.55813e-05 2.67475e-07 0.0074612 0.10116 2.12663e-08 0 2.81865e-08 0 3.66061e-08 0 4.23351e-08 0 4.68108e-08 0 5.05403e-08 0 5.37322e-08 0 5.65806e-08 0 5.9157e-08 0 6.14835e-08 0 6.36608e-08 0 6.56355e-08 0 6.75362e-08 0 6.931e-08 0 7.09822e-08 0 7.25784e-08 0 7.40982e-08 0 7.55673e-08 0 7.6933e-08 0 7.82476e-08 0 7.95634e-08 0 8.0775e-08 0 8.19876e-08 0 8.31485e-08 0 8.42573e-08 0 8.53669e-08 0 8.64244e-08 0 8.74296e-08 0 8.84354e-08 0 8.94417e-08 0 9.03956e-08 0 9.135e-08 0 9.22518e-08 0 9.31009e-08 0 9.40034e-08 0 9.48533e-08 0 9.57035e-08 0 9.65008e-08 0 9.72985e-08 0 9.80964e-08 0 9.88414e-08 0
3702.84 2.96931e-05 2.94784e-05 2.14706e-07 0.00723085 0.109619 1.51122e-08 0 1.98796e-08 0 2.56568e-08 0 2.95783e-08 0 3.26379e-08 0 3.51853e-08 0 3.73642e-08 0 3.93077e-08 0 4.1065e-08 0 4.26512e-08 0 4.41354e-08 0 4.54812e-08 0 4.67763e-08 0 4.79847e-08 0 4.91237e-08 0 5.02108e-08 0 5.12457e-08 0 5.2246e-08 0 5.31758e-08 0 5.40707e-08 0 5.49664e-08 0 5.5791e-08 0 5.66163e-08 0 5.74063e-08 0 5.81608e-08 0 5.89159e-08 0 5.96354e-08 0 6.03192e-08 0 6.10035e-08 0 6.16881e-08 0 6.2337e-08 0 6.29861e-08 0 6.35995e-08 0 6.4177e-08 0 6.47909e-08 0 6.53689e-08 0 6.59471e-08 0 6.64893e-08 0 6.70317e-08 0 6.75743e-08 0 6.80809e-08 0
3892.91 2.45221e-05 2.43492e-05 1.72886e-07 0.0070502 0.112733 1.06783e-08 0 1.3948e-08 0 1.7896e-08 0 2.05698e-08 0 2.26536e-08 0 2.43872e-08 0 2.58692e-08 0 2.71906e-08 0 2.83849e-08 0 2.94627e-08 0 3.04709e-08 0 3.13849e-08 0 3.22643e-08 0 3.30847e-08 0 3.38579e-08 0 3.45958e-08 0 3.52981e-08 0 3.59769e-08 0 3.66078e-08 0 3.7215e-08 0 3.78226e-08 0 3.8382e-08 0 3.89418e-08 0 3.94777e-08 0 3.99894e-08 0 4.05015e-08 0 4.09894e-08 0 4.14531e-08 0 4.19171e-08 0 4.23813e-08 0 4.28213e-08 0 4.32614e-08 0 4.36772e-08 0 4.40688e-08 0 4.44849e-08 0 4.48767e-08 0 4.52686e-08 0 4.56362e-08 0 4.60038e-08 0 4.63716e-08 0 4.67149e-08 0
4092.73 2.02459e-05 2.01063e-05 1.39606e-07 0.00689552 0.112022 7.52394e-09 0 9.76277e-09 0 1.24572e-08 0 1.42784e-08 0 1.56962e-08 0 1.68748e-08 0 1.7882e-08 0 1.87796e-08 0 1.95906e-08 0 2.03224e-08 0 2.10067e-08 0 2.1627e-08 0 2.22237e-08 0 2.27803e-08 0 2.33048e-08 0 2.38053e-08 0 2.42817e-08 0 2.4742e-08 0 2.51698e-08 0 2.55815e-08 0 2.59934e-08 0 2.63727e-08 0 2.67522e-08 0 2.71154e-08 0 2.74622e-08 0 2.78093e-08 0 2.814e-08 0 2.84543e-08 0 2.87687e-08 0 2.90833e-08 0 2.93814e-08 0 2.96796e-08 0 2.99614e-08 0 3.02266e-08 0 3.05086e-08 0 3.0774e-08 0 3.10396e-08 0 3.12886e-08 0 3.15376e-08 0 3.17868e-08 0 3.20194e-08 0
4302.81 1.67408e-05 1.66278e-05 1.13008e-07 0.00675044 0.108736 5.29691e-09 0 6.83038e-09 0 8.67037e-09 0 9.91178e-09 0 1.08773e-08 0 1.16794e-08 0 1.23645e-08 0 1.29749e-08 0 1.35263e-08 0 1.40236e-08 0 1.44887e-08 0 1.49101e-08 0 1.53155e-08 0 1.56935e-08 0 1.60498e-08 0 1.63896e-08 0 1.67131e-08 0 1.70256e-08 0 1.73161e-08 0 1.75955e-08 0 1.78752e-08 0 1.81326e-08 0 1.83902e-08 0 1.86367e-08 0 1.88721e-08 0 1.91076e-08 0 1.9332e-08 0 1.95453e-08 0 1.97586e-08 0 1.99721e-08 0 2.01743e-08 0 2.03767e-08 0 2.05678e-08 0 2.07478e-08 0 2.09391e-08 0 2.11191e-08 0 2.12993e-08 0 2.14682e-08 0 2.16371e-08 0 2.18061e-08 0 2.19639e-08 0
4523.68 1.38792e-05 1.37876e-05 9.16642e-08 0.00660441 0.103831 3.73068e-09 0 4.78264e-09 0 6.04145e-09 0 6.88934e-09 0 7.5482e-09 0 8.09529e-09 0 8.56234e-09 0 8.97834e-09 0 9.35402e-09 0 9.69281e-09 0 1.00096e-08 0 1.02965e-08 0 1.05726e-08 0 1.083e-08 0 1.10725e-08 0 1.13038e-08 0 1.15239e-08 0 1.17366e-08 0 1.19343e-08 0 1.21245e-08 0 1.23147e-08 0 1.24899e-08 0 1.26651e-08 0 1.28328e-08 0 1.2993e-08 0 1.31532e-08 0 1.33059e-08 0 1.34509e-08 0 1.3596e-08 0 1.37412e-08 0 1.38788e-08 0 1.40164e-08 0 1.41464e-08 0 1.42688e-08 0 1.43989e-08 0 1.45213e-08 0 1.46438e-08 0 1.47587e-08 0 1.48736e-08 0 1.49885e-08 0 1.50957e-08 0
4755.88 1.15462e-05 1.14717e-05 7.4487e-08 0.0064512 0.0980007 2.63111e-09 0 3.35451e-09 0 4.21803e-09 0 4.79879e-09 0 5.24971e-09 0 5.62395e-09 0 5.94332e-09 0 6.2277e-09 0 6.48445e-09 0 6.71596e-09 0 6.93235e-09 0 7.1284e-09 0 7.31693e-09 0 7.49272e-09 0 7.65832e-09 0 7.81628e-09 0 7.96659e-09 0 8.11182e-09 0 8.24675e-09 0 8.37657e-09 0 8.50646e-09 0 8.62601e-09 0 8.74562e-09 0 8.86008e-09 0 8.96938e-09 0 9.07872e-09 0 9.18289e-09 0 9.28188e-09 0 9.38091e-09 0 9.47997e-09 0 9.57384e-09 0 9.66773e-09 0 9.75644e-09 0 9.83994e-09 0 9.92869e-09 0 1.00122e-08 0 1.00958e-08 0 1.01742e-08 0 1.02525e-08 0 1.03309e-08 0 1.04041e-08 0
5000 9.64001e-06 9.5794e-06 6.06116e-08 0.0062875 0.0917252 1.85869e-09 0 2.3575e-09 0 2.9516e-09 0 3.35061e-09 0 3.66019e-09 0 3.91701e-09 0 4.1361e-09 0 4.33113e-09 0 4.50719e-09 0 4.6659e-09 0 4.81423e-09 0 4.9486e-09 0 5.0778e-09 0 5.19826e-09 0 5.31173e-09 0 5.41995e-09 0 5.52293e-09 0 5.62241e-09 0 5.71484e-09 0 5.80376e-09 0 5.89273e-09 0 5.97461e-09 0 6.05653e-09 0 6.13491e-09 0 6.20976e-09 0 6.28463e-09 0 6.35597e-09 0 6.42375e-09 0 6.49156e-09 0 6.55938e-09 0 6.62365e-09 0 6.68794e-09 0 6.74867e-09 0 6.80585e-09 0 6.8666e-09 0 6.9238e-09 0 6.98101e-09 0 7.03465e-09 0 7.0883e-09 0 7.14196e-09 0 7.19205e-09 0
