# 0.01 1 120 : grain size, compostion index, size index
# Heating and cooling timescale: 1.86703e-08 inf
# Ratio of heating to cooling to determine stochastic cutoff: 100
# Equilibrium emission is recorded even for those grains in the stochastic regime.
# Emission spectrum was computed for: 
# Type: ISRF
# Scales: 0.25 0.5 1 1.5 2 2.5 3 3.5 4 4.5 5 5.5 6 6.5 7 7.5 8 8.5 9 9.5 10 10.5 11 11.5 12 12.5 13 13.5 14 14.5 15 15.5 16 16.5 17 17.5 18 18.5 19 19.5 20
# StochasticallyHeated: 0 0 0 0 0 0 0 0 0 0 0 0 0 0 0 0 0 0 0 0 0 0 0 0 0 0 0 0 0 0 0 0 0 0 0 0 0 0 0 0 0
# Temperature: -1
# Wavelength  CExt  CAbs  CSca  Albedo G EqEm1 StEm1 EqEm2 StEm2 EqEm3 StEm3 EqEm4 StEm4 EqEm5 StEm5 EqEm6 StEm6 EqEm7 StEm7 EqEm8 StEm8 EqEm9 StEm9 EqEm10 StEm10 EqEm11 StEm11 EqEm12 StEm12 EqEm13 StEm13 EqEm14 StEm14 EqEm15 StEm15 EqEm16 StEm16 EqEm17 StEm17 EqEm18 StEm18 EqEm19 StEm19 EqEm20 StEm20 EqEm21 StEm21 EqEm22 StEm22 EqEm23 StEm23 EqEm24 StEm24 EqEm25 StEm25 EqEm26 StEm26 EqEm27 StEm27 EqEm28 StEm28 EqEm29 StEm29 EqEm30 StEm30 EqEm31 StEm31 EqEm32 StEm32 EqEm33 StEm33 EqEm34 StEm34 EqEm35 StEm35 EqEm36 StEm36 EqEm37 StEm37 EqEm38 StEm38 EqEm39 StEm39 EqEm40 StEm40 EqEm41 StEm41
0.05 0.00062942 0.000222694 0.000406726 0.646192 0.853674 0 0 0 0 0 0 0 0 0 0 0 0 0 0 0 0 0 0 0 0 0 0 0 0 0 0 0 0 0 0 0 0 0 0 0 0 0 0 0 0 0 0 0 0 0 0 0 0 0 0 0 0 0 0 0 0 0 0 0 0 0 0 0 0 0 0 0 0 0 0 0 0 0 0 0 0 0 0 0 0 0 0
0.0525665 0.000629466 0.000219063 0.000410402 0.651985 0.841155 0 0 0 0 0 0 0 0 0 0 0 0 0 0 0 0 0 0 0 0 0 0 0 0 0 0 0 0 0 0 0 0 0 0 0 0 0 0 0 0 0 0 0 0 0 0 0 0 0 0 0 0 0 0 0 0 0 0 0 0 0 0 0 0 0 0 0 0 0 0 0 0 0 0 0 0 0 0 0 0 0 0
0.0552647 0.000629513 0.000216312 0.000413201 0.656382 0.830758 0 0 0 0 0 0 0 0 0 0 0 0 0 0 0 0 0 0 0 0 0 0 0 0 0 0 0 0 0 0 0 0 0 0 0 0 0 0 0 0 0 0 0 0 0 0 0 0 0 0 0 0 0 0 0 0 0 0 0 0 0 0 0 0 0 0 0 0 0 0 0 0 0 0 0 0 0 0 0 0 0 0
0.0581015 0.000629559 0.000215063 0.000414496 0.658391 0.824377 0 0 0 0 0 0 0 0 0 0 0 0 0 0 0 0 0 0 0 0 0 0 0 0 0 0 0 0 0 0 0 0 0 0 0 0 0 0 0 0 0 0 0 0 0 0 0 0 0 0 0 0 0 0 0 0 0 0 0 0 0 0 0 0 0 0 0 0 0 0 0 0 0 0 0 0 0 0 0 0 0 0
0.0610839 0.000629607 0.000212009 0.000417598 0.663267 0.815584 0 0 0 0 0 0 0 0 0 0 0 0 0 0 0 0 0 0 0 0 0 0 0 0 0 0 0 0 0 0 0 0 0 0 0 0 0 0 0 0 0 0 0 0 0 0 0 0 0 0 0 0 0 0 0 0 0 0 0 0 0 0 0 0 0 0 0 0 0 0 0 0 0 0 0 0 0 0 0 0 0 0
0.0642193 0.00062966 0.000204399 0.000425261 0.675382 0.797249 0 0 0 0 0 0 0 0 0 0 0 0 0 0 0 0 0 0 0 0 0 0 0 0 0 0 0 0 0 0 0 0 0 0 0 0 0 0 0 0 0 0 0 0 0 0 0 0 0 0 0 0 0 0 0 0 0 0 0 0 0 0 0 0 0 0 0 0 0 0 0 0 0 0 0 0 0 0 0 0 0 0
0.0675157 0.000629721 0.000196828 0.000432893 0.687437 0.777221 0 0 0 0 0 0 0 0 0 0 0 0 0 0 0 0 0 0 0 0 0 0 0 0 0 0 0 0 0 0 0 0 0 0 0 0 0 0 0 0 0 0 0 0 0 0 0 0 0 0 0 0 0 0 0 0 0 0 0 0 0 0 0 0 0 0 0 0 0 0 0 0 0 0 0 0 0 0 0 0 0 0
0.0709813 0.000629785 0.000196044 0.000433741 0.688713 0.770076 0 0 0 0 0 0 0 0 0 0 0 0 0 0 0 0 0 0 0 0 0 0 0 0 0 0 0 0 0 0 0 0 0 0 0 0 0 0 0 0 0 0 0 0 0 0 0 0 0 0 0 0 0 0 0 0 0 0 0 0 0 0 0 0 0 0 0 0 0 0 0 0 0 0 0 0 0 0 0 0 0 0
0.0746248 0.00062985 0.000198997 0.000430853 0.684056 0.771423 0 0 0 0 0 0 0 0 0 0 0 0 0 0 0 0 0 0 0 0 0 0 0 0 0 0 0 0 0 0 0 0 0 0 0 0 0 0 0 0 0 0 0 0 0 0 0 0 0 0 0 0 0 0 0 0 0 0 0 0 0 0 0 0 0 0 0 0 0 0 0 0 0 0 0 0 0 0 0 0 0 0
0.0784553 0.000629913 0.000203124 0.000426789 0.677536 0.776331 0 0 0 0 0 0 0 0 0 0 0 0 0 0 0 0 0 0 0 0 0 0 0 0 0 0 0 0 0 0 0 0 0 0 0 0 0 0 0 0 0 0 0 0 0 0 0 0 0 0 0 0 0 0 0 0 0 0 0 0 0 0 0 0 0 0 0 0 0 0 0 0 0 0 0 0 0 0 0 0 0 0
0.0824824 0.000629978 0.00020784 0.000422138 0.670084 0.782218 0 0 0 0 0 0 0 0 0 0 0 0 0 0 0 0 0 0 0 0 0 0 0 0 0 0 0 0 0 0 0 0 0 0 0 0 0 0 0 0 0 0 0 0 0 0 0 0 0 0 0 0 0 0 0 0 0 0 0 0 0 0 0 0 0 0 0 0 0 0 0 0 0 0 0 0 0 0 0 0 0 0
0.0867162 0.000630044 0.000208918 0.000421126 0.668407 0.781082 0 0 0 0 0 0 0 0 0 0 0 0 0 0 0 0 0 0 0 0 0 0 0 0 0 0 0 0 0 0 0 0 0 0 0 0 0 0 0 0 0 0 0 0 0 0 0 0 0 0 0 0 0 0 0 0 0 0 0 0 0 0 0 0 0 0 0 0 0 0 0 0 0 0 0 0 0 0 0 0 0 0
0.0911674 0.000630118 0.000207911 0.000422207 0.670044 0.775912 0 0 0 0 0 0 0 0 0 0 0 0 0 0 0 0 0 0 0 0 0 0 0 0 0 0 0 0 0 0 0 0 0 0 0 0 0 0 0 0 0 0 0 0 0 0 0 0 0 0 0 0 0 0 0 0 0 0 0 0 0 0 0 0 0 0 0 0 0 0 0 0 0 0 0 0 0 0 0 0 0 0
0.095847 0.000630192 0.000208746 0.000421447 0.668759 0.774157 0 0 0 0 0 0 0 0 0 0 0 0 0 0 0 0 0 0 0 0 0 0 0 0 0 0 0 0 0 0 0 0 0 0 0 0 0 0 0 0 0 0 0 0 0 0 0 0 0 0 0 0 0 0 0 0 0 0 0 0 0 0 0 0 0 0 0 0 0 0 0 0 0 0 0 0 0 0 0 0 0 0
0.100767 0.000630256 0.000216048 0.000414208 0.657206 0.785654 0 0 0 0 0 0 0 0 0 0 0 0 0 0 0 0 0 0 0 0 0 0 0 0 0 0 0 0 0 0 0 0 0 0 0 0 0 0 0 0 0 0 0 0 0 0 0 0 0 0 0 0 0 0 0 0 0 0 0 0 0 0 0 0 0 0 0 0 0 0 0 0 0 0 0 0 0 0 0 0 0 0
0.105939 0.000630314 0.000223408 0.000406906 0.645561 0.80035 0 0 0 0 0 0 0 0 0 0 0 0 0 0 0 0 0 0 0 0 0 0 0 0 0 0 0 0 0 0 0 0 0 0 0 0 0 0 0 0 0 0 0 0 0 0 0 0 0 0 0 0 0 0 0 0 0 0 0 0 0 0 0 0 0 0 0 0 0 0 0 0 0 0 0 0 0 0 0 0 0 0
0.111377 0.000630358 0.000236867 0.000393491 0.624234 0.828453 0 0 0 0 0 0 0 0 0 0 0 0 0 0 0 0 0 0 0 0 0 0 0 0 0 0 0 0 0 0 0 0 0 0 0 0 0 0 0 0 0 0 0 0 0 0 0 0 0 0 0 0 0 0 0 0 0 0 0 0 0 0 0 0 0 0 0 0 0 0 0 0 0 0 0 0 0 0 0 0 0 0
0.117094 0.000630393 0.000250798 0.000379596 0.602157 0.860866 0 0 0 0 0 0 0 0 0 0 0 0 0 0 0 0 0 0 0 0 0 0 0 0 0 0 0 0 0 0 0 0 0 0 0 0 0 0 0 0 0 0 0 0 0 0 0 0 0 0 0 0 0 0 0 0 0 0 0 0 0 0 0 0 0 0 0 0 0 0 0 0 0 0 0 0 0 0 0 0 0 0
0.123105 0.000630444 0.000259772 0.000370672 0.587954 0.883557 0 0 0 0 0 0 0 0 0 0 0 0 0 0 0 0 0 0 0 0 0 0 0 0 0 0 0 0 0 0 0 0 0 0 0 0 0 0 0 0 0 0 0 0 0 0 0 0 0 0 0 0 0 0 0 0 0 0 0 0 0 0 0 0 0 0 0 0 0 0 0 0 0 0 0 0 0 0 0 0 0 0
0.129424 0.000630505 0.000267377 0.000363128 0.575932 0.903583 0 0 0 0 0 0 0 0 0 0 0 0 0 0 0 0 0 0 0 0 0 0 0 0 0 0 0 0 0 0 0 0 0 0 0 0 0 0 0 0 0 0 0 0 0 0 0 0 0 0 0 0 0 0 0 0 0 0 0 0 0 0 0 0 0 0 0 0 0 0 0 0 0 0 0 0 0 0 0 0 0 0
0.136067 0.000630566 0.000273443 0.000357123 0.566353 0.919831 0 0 0 0 0 0 0 0 0 0 0 0 0 0 0 0 0 0 0 0 0 0 0 0 0 0 0 0 0 0 0 0 0 0 0 0 0 0 0 0 0 0 0 0 0 0 0 0 0 0 0 0 0 0 0 0 0 0 0 0 0 0 0 0 0 0 0 0 0 0 0 0 0 0 0 0 0 0 0 0 0 0
0.143051 0.000630624 0.000278145 0.000352479 0.558937 0.932511 0 0 0 0 0 0 0 0 0 0 0 0 0 0 0 0 0 0 0 0 0 0 0 0 0 0 0 0 0 0 0 0 0 0 0 0 0 0 0 0 0 0 0 0 0 0 0 0 0 0 0 0 0 0 0 0 0 0 0 0 0 0 0 0 0 0 0 0 0 0 0 0 0 0 0 0 0 0 0 0 0 0
0.150394 0.000630674 0.00028083 0.000349843 0.554714 0.940686 0 0 0 0 0 0 0 0 0 0 0 0 0 0 0 0 0 0 0 0 0 0 0 0 0 0 0 0 0 0 0 0 0 0 0 0 0 0 0 0 0 0 0 0 0 0 0 0 0 0 0 0 0 0 0 0 0 0 0 0 0 0 0 0 0 0 0 0 0 0 0 0 0 0 0 0 0 0 0 0 0 0
0.158114 0.000630721 0.000279921 0.000350801 0.55619 0.941568 0 0 0 0 0 0 0 0 0 0 0 0 0 0 0 0 0 0 0 0 0 0 0 0 0 0 0 0 0 0 0 0 0 0 0 0 0 0 0 0 0 0 0 0 0 0 0 0 0 0 0 0 0 0 0 0 0 0 0 0 0 0 0 0 0 0 0 0 0 0 0 0 0 0 0 0 0 0 0 0 0 0
0.16623 0.000630793 0.00027335 0.000357442 0.566656 0.930713 0 0 0 0 0 0 0 0 0 0 0 0 0 0 0 0 0 0 0 0 0 0 0 0 0 0 0 0 0 0 0 0 0 0 0 0 0 0 0 0 0 0 0 0 0 0 0 0 0 0 0 0 0 0 0 0 0 0 0 0 0 0 0 0 0 0 0 0 0 0 0 0 0 0 0 0 0 0 0 0 0 0
0.174762 0.000630898 0.000260275 0.000370623 0.587453 0.90408 0 0 0 0 0 0 0 0 0 0 0 0 0 0 0 0 0 0 0 0 0 0 0 0 0 0 0 0 0 0 0 0 0 0 0 0 0 0 0 0 0 0 0 0 0 0 0 0 0 0 0 0 0 0 0 0 0 0 0 0 0 0 0 0 0 0 0 0 0 0 0 0 0 0 0 0 0 0 0 0 0 0
0.183733 0.000631022 0.000243744 0.000387278 0.613731 0.868107 0 0 0 0 0 0 0 0 0 0 0 0 0 0 0 0 0 0 0 0 0 0 0 0 0 0 0 0 0 0 0 0 0 0 0 0 0 0 0 0 0 0 0 0 0 0 0 0 0 0 0 0 0 0 0 0 0 0 0 0 0 0 0 0 0 0 0 0 0 0 0 0 0 0 0 0 0 0 0 0 0 0
0.193164 0.000631156 0.00022654 0.000404615 0.641071 0.831082 0 0 0 0 0 0 0 0 0 0 0 0 0 0 0 0 0 0 0 0 0 0 0 0 0 0 0 0 0 0 0 0 0 0 0 0 0 0 0 0 0 0 0 0 0 0 0 0 0 0 0 0 0 0 0 0 0 0 0 0 0 0 0 0 0 0 0 0 0 0 0 0 0 0 0 0 0 0 0 0 0 0
0.203079 0.000631297 0.000211572 0.000419726 0.664862 0.800477 0 0 0 0 0 0 0 0 0 0 0 0 0 0 0 0 0 0 0 0 0 0 0 0 0 0 0 0 0 0 0 0 0 0 0 0 0 0 0 0 0 0 0 0 0 0 0 0 0 0 0 0 0 0 0 0 0 0 0 0 0 0 0 0 0 0 0 0 0 0 0 0 0 0 0 0 0 0 0 0 0 0
0.213503 0.000631448 0.000198708 0.00043274 0.685313 0.77556 0 0 0 0 0 0 0 0 0 0 0 0 0 0 0 0 0 0 0 0 0 0 0 0 0 0 0 0 0 0 0 0 0 0 0 0 0 0 0 0 0 0 0 0 0 0 0 0 0 0 0 0 0 0 0 0 0 0 0 0 0 0 0 0 0 0 0 0 0 0 0 0 0 0 0 0 0 0 0 0 0 0
0.224463 0.000631612 0.000190091 0.000441521 0.699038 0.758305 0 0 0 0 0 0 0 0 0 0 0 0 0 0 0 0 0 0 0 0 0 0 0 0 0 0 0 0 0 0 0 0 0 0 0 0 0 0 0 0 0 0 0 0 0 0 0 0 0 0 0 0 0 0 0 0 0 0 0 0 0 0 0 0 0 0 0 0 0 0 0 0 0 0 0 0 0 0 0 0 0 0
0.235984 0.000631793 0.000185146 0.000446647 0.706951 0.746662 0 0 0 0 0 0 0 0 0 0 0 0 0 0 0 0 0 0 0 0 0 0 0 0 0 0 0 0 0 0 0 0 0 0 0 0 0 0 0 0 0 0 0 0 0 0 0 0 0 0 0 0 0 0 0 0 0 0 0 0 0 0 0 0 0 0 0 0 0 0 0 0 0 0 0 0 0 0 0 0 0 0
0.248097 0.000631982 0.000185831 0.000446151 0.705955 0.742854 0 0 0 0 0 0 0 0 0 0 0 0 0 0 0 0 0 0 0 0 0 0 0 0 0 0 0 0 0 0 0 0 0 0 0 0 0 0 0 0 0 0 0 0 0 0 0 0 0 0 0 0 0 0 0 0 0 0 0 0 0 0 0 0 0 0 0 0 0 0 0 0 0 0 0 0 0 0 0 0 0 0
0.260832 0.000632157 0.000190169 0.000441988 0.699175 0.744999 0 0 0 0 0 0 0 0 0 0 0 0 0 0 0 0 0 0 0 0 0 0 0 0 0 0 0 0 0 0 0 0 0 0 0 0 0 0 0 0 0 0 0 0 0 0 0 0 0 0 0 0 0 0 0 0 0 0 0 0 0 0 0 0 0 0 0 0 0 0 0 0 0 0 0 0 0 0 0 0 0 0
0.274221 0.000632315 0.000195484 0.00043683 0.690843 0.749246 0 0 0 0 0 0 0 0 0 0 0 0 0 0 0 0 0 0 0 0 0 0 0 0 0 0 0 0 0 0 0 0 0 0 0 0 0 0 0 0 0 0 0 0 0 0 0 0 0 0 0 0 0 0 0 0 0 0 0 0 0 0 0 0 0 0 0 0 0 0 0 0 0 0 0 0 0 0 0 0 0 0
0.288297 0.00063243 0.000202633 0.000429797 0.679595 0.758774 0 0 0 0 0 0 0 0 0 0 0 0 0 0 0 0 0 0 0 0 0 0 0 0 0 0 0 0 0 0 0 0 0 0 0 0 0 0 0 0 0 0 0 0 0 0 0 0 0 0 0 0 0 0 0 0 0 0 0 0 0 0 0 0 0 0 0 0 0 0 0 0 0 0 0 0 0 0 0 0 0 0
0.303095 0.000632546 0.000207533 0.000425013 0.671908 0.766022 0 0 0 0 0 0 0 0 0 0 0 0 0 0 0 0 0 0 0 0 0 0 0 0 0 0 0 0 0 0 0 0 0 0 0 0 0 0 0 0 0 0 0 0 0 0 0 0 0 0 0 0 0 0 0 0 0 0 0 0 0 0 0 0 0 0 0 0 0 0 0 0 0 0 0 0 0 0 0 0 0 0
0.318653 0.000632664 0.000211521 0.000421143 0.665667 0.772391 0 0 0 0 0 0 0 0 0 0 0 0 0 0 0 0 0 0 0 0 0 0 0 0 0 0 0 0 0 0 0 0 0 0 0 0 0 0 0 0 0 0 0 0 0 0 0 0 0 0 0 0 0 0 0 0 0 0 0 0 0 0 0 0 0 0 0 0 0 0 0 0 0 0 0 0 0 0 0 0 0 0
0.335009 0.000632787 0.00021467 0.000418117 0.660755 0.777854 0 0 0 0 0 0 0 0 0 0 0 0 0 0 0 0 0 0 0 0 0 0 0 0 0 0 0 0 0 0 0 0 0 0 0 0 0 0 0 0 0 0 0 0 0 0 0 0 0 0 0 0 0 0 0 0 0 0 0 0 0 0 0 0 0 0 0 0 0 0 0 0 0 0 0 0 0 0 0 0 0 0
0.352205 0.000632922 0.000216811 0.000416111 0.657444 0.781697 0 0 0 0 0 0 0 0 0 0 0 0 0 0 0 0 0 0 0 0 0 0 0 0 0 0 0 0 0 0 0 0 0 0 0 0 0 0 0 0 0 0 0 0 0 0 0 0 0 0 0 0 0 0 0 0 0 0 0 0 0 0 0 0 0 0 0 0 0 0 0 0 0 0 0 0 0 0 0 0 0 0
0.370284 0.00063307 0.000218163 0.000414907 0.655389 0.784059 0 0 0 0 0 0 0 0 0 0 0 0 0 0 0 0 0 0 0 0 0 0 0 0 0 0 0 0 0 0 0 0 0 0 0 0 0 0 0 0 0 0 0 0 0 0 0 0 0 0 0 0 0 0 0 0 0 0 0 0 0 0 0 0 0 0 0 0 0 0 0 0 0 0 0 0 0 0 0 0 0 0
0.389291 0.000633224 0.000218827 0.000414397 0.654424 0.78495 0 0 0 0 0 0 0 0 0 0 0 0 0 0 0 0 0 0 0 0 0 0 0 0 0 0 0 0 0 0 0 0 0 0 0 0 0 0 0 0 0 0 0 0 0 0 0 0 0 0 0 0 0 0 0 0 0 0 0 0 0 0 0 0 0 0 0 0 0 0 0 0 0 0 0 0 0 0 0 0 0 0
0.409273 0.000633386 0.000219287 0.000414099 0.653786 0.785473 0 0 0 0 0 0 0 0 0 0 0 0 0 0 0 0 0 0 0 0 0 0 0 0 0 0 0 0 0 0 0 0 0 0 0 0 0 0 0 0 0 0 0 0 0 0 0 0 0 0 0 0 0 0 0 0 0 0 0 0 0 0 0 0 0 0 0 0 0 0 0 0 0 0 0 0 0 0 0 0 0 0
0.430281 0.000633553 0.000219654 0.000413899 0.653298 0.785834 0 0 0 0 0 0 0 0 0 0 0 0 0 0 0 0 0 0 0 0 0 0 0 0 0 0 0 0 0 0 0 0 0 0 0 0 0 0 0 0 0 0 0 0 0 0 0 0 0 0 0 0 0 0 0 0 0 0 0 0 0 0 0 0 0 0 0 0 0 0 0 0 0 0 0 0 0 0 0 0 0 0
0.452368 0.000633728 0.000220024 0.000413704 0.65281 0.78638 0 0 0 0 0 0 0 0 0 0 0 0 0 0 0 0 0 0 0 0 0 0 0 0 0 0 0 0 0 0 0 0 0 0 0 0 0 0 0 0 0 0 0 0 0 0 0 0 0 0 0 0 0 0 0 0 0 0 0 0 0 0 0 0 0 0 0 0 0 0 0 0 0 0 0 0 0 0 0 0 0 0
0.475588 0.000633909 0.000220339 0.00041357 0.652412 0.786869 0 0 0 0 0 0 0 0 0 0 0 0 0 0 0 0 0 0 0 0 0 0 0 0 0 0 0 0 0 0 0 0 0 0 0 0 0 0 0 0 0 0 0 0 0 0 0 0 0 0 0 0 0 0 0 0 0 0 0 0 0 0 0 0 0 0 0 0 0 0 0 0 0 0 0 0 0 0 0 0 0 0
0.5 0.000634097 0.000220502 0.000413595 0.652258 0.787091 0 0 0 0 0 0 0 0 0 0 0 0 0 0 0 0 0 0 0 0 0 0 0 0 0 0 0 0 0 0 0 0 0 0 0 0 0 0 0 0 0 0 0 0 0 0 0 0 0 0 0 0 0 0 0 0 0 0 0 0 0 0 0 0 0 0 0 0 0 0 0 0 0 0 0 0 0 0 0 0 0 0
0.525665 0.000634297 0.000220564 0.000413733 0.65227 0.787148 0 0 0 0 0 0 0 0 0 0 0 0 0 0 0 0 0 0 0 0 0 0 0 0 0 0 0 0 0 0 0 0 0 0 0 0 0 0 0 0 0 0 0 0 0 0 0 0 0 0 0 0 0 0 0 0 0 0 0 0 0 0 0 0 0 0 0 0 0 0 0 0 0 0 0 0 0 0 0 0 0 0
0.552648 0.000634505 0.00022057 0.000413935 0.652375 0.787084 0 0 0 0 0 0 0 0 0 0 0 0 0 0 0 0 0 0 0 0 0 0 0 0 0 0 0 0 0 0 0 0 0 0 0 0 0 0 0 0 0 0 0 0 0 0 0 0 0 0 0 0 0 0 0 0 0 0 0 0 0 0 0 0 0 0 0 0 0 0 0 0 0 0 0 0 0 0 0 0 0 0
0.581015 0.000634724 0.000220186 0.000414538 0.653099 0.78621 0 0 0 0 0 0 0 0 0 0 0 0 0 0 0 0 0 0 0 0 0 0 0 0 0 0 0 0 0 0 0 0 0 0 0 0 0 0 0 0 0 0 0 0 0 0 0 0 0 0 0 0 0 0 0 0 0 0 0 0 0 0 0 0 0 0 0 0 0 0 0 0 0 0 0 0 0 0 0 0 0 0
0.610839 0.000634954 0.000219783 0.000415172 0.653861 0.785297 0 0 0 0 0 0 0 0 0 0 0 0 0 0 0 0 0 0 0 0 0 0 0 0 0 0 0 0 0 0 0 0 0 0 0 0 0 0 0 0 0 0 0 0 0 0 0 0 0 0 0 0 0 0 0 0 0 0 0 0 0 0 0 0 0 0 0 0 0 0 0 0 0 0 0 0 0 0 0 0 0 0
0.642193 0.000635192 0.000219357 0.000415834 0.65466 0.784341 0 0 0 0 0 0 0 0 0 0 0 0 0 0 0 0 0 0 0 0 0 0 0 0 0 0 0 0 0 0 0 0 0 0 0 0 0 0 0 0 0 0 0 0 0 0 0 0 0 0 0 0 0 0 0 0 0 0 0 0 0 0 0 0 0 0 0 0 0 0 0 0 0 0 0 0 0 0 0 0 0 0
0.675157 0.000635438 0.00021878 0.000416658 0.655702 0.783064 0 0 0 0 0 0 0 0 0 0 0 0 0 0 0 0 0 0 0 0 0 0 0 0 0 0 0 0 0 0 0 0 0 0 0 0 0 0 0 0 0 0 0 0 0 0 0 0 0 0 0 0 0 0 0 0 0 0 0 0 0 0 0 0 0 0 0 0 0 0 0 0 0 0 0 0 0 0 0 0 0 0
0.709813 0.000635698 0.000218063 0.000417635 0.656971 0.781488 0 0 0 0 0 0 0 0 0 0 0 0 0 0 0 0 0 0 0 0 0 0 0 0 0 0 0 0 0 0 0 0 0 0 0 0 0 0 0 0 0 0 0 0 0 0 0 0 0 0 0 0 0 0 0 0 0 0 0 0 0 0 0 0 0 0 0 0 0 0 0 0 0 0 0 0 0 0 0 0 0 0
0.746248 0.000635968 0.000217278 0.00041869 0.658351 0.779756 0 0 0 0 0 0 0 0 0 0 0 0 0 0 0 0 0 0 0 0 0 0 0 0 0 0 0 0 0 0 0 0 0 0 0 0 0 0 0 0 0 0 0 0 0 0 0 0 0 0 0 0 0 0 0 0 0 0 0 0 0 0 0 0 0 0 0 0 0 0 0 0 0 0 0 0 0 0 0 0 0 0
0.784553 0.000636249 0.000216467 0.000419782 0.659777 0.777982 0 0 0 0 0 0 0 0 0 0 0 0 0 0 0 0 0 0 0 0 0 0 0 0 0 0 0 0 0 0 0 0 0 0 0 0 0 0 0 0 0 0 0 0 0 0 0 0 0 0 0 0 0 0 0 0 0 0 0 0 0 0 0 0 0 0 0 0 0 0 0 0 0 0 0 0 0 0 0 0 0 0
0.824824 0.00063654 0.000215636 0.000420904 0.661237 0.776158 0 0 0 0 0 0 0 0 0 0 0 0 0 0 0 0 0 0 0 0 0 0 0 0 0 0 0 0 0 0 0 0 0 0 0 0 0 0 0 0 0 0 0 0 0 0 0 0 0 0 0 0 0 0 0 0 0 0 0 0 0 0 0 0 0 0 0 0 0 0 0 0 0 0 0 0 0 0 0 0 0 0
0.867162 0.000636842 0.000214784 0.000422058 0.662736 0.77429 0 0 0 0 0 0 0 0 0 0 0 0 0 0 0 0 0 0 0 0 0 0 0 0 0 0 0 0 0 0 0 0 0 0 0 0 0 0 0 0 0 0 0 0 0 0 0 0 0 0 0 0 0 0 0 0 0 0 0 0 0 0 0 0 0 0 0 0 0 0 0 0 0 0 0 0 0 0 0 0 0 0
0.911674 0.000637154 0.000213927 0.000423227 0.664246 0.772414 0 0 0 0 0 0 0 0 0 0 0 0 0 0 0 0 0 0 0 0 0 0 0 0 0 0 0 0 0 0 0 0 0 0 0 0 0 0 0 0 0 0 0 0 0 0 0 0 0 0 0 0 0 0 0 0 0 0 0 0 0 0 0 0 0 0 0 0 0 0 0 0 0 0 0 0 0 0 0 0 0 0
0.95847 0.000637478 0.000213106 0.000424372 0.665704 0.77059 0 0 0 0 0 0 0 0 0 0 0 0 0 0 0 0 0 0 0 0 0 0 0 0 0 0 0 0 0 0 0 0 0 0 0 0 0 0 0 0 0 0 0 0 0 0 0 0 0 0 0 0 0 0 0 0 0 0 0 0 0 0 0 0 0 0 0 0 0 0 0 0 0 0 0 0 0 0 0 0 0 0
1.00767 0.000637812 0.000212277 0.000425535 0.667179 0.768758 0 0 0 0 0 0 0 0 0 0 0 0 0 0 0 0 0 0 0 0 0 0 0 0 0 0 0 0 0 0 0 0 0 0 0 0 0 0 0 0 0 0 0 0 0 0 0 0 0 0 0 0 0 0 0 0 0 0 0 0 0 0 0 0 0 0 0 0 0 0 0 0 0 0 0 0 0 0 0 0 0 0
1.05939 0.000638155 0.000211512 0.000426643 0.668557 0.767037 0 0 0 0 0 0 0 0 0 0 0 0 0 0 0 0 0 0 0 0 0 0 0 0 0 0 0 0 0 0 0 0 0 0 0 0 0 0 0 0 0 0 0 0 0 0 0 0 0 0 0 0 0 0 0 0 0 0 0 0 0 0 0 0 0 0 0 0 0 0 0 0 0 0 0 0 0 0 0 0 0 0
1.11377 0.000638509 0.000210724 0.000427786 0.669976 0.765278 0 0 0 0 0 0 0 0 0 0 0 0 0 0 0 0 0 0 0 0 0 0 0 0 0 0 0 0 0 0 0 0 0 0 0 0 0 0 0 0 0 0 0 0 0 0 0 0 0 0 0 0 0 0 0 0 0 0 0 0 0 0 0 0 0 0 0 0 0 0 0 0 0 0 0 0 0 0 0 0 0 0
1.17094 0.000638876 0.000209988 0.000428888 0.671316 0.763625 0 0 0 0 0 0 0 0 0 0 0 0 0 0 0 0 0 0 0 0 0 0 0 0 0 0 0 0 0 0 0 0 0 0 0 0 0 0 0 0 0 0 0 0 0 0 0 0 0 0 0 0 0 0 0 0 0 0 0 0 0 0 0 0 0 0 0 0 0 0 0 0 0 0 0 0 0 0 0 0 0 0
1.23105 0.000639256 0.000209255 0.000430001 0.672659 0.761977 0 0 0 0 0 0 0 0 0 0 0 0 0 0 0 0 0 0 0 0 0 0 0 0 0 0 0 0 0 0 0 0 0 0 0 0 0 0 0 0 0 0 0 0 0 0 0 0 0 0 0 0 0 0 0 0 0 0 0 0 0 0 0 0 0 0 0 0 0 0 0 0 0 0 0 0 0 0 0 0 0 0
1.29424 0.000639651 0.00020845 0.000431201 0.67412 0.760199 0 0 0 0 0 0 0 0 0 0 0 0 0 0 0 0 0 0 0 0 0 0 0 0 0 0 0 0 0 0 0 0 0 0 0 0 0 0 0 0 0 0 0 0 0 0 0 0 0 0 0 0 0 0 0 0 0 0 0 0 0 0 0 0 0 0 0 0 0 0 0 0 0 0 0 0 0 0 0 0 0 0
1.36067 0.000640057 0.000207671 0.000432386 0.675543 0.75847 0 0 0 0 0 0 0 0 0 0 0 0 0 0 0 0 0 0 0 0 0 0 0 0 0 0 0 0 0 0 0 0 0 0 0 0 0 0 0 0 0 0 0 0 0 0 0 0 0 0 0 0 0 0 0 0 0 0 0 0 0 0 0 0 0 0 0 0 0 0 0 0 0 0 0 0 0 0 0 0 0 0
1.43051 0.000640476 0.000206935 0.00043354 0.676904 0.756822 0 0 0 0 0 0 0 0 0 0 0 0 0 0 0 0 0 0 0 0 0 0 0 0 0 0 0 0 0 0 0 0 0 0 0 0 0 0 0 0 0 0 0 0 0 0 0 0 0 0 0 0 0 0 0 0 0 0 0 0 0 0 0 0 0 0 0 0 0 0 0 0 0 0 0 0 0 0 0 0 0 0
1.50394 0.000640906 0.000206227 0.000434679 0.678226 0.755223 0 0 0 0 0 0 0 0 0 0 0 0 0 0 0 0 0 0 0 0 0 0 0 0 0 0 0 0 0 0 0 0 0 0 0 0 0 0 0 0 0 0 0 0 0 0 0 0 0 0 0 0 0 0 0 0 0 0 0 0 0 0 0 0 0 0 0 0 0 0 0 0 0 0 0 0 0 0 0 0 0 0
1.58114 0.000641352 0.00020549 0.000435862 0.679598 0.75358 0 0 0 0 0 0 0 0 0 0 0 0 0 0 0 0 0 0 0 0 0 0 0 0 0 0 0 0 0 0 0 0 0 0 0 0 0 0 0 0 0 0 0 0 0 0 0 0 0 0 0 0 0 0 0 0 0 0 0 0 0 0 0 0 0 0 0 0 0 0 0 0 0 0 0 0 0 0 0 0 0 0
1.6623 0.000641816 0.000204692 0.000437125 0.681075 0.751834 0 0 0 0 0 0 0 0 0 0 0 0 0 0 0 0 0 0 0 0 0 0 0 0 0 0 0 0 0 0 0 0 0 0 0 0 0 0 0 0 0 0 0 0 0 0 0 0 0 0 0 0 0 0 0 0 0 0 0 0 0 0 0 0 0 0 0 0 0 0 0 0 0 0 0 0 0 0 0 0 0 0
1.74763 0.000642295 0.000203882 0.000438413 0.682572 0.75007 0 0 0 0 0 0 0 0 0 0 0 0 0 0 0 0 0 0 0 0 0 0 0 0 0 0 0 0 0 0 0 0 0 0 0 0 0 0 0 0 0 0 0 0 0 0 0 0 0 0 0 0 0 0 0 0 0 0 0 0 0 0 0 0 0 0 0 0 0 0 0 0 0 0 0 0 0 0 0 0 0 0
1.83733 0.000642786 0.000203101 0.000439684 0.68403 0.748359 0 0 0 0 0 0 0 0 0 0 0 0 0 0 0 0 0 0 0 0 0 0 0 0 0 0 0 0 0 0 0 0 0 0 0 0 0 0 0 0 0 0 0 0 0 0 0 0 0 0 0 0 0 0 0 0 0 0 0 0 0 0 0 0 0 0 0 0 0 0 0 0 0 0 0 0 0 0 0 0 0 0
1.93164 0.000643292 0.000202323 0.00044097 0.685489 0.74666 0 0 0 0 0 0 0 0 0 0 0 0 0 0 0 0 0 0 0 0 0 0 0 0 0 0 0 0 0 0 0 0 0 0 0 0 0 0 0 0 0 0 0 0 0 0 0 0 0 0 0 0 0 0 0 0 0 0 0 0 0 0 0 0 0 0 0 0 0 0 0 0 0 0 0 0 0 0 0 0 0 0
2.03079 0.000643814 0.00020154 0.000442274 0.686959 0.744962 0 0 0 0 0 0 0 0 0 0 0 0 0 0 0 0 0 0 0 0 0 0 0 0 0 0 0 0 0 0 0 0 0 0 0 0 0 0 0 0 0 0 0 0 0 0 0 0 0 0 0 0 0 0 0 0 0 0 0 0 0 0 0 0 0 0 0 0 0 0 0 0 0 0 0 0 0 0 0 0 0 0
2.13503 0.000644351 0.000200717 0.000443634 0.688498 0.743192 0 0 0 0 0 0 0 0 0 0 0 0 0 0 0 0 0 0 0 0 0 0 0 0 0 0 0 0 0 0 0 0 0 0 0 0 0 0 0 0 0 0 0 0 0 0 0 0 0 0 0 0 0 0 0 0 0 0 0 0 0 0 0 0 0 0 0 0 0 0 0 0 0 0 0 0 0 0 0 0 0 0
2.24463 0.000644903 0.000199904 0.000444999 0.690025 0.741455 0 0 0 0 0 0 0 0 0 0 0 0 0 0 0 0 0 0 0 0 0 0 0 0 0 0 0 0 0 0 0 0 0 0 0 0 0 0 0 0 0 0 0 0 0 0 0 0 0 0 0 0 0 0 0 0 0 0 0 0 0 0 0 0 0 0 0 0 0 0 0 0 0 0 0 0 0 0 0 0 0 0
2.35984 0.000645471 0.000199115 0.000446356 0.69152 0.739759 0 0 0 0 0 0 0 0 0 0 0 0 0 0 0 0 0 0 0 0 0 0 0 0 0 0 0 0 0 0 0 0 0 0 0 0 0 0 0 0 0 0 0 0 0 0 0 0 0 0 0 0 0 0 0 0 0 0 0 0 0 0 0 0 0 0 0 0 0 0 0 0 0 0 0 0 0 0 0 0 0 0
2.48097 0.000646053 0.000198336 0.000447716 0.693003 0.738097 0 0 0 0 0 0 0 0 0 0 0 0 0 0 0 0 0 0 0 0 0 0 0 0 0 0 0 0 0 0 0 0 0 0 0 0 0 0 0 0 0 0 0 0 0 0 0 0 0 0 0 0 0 0 0 0 0 0 0 0 0 0 0 0 0 0 0 0 0 0 0 0 0 0 0 0 0 0 0 0 0 0
2.60832 0.000646654 0.00019747 0.000449185 0.694629 0.736296 0 0 0 0 0 0 0 0 0 0 0 0 0 0 0 0 0 0 0 0 0 0 0 0 0 0 0 0 0 0 0 0 0 0 0 0 0 0 0 0 0 0 0 0 0 0 0 0 0 0 0 0 0 0 0 0 0 0 0 0 0 0 0 0 0 0 0 0 0 0 0 0 0 0 0 0 0 0 0 0 0 0
2.74221 0.00064727 0.000196578 0.000450693 0.696298 0.734466 0 0 0 0 0 0 0 0 0 0 0 0 0 0 0 0 0 0 0 0 0 0 0 0 0 0 0 0 0 0 0 0 0 0 0 0 0 0 0 0 0 0 0 0 0 0 0 0 0 0 0 0 0 0 0 0 0 0 0 0 0 0 0 0 0 0 0 0 0 0 0 0 0 0 0 0 0 0 0 0 0 0
2.88297 0.000647895 0.000195752 0.000452142 0.697864 0.732757 0 0 0 0 0 0 0 0 0 0 0 0 0 0 0 0 0 0 0 0 0 0 0 0 0 0 0 0 0 0 0 0 0 0 0 0 0 0 0 0 0 0 0 0 0 0 0 0 0 0 0 0 0 0 0 0 0 0 0 0 0 0 0 0 0 0 0 0 0 0 0 0 0 0 0 0 0 0 0 0 0 0
3.03095 0.000648532 0.000194914 0.000453617 0.699453 0.731043 0 0 0 0 0 0 0 0 0 0 0 0 0 0 0 0 0 0 0 0 0 0 0 0 0 0 0 0 0 0 0 0 0 0 0 0 0 0 0 0 0 0 0 0 0 0 0 0 0 0 0 0 0 0 0 0 0 0 0 0 0 0 0 0 0 0 0 0 0 0 0 0 0 0 0 0 0 0 0 0 0 0
3.18653 0.000649185 0.000194057 0.000455128 0.701076 0.72931 0 0 0 0 0 0 0 0 0 0 0 0 0 0 0 0 0 0 0 0 0 0 0 0 0 0 0 0 0 0 0 0 0 0 0 0 0 0 0 0 0 0 0 0 0 0 0 0 0 0 0 0 0 0 0 0 0 0 0 0 0 0 0 0 0 0 0 0 0 0 0 0 0 0 0 0 0 0 0 0 0 0
3.35009 0.000649852 0.000193195 0.000456657 0.70271 0.727582 0 0 0 0 0 0 0 0 0 0 0 0 0 0 0 0 0 0 0 0 0 0 0 0 0 0 0 0 0 0 0 0 0 0 0 0 0 0 0 0 0 0 0 0 0 0 0 0 0 0 0 0 0 0 0 0 0 0 0 0 0 0 0 0 0 0 0 0 0 0 0 0 0 0 0 0 0 0 0 0 0 0
3.52205 0.000650528 0.000192349 0.000458179 0.704319 0.725895 0 0 0 0 0 0 0 0 0 0 0 0 0 0 0 0 0 0 0 0 0 0 0 0 0 0 0 0 0 0 0 0 0 0 0 0 0 0 0 0 0 0 0 0 0 0 0 0 0 0 0 0 0 0 0 0 0 0 0 0 0 0 0 0 0 0 0 0 0 0 0 0 0 0 0 0 0 0 0 0 0 0
3.70284 0.000651216 0.000191513 0.000459703 0.705914 0.724242 0 0 0 0 0 0 0 0 0 0 0 0 0 0 0 0 0 0 0 0 0 0 0 0 0 0 0 0 0 0 0 0 0 0 0 0 0 0 0 0 0 0 0 0 0 0 0 0 0 0 0 0 0 0 0 0 0 0 0 0 0 0 0 0 0 0 0 0 0 0 0 0 0 0 0 0 0 0 0 0 0 0
3.89291 0.000651914 0.000190705 0.00046121 0.70747 0.722647 0 0 0 0 0 0 0 0 0 0 0 0 0 0 0 0 0 0 0 0 0 0 0 0 0 0 0 0 0 0 0 0 0 0 0 0 0 0 0 0 0 0 0 0 0 0 0 0 0 0 0 0 0 0 0 0 0 0 0 0 0 0 0 0 0 0 0 0 0 0 0 0 0 0 0 0 0 0 0 0 0 0
4.09273 0.000652637 0.000189844 0.000462793 0.709112 0.721005 0 0 0 0 0 0 0 0 0 0 0 0 0 0 0 0 0 0 0 0 0 0 0 0 0 0 0 0 0 0 0 0 0 0 0 0 0 0 0 0 0 0 0 0 0 0 0 0 0 0 0 0 0 0 0 0 0 0 0 0 0 0 0 0 0 0 0 0 0 0 0 0 0 0 0 0 0 0 0 0 0 0
4.30281 0.000653363 0.000188982 0.000464381 0.710755 0.719378 0 0 0 0 0 0 0 0 0 0 0 0 0 0 0 0 0 0 0 0 0 0 0 0 0 0 0 0 0 0 0 0 0 0 0 0 0 0 0 0 0 0 0 0 0 0 0 0 0 0 0 0 0 0 0 0 0 0 0 0 0 0 0 0 0 0 0 0 0 0 0 0 0 0 0 0 0 0 0 0 0 0
4.52368 0.000654097 0.00018812 0.000465978 0.712398 0.717771 0 0 0 0 0 0 0 0 0 0 0 0 0 0 0 0 0 0 0 0 0 0 0 0 0 0 0 0 0 0 0 0 0 0 0 0 0 0 0 0 0 0 0 0 0 0 0 0 0 0 0 0 0 0 0 0 0 0 0 0 0 0 0 0 0 0 0 0 0 0 0 0 0 0 0 0 0 0 0 0 0 0
4.75588 0.000654842 0.00018726 0.000467582 0.714038 0.716185 0 0 0 0 0 0 0 0 0 0 0 0 0 0 0 0 0 0 0 0 0 0 0 0 0 0 0 0 0 0 0 0 0 0 0 0 0 0 0 0 0 0 0 0 0 0 0 0 0 0 0 0 0 0 0 0 0 0 0 0 0 0 0 0 0 0 0 0 0 0 0 0 0 0 0 0 0 0 0 0 0 0
5 0.000655609 0.000186393 0.000469216 0.715695 0.714628 0 0 0 0 0 0 0 0 0 0 0 0 0 0 0 0 0 0 0 0 0 0 0 0 0 0 0 0 0 0 0 0 0 0 0 0 0 0 0 0 0 0 0 0 0 0 0 0 0 0 0 0 0 0 0 0 0 0 0 0 0 0 0 0 0 0 0 0 0 0 0 0 0 0 0 0 0 0 0 0 0 0
5.25665 0.000656357 0.000185454 0.000470903 0.717449 0.712996 0 0 0 0 0 0 0 0 0 0 0 0 0 0 0 0 0 0 0 0 0 0 0 0 0 0 0 0 0 0 0 0 0 0 0 0 0 0 0 0 0 0 0 0 0 0 0 0 0 0 0 0 0 0 0 0 0 0 0 0 0 0 0 0 0 0 0 0 0 0 0 0 0 0 0 0 0 0 0 0 0 0
5.52648 0.000657137 0.000184509 0.000472629 0.719224 0.711385 0 0 0 0 0 0 0 0 0 0 0 0 0 0 0 0 0 0 0 0 0 0 0 0 0 0 0 0 0 0 0 0 0 0 0 0 0 0 0 0 0 0 0 0 0 0 0 0 0 0 0 0 0 0 0 0 0 0 0 0 0 0 0 0 0 0 0 0 0 0 0 0 0 0 0 0 0 0 0 0 0 0
5.81015 0.00065789 0.000183607 0.000474283 0.720916 0.709864 0 0 0 0 0 0 0 0 0 0 0 0 0 0 0 0 0 0 0 0 0 0 0 0 0 0 0 0 0 0 0 0 0 0 0 0 0 0 0 0 0 0 0 0 0 0 0 0 0 0 0 0 0 0 0 0 0 0 0 0 0 0 0 0 0 0 0 0 0 0 0 0 0 0 0 0 0 0 0 0 0 0
6.10839 0.000658693 0.000182704 0.000475989 0.722627 0.708373 0 0 0 0 0 0 0 0 0 0 0 0 0 0 0 0 0 0 0 0 0 0 0 0 0 0 0 0 0 0 0 0 0 0 0 0 0 0 0 0 0 0 0 0 0 0 0 0 0 0 0 0 0 0 0 0 0 0 0 0 0 0 0 0 0 0 0 0 0 0 0 0 0 0 0 0 0 0 0 0 0 0
6.42193 0.000659453 0.000181866 0.000477587 0.724217 0.70699 0 0 0 0 0 0 0 0 0 0 0 0 0 0 0 0 0 0 0 0 0 0 0 0 0 0 0 0 0 0 0 0 0 0 0 0 0 0 0 0 0 0 0 0 0 0 0 0 0 0 0 0 0 0 0 0 0 0 0 0 0 0 0 0 0 0 0 0 0 0 0 0 0 0 0 0 0 0 0 0 0 0
6.75157 0.000660236 0.000180958 0.000479278 0.725919 0.705555 0 0 0 0 0 0 0 0 0 0 0 0 0 0 0 0 0 0 0 0 0 0 0 0 0 0 0 0 0 0 0 0 0 0 0 0 0 0 0 0 0 0 0 0 0 0 0 0 0 0 0 0 0 0 0 0 0 0 0 0 0 0 0 0 0 0 0 0 0 0 0 0 0 0 0 0 0 0 0 0 0 0
7.09813 0.000661008 0.00018007 0.000480938 0.727583 0.704164 0 0 0 0 0 0 0 0 0 0 0 0 0 0 0 0 0 0 0 0 0 0 0 0 0 0 0 0 0 0 0 0 0 0 0 0 0 0 0 0 0 0 0 0 0 0 0 0 0 0 0 0 0 0 0 0 0 0 0 0 0 0 0 0 0 0 0 0 0 0 0 0 0 0 0 0 0 0 0 0 0 0
7.46248 0.000661827 0.00017921 0.000482617 0.729219 0.70287 0 0 0 0 0 0 0 0 0 0 0 0 0 0 0 0 0 0 0 0 0 0 0 0 0 0 0 0 0 0 0 0 0 0 0 0 0 0 0 0 0 0 0 0 0 0 0 0 0 0 0 0 0 0 0 0 0 0 0 0 0 0 0 0 0 0 0 0 0 0 0 0 0 0 0 0 0 0 0 0 0 0
7.84553 0.000662673 0.000178337 0.000484337 0.730883 0.7016 0 0 0 0 0 0 0 0 0 0 0 0 0 0 0 0 0 0 0 0 0 0 0 0 0 0 0 0 0 0 0 0 0 0 0 0 0 0 0 0 0 0 0 0 0 0 0 0 0 0 0 0 0 0 0 0 0 0 0 0 0 0 0 0 0 0 0 0 0 0 0 0 0 0 0 0 0 0 0 0 0 0
8.24824 0.000663447 0.000177352 0.000486095 0.73268 0.700226 0 0 0 0 0 0 0 0 0 0 0 0 0 0 0 0 0 0 0 0 0 0 0 0 0 0 0 0 0 0 0 0 0 0 0 0 0 0 0 0 0 0 0 0 0 0 0 0 0 0 0 0 0 0 0 0 0 0 0 0 0 0 0 0 0 0 0 0 0 0 0 0 0 0 0 0 0 0 0 0 0 0
8.67162 0.000664313 0.00017639 0.000487923 0.734478 0.698946 0 0 0 0 0 0 0 0 0 0 0 0 0 0 0 0 0 0 0 0 0 0 0 0 0 0 0 0 0 0 0 0 0 0 0 0 0 0 0 0 0 0 0 0 0 0 0 0 0 0 0 0 0 0 0 0 0 0 0 0 0 0 0 0 0 0 0 0 0 0 0 0 0 0 0 0 0 0 0 0 0 0
9.11674 0.00066502 0.000175471 0.000489549 0.736142 0.697713 0 0 0 0 0 0 0 0 0 0 0 0 0 0 0 0 0 0 0 0 0 0 0 0 0 0 0 0 0 0 0 0 0 0 0 0 0 0 0 0 0 0 0 0 0 0 0 0 0 0 0 0 0 0 0 0 0 0 0 0 0 0 0 0 0 0 0 0 0 0 0 0 0 0 0 0 0 0 0 0 0 0
9.5847 0.000665876 0.00017463 0.000491246 0.737744 0.696665 0 0 0 0 0 0 0 0 0 0 0 0 0 0 0 0 0 0 0 0 0 0 0 0 0 0 0 0 0 0 0 0 0 0 0 0 0 0 0 0 0 0 0 0 0 0 0 0 0 0 0 0 0 0 0 0 0 0 0 0 0 0 0 0 0 0 0 0 0 0 0 0 0 0 0 0 0 0 0 0 0 0
10.0767 0.000666667 0.000173819 0.000492848 0.739272 0.695661 0 0 0 0 0 0 0 0 0 0 0 0 0 0 0 0 0 0 0 0 0 0 0 0 0 0 0 0 0 0 0 0 0 0 0 0 0 0 0 0 0 0 0 0 0 0 0 0 0 0 0 0 0 0 0 0 0 0 0 0 0 0 0 0 0 0 0 0 0 0 0 0 0 0 0 0 0 0 0 0 0 0
10.5939 0.000667474 0.000173008 0.000494466 0.740802 0.694739 0 0 0 0 0 0 0 0 0 0 0 0 0 0 0 0 0 0 0 0 0 0 0 0 0 0 0 0 0 0 0 0 0 0 0 0 0 0 0 0 0 0 0 0 0 0 0 0 0 0 0 0 0 0 0 0 0 0 0 0 0 0 0 0 0 0 0 0 0 0 0 0 0 0 0 0 0 0 0 0 0 0
11.1377 0.000668329 0.000172324 0.000496005 0.742157 0.694175 0 0 0 0 0 0 0 0 0 0 0 0 0 0 0 0 0 0 0 0 0 0 0 0 0 0 0 0 0 0 0 0 0 0 0 0 0 0 0 0 0 0 0 0 0 0 0 0 0 0 0 0 0 0 0 0 0 0 0 0 0 0 0 0 0 0 0 0 0 0 0 0 0 0 0 0 0 0 0 0 0 0
11.7094 0.000669137 0.000170693 0.000498444 0.744905 0.691313 0 0 0 0 0 0 0 0 0 0 0 0 0 0 0 0 0 0 0 0 0 0 0 0 0 0 0 0 0 0 0 0 0 0 0 0 0 0 0 0 0 0 0 0 0 0 0 0 0 0 0 0 0 0 0 0 0 0 0 0 0 0 0 0 0 0 0 0 0 0 0 0 0 0 0 0 0 0 0 0 0 0
12.3105 0.000670012 0.000170338 0.000499675 0.745769 0.691644 0 0 0 0 0 0 0 0 0 0 0 0 0 0 0 0 0 0 0 0 0 0 0 0 0 0 0 0 0 0 0 0 0 0 0 0 0 0 0 0 0 0 0 0 0 0 0 0 0 0 0 0 0 0 0 0 0 0 0 0 0 0 0 0 0 0 0 0 0 0 0 0 0 0 0 0 0 0 0 0 0 0
12.9424 0.000670831 0.000169359 0.000501472 0.747539 0.690806 0 0 0 0 0 0 0 0 0 0 0 0 0 0 0 0 0 0 0 0 0 0 0 0 0 0 0 0 0 0 0 0 0 0 0 0 0 0 0 0 0 0 0 0 0 0 0 0 0 0 0 0 0 0 0 0 0 0 0 0 0 0 0 0 0 0 0 0 0 0 0 0 0 0 0 0 0 0 0 0 0 0
13.6067 0.000671623 0.000168405 0.000503219 0.749257 0.69001 0 0 0 0 0 0 0 0 0 0 0 0 0 0 0 0 0 0 0 0 0 0 0 0 0 0 0 0 0 0 0 0 0 0 0 0 0 0 0 0 0 0 0 0 0 0 0 0 0 0 0 0 0 0 0 0 0 0 0 0 0 0 0 0 0 0 0 0 0 0 1.4013e-45 0 1.4013e-45 0 4.2039e-45 0 8.40779e-45 0 1.4013e-44 0 2.94273e-44 0
14.3051 0.000672401 0.000167531 0.00050487 0.750847 0.689348 0 0 0 0 0 0 0 0 0 0 0 0 0 0 0 0 0 0 0 0 0 0 0 0 0 0 0 0 0 0 0 0 0 0 0 0 0 0 0 0 0 0 0 0 0 0 0 0 0 0 0 0 0 0 0 0 0 0 1.4013e-45 0 4.2039e-45 0 8.40779e-45 0 1.96182e-44 0 4.48416e-44 0 9.3887e-44 0 2.03188e-43 0 4.07778e-43 0 8.12753e-43 0 1.60309e-42 0 2.93292e-42 0 5.69488e-42 0
15.0394 0.000673176 0.000166705 0.000506471 0.75236 0.688764 0 0 0 0 0 0 0 0 0 0 0 0 0 0 0 0 0 0 0 0 0 0 0 0 0 0 0 0 0 0 0 0 0 0 0 0 0 0 0 0 0 0 0 0 0 0 1.4013e-45 0 2.8026e-45 0 7.00649e-45 0 2.10195e-44 0 5.32493e-44 0 1.38729e-43 0 3.36312e-43 0 7.97339e-43 0 1.74322e-42 0 3.89981e-42 0 8.32932e-42 0 1.70216e-41 0 3.56238e-41 0 6.90994e-41 0 1.32929e-40 0 2.53657e-40 0 4.50665e-40 0 8.47165e-40 0
15.8114 0.000673961 0.000165948 0.000508013 0.753772 0.688304 0 0 0 0 0 0 0 0 0 0 0 0 0 0 0 0 0 0 0 0 0 0 0 0 0 0 0 0 0 0 0 0 0 0 0 0 0 0 1.4013e-45 0 5.60519e-45 0 1.82169e-44 0 6.02558e-44 0 1.84971e-43 0 5.38099e-43 0 1.47417e-42 0 3.96988e-42 0 9.77406e-42 0 2.45536e-41 0 5.66685e-41 0 1.29078e-40 0 2.71441e-40 0 5.8382e-40 0 1.20182e-39 0 2.37168e-39 0 4.78776e-39 0 8.99126e-39 0 1.67531e-38 0 3.09757e-38 0 5.35107e-38 0 9.75374e-38 0
16.623 0.000674723 0.000165127 0.000509595 0.755266 0.687849 0 0 0 0 0 0 0 0 0 0 0 0 0 0 0 0 0 0 0 0 0 0 0 0 0 0 0 0 0 0 0 0 4.2039e-45 0 1.68156e-44 0 7.28675e-44 0 2.88667e-43 0 1.06218e-42 0 3.50885e-42 0 1.08769e-41 0 3.17548e-41 0 8.75433e-41 0 2.28535e-40 0 5.86237e-40 0 1.3813e-39 0 3.31765e-39 0 7.35041e-39 0 1.60831e-38 0 3.26161e-38 0 6.75766e-38 0 1.34291e-37 0 2.5636e-37 0 5.00071e-37 0 9.10661e-37 0 1.64602e-36 0 2.95344e-36 0 4.96772e-36 0 8.79341e-36 0
17.4762 0.000675435 0.000164238 0.000511197 0.75684 0.687383 0 0 0 0 0 0 0 0 0 0 0 0 0 0 0 0 0 0 0 0 0 0 0 0 0 0 4.2039e-45 0 2.52234e-44 0 1.49939e-43 0 7.28675e-43 0 3.26222e-42 0 1.29634e-41 0 4.78936e-41 0 1.65158e-40 0 5.14599e-40 0 1.50968e-39 0 4.18265e-39 0 1.09742e-38 0 2.73372e-38 0 6.69731e-38 0 1.51336e-37 0 3.48261e-37 0 7.42194e-37 0 1.56305e-36 0 3.06227e-36 0 6.12296e-36 0 1.17666e-35 0 2.17643e-35 0 4.1092e-35 0 7.26728e-35 0 1.27614e-34 0 2.22534e-34 0 3.64921e-34 0 6.2819e-34 0
18.3733 0.000676083 0.000163317 0.000512766 0.758437 0.686941 0 0 0 0 0 0 0 0 0 0 0 0 0 0 0 0 0 0 0 0 1.4013e-45 0 1.12104e-44 0 1.079e-43 0 7.72115e-43 0 4.73779e-42 0 2.52878e-41 0 1.13991e-40 0 4.74072e-40 0 1.76139e-39 0 6.10527e-39 0 1.98189e-38 0 5.84184e-38 0 1.62608e-37 0 4.2865e-37 0 1.07293e-36 0 2.55622e-36 0 5.99439e-36 0 1.30167e-35 0 2.87601e-35 0 5.9069e-35 0 1.19956e-34 0 2.27422e-34 0 4.39601e-34 0 8.18271e-34 0 1.46875e-33 0 2.68835e-33 0 4.62394e-33 0 7.89951e-33 0 1.34062e-32 0 2.14596e-32 0 3.59746e-32 0
19.3164 0.000676635 0.000162194 0.000514441 0.760293 0.686297 0 0 0 0 0 0 0 0 0 0 0 0 0 0 0 0 1.4013e-45 0 1.54143e-44 0 2.11596e-43 0 2.20424e-42 0 1.82841e-41 0 1.18696e-40 0 6.66956e-40 0 3.2801e-39 0 1.37381e-38 0 5.32936e-38 0 1.85719e-37 0 6.05827e-37 0 1.85676e-36 0 5.19163e-36 0 1.37465e-35 0 3.45619e-35 0 8.272e-35 0 1.88899e-34 0 4.24918e-34 0 8.8842e-34 0 1.88842e-33 0 3.74462e-33 0 7.34595e-33 0 1.34988e-32 0 2.52666e-32 0 4.56258e-32 0 7.959e-32 0 1.41442e-31 0 2.36921e-31 0 3.94309e-31 0 6.52119e-31 0 1.02016e-30 0 1.66758e-30 0
20.3079 0.000676955 0.000160521 0.000516434 0.762878 0.685123 0 0 0 0 0 0 0 0 0 0 0 0 0 0 5.60519e-45 0 1.56945e-43 0 2.78438e-42 0 3.42197e-41 0 3.16993e-40 0 2.37116e-39 0 1.40496e-38 0 7.25649e-38 0 3.30172e-37 0 1.28946e-36 0 4.6818e-36 0 1.53505e-35 0 4.72654e-35 0 1.37152e-34 0 3.64711e-34 0 9.2085e-34 0 2.21333e-33 0 5.07637e-33 0 1.11343e-32 0 2.40741e-32 0 4.85539e-32 0 9.94754e-32 0 1.90769e-31 0 3.62127e-31 0 6.45961e-31 0 1.17264e-30 0 2.0573e-30 0 3.49259e-30 0 6.03497e-30 0 9.85742e-30 0 1.60027e-29 0 2.58236e-29 0 3.95247e-29 0 6.30766e-29 0
21.3503 0.00067703 0.000158635 0.000518395 0.76569 0.683529 0 0 0 0 0 0 0 0 0 0 0 0 2.52234e-44 0 1.05658e-42 0 2.53593e-41 0 3.90284e-40 0 4.24348e-39 0 3.52614e-38 0 2.3908e-37 0 1.29873e-36 0 6.1911e-36 0 2.6161e-35 0 9.55949e-35 0 3.2591e-34 0 1.00839e-33 0 2.93902e-33 0 8.09603e-33 0 2.05249e-32 0 4.95316e-32 0 1.14063e-31 0 2.51218e-31 0 5.30282e-31 0 1.10418e-30 0 2.15199e-30 0 4.2572e-30 0 7.90877e-30 0 1.45503e-29 0 2.52316e-29 0 4.44898e-29 0 7.59406e-29 0 1.25632e-28 0 2.11364e-28 0 3.37067e-28 0 5.34408e-28 0 8.4246e-28 0 1.26292e-27 0 1.96999e-27 0
22.4463 0.000676989 0.000156342 0.000520647 0.769063 0.681158 0 0 0 0 0 0 0 0 0 0 5.32493e-44 0 4.34823e-42 0 1.52942e-40 0 3.14189e-39 0 4.23128e-38 0 4.09464e-37 0 3.06828e-36 0 1.89476e-35 0 9.47644e-35 0 4.18581e-34 0 1.64857e-33 0 5.65472e-33 0 1.81579e-32 0 5.31676e-32 0 1.47075e-31 0 3.85588e-31 0 9.34129e-31 0 2.15937e-30 0 4.77422e-30 0 1.01174e-29 0 2.05912e-29 0 4.1368e-29 0 7.80394e-29 0 1.49325e-28 0 2.69144e-28 0 4.8064e-28 0 8.11374e-28 0 1.39159e-27 0 2.31412e-27 0 3.73542e-27 0 6.12687e-27 0 9.55052e-27 0 1.48051e-26 0 2.28264e-26 0 3.35489e-26 0 5.12082e-26 0
23.5984 0.000677021 0.000153339 0.000523682 0.773509 0.677428 0 0 0 0 0 0 0 0 4.2039e-44 0 8.70767e-42 0 5.76887e-40 0 1.70515e-38 0 3.02231e-37 0 3.58495e-36 0 3.10527e-35 0 2.10898e-34 0 1.1916e-33 0 5.50919e-33 0 2.2632e-32 0 8.33653e-32 0 2.69249e-31 0 8.16718e-31 0 2.2692e-30 0 5.97297e-30 0 1.49395e-29 0 3.46623e-29 0 7.69149e-29 0 1.63592e-28 0 3.34196e-28 0 6.56975e-28 0 1.27567e-27 0 2.33308e-27 0 4.32503e-27 0 7.57441e-27 0 1.31489e-26 0 2.16365e-26 0 3.61442e-26 0 5.86313e-26 0 9.2455e-26 0 1.48026e-25 0 2.25794e-25 0 3.42611e-25 0 5.17186e-25 0 7.45972e-25 0 1.11536e-24 0
24.8097 0.00067738 0.000149202 0.000528178 0.779737 0.671629 0 0 0 0 0 0 7.00649e-45 0 6.93923e-42 0 1.09334e-39 0 5.90207e-38 0 1.47867e-36 0 2.27766e-35 0 2.39436e-34 0 1.86649e-33 0 1.15446e-32 0 5.99402e-32 0 2.57164e-31 0 9.86021e-31 0 3.40801e-30 0 1.03946e-29 0 2.98675e-29 0 7.89462e-29 0 1.98211e-28 0 4.74062e-28 0 1.05562e-27 0 2.253e-27 0 4.61861e-27 0 9.11179e-27 0 1.73308e-26 0 3.2579e-26 0 5.78533e-26 0 1.04064e-25 0 1.77328e-25 0 2.99655e-25 0 4.81238e-25 0 7.84026e-25 0 1.24212e-24 0 1.91561e-24 0 2.99733e-24 0 4.47875e-24 0 6.65893e-24 0 9.85184e-24 0 1.39581e-23 0 2.0464e-23 0
26.0832 0.000678291 0.000144403 0.000533888 0.787108 0.663619 0 0 0 0 0 0 1.24996e-42 0 8.64496e-40 0 1.06391e-37 0 4.72693e-36 0 1.01193e-34 0 1.36389e-33 0 1.2782e-32 0 9.01347e-32 0 5.10046e-31 0 2.44355e-30 0 9.76411e-30 0 3.50599e-29 0 1.14059e-28 0 3.29451e-28 0 8.99083e-28 0 2.26632e-27 0 5.43999e-27 0 1.24685e-26 0 2.67003e-26 0 5.49152e-26 0 1.08698e-25 0 2.07446e-25 0 3.82374e-25 0 6.96986e-25 0 1.20348e-24 0 2.10359e-24 0 3.49251e-24 0 5.75251e-24 0 9.02715e-24 0 1.43606e-23 0 2.22458e-23 0 3.35897e-23 0 5.14209e-23 0 7.53437e-23 0 1.09871e-22 0 1.59475e-22 0 2.22133e-22 0 3.19643e-22 0
27.4221 0.000679717 0.000139275 0.000540442 0.795099 0.654331 0 0 0 0 1.54143e-44 0 1.66466e-40 0 8.36357e-38 0 8.13735e-36 0 3.00409e-34 0 5.53756e-33 0 6.5735e-32 0 5.52288e-31 0 3.54032e-30 0 1.84081e-29 0 8.1696e-29 0 3.05098e-28 0 1.02923e-27 0 3.16093e-27 0 8.66934e-27 0 2.25272e-26 0 5.42783e-26 0 1.24835e-25 0 2.74768e-25 0 5.66917e-25 0 1.12566e-24 0 2.15505e-24 0 3.98508e-24 0 7.1294e-24 0 1.262e-23 0 2.12173e-23 0 3.60888e-23 0 5.84519e-23 0 9.39589e-23 0 1.44237e-22 0 2.24313e-22 0 3.40134e-22 0 5.0335e-22 0 7.54701e-22 0 1.08538e-21 0 1.55389e-21 0 2.21476e-21 0 3.03544e-21 0 4.29099e-21 0
28.8297 0.000681816 0.000134292 0.000547525 0.803038 0.644151 0 0 0 0 2.40323e-42 0 1.72062e-38 0 6.38081e-36 0 4.96479e-34 0 1.53678e-32 0 2.45712e-31 0 2.5849e-30 0 1.95741e-29 0 1.14595e-28 0 5.49761e-28 0 2.26864e-27 0 7.94449e-27 0 2.52555e-26 0 7.3429e-26 0 1.9171e-25 0 4.75465e-25 0 1.09746e-24 0 2.42348e-24 0 5.13264e-24 0 1.0222e-23 0 1.96281e-23 0 3.64048e-23 0 6.53288e-23 0 1.13602e-22 0 1.95562e-22 0 3.20553e-22 0 5.31273e-22 0 8.40466e-22 0 1.32006e-21 0 1.98447e-21 0 3.02036e-21 0 4.48775e-21 0 6.51535e-21 0 9.57754e-21 0 1.35318e-20 0 1.90364e-20 0 2.66673e-20 0 3.59906e-20 0 5.00247e-20 0
30.3095 0.000684331 0.000129429 0.000554902 0.810868 0.633865 0 0 0 0 3.01111e-40 0 1.39773e-36 0 3.88307e-34 0 2.44271e-32 0 6.39441e-31 0 8.92976e-30 0 8.37451e-29 0 5.74472e-28 0 3.08517e-27 0 1.37101e-26 0 5.27931e-26 0 1.73901e-25 0 5.22477e-25 0 1.44195e-24 0 3.59234e-24 0 8.52297e-24 0 1.88854e-23 0 4.01216e-23 0 8.19158e-23 0 1.57745e-22 0 2.93403e-22 0 5.28014e-22 0 9.20858e-22 0 1.55863e-21 0 2.6129e-21 0 4.18081e-21 0 6.7603e-21 0 1.04578e-20 0 1.60673e-20 0 2.36782e-20 0 3.53067e-20 0 5.14553e-20 0 7.33558e-20 0 1.05823e-19 0 1.47013e-19 0 2.03398e-19 0 2.80281e-19 0 3.72775e-19 0 5.09871e-19 0
31.8653 0.000687169 0.000125335 0.000561834 0.817607 0.624509 0 0 7.00649e-45 0 2.9527e-38 0 9.07594e-35 0 1.91571e-32 0 9.84483e-31 0 2.19739e-29 0 2.698e-28 0 2.26829e-27 0 1.41636e-26 0 7.00719e-26 0 2.89519e-25 0 1.04382e-24 0 3.24395e-24 0 9.23663e-24 0 2.42588e-23 0 5.7802e-23 0 1.31473e-22 0 2.80221e-22 0 5.73819e-22 0 1.13144e-21 0 2.1102e-21 0 3.80779e-21 0 6.6588e-21 0 1.13019e-20 0 1.86441e-20 0 3.04765e-20 0 4.76581e-20 0 7.52752e-20 0 1.13993e-19 0 1.71503e-19 0 2.48003e-19 0 3.62654e-19 0 5.18896e-19 0 7.27051e-19 0 1.03025e-18 0 1.40846e-18 0 1.91802e-18 0 2.60196e-18 0 3.41277e-18 0 4.59706e-18 0
33.5009 0.000690339 0.000121357 0.000568981 0.824206 0.615545 0 0 1.19671e-42 0 2.28266e-36 0 4.74058e-33 0 7.70516e-31 0 3.26684e-29 0 6.26583e-28 0 6.80669e-27 0 5.15759e-26 0 2.94501e-25 0 1.34758e-24 0 5.19523e-24 0 1.75939e-23 0 5.17327e-23 0 1.39964e-22 0 3.5067e-22 0 8.0087e-22 0 1.74997e-21 0 3.59458e-21 0 7.10763e-21 0 1.35576e-20 0 2.45279e-20 0 4.30026e-20 0 7.31756e-20 0 1.21033e-19 0 1.94841e-19 0 3.10946e-19 0 4.75746e-19 0 7.3485e-19 0 1.0905e-18 0 1.60827e-18 0 2.28414e-18 0 3.27869e-18 0 4.60989e-18 0 6.35366e-18 0 8.85136e-18 0 1.19174e-17 0 1.59861e-17 0 2.1366e-17 0 2.76553e-17 0 3.67143e-17 0
35.2205 0.000693507 0.000118555 0.000574952 0.82905 0.608399 0 0 1.50766e-40 0 1.42018e-34 0 2.03127e-31 0 2.57495e-29 0 9.09205e-28 0 1.50966e-26 0 1.45968e-25 0 1.0019e-24 0 5.2544e-24 0 2.23225e-23 0 8.05716e-23 0 2.57083e-22 0 7.17147e-22 0 1.84823e-21 0 4.42753e-21 0 9.71211e-21 0 2.04272e-20 0 4.05101e-20 0 7.74789e-20 0 1.43202e-19 0 2.51684e-19 0 4.29323e-19 0 7.11842e-19 0 1.14882e-18 0 1.80689e-18 0 2.81854e-18 0 4.22375e-18 0 6.38708e-18 0 9.29733e-18 0 1.34541e-17 0 1.87836e-17 0 2.64907e-17 0 3.66318e-17 0 4.97036e-17 0 6.8131e-17 0 9.04086e-17 0 1.19548e-16 0 1.57533e-16 0 2.01352e-16 0 2.63636e-16 0
37.0284 0.000696793 0.000115798 0.000580995 0.833813 0.601684 5.60519e-45 0 1.48053e-38 0 7.12497e-33 0 7.14734e-30 0 7.1527e-28 0 2.12221e-26 0 3.07205e-25 0 2.65887e-24 0 1.6612e-23 0 8.0349e-23 0 3.18074e-22 0 1.07833e-21 0 3.25117e-21 0 8.62624e-21 0 2.12273e-20 0 4.87279e-20 0 1.02866e-19 0 2.08642e-19 0 4.00165e-19 0 7.41498e-19 0 1.33e-18 0 2.27405e-18 0 3.77925e-18 0 6.1134e-18 0 9.6383e-18 0 1.48279e-17 0 2.26331e-17 0 3.32538e-17 0 4.92806e-17 0 7.04322e-17 0 1.00099e-16 0 1.37493e-16 0 1.90679e-16 0 2.59535e-16 0 3.46941e-16 0 4.68301e-16 0 6.12903e-16 0 7.99468e-16 0 1.03939e-15 0 1.31268e-15 0 1.69626e-15 0
38.9291 0.00069984 0.000113585 0.000586255 0.837698 0.596098 8.43582e-43 0 1.15161e-36 0 2.92573e-31 0 2.09439e-28 0 1.67386e-26 0 4.20875e-25 0 5.34721e-24 0 4.16518e-23 0 2.37962e-22 0 1.06572e-21 0 3.94473e-21 0 1.25995e-20 0 3.59949e-20 0 9.10608e-20 0 2.14443e-19 0 4.72687e-19 0 9.62114e-19 0 1.88521e-18 0 3.50258e-18 0 6.29768e-18 0 1.09782e-17 0 1.82856e-17 0 2.96444e-17 0 4.68406e-17 0 7.22248e-17 0 1.08801e-16 0 1.62678e-16 0 2.34567e-16 0 3.41006e-16 0 4.78943e-16 0 6.691e-16 0 9.04917e-16 0 1.23509e-15 0 1.65598e-15 0 2.18252e-15 0 2.90314e-15 0 3.74998e-15 0 4.8284e-15 0 6.19751e-15 0 7.73833e-15 0 9.87518e-15 0
40.9273 0.000702651 0.000111433 0.000591218 0.841411 0.591034 1.0436e-40 0 7.14867e-35 0 9.89154e-30 0 5.13693e-27 0 3.3149e-25 0 7.1208e-24 0 7.99101e-23 0 5.63095e-22 0 2.95463e-21 0 1.22984e-20 0 4.27042e-20 0 1.28879e-19 0 3.49793e-19 0 8.45711e-19 0 1.91003e-18 0 4.05082e-18 0 7.96391e-18 0 1.51007e-17 0 2.72201e-17 0 4.756e-17 0 8.06883e-17 0 1.31089e-16 0 2.07566e-16 0 3.20728e-16 0 4.84193e-16 0 7.1495e-16 0 1.0482e-15 0 1.48464e-15 0 2.11925e-15 0 2.92754e-15 0 4.02365e-15 0 5.36212e-15 0 7.20826e-15 0 9.52725e-15 0 1.23885e-14 0 1.62509e-14 0 2.07306e-14 0 2.63649e-14 0 3.34308e-14 0 4.12923e-14 0 5.2071e-14 0
43.0281 0.000704995 0.000109558 0.000595437 0.844598 0.58667 1.00941e-38 0 3.58787e-33 0 2.78528e-28 0 1.06593e-25 0 5.61223e-24 0 1.03791e-22 0 1.03505e-21 0 6.63041e-21 0 3.20857e-20 0 1.24571e-19 0 4.07048e-19 0 1.16395e-18 0 3.0088e-18 0 6.96762e-18 0 1.51227e-17 0 3.09164e-17 0 5.88083e-17 0 1.08079e-16 0 1.89296e-16 0 3.21856e-16 0 5.32135e-16 0 8.44284e-16 0 1.30717e-15 0 1.97736e-15 0 2.92573e-15 0 4.23865e-15 0 6.09934e-15 0 8.49336e-15 0 1.1915e-14 0 1.62018e-14 0 2.19249e-14 0 2.88114e-14 0 3.81755e-14 0 4.97746e-14 0 6.38984e-14 0 8.2717e-14 0 1.04272e-13 0 1.31064e-13 0 1.64274e-13 0 2.00823e-13 0 2.50393e-13 0
45.2368 0.000706967 0.000107577 0.00059939 0.847833 0.582508 7.69908e-37 0 1.46621e-31 0 6.56866e-27 0 1.88032e-24 0 8.15816e-23 0 1.30844e-21 0 1.16625e-20 0 6.82323e-20 0 3.05723e-19 0 1.11089e-18 0 3.42604e-18 0 9.30687e-18 0 2.29681e-17 0 5.10517e-17 0 1.0669e-16 0 2.1063e-16 0 3.88272e-16 0 6.92685e-16 0 1.18046e-15 0 1.95576e-15 0 3.15511e-15 0 4.89434e-15 0 7.4177e-15 0 1.09963e-14 0 1.5962e-14 0 2.27102e-14 0 3.21039e-14 0 4.3988e-14 0 6.06975e-14 0 8.13062e-14 0 1.08413e-13 0 1.40578e-13 0 1.83726e-13 0 2.36466e-13 0 2.99885e-13 0 3.83342e-13 0 4.77801e-13 0 5.93902e-13 0 7.36227e-13 0 8.91243e-13 0 1.09933e-12 0
47.5588 0.000708529 0.000106279 0.00060225 0.850001 0.579116 4.71915e-35 0 4.9641e-30 0 1.31834e-25 0 2.86308e-23 0 1.03336e-21 0 1.44735e-20 0 1.15938e-19 0 6.22252e-19 0 2.59121e-18 0 8.84073e-18 0 2.58064e-17 0 6.67651e-17 0 1.57658e-16 0 3.37027e-16 0 6.79435e-16 0 1.29755e-15 0 2.32151e-15 0 4.02621e-15 0 6.68509e-15 0 1.0806e-14 0 1.70304e-14 0 2.5858e-14 0 3.8402e-14 0 5.58448e-14 0 7.96016e-14 0 1.11321e-13 0 1.54731e-13 0 2.08773e-13 0 2.83585e-13 0 3.74488e-13 0 4.92376e-13 0 6.3041e-13 0 8.13205e-13 0 1.03382e-12 0 1.29597e-12 0 1.63689e-12 0 2.01841e-12 0 2.48236e-12 0 3.04514e-12 0 3.65208e-12 0 4.45884e-12 0
50 0.000709815 0.000104681 0.000605134 0.852524 0.575665 2.32885e-33 0 1.39292e-28 0 2.24961e-24 0 3.75683e-22 0 1.13815e-20 0 1.40137e-19 0 1.01411e-18 0 5.01415e-18 0 1.94754e-17 0 6.25819e-17 0 1.7337e-16 0 4.28193e-16 0 9.69587e-16 0 1.99722e-15 0 3.89084e-15 0 7.19947e-15 0 1.25202e-14 0 2.11379e-14 0 3.42391e-14 0 5.40629e-14 0 8.3332e-14 0 1.23973e-13 0 1.80593e-13 0 2.57862e-13 0 3.61253e-13 0 4.97e-13 0 6.79787e-13 0 9.03898e-13 0 1.20958e-12 0 1.57577e-12 0 2.04432e-12 0 2.58604e-12 0 3.29468e-12 0 4.13971e-12 0 5.13245e-12 0 6.40912e-12 0 7.82251e-12 0 9.5239e-12 0 1.15671e-11 0 1.375e-11 0 1.66247e-11 0
52.5665 0.00071089 0.00010356 0.000607331 0.854324 0.572679 9.41969e-32 0 3.29304e-27 0 3.31373e-23 0 4.31031e-21 0 1.1055e-19 0 1.20414e-18 0 7.91123e-18 0 3.61797e-17 0 1.31517e-16 0 3.99202e-16 0 1.05223e-15 0 2.4866e-15 0 5.41032e-15 0 1.07582e-14 0 2.02869e-14 0 3.64272e-14 0 6.166e-14 0 1.01473e-13 0 1.6054e-13 0 2.47898e-13 0 3.7412e-13 0 5.45887e-13 0 7.80728e-13 0 1.09556e-12 0 1.50977e-12 0 2.04499e-12 0 2.75465e-12 0 3.61219e-12 0 4.7655e-12 0 6.12857e-12 0 7.85045e-12 0 9.8174e-12 0 1.23606e-11 0 1.53587e-11 0 1.88431e-11 0 2.32764e-11 0 2.81344e-11 0 3.39261e-11 0 4.08152e-11 0 4.81099e-11 0 5.76314e-11 0
55.2648 0.00071173 0.000102529 0.000609201 0.855944 0.569828 3.14239e-30 0 6.59153e-26 0 4.22938e-22 0 4.33755e-20 0 9.49512e-19 0 9.20409e-18 0 5.5161e-17 0 2.34217e-16 0 7.9941e-16 0 2.29846e-15 0 5.77836e-15 0 1.30937e-14 0 2.74281e-14 0 5.27398e-14 0 9.64195e-14 0 1.68253e-13 0 2.77575e-13 0 4.45824e-13 0 6.89714e-13 0 1.04267e-12 0 1.54226e-12 0 2.20922e-12 0 3.10491e-12 0 4.28549e-12 0 5.814e-12 0 7.75928e-12 0 1.0301e-11 0 1.33302e-11 0 1.73501e-11 0 2.20403e-11 0 2.78935e-11 0 3.45035e-11 0 4.29558e-11 0 5.2812e-11 0 6.41497e-11 0 7.84292e-11 0 9.39249e-11 0 1.12229e-10 0 1.33806e-10 0 1.56459e-10 0 1.85779e-10 0
58.1015 0.000712536 0.00010165 0.000610885 0.85734 0.567121 8.73382e-29 0 1.12701e-24 0 4.71335e-21 0 3.8558e-19 0 7.25995e-18 0 6.29869e-17 0 3.45886e-16 0 1.36855e-15 0 4.39926e-15 0 1.2013e-14 0 2.88717e-14 0 6.28617e-14 0 1.27011e-13 0 2.36548e-13 0 4.19906e-13 0 7.1309e-13 0 1.14801e-12 0 1.8017e-12 0 2.72858e-12 0 4.04252e-12 0 5.86628e-12 0 8.257e-12 0 1.14134e-11 0 1.55072e-11 0 2.07272e-11 0 2.72752e-11 0 3.57123e-11 0 4.56362e-11 0 5.86386e-11 0 7.36252e-11 0 9.21123e-11 0 1.12764e-10 0 1.38894e-10 0 1.69049e-10 0 2.034e-10 0 2.46248e-10 0 2.92316e-10 0 3.4626e-10 0 4.09301e-10 0 4.74955e-10 0 5.5925e-10 0
61.0839 0.000713126 0.000100807 0.00061232 0.858641 0.564414 2.03834e-27 0 1.6569e-23 0 4.612e-20 0 3.04287e-18 0 4.96434e-17 0 3.87584e-16 0 1.95855e-15 0 7.24596e-15 0 2.20017e-14 0 5.72043e-14 0 1.31721e-13 0 2.76103e-13 0 5.39029e-13 0 9.73878e-13 0 1.68101e-12 0 2.78184e-12 0 4.37561e-12 0 6.71765e-12 0 9.96942e-12 0 1.44894e-11 0 2.06474e-11 0 2.8581e-11 0 3.88871e-11 0 5.20505e-11 0 6.8593e-11 0 8.90605e-11 0 1.15086e-10 0 1.45316e-10 0 1.84447e-10 0 2.29028e-10 0 2.83419e-10 0 3.43551e-10 0 4.18876e-10 0 5.04951e-10 0 6.02096e-10 0 7.2216e-10 0 8.50114e-10 0 9.98704e-10 0 1.17093e-09 0 1.34892e-09 0 1.5757e-09 0
64.2193 0.000713749 0.000100114 0.000613635 0.859735 0.561782 4.03365e-26 0 2.11259e-22 0 3.99234e-19 0 2.14681e-17 0 3.0561e-16 0 2.15822e-15 0 1.00766e-14 0 3.49732e-14 0 1.00588e-13 0 2.49607e-13 0 5.51822e-13 0 1.11563e-12 0 2.10803e-12 0 3.70021e-12 0 6.21894e-12 0 1.00415e-11 0 1.5449e-11 0 2.32268e-11 0 3.3812e-11 0 4.82529e-11 0 6.75817e-11 0 9.20759e-11 0 1.23409e-10 0 1.62848e-10 0 2.11731e-10 0 2.71428e-10 0 3.46381e-10 0 4.32415e-10 0 5.42504e-10 0 6.66545e-10 0 8.16305e-10 0 9.80246e-10 0 1.18365e-09 0 1.41393e-09 0 1.67152e-09 0 1.98712e-09 0 2.32064e-09 0 2.70491e-09 0 3.14682e-09 0 3.6002e-09 0 4.1737e-09 0
67.5157 0.000714337 9.95548e-05 0.000614782 0.860633 0.559156 6.82226e-25 0 2.35214e-21 0 3.07545e-18 0 1.36138e-16 0 1.70232e-15 0 1.09275e-14 0 4.73223e-14 0 1.54562e-13 0 4.22194e-13 0 1.00219e-12 0 2.13144e-12 0 4.16359e-12 0 7.62659e-12 0 1.30242e-11 0 2.13418e-11 0 3.36631e-11 0 5.07132e-11 0 7.47418e-11 0 1.06827e-10 0 1.49828e-10 0 2.06422e-10 0 2.77023e-10 0 3.6602e-10 0 4.76499e-10 0 6.11643e-10 0 7.74641e-10 0 9.76854e-10 0 1.20635e-09 0 1.49681e-09 0 1.82065e-09 0 2.20776e-09 0 2.62756e-09 0 3.14373e-09 0 3.72286e-09 0 4.36529e-09 0 5.14587e-09 0 5.96421e-09 0 6.89998e-09 0 7.96817e-09 0 9.05649e-09 0 1.04236e-08 0
70.9813 0.000714946 9.90941e-05 0.000615852 0.861396 0.556526 9.93538e-24 0 2.30146e-20 0 2.11978e-17 0 7.79821e-16 0 8.61974e-15 0 5.05301e-14 0 2.03711e-13 0 6.27992e-13 0 1.63326e-12 0 3.71677e-12 0 7.61878e-12 0 1.4404e-11 0 2.5616e-11 0 4.26171e-11 0 6.81699e-11 0 1.0516e-10 0 1.55285e-10 0 2.24568e-10 0 3.15424e-10 0 4.35144e-10 0 5.90202e-10 0 7.80768e-10 0 1.01766e-09 0 1.30788e-09 0 1.65848e-09 0 2.07636e-09 0 2.58889e-09 0 3.16434e-09 0 3.88509e-09 0 4.68068e-09 0 5.62272e-09 0 6.63524e-09 0 7.86947e-09 0 9.24256e-09 0 1.07536e-08 0 1.25751e-08 0 1.44702e-08 0 1.66219e-08 0 1.90607e-08 0 2.15291e-08 0 2.46096e-08 0
74.6248 0.000715624 9.88297e-05 0.000616795 0.861897 0.553919 1.25631e-22 0 1.99357e-19 0 1.3158e-16 0 4.05929e-15 0 3.99026e-14 0 2.14564e-13 0 8.08093e-13 0 2.35792e-12 0 5.8528e-12 0 1.27949e-11 0 2.53243e-11 0 4.64121e-11 0 8.02513e-11 0 1.30236e-10 0 2.03601e-10 0 3.07501e-10 0 4.45512e-10 0 6.32785e-10 0 8.74174e-10 0 1.18717e-09 0 1.58642e-09 0 2.07017e-09 0 2.66361e-09 0 3.38154e-09 0 4.23858e-09 0 5.24866e-09 0 6.47414e-09 0 7.83599e-09 0 9.52493e-09 0 1.13715e-08 0 1.35384e-08 0 1.58478e-08 0 1.86397e-08 0 2.17208e-08 0 2.50857e-08 0 2.91115e-08 0 3.32701e-08 0 3.79594e-08 0 4.32389e-08 0 4.85489e-08 0 5.51343e-08 0
78.4553 0.000716352 9.86964e-05 0.000617655 0.862224 0.551192 1.38809e-21 0 1.53705e-18 0 7.38901e-16 0 1.92812e-14 0 1.69522e-13 0 8.39678e-13 0 2.96414e-12 0 8.20842e-12 0 1.94902e-11 0 4.10116e-11 0 7.85111e-11 0 1.39694e-10 0 2.35174e-10 0 3.72735e-10 0 5.70131e-10 0 8.43917e-10 0 1.20075e-09 0 1.67651e-09 0 2.2798e-09 0 3.05017e-09 0 4.01866e-09 0 5.17637e-09 0 6.57877e-09 0 8.25521e-09 0 1.0234e-08 0 1.25412e-08 0 1.53117e-08 0 1.83607e-08 0 2.21064e-08 0 2.61648e-08 0 3.08864e-08 0 3.5878e-08 0 4.18657e-08 0 4.8423e-08 0 5.55326e-08 0 6.39781e-08 0 7.26421e-08 0 8.23489e-08 0 9.32078e-08 0 1.04064e-07 0 1.17448e-07 0
82.4824 0.000717291 9.88523e-05 0.000618439 0.862187 0.5487 1.35125e-20 0 1.06261e-17 0 3.77859e-15 0 8.40846e-14 0 6.64834e-13 0 3.04561e-12 0 1.01091e-11 0 2.66365e-11 0 6.06315e-11 0 1.23031e-10 0 2.28175e-10 0 3.94728e-10 0 6.47834e-10 0 1.00394e-09 0 1.50409e-09 0 2.18415e-09 0 3.05461e-09 0 4.19599e-09 0 5.62091e-09 0 7.41413e-09 0 9.63765e-09 0 1.22616e-08 0 1.54022e-08 0 1.91141e-08 0 2.34484e-08 0 2.84511e-08 0 3.43993e-08 0 4.0885e-08 0 4.87816e-08 0 5.72641e-08 0 6.70525e-08 0 7.73212e-08 0 8.95482e-08 0 1.02841e-07 0 1.17154e-07 0 1.34041e-07 0 1.51252e-07 0 1.70416e-07 0 1.91725e-07 0 2.12908e-07 0 2.38876e-07 0
86.7162 0.000718273 9.92849e-05 0.000618988 0.861773 0.545905 1.1661e-19 0 6.62214e-17 0 1.76769e-14 0 3.38072e-13 0 2.41636e-12 0 1.02766e-11 0 3.21701e-11 0 8.08486e-11 0 1.76788e-10 0 3.46548e-10 0 6.23621e-10 0 1.05034e-09 0 1.68263e-09 0 2.55239e-09 0 3.74919e-09 0 5.3461e-09 0 7.35527e-09 0 9.94822e-09 0 1.31377e-08 0 1.70963e-08 0 2.19407e-08 0 2.7588e-08 0 3.42705e-08 0 4.20836e-08 0 5.1114e-08 0 6.14362e-08 0 7.35953e-08 0 8.67364e-08 0 1.026e-07 0 1.19502e-07 0 1.38855e-07 0 1.5901e-07 0 1.8284e-07 0 2.08566e-07 0 2.36087e-07 0 2.68347e-07 0 3.01023e-07 0 3.37195e-07 0 3.77182e-07 0 4.16716e-07 0 4.64923e-07 0
91.1674 0.000719596 9.97463e-05 0.00061985 0.861386 0.543297 8.95248e-19 0 3.73019e-16 0 7.58005e-14 0 1.25517e-12 0 8.14987e-12 0 3.22957e-11 0 9.56201e-11 0 2.29736e-10 0 4.83525e-10 0 9.17189e-10 0 1.60383e-09 0 2.63337e-09 0 4.12268e-09 0 6.12777e-09 0 8.83365e-09 0 1.23799e-08 0 1.67692e-08 0 2.23489e-08 0 2.9116e-08 0 3.7405e-08 0 4.7423e-08 0 5.89663e-08 0 7.24777e-08 0 8.81134e-08 0 1.0601e-07 0 1.26279e-07 0 1.49943e-07 0 1.75305e-07 0 2.05675e-07 0 2.37779e-07 0 2.7427e-07 0 3.12009e-07 0 3.56329e-07 0 4.03862e-07 0 4.54394e-07 0 5.13267e-07 0 5.72545e-07 0 6.37799e-07 0 7.09541e-07 0 7.80106e-07 0 8.6571e-07 0
95.847 0.000720986 0.000100538 0.000620447 0.860554 0.540621 6.16798e-18 0 1.91435e-15 0 3.00109e-13 0 4.33302e-12 0 2.56787e-11 0 9.51418e-11 0 2.67153e-10 0 6.14969e-10 0 1.24814e-09 0 2.29471e-09 0 3.90461e-09 0 6.25774e-09 0 9.58475e-09 0 1.39733e-08 0 1.97871e-08 0 2.72773e-08 0 3.64052e-08 0 4.78428e-08 0 6.15296e-08 0 7.80855e-08 0 9.78583e-08 0 1.20391e-07 0 1.46494e-07 0 1.76406e-07 0 2.10328e-07 0 2.48412e-07 0 2.92501e-07 0 3.39376e-07 0 3.95075e-07 0 4.5352e-07 0 5.19486e-07 0 5.87257e-07 0 6.66341e-07 0 7.50625e-07 0 8.39698e-07 0 9.42866e-07 0 1.04616e-06 0 1.15927e-06 0 1.28297e-06 0 1.40405e-06 0 1.55023e-06 0
100.767 0.000722321 0.000101476 0.000620844 0.859513 0.537385 3.82717e-17 0 8.9762e-15 0 1.09944e-12 0 1.39338e-11 0 7.57044e-11 0 2.63116e-10 0 7.02496e-10 0 1.5526e-09 0 3.04411e-09 0 5.43266e-09 0 9.00723e-09 0 1.41068e-08 0 2.11618e-08 0 3.02885e-08 0 4.21681e-08 0 5.72264e-08 0 7.53074e-08 0 9.76557e-08 0 1.2406e-07 0 1.55619e-07 0 1.92888e-07 0 2.34912e-07 0 2.8312e-07 0 3.37852e-07 0 3.99375e-07 0 4.67871e-07 0 5.46533e-07 0 6.29534e-07 0 7.27437e-07 0 8.29445e-07 0 9.43811e-07 0 1.06057e-06 0 1.19599e-06 0 1.33946e-06 0 1.49023e-06 0 1.66388e-06 0 1.83682e-06 0 2.02523e-06 0 2.23028e-06 0 2.43003e-06 0 2.67008e-06 0
105.939 0.000724717 0.000103119 0.000621597 0.857711 0.535047 2.16143e-16 0 3.88359e-14 0 3.7615e-12 0 4.21126e-11 0 2.10657e-10 0 6.8895e-10 0 1.75332e-09 0 3.72785e-09 0 7.07269e-09 0 1.22703e-08 0 1.98478e-08 0 3.04115e-08 0 4.47262e-08 0 6.29049e-08 0 8.61736e-08 0 1.15216e-07 0 1.496e-07 0 1.91549e-07 0 2.40513e-07 0 2.98378e-07 0 3.65978e-07 0 4.41445e-07 0 5.2721e-07 0 6.23723e-07 0 7.31306e-07 0 8.50135e-07 0 9.85561e-07 0 1.12742e-06 0 1.2936e-06 0 1.46558e-06 0 1.65717e-06 0 1.85161e-06 0 2.07582e-06 0 2.312e-06 0 2.55887e-06 0 2.84172e-06 0 3.12197e-06 0 3.42584e-06 0 3.75497e-06 0 4.07419e-06 0 4.4561e-06 0
111.377 0.000727159 0.000105436 0.000621722 0.855002 0.532764 1.11583e-15 0 1.55603e-13 0 1.20552e-11 0 1.19952e-10 0 5.54672e-10 0 1.71207e-09 0 4.16283e-09 0 8.53086e-09 0 1.5687e-08 0 2.64928e-08 0 4.18589e-08 0 6.28153e-08 0 9.06588e-08 0 1.25401e-07 0 1.69167e-07 0 2.22995e-07 0 2.85876e-07 0 3.61648e-07 0 4.49074e-07 0 5.51282e-07 0 6.69472e-07 0 8.00163e-07 0 9.47373e-07 0 1.11164e-06 0 1.2933e-06 0 1.49243e-06 0 1.71773e-06 0 1.95213e-06 0 2.22487e-06 0 2.50534e-06 0 2.81592e-06 0 3.12931e-06 0 3.48872e-06 0 3.86527e-06 0 4.25687e-06 0 4.70327e-06 0 5.14343e-06 0 5.61852e-06 0 6.13077e-06 0 6.62552e-06 0 7.21496e-06 0
117.094 0.000729558 0.000107648 0.00062191 0.852447 0.529375 5.25037e-15 0 5.75318e-13 0 3.60437e-11 0 3.20585e-10 0 1.37563e-09 0 4.01874e-09 0 9.35656e-09 0 1.85143e-08 0 3.30473e-08 0 5.44018e-08 0 8.4057e-08 0 1.23664e-07 0 1.75311e-07 0 2.38683e-07 0 3.17314e-07 0 4.12677e-07 0 5.22667e-07 0 6.53654e-07 0 8.03135e-07 0 9.76106e-07 0 1.17419e-06 0 1.39124e-06 0 1.63367e-06 0 1.90202e-06 0 2.19654e-06 0 2.5171e-06 0 2.87726e-06 0 3.24953e-06 0 3.67996e-06 0 4.11992e-06 0 4.6043e-06 0 5.09044e-06 0 5.64504e-06 0 6.22311e-06 0 6.82137e-06 0 7.50009e-06 0 8.16625e-06 0 8.88215e-06 0 9.65076e-06 0 1.03901e-05 0 1.12675e-05 0
123.105 0.000733449 0.000109664 0.000623785 0.850482 0.526359 2.25999e-14 0 1.96897e-12 0 1.00792e-10 0 8.05754e-10 0 3.22016e-09 0 8.92756e-09 0 1.99453e-08 0 3.81733e-08 0 6.62375e-08 0 1.06417e-07 0 1.60971e-07 0 2.32397e-07 0 3.23889e-07 0 4.34375e-07 0 5.69501e-07 0 7.31213e-07 0 9.15479e-07 0 1.13248e-06 0 1.37754e-06 0 1.65835e-06 0 1.97696e-06 0 2.32309e-06 0 2.70659e-06 0 3.12788e-06 0 3.58692e-06 0 4.08312e-06 0 4.637e-06 0 5.20592e-06 0 5.8598e-06 0 6.52429e-06 0 7.2519e-06 0 7.97839e-06 0 8.80308e-06 0 9.65846e-06 0 1.05396e-05 0 1.15348e-05 0 1.25072e-05 0 1.3548e-05 0 1.46608e-05 0 1.57272e-05 0 1.69879e-05 0
129.424 0.000737655 0.000110282 0.000627373 0.850496 0.523221 8.84208e-14 0 6.19385e-12 0 2.61637e-10 0 1.88972e-09 0 7.05822e-09 0 1.86178e-08 0 3.99936e-08 0 7.41559e-08 0 1.25258e-07 0 1.96634e-07 0 2.91487e-07 0 4.13349e-07 0 5.66816e-07 0 7.49355e-07 0 9.6956e-07 0 1.22977e-06 0 1.52287e-06 0 1.86438e-06 0 2.24623e-06 0 2.67974e-06 0 3.16729e-06 0 3.69263e-06 0 4.27023e-06 0 4.90018e-06 0 5.58187e-06 0 6.31399e-06 0 7.12608e-06 0 7.95532e-06 0 8.90295e-06 0 9.86069e-06 0 1.09039e-05 0 1.19405e-05 0 1.31116e-05 0 1.43207e-05 0 1.55607e-05 0 1.69551e-05 0 1.8312e-05 0 1.97585e-05 0 2.12993e-05 0 2.27704e-05 0 2.45032e-05 0
136.067 0.000740086 0.000108697 0.000631389 0.853129 0.517499 3.13438e-13 0 1.78426e-11 0 6.27802e-10 0 4.11713e-09 0 1.44195e-08 0 3.6276e-08 0 7.50704e-08 0 1.35061e-07 0 2.22369e-07 0 3.41481e-07 0 4.96569e-07 0 6.92263e-07 0 9.34764e-07 0 1.21907e-06 0 1.55759e-06 0 1.95281e-06 0 2.39313e-06 0 2.901e-06 0 3.46351e-06 0 4.0965e-06 0 4.80247e-06 0 5.55723e-06 0 6.38106e-06 0 7.27337e-06 0 8.23268e-06 0 9.25661e-06 0 1.03857e-05 0 1.1532e-05 0 1.2835e-05 0 1.4145e-05 0 1.5565e-05 0 1.69692e-05 0 1.85486e-05 0 2.0172e-05 0 2.183e-05 0 2.36867e-05 0 2.54864e-05 0 2.73978e-05 0 2.94261e-05 0 3.13561e-05 0 3.36217e-05 0
143.051 0.000740541 0.000102493 0.000638048 0.861597 0.507529 9.86437e-13 0 4.60972e-11 0 1.36313e-09 0 8.15516e-09 0 2.68665e-08 0 6.46125e-08 0 1.29046e-07 0 2.25608e-07 0 3.62515e-07 0 5.45157e-07 0 7.78386e-07 0 1.06768e-06 0 1.42071e-06 0 1.82894e-06 0 2.30902e-06 0 2.86313e-06 0 3.47405e-06 0 4.17192e-06 0 4.93796e-06 0 5.79276e-06 0 6.73854e-06 0 7.74219e-06 0 8.83013e-06 0 1.00008e-05 0 1.12516e-05 0 1.25788e-05 0 1.4034e-05 0 1.55036e-05 0 1.71654e-05 0 1.88278e-05 0 2.06213e-05 0 2.23871e-05 0 2.43647e-05 0 2.63888e-05 0 2.84479e-05 0 3.07447e-05 0 3.29626e-05 0 3.53098e-05 0 3.77919e-05 0 4.01459e-05 0 4.29003e-05 0
150.394 0.000742023 9.52215e-05 0.000646802 0.871673 0.497927 2.84896e-12 0 1.10351e-10 0 2.76583e-09 0 1.51631e-08 0 4.71289e-08 0 1.08589e-07 0 2.09675e-07 0 3.56706e-07 0 5.60048e-07 0 8.25601e-07 0 1.15849e-06 0 1.56472e-06 0 2.05326e-06 0 2.61085e-06 0 3.25888e-06 0 3.99872e-06 0 4.80635e-06 0 5.7205e-06 0 6.71539e-06 0 7.81671e-06 0 9.02605e-06 0 1.03004e-05 0 1.16726e-05 0 1.314e-05 0 1.46986e-05 0 1.63432e-05 0 1.81367e-05 0 1.99388e-05 0 2.19665e-05 0 2.39854e-05 0 2.61538e-05 0 2.82797e-05 0 3.06508e-05 0 3.30681e-05 0 3.55178e-05 0 3.82403e-05 0 4.08597e-05 0 4.36225e-05 0 4.65344e-05 0 4.92874e-05 0 5.24987e-05 0
158.114 0.000742641 8.88664e-05 0.000653774 0.880337 0.490027 7.72523e-12 0 2.50301e-10 0 5.36051e-09 0 2.70452e-08 0 7.95321e-08 0 1.75931e-07 0 3.28966e-07 0 5.45316e-07 0 8.37525e-07 0 1.21147e-06 0 1.67206e-06 0 2.22548e-06 0 2.88183e-06 0 3.62171e-06 0 4.47197e-06 0 5.43267e-06 0 6.47153e-06 0 7.63719e-06 0 8.89552e-06 0 1.02779e-05 0 1.1785e-05 0 1.33623e-05 0 1.50503e-05 0 1.68447e-05 0 1.87399e-05 0 2.07291e-05 0 2.28872e-05 0 2.50453e-05 0 2.74621e-05 0 2.98577e-05 0 3.24197e-05 0 3.49215e-05 0 3.77011e-05 0 4.05239e-05 0 4.33745e-05 0 4.65311e-05 0 4.95579e-05 0 5.27402e-05 0 5.60836e-05 0 5.92351e-05 0 6.29004e-05 0
166.23 0.000740738 8.30892e-05 0.000657648 0.887829 0.480941 1.96794e-11 0 5.38038e-10 0 9.92165e-09 0 4.62541e-08 0 1.29042e-07 0 2.74598e-07 0 4.98006e-07 0 8.05407e-07 0 1.21134e-06 0 1.7209e-06 0 2.3381e-06 0 3.06882e-06 0 3.92407e-06 0 4.87681e-06 0 5.96005e-06 0 7.17198e-06 0 8.47076e-06 0 9.91603e-06 0 1.14641e-05 0 1.31526e-05 0 1.49808e-05 0 1.68821e-05 0 1.89046e-05 0 2.10425e-05 0 2.32885e-05 0 2.56339e-05 0 2.81663e-05 0 3.06868e-05 0 3.34971e-05 0 3.62708e-05 0 3.92252e-05 0 4.20991e-05 0 4.52805e-05 0 4.84996e-05 0 5.17392e-05 0 5.53146e-05 0 5.87319e-05 0 6.23138e-05 0 6.60656e-05 0 6.95922e-05 0 7.36822e-05 0
174.763 0.000737523 7.7623e-05 0.0006599 0.894752 0.468428 4.71192e-11 0 1.09609e-09 0 1.75315e-08 0 7.58129e-08 0 2.01173e-07 0 4.12593e-07 0 7.26837e-07 0 1.14822e-06 0 1.69286e-06 0 2.3641e-06 0 3.16427e-06 0 4.09842e-06 0 5.17808e-06 0 6.36737e-06 0 7.70586e-06 0 9.18936e-06 0 1.07657e-05 0 1.25059e-05 0 1.43564e-05 0 1.63607e-05 0 1.85168e-05 0 2.07455e-05 0 2.3103e-05 0 2.55815e-05 0 2.81722e-05 0 3.08646e-05 0 3.3758e-05 0 3.66255e-05 0 3.98091e-05 0 4.29384e-05 0 4.62588e-05 0 4.9477e-05 0 5.30271e-05 0 5.6607e-05 0 6.0198e-05 0 6.41485e-05 0 6.79126e-05 0 7.18466e-05 0 7.59555e-05 0 7.98072e-05 0 8.42626e-05 0
183.733 0.000736936 7.39652e-05 0.000662971 0.899632 0.455415 1.08569e-10 0 2.16587e-09 0 3.02566e-08 0 1.21814e-07 0 3.08198e-07 0 6.10312e-07 0 1.04583e-06 0 1.61567e-06 0 2.33732e-06 0 3.2113e-06 0 4.23749e-06 0 5.4196e-06 0 6.76958e-06 0 8.2408e-06 0 9.88066e-06 0 1.1682e-05 0 1.35805e-05 0 1.56609e-05 0 1.78574e-05 0 2.02212e-05 0 2.27482e-05 0 2.53452e-05 0 2.80775e-05 0 3.09355e-05 0 3.39084e-05 0 3.69839e-05 0 4.02746e-05 0 4.35221e-05 0 4.71132e-05 0 5.06295e-05 0 5.43467e-05 0 5.79373e-05 0 6.18849e-05 0 6.58526e-05 0 6.98204e-05 0 7.41721e-05 0 7.83064e-05 0 8.26153e-05 0 8.71035e-05 0 9.13001e-05 0 9.61422e-05 0
193.164 0.000739407 7.11005e-05 0.000668306 0.903841 0.444901 2.3878e-10 0 4.1158e-09 0 5.05511e-08 0 1.9014e-07 0 4.59753e-07 0 8.80562e-07 0 1.46977e-06 0 2.22289e-06 0 3.15831e-06 0 4.27251e-06 0 5.562e-06 0 7.02867e-06 0 8.68466e-06 0 1.04711e-05 0 1.2444e-05 0 1.45929e-05 0 1.68403e-05 0 1.92854e-05 0 2.18499e-05 0 2.45925e-05 0 2.75073e-05 0 3.04864e-05 0 3.36046e-05 0 3.68506e-05 0 4.02115e-05 0 4.36734e-05 0 4.7362e-05 0 5.09878e-05 0 5.49819e-05 0 5.88784e-05 0 6.29833e-05 0 6.69354e-05 0 7.12667e-05 0 7.56065e-05 0 7.99337e-05 0 8.46659e-05 0 8.91492e-05 0 9.38095e-05 0 9.86513e-05 0 0.000103167 0 0.000108366 0
203.079 0.000742315 6.92182e-05 0.000673097 0.906754 0.437534 5.04582e-10 0 7.56868e-09 0 8.22457e-08 0 2.89979e-07 0 6.71578e-07 0 1.2461e-06 0 2.02852e-06 0 3.00661e-06 0 4.19921e-06 0 5.59744e-06 0 7.19359e-06 0 8.98725e-06 0 1.09906e-05 0 1.31309e-05 0 1.54741e-05 0 1.80058e-05 0 2.0634e-05 0 2.34741e-05 0 2.64342e-05 0 2.95811e-05 0 3.29068e-05 0 3.62883e-05 0 3.98105e-05 0 4.346e-05 0 4.72223e-05 0 5.10817e-05 0 5.51774e-05 0 5.91883e-05 0 6.35906e-05 0 6.78704e-05 0 7.23642e-05 0 7.66772e-05 0 8.13899e-05 0 8.60979e-05 0 9.07791e-05 0 9.58844e-05 0 0.000100708 0 0.00010571 0 0.000110894 0 0.000115719 0 0.000121259 0
213.503 0.000742511 6.81396e-05 0.000674371 0.908231 0.430168 1.02556e-09 0 1.3478e-08 0 1.30357e-07 0 4.32183e-07 0 9.60706e-07 0 1.72958e-06 0 2.74938e-06 0 3.99752e-06 0 5.49287e-06 0 7.21985e-06 0 9.16572e-06 0 1.13274e-05 0 1.3717e-05 0 1.62466e-05 0 1.8993e-05 0 2.19377e-05 0 2.49733e-05 0 2.82325e-05 0 3.1609e-05 0 3.51784e-05 0 3.89307e-05 0 4.2727e-05 0 4.66629e-05 0 5.07233e-05 0 5.48919e-05 0 5.91512e-05 0 6.36543e-05 0 6.80485e-05 0 7.28548e-05 0 7.75118e-05 0 8.23864e-05 0 8.7051e-05 0 9.21335e-05 0 9.71966e-05 0 0.000102218 0 0.000107679 0 0.000112827 0 0.000118152 0 0.000123658 0 0.00012877 0 0.000134629 0
224.463 0.000739293 6.67668e-05 0.000672526 0.909688 0.418493 1.97828e-09 0 2.29264e-08 0 1.98485e-07 0 6.20652e-07 0 1.32689e-06 0 2.32123e-06 0 3.60734e-06 0 5.15e-06 0 6.96755e-06 0 9.03679e-06 0 1.13396e-05 0 1.38699e-05 0 1.66397e-05 0 1.95463e-05 0 2.26771e-05 0 2.60094e-05 0 2.9422e-05 0 3.30635e-05 0 3.68145e-05 0 4.07587e-05 0 4.4884e-05 0 4.9038e-05 0 5.33259e-05 0 5.7731e-05 0 6.22357e-05 0 6.68214e-05 0 7.16521e-05 0 7.63499e-05 0 8.14716e-05 0 8.64185e-05 0 9.15812e-05 0 9.65076e-05 0 0.000101861 0 0.000107179 0 0.000112441 0 0.000118149 0 0.000123517 0 0.000129057 0 0.000134773 0 0.000140069 0 0.000146126 0
235.984 0.000735467 6.50071e-05 0.00067046 0.911611 0.401091 3.624e-09 0 3.72637e-08 0 2.90342e-07 0 8.58732e-07 0 1.76902e-06 0 3.01135e-06 0 4.58019e-06 0 6.42627e-06 0 8.56693e-06 0 1.09711e-05 0 1.36151e-05 0 1.64904e-05 0 1.96087e-05 0 2.28538e-05 0 2.63231e-05 0 2.99901e-05 0 3.37217e-05 0 3.76806e-05 0 4.17364e-05 0 4.59795e-05 0 5.03961e-05 0 5.48235e-05 0 5.93746e-05 0 6.40317e-05 0 6.87763e-05 0 7.3589e-05 0 7.86417e-05 0 8.35395e-05 0 8.88627e-05 0 9.39889e-05 0 9.93236e-05 0 0.000104401 0 0.000109903 0 0.000115357 0 0.000120738 0 0.000126564 0 0.000132029 0 0.000137658 0 0.000143453 0 0.000148812 0 0.000154929 0
248.097 0.000734703 6.31633e-05 0.000671539 0.914029 0.380346 6.34571e-09 0 5.82323e-08 0 4.10446e-07 0 1.15136e-06 0 2.28963e-06 0 3.79767e-06 0 5.65917e-06 0 7.81e-06 0 1.02666e-05 0 1.299e-05 0 1.59518e-05 0 1.91409e-05 0 2.25692e-05 0 2.61086e-05 0 2.98657e-05 0 3.38108e-05 0 3.78014e-05 0 4.20116e-05 0 4.63027e-05 0 5.07703e-05 0 5.53995e-05 0 6.00203e-05 0 6.47514e-05 0 6.95745e-05 0 7.44708e-05 0 7.94208e-05 0 8.46008e-05 0 8.96067e-05 0 9.50314e-05 0 0.00010024 0 0.000105647 0 0.000110779 0 0.000116328 0 0.000121814 0 0.000127216 0 0.000133051 0 0.000138512 0 0.000144126 0 0.000149895 0 0.000155219 0 0.000161285 0
260.832 0.000738632 6.2039e-05 0.000676593 0.916008 0.360862 1.07814e-08 0 8.87886e-08 0 5.6891e-07 0 1.51751e-06 0 2.91818e-06 0 4.72215e-06 0 6.90117e-06 0 9.37556e-06 0 1.21613e-05 0 1.52119e-05 0 1.84942e-05 0 2.19954e-05 0 2.57277e-05 0 2.95521e-05 0 3.35842e-05 0 3.77917e-05 0 4.20236e-05 0 4.64649e-05 0 5.09694e-05 0 5.56378e-05 0 6.04542e-05 0 6.52424e-05 0 7.01265e-05 0 7.5088e-05 0 8.01077e-05 0 8.51665e-05 0 9.04439e-05 0 9.55294e-05 0 0.000101025 0 0.000106288 0 0.000111736 0 0.000116896 0 0.000122462 0 0.000127952 0 0.000133346 0 0.000139161 0 0.000144592 0 0.000150165 0 0.00015588 0 0.000161146 0 0.000167135 0
274.221 0.000745351 6.14538e-05 0.000683897 0.917551 0.345411 1.77676e-08 0 1.32009e-07 0 7.72513e-07 0 1.96424e-06 0 3.65862e-06 0 5.7829e-06 0 8.29644e-06 0 1.1104e-05 0 1.42218e-05 0 1.75964e-05 0 2.11906e-05 0 2.49905e-05 0 2.90089e-05 0 3.30973e-05 0 3.738e-05 0 4.18225e-05 0 4.62667e-05 0 5.09076e-05 0 5.55927e-05 0 6.04273e-05 0 6.53946e-05 0 7.03141e-05 0 7.53142e-05 0 8.03764e-05 0 8.54818e-05 0 9.06113e-05 0 9.59471e-05 0 0.000101075 0 0.000106601 0 0.00011188 0 0.000117332 0 0.000122483 0 0.000128028 0 0.000133486 0 0.000138837 0 0.000144594 0 0.000149961 0 0.000155458 0 0.000161085 0 0.000166262 0 0.00017214 0
288.297 0.000751359 6.12419e-05 0.000690117 0.918492 0.334128 2.83853e-08 0 1.91225e-07 0 1.02657e-06 0 2.49401e-06 0 4.50652e-06 0 6.96583e-06 0 9.81924e-06 0 1.29568e-05 0 1.6396e-05 0 2.00773e-05 0 2.39608e-05 0 2.80317e-05 0 3.23043e-05 0 3.66219e-05 0 4.11171e-05 0 4.5754e-05 0 5.03688e-05 0 5.51653e-05 0 5.9986e-05 0 6.49402e-05 0 7.00106e-05 0 7.5014e-05 0 8.00823e-05 0 8.51972e-05 0 9.03401e-05 0 9.54926e-05 0 0.000100838 0 0.000105961 0 0.000111468 0 0.000116717 0 0.000122125 0 0.000127224 0 0.000132702 0 0.000138082 0 0.000143348 0 0.000149001 0 0.000154263 0 0.000159642 0 0.00016514 0 0.000170189 0 0.000175914 0
303.095 0.000753131 6.11597e-05 0.000691971 0.918793 0.324574 4.38697e-08 0 2.69258e-07 0 1.33164e-06 0 3.09801e-06 0 5.43868e-06 0 8.23011e-06 0 1.1409e-05 0 1.48526e-05 0 1.85811e-05 0 2.25301e-05 0 2.6658e-05 0 3.09506e-05 0 3.54234e-05 0 3.99146e-05 0 4.45634e-05 0 4.93332e-05 0 5.40573e-05 0 5.89454e-05 0 6.38378e-05 0 6.88461e-05 0 7.3953e-05 0 7.89753e-05 0 8.40464e-05 0 8.91487e-05 0 9.42643e-05 0 9.93757e-05 0 0.000104664 0 0.000109721 0 0.000115144 0 0.000120301 0 0.000125603 0 0.000130591 0 0.00013594 0 0.000141183 0 0.000146306 0 0.000151796 0 0.000156897 0 0.000162104 0 0.000167416 0 0.000172289 0 0.000177804 0
318.653 0.000749114 6.10179e-05 0.000688096 0.918547 0.312722 6.55e-08 0 3.67939e-07 0 1.6831e-06 0 3.75766e-06 0 6.4182e-06 0 9.51835e-06 0 1.29867e-05 0 1.66911e-05 0 2.06552e-05 0 2.48118e-05 0 2.91192e-05 0 3.35645e-05 0 3.8165e-05 0 4.27563e-05 0 4.74828e-05 0 5.23078e-05 0 5.70647e-05 0 6.19659e-05 0 6.68521e-05 0 7.18356e-05 0 7.68996e-05 0 8.18636e-05 0 8.68607e-05 0 9.18742e-05 0 9.68874e-05 0 0.000101884 0 0.00010704 0 0.000111959 0 0.000117223 0 0.000122218 0 0.000127343 0 0.000132156 0 0.000137306 0 0.000142347 0 0.000147263 0 0.000152522 0 0.000157401 0 0.000162374 0 0.00016744 0 0.00017208 0 0.000177325 0
335.009 0.000739961 6.03551e-05 0.000679606 0.918435 0.294243 9.39141e-08 0 4.84924e-07 0 2.0596e-06 0 4.42162e-06 0 7.35786e-06 0 1.07046e-05 0 1.43863e-05 0 1.82661e-05 0 2.23718e-05 0 2.66362e-05 0 3.10192e-05 0 3.551e-05 0 4.01276e-05 0 4.47096e-05 0 4.9402e-05 0 5.41694e-05 0 5.8849e-05 0 6.36515e-05 0 6.84213e-05 0 7.32693e-05 0 7.81794e-05 0 8.29778e-05 0 8.77945e-05 0 9.2614e-05 0 9.74209e-05 0 0.0001022 0 0.000107121 0 0.000111806 0 0.000116808 0 0.000121545 0 0.000126396 0 0.000130943 0 0.000135801 0 0.000140547 0 0.000145169 0 0.000150105 0 0.000154678 0 0.000159332 0 0.000164067 0 0.000168397 0 0.000173286 0
352.205 0.000728797 5.91584e-05 0.000669639 0.918827 0.26608 1.29445e-07 0 6.16918e-07 0 2.4417e-06 0 5.05036e-06 0 8.19837e-06 0 1.17121e-05 0 1.55161e-05 0 1.94739e-05 0 2.36182e-05 0 2.78843e-05 0 3.22349e-05 0 3.66622e-05 0 4.11868e-05 0 4.5652e-05 0 5.02026e-05 0 5.4805e-05 0 5.93041e-05 0 6.39039e-05 0 6.84564e-05 0 7.30683e-05 0 7.7725e-05 0 8.22625e-05 0 8.68051e-05 0 9.13389e-05 0 9.585e-05 0 0.000100325 0 0.000104923 0 0.00010929 0 0.000113945 0 0.000118345 0 0.000122842 0 0.000127051 0 0.00013154 0 0.000135919 0 0.000140176 0 0.000144717 0 0.000148917 0 0.000153186 0 0.000157523 0 0.000161486 0 0.000165953 0
370.284 0.000719897 5.7817e-05 0.00066208 0.919687 0.227882 1.72841e-07 0 7.63286e-07 0 2.82497e-06 0 5.63993e-06 0 8.94234e-06 0 1.25557e-05 0 1.64087e-05 0 2.03692e-05 0 2.44752e-05 0 2.86659e-05 0 3.29084e-05 0 3.71977e-05 0 4.15562e-05 0 4.58354e-05 0 5.01763e-05 0 5.45478e-05 0 5.88048e-05 0 6.31415e-05 0 6.74194e-05 0 7.17399e-05 0 7.60894e-05 0 8.03162e-05 0 8.45371e-05 0 8.87397e-05 0 9.29119e-05 0 9.70418e-05 0 0.000101277 0 0.000105292 0 0.000109563 0 0.000113592 0 0.000117704 0 0.000121547 0 0.000125639 0 0.000129624 0 0.000133493 0 0.000137614 0 0.000141421 0 0.000145286 0 0.000149208 0 0.000152786 0 0.000156816 0
389.291 0.000716252 5.64748e-05 0.000659777 0.921152 0.181996 2.2441e-07 0 9.21736e-07 0 3.2006e-06 0 6.17853e-06 0 9.5796e-06 0 1.32313e-05 0 1.70695e-05 0 2.09698e-05 0 2.49754e-05 0 2.90308e-05 0 3.31079e-05 0 3.72049e-05 0 4.13454e-05 0 4.53908e-05 0 4.94767e-05 0 5.35749e-05 0 5.75513e-05 0 6.15885e-05 0 6.55586e-05 0 6.95565e-05 0 7.35703e-05 0 7.74608e-05 0 8.13368e-05 0 8.51873e-05 0 8.90018e-05 0 9.27702e-05 0 9.66269e-05 0 0.000100277 0 0.000104153 0 0.000107803 0 0.000111522 0 0.000114993 0 0.000118683 0 0.000122273 0 0.000125753 0 0.000129455 0 0.000132871 0 0.000136333 0 0.000139844 0 0.000143043 0 0.000146643 0
409.273 0.000719157 5.53826e-05 0.000663774 0.92299 0.132367 2.84985e-07 0 1.09258e-06 0 3.57061e-06 0 6.67607e-06 0 1.01335e-05 0 1.37797e-05 0 1.75603e-05 0 2.13607e-05 0 2.5229e-05 0 2.91156e-05 0 3.29975e-05 0 3.68759e-05 0 4.07755e-05 0 4.45682e-05 0 4.8383e-05 0 5.2195e-05 0 5.58809e-05 0 5.96114e-05 0 6.32692e-05 0 6.69425e-05 0 7.0621e-05 0 7.4178e-05 0 7.77137e-05 0 8.12189e-05 0 8.46844e-05 0 8.81016e-05 0 9.15926e-05 0 9.48907e-05 0 9.83875e-05 0 0.000101675 0 0.000105021 0 0.000108138 0 0.000111449 0 0.000114664 0 0.000117777 0 0.000121086 0 0.000124134 0 0.000127222 0 0.000130348 0 0.000133195 0 0.000136395 0
430.281 0.000728216 5.48507e-05 0.000673365 0.924678 0.0831796 3.5654e-07 0 1.28019e-06 0 3.94948e-06 0 7.16376e-06 0 1.06567e-05 0 1.42784e-05 0 1.79855e-05 0 2.16741e-05 0 2.53969e-05 0 2.91107e-05 0 3.2797e-05 0 3.64603e-05 0 4.01257e-05 0 4.36753e-05 0 4.72319e-05 0 5.07733e-05 0 5.41865e-05 0 5.76308e-05 0 6.09987e-05 0 6.43722e-05 0 6.77423e-05 0 7.09938e-05 0 7.42192e-05 0 7.74104e-05 0 8.05596e-05 0 8.36595e-05 0 8.6821e-05 0 8.98031e-05 0 9.29599e-05 0 9.5924e-05 0 9.89358e-05 0 0.000101738 0 0.000104711 0 0.000107595 0 0.000110384 0 0.000113344 0 0.000116069 0 0.000118826 0 0.000121615 0 0.000124152 0 0.000127 0
452.368 0.000741182 5.48008e-05 0.000686381 0.926063 0.0372216 4.39478e-07 0 1.48267e-06 0 4.33043e-06 0 7.6317e-06 0 1.11378e-05 0 1.47151e-05 0 1.83325e-05 0 2.18971e-05 0 2.54664e-05 0 2.90031e-05 0 3.24932e-05 0 3.59439e-05 0 3.93809e-05 0 4.2696e-05 0 4.60055e-05 0 4.92899e-05 0 5.24459e-05 0 5.56219e-05 0 5.87193e-05 0 6.18146e-05 0 6.48997e-05 0 6.787e-05 0 7.08107e-05 0 7.37149e-05 0 7.65759e-05 0 7.93875e-05 0 8.22505e-05 0 8.4947e-05 0 8.77975e-05 0 9.04702e-05 0 9.31826e-05 0 9.57034e-05 0 9.8374e-05 0 0.000100962 0 0.000103462 0 0.000106113 0 0.000108551 0 0.000111015 0 0.000113505 0 0.000115768 0 0.000118307 0
475.588 0.000755082 5.51314e-05 0.000699951 0.926986 -0.00414367 5.33362e-07 0 1.69592e-06 0 4.70228e-06 0 8.0636e-06 0 1.15566e-05 0 1.50669e-05 0 1.8576e-05 0 2.20025e-05 0 2.54079e-05 0 2.87609e-05 0 3.20516e-05 0 3.52896e-05 0 3.85011e-05 0 4.1587e-05 0 4.46572e-05 0 4.76947e-05 0 5.06052e-05 0 5.35265e-05 0 5.63687e-05 0 5.92025e-05 0 6.20212e-05 0 6.47296e-05 0 6.74061e-05 0 7.00448e-05 0 7.26401e-05 0 7.51867e-05 0 7.77761e-05 0 8.02115e-05 0 8.27827e-05 0 8.51904e-05 0 8.76308e-05 0 8.98964e-05 0 9.2294e-05 0 9.46148e-05 0 9.6855e-05 0 9.92277e-05 0 0.000101408 0 0.000103609 0 0.000105832 0 0.00010785 0 0.000110113 0
500 0.000766539 5.57106e-05 0.000710828 0.927322 -0.0405885 6.36453e-07 0 1.91296e-06 0 5.04851e-06 0 8.43578e-06 0 1.18841e-05 0 1.53001e-05 0 1.86781e-05 0 2.19486e-05 0 2.51761e-05 0 2.8335e-05 0 3.14194e-05 0 3.44408e-05 0 3.74255e-05 0 4.02834e-05 0 4.31178e-05 0 4.59137e-05 0 4.85856e-05 0 5.12611e-05 0 5.38582e-05 0 5.64423e-05 0 5.90074e-05 0 6.14678e-05 0 6.3895e-05 0 6.62842e-05 0 6.86306e-05 0 7.09296e-05 0 7.3264e-05 0 7.54569e-05 0 7.7769e-05 0 7.99317e-05 0 8.21213e-05 0 8.4152e-05 0 8.62987e-05 0 8.83747e-05 0 9.03766e-05 0 9.24952e-05 0 9.44397e-05 0 9.64019e-05 0 9.83816e-05 0 0.000100178 0 0.000102191 0
525.665 0.000772127 5.65793e-05 0.000715547 0.926723 -0.0722236 7.4796e-07 0 2.13104e-06 0 5.3666e-06 0 8.74964e-06 0 1.21273e-05 0 1.54284e-05 0 1.86598e-05 0 2.17632e-05 0 2.48056e-05 0 2.77667e-05 0 3.06442e-05 0 3.34511e-05 0 3.62136e-05 0 3.885e-05 0 4.14569e-05 0 4.40215e-05 0 4.64664e-05 0 4.89089e-05 0 5.12749e-05 0 5.36245e-05 0 5.59526e-05 0 5.81818e-05 0 6.03776e-05 0 6.25357e-05 0 6.46521e-05 0 6.67231e-05 0 6.88234e-05 0 7.07939e-05 0 7.28693e-05 0 7.48083e-05 0 7.67695e-05 0 7.85866e-05 0 8.05057e-05 0 8.23599e-05 0 8.41464e-05 0 8.60354e-05 0 8.77678e-05 0 8.95146e-05 0 9.12757e-05 0 9.28727e-05 0 9.46604e-05 0
552.648 0.000768509 5.7311e-05 0.000711198 0.925426 -0.0999158 8.5996e-07 0 2.3288e-06 0 5.60963e-06 0 8.93543e-06 0 1.21956e-05 0 1.53416e-05 0 1.83918e-05 0 2.12992e-05 0 2.41319e-05 0 2.68745e-05 0 2.95277e-05 0 3.21056e-05 0 3.46341e-05 0 3.70396e-05 0 3.94117e-05 0 4.17393e-05 0 4.39532e-05 0 4.61603e-05 0 4.82942e-05 0 5.04094e-05 0 5.25017e-05 0 5.4502e-05 0 5.64693e-05 0 5.84002e-05 0 6.02915e-05 0 6.21398e-05 0 6.40121e-05 0 6.57667e-05 0 6.76128e-05 0 6.93359e-05 0 7.1077e-05 0 7.26886e-05 0 7.43894e-05 0 7.60311e-05 0 7.76118e-05 0 7.92817e-05 0 8.08121e-05 0 8.23542e-05 0 8.39077e-05 0 8.53156e-05 0 8.68907e-05 0
581.015 0.000753218 5.76992e-05 0.000695519 0.923396 -0.124306 9.64881e-07 0 2.48991e-06 0 5.75019e-06 0 8.95972e-06 0 1.20519e-05 0 1.50005e-05 0 1.78337e-05 0 2.05152e-05 0 2.31128e-05 0 2.56155e-05 0 2.80265e-05 0 3.03606e-05 0 3.26424e-05 0 3.48071e-05 0 3.69362e-05 0 3.90205e-05 0 4.09987e-05 0 4.2967e-05 0 4.48666e-05 0 4.67464e-05 0 4.86028e-05 0 5.0375e-05 0 5.21157e-05 0 5.3822e-05 0 5.54912e-05 0 5.71207e-05 0 5.87695e-05 0 6.03131e-05 0 6.19356e-05 0 6.34486e-05 0 6.4976e-05 0 6.63887e-05 0 6.78782e-05 0 6.93151e-05 0 7.06974e-05 0 7.21567e-05 0 7.34932e-05 0 7.4839e-05 0 7.61939e-05 0 7.74211e-05 0 7.87932e-05 0
610.839 0.000724865 5.7562e-05 0.000667304 0.920589 -0.145944 1.05426e-06 0 2.59884e-06 0 5.76682e-06 0 8.80026e-06 0 1.16757e-05 0 1.4387e-05 0 1.69704e-05 0 1.93994e-05 0 2.17397e-05 0 2.39843e-05 0 2.61382e-05 0 2.82163e-05 0 3.02417e-05 0 3.2158e-05 0 3.40384e-05 0 3.58751e-05 0 3.7615e-05 0 3.9343e-05 0 4.10078e-05 0 4.26528e-05 0 4.42749e-05 0 4.58214e-05 0 4.73384e-05 0 4.88237e-05 0 5.0275e-05 0 5.16904e-05 0 5.31211e-05 0 5.44593e-05 0 5.58646e-05 0 5.71739e-05 0 5.84946e-05 0 5.97151e-05 0 6.10012e-05 0 6.22408e-05 0 6.34326e-05 0 6.46899e-05 0 6.58407e-05 0 6.69988e-05 0 6.8164e-05 0 6.92189e-05 0 7.03976e-05 0
642.193 0.000683761 5.67832e-05 0.000626977 0.916954 -0.165321 1.12038e-06 0 2.64449e-06 0 5.65038e-06 0 8.45432e-06 0 1.10719e-05 0 1.35144e-05 0 1.58234e-05 0 1.79811e-05 0 2.00495e-05 0 2.2025e-05 0 2.39137e-05 0 2.57303e-05 0 2.74958e-05 0 2.91622e-05 0 3.07936e-05 0 3.23839e-05 0 3.38876e-05 0 3.53786e-05 0 3.68128e-05 0 3.82279e-05 0 3.96214e-05 0 4.09483e-05 0 4.22484e-05 0 4.35199e-05 0 4.47611e-05 0 4.59704e-05 0 4.71916e-05 0 4.83328e-05 0 4.95303e-05 0 5.06451e-05 0 5.17687e-05 0 5.28064e-05 0 5.38991e-05 0 5.49516e-05 0 5.59628e-05 0 5.7029e-05 0 5.80043e-05 0 5.89853e-05 0 5.99717e-05 0 6.08643e-05 0 6.18612e-05 0
675.157 0.000631942 5.53404e-05 0.000576601 0.912428 -0.182849 1.15801e-06 0 2.62309e-06 0 5.40767e-06 0 7.94194e-06 0 1.02742e-05 0 1.24291e-05 0 1.44515e-05 0 1.63304e-05 0 1.81233e-05 0 1.98288e-05 0 2.1454e-05 0 2.30125e-05 0 2.45233e-05 0 2.59459e-05 0 2.73358e-05 0 2.86883e-05 0 2.99648e-05 0 3.12286e-05 0 3.24426e-05 0 3.36387e-05 0 3.48153e-05 0 3.59342e-05 0 3.70293e-05 0 3.80993e-05 0 3.91428e-05 0 4.01586e-05 0 4.11835e-05 0 4.21405e-05 0 4.31439e-05 0 4.40773e-05 0 4.50175e-05 0 4.58852e-05 0 4.67983e-05 0 4.76773e-05 0 4.85214e-05 0 4.94109e-05 0 5.0224e-05 0 5.10415e-05 0 5.18631e-05 0 5.26062e-05 0 5.34358e-05 0
709.813 0.000572611 5.33619e-05 0.000519249 0.90681 -0.198772 1.16672e-06 0 2.54174e-06 0 5.06565e-06 0 7.31006e-06 0 9.34808e-06 0 1.1214e-05 0 1.29532e-05 0 1.45605e-05 0 1.60875e-05 0 1.75348e-05 0 1.89096e-05 0 2.02244e-05 0 2.14959e-05 0 2.26907e-05 0 2.38558e-05 0 2.49875e-05 0 2.60541e-05 0 2.71085e-05 0 2.812e-05 0 2.91154e-05 0 3.00933e-05 0 3.10223e-05 0 3.19308e-05 0 3.28175e-05 0 3.36816e-05 0 3.45219e-05 0 3.53692e-05 0 3.61598e-05 0 3.69881e-05 0 3.77581e-05 0 3.85332e-05 0 3.92481e-05 0 4e-05 0 4.07234e-05 0 4.14177e-05 0 4.21489e-05 0 4.28171e-05 0 4.34885e-05 0 4.4163e-05 0 4.47728e-05 0 4.54532e-05 0
746.248 0.000509647 5.10724e-05 0.000458575 0.899789 -0.213204 1.15044e-06 0 2.41543e-06 0 4.66244e-06 0 6.61762e-06 0 8.37093e-06 0 9.96255e-06 0 1.14367e-05 0 1.27923e-05 0 1.4075e-05 0 1.52867e-05 0 1.64343e-05 0 1.75291e-05 0 1.85855e-05 0 1.95762e-05 0 2.05406e-05 0 2.14759e-05 0 2.23561e-05 0 2.3225e-05 0 2.40576e-05 0 2.48761e-05 0 2.56793e-05 0 2.64416e-05 0 2.71863e-05 0 2.79126e-05 0 2.86198e-05 0 2.93071e-05 0 2.99995e-05 0 3.06451e-05 0 3.13211e-05 0 3.19491e-05 0 3.2581e-05 0 3.31634e-05 0 3.37757e-05 0 3.43644e-05 0 3.49292e-05 0 3.55237e-05 0 3.60667e-05 0 3.66121e-05 0 3.71599e-05 0 3.76548e-05 0 3.82069e-05 0
784.553 0.000446478 4.84518e-05 0.000398026 0.89148 -0.22646 1.10951e-06 0 2.2495e-06 0 4.21305e-06 0 5.8871e-06 0 7.37089e-06 0 8.70721e-06 0 9.93766e-06 0 1.1064e-05 0 1.21257e-05 0 1.31255e-05 0 1.407e-05 0 1.49689e-05 0 1.58345e-05 0 1.66448e-05 0 1.74323e-05 0 1.81949e-05 0 1.89116e-05 0 1.96183e-05 0 2.02947e-05 0 2.09589e-05 0 2.16101e-05 0 2.22276e-05 0 2.28304e-05 0 2.34178e-05 0 2.39892e-05 0 2.45442e-05 0 2.5103e-05 0 2.56238e-05 0 2.61686e-05 0 2.66746e-05 0 2.71833e-05 0 2.7652e-05 0 2.81444e-05 0 2.86178e-05 0 2.90716e-05 0 2.95492e-05 0 2.99852e-05 0 3.0423e-05 0 3.08624e-05 0 3.12594e-05 0 3.1702e-05 0
824.824 0.000386016 4.56631e-05 0.000340352 0.881707 -0.23867 1.04963e-06 0 2.05894e-06 0 3.74788e-06 0 5.16061e-06 0 6.39926e-06 0 7.50662e-06 0 8.5207e-06 0 9.44501e-06 0 1.03134e-05 0 1.11287e-05 0 1.18969e-05 0 1.26266e-05 0 1.33279e-05 0 1.39833e-05 0 1.46194e-05 0 1.52345e-05 0 1.58118e-05 0 1.63805e-05 0 1.69242e-05 0 1.74576e-05 0 1.79801e-05 0 1.84752e-05 0 1.8958e-05 0 1.94282e-05 0 1.98854e-05 0 2.03291e-05 0 2.07756e-05 0 2.11914e-05 0 2.16262e-05 0 2.20298e-05 0 2.24354e-05 0 2.28089e-05 0 2.32011e-05 0 2.3578e-05 0 2.39392e-05 0 2.43192e-05 0 2.46659e-05 0 2.50139e-05 0 2.53631e-05 0 2.56785e-05 0 2.603e-05 0
867.163 0.000330313 4.28482e-05 0.000287465 0.87028 -0.249928 9.76918e-07 0 1.85741e-06 0 3.29147e-06 0 4.46982e-06 0 5.4926e-06 0 6.40076e-06 0 7.22824e-06 0 7.97951e-06 0 8.68305e-06 0 9.34186e-06 0 9.96126e-06 0 1.05484e-05 0 1.11117e-05 0 1.16373e-05 0 1.21468e-05 0 1.26388e-05 0 1.31001e-05 0 1.3554e-05 0 1.39876e-05 0 1.44126e-05 0 1.48285e-05 0 1.52223e-05 0 1.56062e-05 0 1.59797e-05 0 1.63427e-05 0 1.66947e-05 0 1.70488e-05 0 1.73783e-05 0 1.77228e-05 0 1.80424e-05 0 1.83634e-05 0 1.86589e-05 0 1.89691e-05 0 1.9267e-05 0 1.95524e-05 0 1.98525e-05 0 2.01263e-05 0 2.0401e-05 0 2.06766e-05 0 2.09254e-05 0 2.12026e-05 0
911.674 0.000280641 4.0119e-05 0.000240522 0.857045 -0.260293 8.97049e-07 0 1.65603e-06 0 2.86129e-06 0 3.83534e-06 0 4.67293e-06 0 5.41197e-06 0 6.08222e-06 0 6.68854e-06 0 7.25468e-06 0 7.78353e-06 0 8.2797e-06 0 8.74916e-06 0 9.19888e-06 0 9.61792e-06 0 1.00235e-05 0 1.04148e-05 0 1.07813e-05 0 1.11416e-05 0 1.14855e-05 0 1.18223e-05 0 1.21516e-05 0 1.24632e-05 0 1.27667e-05 0 1.30619e-05 0 1.33486e-05 0 1.36265e-05 0 1.39059e-05 0 1.41658e-05 0 1.44373e-05 0 1.46891e-05 0 1.49419e-05 0 1.51746e-05 0 1.54187e-05 0 1.56531e-05 0 1.58775e-05 0 1.61135e-05 0 1.63287e-05 0 1.65445e-05 0 1.6761e-05 0 1.69563e-05 0 1.7174e-05 0
958.471 0.000237238 3.75417e-05 0.000199696 0.841755 -0.269855 8.14474e-07 0 1.46235e-06 0 2.46719e-06 0 3.26683e-06 0 3.9485e-06 0 4.54647e-06 0 5.08647e-06 0 5.57332e-06 0 6.02669e-06 0 6.44924e-06 0 6.84492e-06 0 7.21868e-06 0 7.5762e-06 0 7.9089e-06 0 8.23056e-06 0 8.54055e-06 0 8.83063e-06 0 9.11555e-06 0 9.38725e-06 0 9.65315e-06 0 9.91304e-06 0 1.01587e-05 0 1.03979e-05 0 1.06304e-05 0 1.08561e-05 0 1.10748e-05 0 1.12945e-05 0 1.14988e-05 0 1.17122e-05 0 1.191e-05 0 1.21085e-05 0 1.22911e-05 0 1.24826e-05 0 1.26665e-05 0 1.28425e-05 0 1.30275e-05 0 1.31961e-05 0 1.33652e-05 0 1.35347e-05 0 1.36877e-05 0 1.38581e-05 0
1007.67 0.000199986 3.51708e-05 0.000164815 0.824133 -0.278649 7.32928e-07 0 1.28189e-06 0 2.1148e-06 0 2.76818e-06 0 3.32073e-06 0 3.80284e-06 0 4.23648e-06 0 4.62625e-06 0 4.98831e-06 0 5.32506e-06 0 5.63985e-06 0 5.93673e-06 0 6.22034e-06 0 6.48395e-06 0 6.73855e-06 0 6.98368e-06 0 7.21285e-06 0 7.43778e-06 0 7.65211e-06 0 7.86173e-06 0 8.06648e-06 0 8.25994e-06 0 8.44818e-06 0 8.63106e-06 0 8.80848e-06 0 8.98032e-06 0 9.1529e-06 0 9.31333e-06 0 9.48081e-06 0 9.63598e-06 0 9.79167e-06 0 9.93485e-06 0 1.0085e-05 0 1.02291e-05 0 1.03669e-05 0 1.05118e-05 0 1.06438e-05 0 1.07762e-05 0 1.09089e-05 0 1.10286e-05 0 1.11618e-05 0
1059.39 0.000168577 3.30938e-05 0.000135483 0.803687 -0.286631 6.56156e-07 0 1.11962e-06 0 1.80857e-06 0 2.34189e-06 0 2.78959e-06 0 3.17828e-06 0 3.52662e-06 0 3.83884e-06 0 4.12821e-06 0 4.39683e-06 0 4.64753e-06 0 4.88365e-06 0 5.10893e-06 0 5.31809e-06 0 5.51991e-06 0 5.71405e-06 0 5.89542e-06 0 6.0733e-06 0 6.24268e-06 0 6.40824e-06 0 6.56985e-06 0 6.72248e-06 0 6.87091e-06 0 7.01506e-06 0 7.15483e-06 0 7.29016e-06 0 7.42601e-06 0 7.55226e-06 0 7.68401e-06 0 7.80603e-06 0 7.92843e-06 0 8.04096e-06 0 8.15893e-06 0 8.27208e-06 0 8.38036e-06 0 8.49408e-06 0 8.59771e-06 0 8.70158e-06 0 8.80567e-06 0 8.89954e-06 0 9.00406e-06 0
1113.77 0.000142257 3.12059e-05 0.000111051 0.780637 -0.293946 5.83418e-07 0 9.72627e-07 0 1.54031e-06 0 1.97439e-06 0 2.3363e-06 0 2.64908e-06 0 2.92846e-06 0 3.17823e-06 0 3.40922e-06 0 3.62329e-06 0 3.82278e-06 0 4.01042e-06 0 4.18925e-06 0 4.35512e-06 0 4.51503e-06 0 4.66873e-06 0 4.81221e-06 0 4.95284e-06 0 5.08667e-06 0 5.21741e-06 0 5.34497e-06 0 5.46537e-06 0 5.58242e-06 0 5.69603e-06 0 5.80616e-06 0 5.91274e-06 0 6.0197e-06 0 6.11906e-06 0 6.22272e-06 0 6.3187e-06 0 6.41495e-06 0 6.50341e-06 0 6.59612e-06 0 6.68502e-06 0 6.77008e-06 0 6.8594e-06 0 6.94077e-06 0 7.0223e-06 0 7.104e-06 0 7.17767e-06 0 7.25967e-06 0
1170.94 0.000120294 2.9493e-05 9.0801e-05 0.754826 -0.30065 5.15551e-07 0 8.40885e-07 0 1.30713e-06 0 1.65961e-06 0 1.95166e-06 0 2.203e-06 0 2.42682e-06 0 2.62643e-06 0 2.8107e-06 0 2.98118e-06 0 3.13984e-06 0 3.28891e-06 0 3.43083e-06 0 3.56235e-06 0 3.68903e-06 0 3.81071e-06 0 3.92423e-06 0 4.03542e-06 0 4.14118e-06 0 4.24444e-06 0 4.34514e-06 0 4.44015e-06 0 4.53247e-06 0 4.62205e-06 0 4.70886e-06 0 4.79284e-06 0 4.87708e-06 0 4.95533e-06 0 5.03693e-06 0 5.11246e-06 0 5.18819e-06 0 5.25777e-06 0 5.33068e-06 0 5.40058e-06 0 5.46744e-06 0 5.53763e-06 0 5.60157e-06 0 5.66562e-06 0 5.72979e-06 0 5.78764e-06 0 5.85203e-06 0
1231.05 0.000102076 2.79607e-05 7.41154e-05 0.72608 -0.306748 4.53373e-07 0 7.24413e-07 0 1.10657e-06 0 1.39248e-06 0 1.628e-06 0 1.82992e-06 0 2.00921e-06 0 2.16878e-06 0 2.31582e-06 0 2.45166e-06 0 2.57793e-06 0 2.69643e-06 0 2.80914e-06 0 2.91351e-06 0 3.01397e-06 0 3.1104e-06 0 3.2003e-06 0 3.28831e-06 0 3.37199e-06 0 3.45364e-06 0 3.53324e-06 0 3.60831e-06 0 3.68123e-06 0 3.75196e-06 0 3.82047e-06 0 3.88673e-06 0 3.95319e-06 0 4.01489e-06 0 4.07922e-06 0 4.13876e-06 0 4.19843e-06 0 4.25325e-06 0 4.31068e-06 0 4.36572e-06 0 4.41837e-06 0 4.47362e-06 0 4.52394e-06 0 4.57434e-06 0 4.62483e-06 0 4.67034e-06 0 4.72098e-06 0
1294.24 8.70805e-05 2.66112e-05 6.04693e-05 0.694406 -0.312237 3.97259e-07 0 6.22599e-07 0 9.35579e-07 0 1.16748e-06 0 1.3575e-06 0 1.51984e-06 0 1.66362e-06 0 1.79132e-06 0 1.90881e-06 0 2.01722e-06 0 2.11786e-06 0 2.21223e-06 0 2.30191e-06 0 2.38488e-06 0 2.4647e-06 0 2.54126e-06 0 2.6126e-06 0 2.68241e-06 0 2.74875e-06 0 2.81346e-06 0 2.87652e-06 0 2.93596e-06 0 2.99368e-06 0 3.04966e-06 0 3.10386e-06 0 3.15626e-06 0 3.20881e-06 0 3.25758e-06 0 3.30843e-06 0 3.35547e-06 0 3.4026e-06 0 3.4459e-06 0 3.49125e-06 0 3.5347e-06 0 3.57626e-06 0 3.61986e-06 0 3.65957e-06 0 3.69934e-06 0 3.73916e-06 0 3.77506e-06 0 3.81499e-06 0
1360.67 7.46817e-05 2.53833e-05 4.92984e-05 0.660114 -0.317219 3.46418e-07 0 5.33148e-07 0 7.88927e-07 0 9.76768e-07 0 1.12994e-06 0 1.26038e-06 0 1.37564e-06 0 1.47782e-06 0 1.57169e-06 0 1.6582e-06 0 1.73843e-06 0 1.81359e-06 0 1.88496e-06 0 1.95095e-06 0 2.01439e-06 0 2.07521e-06 0 2.13186e-06 0 2.18726e-06 0 2.23989e-06 0 2.2912e-06 0 2.34119e-06 0 2.3883e-06 0 2.43402e-06 0 2.47835e-06 0 2.52126e-06 0 2.56275e-06 0 2.60433e-06 0 2.64292e-06 0 2.68314e-06 0 2.72033e-06 0 2.75761e-06 0 2.79183e-06 0 2.82767e-06 0 2.86202e-06 0 2.89485e-06 0 2.9293e-06 0 2.96066e-06 0 2.99207e-06 0 3.02352e-06 0 3.05186e-06 0 3.08339e-06 0
1430.51 6.44237e-05 2.4257e-05 4.01667e-05 0.623477 -0.321734 3.00649e-07 0 4.54884e-07 0 6.63469e-07 0 8.15405e-07 0 9.3875e-07 0 1.04348e-06 0 1.13582e-06 0 1.21755e-06 0 1.29253e-06 0 1.36156e-06 0 1.42551e-06 0 1.48538e-06 0 1.54219e-06 0 1.59468e-06 0 1.64511e-06 0 1.69344e-06 0 1.73843e-06 0 1.78242e-06 0 1.82418e-06 0 1.86489e-06 0 1.90453e-06 0 1.94188e-06 0 1.97812e-06 0 2.01325e-06 0 2.04724e-06 0 2.0801e-06 0 2.11302e-06 0 2.14357e-06 0 2.1754e-06 0 2.20484e-06 0 2.23433e-06 0 2.26141e-06 0 2.28976e-06 0 2.31692e-06 0 2.34288e-06 0 2.37012e-06 0 2.39491e-06 0 2.41973e-06 0 2.44459e-06 0 2.46698e-06 0 2.49189e-06 0
1503.94 5.59411e-05 2.32225e-05 3.27186e-05 0.584876 -0.325807 2.59777e-07 0 3.86804e-07 0 5.56584e-07 0 6.79332e-07 0 7.78575e-07 0 8.62614e-07 0 9.36566e-07 0 1.00192e-06 0 1.06181e-06 0 1.11688e-06 0 1.16787e-06 0 1.21556e-06 0 1.26078e-06 0 1.30255e-06 0 1.34265e-06 0 1.38107e-06 0 1.41682e-06 0 1.45175e-06 0 1.48491e-06 0 1.51722e-06 0 1.54867e-06 0 1.5783e-06 0 1.60704e-06 0 1.63489e-06 0 1.66184e-06 0 1.68788e-06 0 1.71397e-06 0 1.73817e-06 0 1.76338e-06 0 1.7867e-06 0 1.81005e-06 0 1.83148e-06 0 1.85392e-06 0 1.87542e-06 0 1.89596e-06 0 1.91751e-06 0 1.93713e-06 0 1.95677e-06 0 1.97643e-06 0 1.99414e-06 0 2.01384e-06 0
1581.14 4.89826e-05 2.23168e-05 2.66658e-05 0.544393 -0.329365 2.24006e-07 0 3.2857e-07 0 4.66824e-07 0 5.66095e-07 0 6.46058e-07 0 7.13605e-07 0 7.72939e-07 0 8.25302e-07 0 8.73233e-07 0 9.17268e-07 0 9.58004e-07 0 9.9608e-07 0 1.03217e-06 0 1.06548e-06 0 1.09745e-06 0 1.12806e-06 0 1.15653e-06 0 1.18435e-06 0 1.21075e-06 0 1.23646e-06 0 1.26148e-06 0 1.28505e-06 0 1.3079e-06 0 1.33005e-06 0 1.35146e-06 0 1.37216e-06 0 1.39289e-06 0 1.41211e-06 0 1.43214e-06 0 1.45066e-06 0 1.4692e-06 0 1.48621e-06 0 1.50403e-06 0 1.52109e-06 0 1.5374e-06 0 1.5545e-06 0 1.57006e-06 0 1.58564e-06 0 1.60124e-06 0 1.61528e-06 0 1.63091e-06 0
1662.3 4.31986e-05 2.14709e-05 2.17278e-05 0.502974 -0.332548 1.92325e-07 0 2.78153e-07 0 3.90515e-07 0 4.70689e-07 0 5.35051e-07 0 5.89296e-07 0 6.36868e-07 0 6.788e-07 0 7.17142e-07 0 7.52339e-07 0 7.84876e-07 0 8.1527e-07 0 8.4406e-07 0 8.70622e-07 0 8.96108e-07 0 9.20498e-07 0 9.43178e-07 0 9.65329e-07 0 9.86341e-07 0 1.0068e-06 0 1.02671e-06 0 1.04546e-06 0 1.06364e-06 0 1.08124e-06 0 1.09827e-06 0 1.11472e-06 0 1.13119e-06 0 1.14647e-06 0 1.16238e-06 0 1.17709e-06 0 1.19181e-06 0 1.20533e-06 0 1.21947e-06 0 1.23302e-06 0 1.24596e-06 0 1.25954e-06 0 1.27189e-06 0 1.28426e-06 0 1.29663e-06 0 1.30778e-06 0 1.32018e-06 0
1747.63 3.83771e-05 2.06756e-05 1.77015e-05 0.461252 -0.335388 1.64425e-07 0 2.34681e-07 0 3.25823e-07 0 3.90484e-07 0 4.42231e-07 0 4.85755e-07 0 5.23869e-07 0 5.57424e-07 0 5.8808e-07 0 6.16199e-07 0 6.42176e-07 0 6.66428e-07 0 6.89391e-07 0 7.10567e-07 0 7.30876e-07 0 7.50306e-07 0 7.68369e-07 0 7.86005e-07 0 8.02729e-07 0 8.19014e-07 0 8.34854e-07 0 8.49764e-07 0 8.64219e-07 0 8.78218e-07 0 8.91755e-07 0 9.04829e-07 0 9.17922e-07 0 9.30061e-07 0 9.42703e-07 0 9.54387e-07 0 9.66085e-07 0 9.76819e-07 0 9.88053e-07 0 9.9881e-07 0 1.00909e-06 0 1.01987e-06 0 1.02967e-06 0 1.03949e-06 0 1.04931e-06 0 1.05816e-06 0 1.06799e-06 0
1837.33 3.43523e-05 1.99246e-05 1.44277e-05 0.419992 -0.337905 1.40001e-07 0 1.9736e-07 0 2.71154e-07 0 3.23233e-07 0 3.64793e-07 0 3.99684e-07 0 4.30196e-07 0 4.57032e-07 0 4.81527e-07 0 5.0398e-07 0 5.24711e-07 0 5.44056e-07 0 5.62363e-07 0 5.7924e-07 0 5.9542e-07 0 6.10896e-07 0 6.25277e-07 0 6.39316e-07 0 6.52626e-07 0 6.65582e-07 0 6.78183e-07 0 6.90042e-07 0 7.01537e-07 0 7.12666e-07 0 7.23428e-07 0 7.3382e-07 0 7.44225e-07 0 7.53872e-07 0 7.63916e-07 0 7.73198e-07 0 7.8249e-07 0 7.91016e-07 0 7.99938e-07 0 8.0848e-07 0 8.16641e-07 0 8.25198e-07 0 8.32983e-07 0 8.40775e-07 0 8.48572e-07 0 8.55594e-07 0 8.63402e-07 0
1931.64 3.0976e-05 1.92116e-05 1.17644e-05 0.379789 -0.340127 1.18734e-07 0 1.65445e-07 0 2.25085e-07 0 2.66974e-07 0 3.00316e-07 0 3.2826e-07 0 3.52667e-07 0 3.74112e-07 0 3.93673e-07 0 4.11592e-07 0 4.28127e-07 0 4.43549e-07 0 4.58139e-07 0 4.71584e-07 0 4.8447e-07 0 4.96791e-07 0 5.08238e-07 0 5.1941e-07 0 5.29999e-07 0 5.40306e-07 0 5.50327e-07 0 5.59757e-07 0 5.68896e-07 0 5.77743e-07 0 5.86297e-07 0 5.94555e-07 0 6.02824e-07 0 6.10488e-07 0 6.18468e-07 0 6.25841e-07 0 6.33221e-07 0 6.39993e-07 0 6.47078e-07 0 6.53861e-07 0 6.60341e-07 0 6.67134e-07 0 6.73315e-07 0 6.79499e-07 0 6.85688e-07 0 6.91262e-07 0 6.97459e-07 0
2030.79 2.81783e-05 1.85871e-05 9.59118e-06 0.340374 -0.341934 1.00612e-07 0 1.38674e-07 0 1.86935e-07 0 2.20682e-07 0 2.47482e-07 0 2.69908e-07 0 2.89473e-07 0 3.06649e-07 0 3.22305e-07 0 3.36639e-07 0 3.4986e-07 0 3.62185e-07 0 3.73841e-07 0 3.84579e-07 0 3.94868e-07 0 4.04703e-07 0 4.13838e-07 0 4.22752e-07 0 4.31199e-07 0 4.39419e-07 0 4.47411e-07 0 4.54929e-07 0 4.62215e-07 0 4.69267e-07 0 4.76084e-07 0 4.82665e-07 0 4.89253e-07 0 4.9536e-07 0 5.01717e-07 0 5.0759e-07 0 5.13469e-07 0 5.18861e-07 0 5.24504e-07 0 5.29905e-07 0 5.35065e-07 0 5.40474e-07 0 5.45394e-07 0 5.50318e-07 0 5.55244e-07 0 5.59681e-07 0 5.64613e-07 0
2135.03 2.59292e-05 1.81117e-05 7.81749e-06 0.301493 -0.343136 8.55253e-08 0 1.16682e-07 0 1.55936e-07 0 1.83277e-07 0 2.04941e-07 0 2.23045e-07 0 2.38824e-07 0 2.52665e-07 0 2.65273e-07 0 2.7681e-07 0 2.87447e-07 0 2.9736e-07 0 3.06731e-07 0 3.15361e-07 0 3.23629e-07 0 3.31529e-07 0 3.38867e-07 0 3.46025e-07 0 3.52807e-07 0 3.59406e-07 0 3.6582e-07 0 3.71853e-07 0 3.77699e-07 0 3.83357e-07 0 3.88826e-07 0 3.94105e-07 0 3.99389e-07 0 4.04287e-07 0 4.09384e-07 0 4.14094e-07 0 4.18807e-07 0 4.2313e-07 0 4.27654e-07 0 4.31983e-07 0 4.36119e-07 0 4.40454e-07 0 4.44397e-07 0 4.48343e-07 0 4.52291e-07 0 4.55846e-07 0 4.59797e-07 0
2244.63 2.40268e-05 1.76501e-05 6.37679e-06 0.265403 -0.344078 7.24369e-08 0 9.78831e-08 0 1.29757e-07 0 1.51877e-07 0 1.6937e-07 0 1.8397e-07 0 1.96683e-07 0 2.07827e-07 0 2.17972e-07 0 2.27251e-07 0 2.35803e-07 0 2.43769e-07 0 2.51299e-07 0 2.58231e-07 0 2.6487e-07 0 2.71213e-07 0 2.77103e-07 0 2.82848e-07 0 2.8829e-07 0 2.93585e-07 0 2.9873e-07 0 3.0357e-07 0 3.08259e-07 0 3.12796e-07 0 3.17181e-07 0 3.21414e-07 0 3.2565e-07 0 3.29576e-07 0 3.33662e-07 0 3.37436e-07 0 3.41214e-07 0 3.44679e-07 0 3.48303e-07 0 3.51773e-07 0 3.55086e-07 0 3.58559e-07 0 3.61718e-07 0 3.64879e-07 0 3.68042e-07 0 3.70889e-07 0 3.74055e-07 0
2359.84 2.2401e-05 1.71992e-05 5.20176e-06 0.232211 -0.344782 6.11342e-08 0 8.18707e-08 0 1.07708e-07 0 1.2558e-07 0 1.39689e-07 0 1.5145e-07 0 1.61682e-07 0 1.70646e-07 0 1.78803e-07 0 1.8626e-07 0 1.93129e-07 0 1.99527e-07 0 2.05572e-07 0 2.11137e-07 0 2.16464e-07 0 2.21554e-07 0 2.26279e-07 0 2.30886e-07 0 2.35251e-07 0 2.39496e-07 0 2.43622e-07 0 2.47502e-07 0 2.5126e-07 0 2.54897e-07 0 2.58411e-07 0 2.61803e-07 0 2.65197e-07 0 2.68343e-07 0 2.71616e-07 0 2.7464e-07 0 2.77666e-07 0 2.80441e-07 0 2.83344e-07 0 2.86123e-07 0 2.88777e-07 0 2.91558e-07 0 2.94088e-07 0 2.96619e-07 0 2.99151e-07 0 3.01431e-07 0 3.03965e-07 0
2480.97 2.10001e-05 1.67573e-05 4.24276e-06 0.202035 -0.345267 5.14183e-08 0 6.82811e-08 0 8.91913e-08 0 1.03611e-07 0 1.14976e-07 0 1.24441e-07 0 1.32668e-07 0 1.39872e-07 0 1.46424e-07 0 1.52411e-07 0 1.57925e-07 0 1.63059e-07 0 1.67909e-07 0 1.72372e-07 0 1.76644e-07 0 1.80725e-07 0 1.84512e-07 0 1.88206e-07 0 1.91703e-07 0 1.95105e-07 0 1.98411e-07 0 2.01519e-07 0 2.0453e-07 0 2.07443e-07 0 2.10258e-07 0 2.12974e-07 0 2.15692e-07 0 2.18211e-07 0 2.20832e-07 0 2.23253e-07 0 2.25676e-07 0 2.27898e-07 0 2.30222e-07 0 2.32446e-07 0 2.3457e-07 0 2.36796e-07 0 2.38821e-07 0 2.40846e-07 0 2.42873e-07 0 2.44697e-07 0 2.46725e-07 0
2608.32 1.97841e-05 1.63232e-05 3.46091e-06 0.174933 -0.345549 4.31043e-08 0 5.67896e-08 0 7.36852e-08 0 8.53044e-08 0 9.44493e-08 0 1.02057e-07 0 1.08667e-07 0 1.1445e-07 0 1.19708e-07 0 1.24511e-07 0 1.28934e-07 0 1.3305e-07 0 1.36938e-07 0 1.40515e-07 0 1.43938e-07 0 1.47208e-07 0 1.50242e-07 0 1.532e-07 0 1.56001e-07 0 1.58726e-07 0 1.61372e-07 0 1.63861e-07 0 1.66271e-07 0 1.68603e-07 0 1.70856e-07 0 1.7303e-07 0 1.75206e-07 0 1.77222e-07 0 1.79319e-07 0 1.81256e-07 0 1.83195e-07 0 1.84972e-07 0 1.86832e-07 0 1.88611e-07 0 1.9031e-07 0 1.92091e-07 0 1.93711e-07 0 1.95331e-07 0 1.96952e-07 0 1.98411e-07 0 2.00033e-07 0
2742.21 1.87212e-05 1.58961e-05 2.82509e-06 0.150903 -0.345642 3.60209e-08 0 4.71063e-08 0 6.07377e-08 0 7.00887e-08 0 7.74387e-08 0 8.35481e-08 0 8.88522e-08 0 9.34914e-08 0 9.77073e-08 0 1.01558e-07 0 1.05101e-07 0 1.08399e-07 0 1.11513e-07 0 1.14378e-07 0 1.17119e-07 0 1.19737e-07 0 1.22166e-07 0 1.24533e-07 0 1.26776e-07 0 1.28956e-07 0 1.31074e-07 0 1.33065e-07 0 1.34993e-07 0 1.36858e-07 0 1.38661e-07 0 1.404e-07 0 1.4214e-07 0 1.43752e-07 0 1.45429e-07 0 1.46979e-07 0 1.48529e-07 0 1.4995e-07 0 1.51437e-07 0 1.52859e-07 0 1.54218e-07 0 1.55642e-07 0 1.56936e-07 0 1.58232e-07 0 1.59527e-07 0 1.60694e-07 0 1.6199e-07 0
2882.97 1.77806e-05 1.54749e-05 2.30578e-06 0.129679 -0.345563 3.00099e-08 0 3.8973e-08 0 4.99546e-08 0 5.74709e-08 0 6.33717e-08 0 6.82726e-08 0 7.25251e-08 0 7.62429e-08 0 7.96203e-08 0 8.27039e-08 0 8.55413e-08 0 8.81814e-08 0 9.06736e-08 0 9.29659e-08 0 9.51594e-08 0 9.72534e-08 0 9.91964e-08 0 1.0109e-07 0 1.02883e-07 0 1.04627e-07 0 1.0632e-07 0 1.07912e-07 0 1.09454e-07 0 1.10945e-07 0 1.12386e-07 0 1.13776e-07 0 1.15167e-07 0 1.16455e-07 0 1.17796e-07 0 1.19034e-07 0 1.20273e-07 0 1.21409e-07 0 1.22597e-07 0 1.23733e-07 0 1.24819e-07 0 1.25956e-07 0 1.26991e-07 0 1.28026e-07 0 1.29061e-07 0 1.29993e-07 0 1.31028e-07 0
3030.95 1.69407e-05 1.5059e-05 1.88167e-06 0.111074 -0.345327 2.4929e-08 0 3.21635e-08 0 4.0998e-08 0 4.70324e-08 0 5.17645e-08 0 5.5692e-08 0 5.90981e-08 0 6.20748e-08 0 6.4778e-08 0 6.72455e-08 0 6.95154e-08 0 7.16271e-08 0 7.36202e-08 0 7.54532e-08 0 7.72068e-08 0 7.88808e-08 0 8.04339e-08 0 8.19475e-08 0 8.33805e-08 0 8.47736e-08 0 8.61268e-08 0 8.73988e-08 0 8.86306e-08 0 8.9822e-08 0 9.09729e-08 0 9.20833e-08 0 9.31942e-08 0 9.42233e-08 0 9.52941e-08 0 9.62829e-08 0 9.72721e-08 0 9.81792e-08 0 9.91278e-08 0 1.00036e-07 0 1.00902e-07 0 1.01811e-07 0 1.02637e-07 0 1.03463e-07 0 1.04289e-07 0 1.05033e-07 0 1.0586e-07 0
3186.53 1.61847e-05 1.46485e-05 1.5362e-06 0.0949171 -0.344944 2.06508e-08 0 2.64807e-08 0 3.35785e-08 0 3.84176e-08 0 4.22087e-08 0 4.53531e-08 0 4.80787e-08 0 5.04599e-08 0 5.26218e-08 0 5.45945e-08 0 5.64091e-08 0 5.80968e-08 0 5.96895e-08 0 6.1154e-08 0 6.2555e-08 0 6.38922e-08 0 6.51327e-08 0 6.63416e-08 0 6.7486e-08 0 6.85985e-08 0 6.9679e-08 0 7.06946e-08 0 7.1678e-08 0 7.26292e-08 0 7.3548e-08 0 7.44344e-08 0 7.53212e-08 0 7.61426e-08 0 7.69973e-08 0 7.77865e-08 0 7.85759e-08 0 7.92999e-08 0 8.00569e-08 0 8.07813e-08 0 8.1473e-08 0 8.21978e-08 0 8.28569e-08 0 8.35161e-08 0 8.41756e-08 0 8.47692e-08 0 8.54289e-08 0
3350.09 1.54976e-05 1.42431e-05 1.25455e-06 0.0809509 -0.344427 1.70613e-08 0 2.1752e-08 0 2.74473e-08 0 3.13236e-08 0 3.43577e-08 0 3.68727e-08 0 3.9052e-08 0 4.09551e-08 0 4.26825e-08 0 4.42585e-08 0 4.57078e-08 0 4.70556e-08 0 4.83274e-08 0 4.94966e-08 0 5.06151e-08 0 5.16825e-08 0 5.26726e-08 0 5.36374e-08 0 5.45507e-08 0 5.54384e-08 0 5.63006e-08 0 5.7111e-08 0 5.78956e-08 0 5.86544e-08 0 5.93874e-08 0 6.00945e-08 0 6.08019e-08 0 6.14572e-08 0 6.21389e-08 0 6.27683e-08 0 6.3398e-08 0 6.39754e-08 0 6.45792e-08 0 6.51569e-08 0 6.57085e-08 0 6.62865e-08 0 6.68121e-08 0 6.73378e-08 0 6.78636e-08 0 6.8337e-08 0 6.8863e-08 0
3522.05 1.48669e-05 1.38425e-05 1.02438e-06 0.0689031 -0.343787 1.40597e-08 0 1.78282e-08 0 2.23926e-08 0 2.54944e-08 0 2.79202e-08 0 2.99301e-08 0 3.16708e-08 0 3.31906e-08 0 3.45697e-08 0 3.58277e-08 0 3.69844e-08 0 3.806e-08 0 3.90746e-08 0 4.00075e-08 0 4.08997e-08 0 4.17511e-08 0 4.25408e-08 0 4.33102e-08 0 4.40386e-08 0 4.47465e-08 0 4.5434e-08 0 4.60801e-08 0 4.67057e-08 0 4.73107e-08 0 4.7895e-08 0 4.84587e-08 0 4.90226e-08 0 4.9545e-08 0 5.00883e-08 0 5.05901e-08 0 5.1092e-08 0 5.15522e-08 0 5.20334e-08 0 5.24938e-08 0 5.29334e-08 0 5.33941e-08 0 5.3813e-08 0 5.42319e-08 0 5.46509e-08 0 5.50281e-08 0 5.54473e-08 0
3702.84 1.42831e-05 1.34468e-05 8.36294e-07 0.0585512 -0.343033 1.15578e-08 0 1.45812e-08 0 1.82349e-08 0 2.07143e-08 0 2.2652e-08 0 2.42566e-08 0 2.5646e-08 0 2.68586e-08 0 2.79588e-08 0 2.89621e-08 0 2.98845e-08 0 3.07421e-08 0 3.15511e-08 0 3.22947e-08 0 3.30059e-08 0 3.36846e-08 0 3.4314e-08 0 3.49272e-08 0 3.55076e-08 0 3.60717e-08 0 3.66195e-08 0 3.71343e-08 0 3.76327e-08 0 3.81147e-08 0 3.85803e-08 0 3.90294e-08 0 3.94786e-08 0 3.98947e-08 0 4.03275e-08 0 4.07272e-08 0 4.1127e-08 0 4.14935e-08 0 4.18768e-08 0 4.22435e-08 0 4.25936e-08 0 4.29605e-08 0 4.32941e-08 0 4.36278e-08 0 4.39615e-08 0 4.42619e-08 0 4.45957e-08 0
3892.91 1.37395e-05 1.30563e-05 6.83236e-07 0.0497278 -0.342175 9.47899e-09 0 1.19015e-08 0 1.4823e-08 0 1.6803e-08 0 1.83494e-08 0 1.96295e-08 0 2.07374e-08 0 2.17042e-08 0 2.25811e-08 0 2.33808e-08 0 2.41158e-08 0 2.47991e-08 0 2.54436e-08 0 2.6036e-08 0 2.66026e-08 0 2.71431e-08 0 2.76444e-08 0 2.81327e-08 0 2.8595e-08 0 2.90442e-08 0 2.94804e-08 0 2.98903e-08 0 3.02872e-08 0 3.06709e-08 0 3.10416e-08 0 3.13991e-08 0 3.17567e-08 0 3.2088e-08 0 3.24326e-08 0 3.27507e-08 0 3.30689e-08 0 3.33607e-08 0 3.36658e-08 0 3.39577e-08 0 3.42364e-08 0 3.45284e-08 0 3.47939e-08 0 3.50595e-08 0 3.53251e-08 0 3.55642e-08 0 3.58298e-08 0
4092.73 1.32288e-05 1.26706e-05 5.58156e-07 0.0421926 -0.341219 7.75658e-09 0 9.69508e-09 0 1.20286e-08 0 1.36083e-08 0 1.48414e-08 0 1.58615e-08 0 1.67443e-08 0 1.75145e-08 0 1.8213e-08 0 1.88498e-08 0 1.94351e-08 0 1.99791e-08 0 2.04922e-08 0 2.09638e-08 0 2.14147e-08 0 2.18449e-08 0 2.22439e-08 0 2.26326e-08 0 2.30004e-08 0 2.33579e-08 0 2.3705e-08 0 2.40312e-08 0 2.43469e-08 0 2.46523e-08 0 2.49472e-08 0 2.52316e-08 0 2.55161e-08 0 2.57797e-08 0 2.60538e-08 0 2.63069e-08 0 2.656e-08 0 2.67921e-08 0 2.70348e-08 0 2.7267e-08 0 2.74887e-08 0 2.7721e-08 0 2.79322e-08 0 2.81434e-08 0 2.83546e-08 0 2.85448e-08 0 2.87561e-08 0
4302.81 1.27456e-05 1.22897e-05 4.55891e-07 0.0357686 -0.340175 6.33334e-09 0 7.88266e-09 0 9.74456e-09 0 1.10037e-08 0 1.1986e-08 0 1.27984e-08 0 1.35012e-08 0 1.41142e-08 0 1.46701e-08 0 1.51768e-08 0 1.56425e-08 0 1.60754e-08 0 1.64835e-08 0 1.68587e-08 0 1.72173e-08 0 1.75595e-08 0 1.78768e-08 0 1.81859e-08 0 1.84784e-08 0 1.87627e-08 0 1.90387e-08 0 1.92981e-08 0 1.95491e-08 0 1.97919e-08 0 2.00264e-08 0 2.02525e-08 0 2.04788e-08 0 2.06883e-08 0 2.09062e-08 0 2.11074e-08 0 2.13086e-08 0 2.14931e-08 0 2.16861e-08 0 2.18706e-08 0 2.20468e-08 0 2.22315e-08 0 2.23994e-08 0 2.25672e-08 0 2.27352e-08 0 2.28863e-08 0 2.30543e-08 0
4523.68 1.2286e-05 1.19136e-05 3.72377e-07 0.0303091 -0.339048 5.16041e-09 0 6.39722e-09 0 7.8813e-09 0 8.884e-09 0 9.6658e-09 0 1.03122e-08 0 1.08713e-08 0 1.13589e-08 0 1.18009e-08 0 1.22038e-08 0 1.25741e-08 0 1.29182e-08 0 1.32426e-08 0 1.35408e-08 0 1.38259e-08 0 1.40978e-08 0 1.435e-08 0 1.45957e-08 0 1.48281e-08 0 1.5054e-08 0 1.52733e-08 0 1.54794e-08 0 1.56789e-08 0 1.58718e-08 0 1.60581e-08 0 1.62378e-08 0 1.64175e-08 0 1.65839e-08 0 1.67571e-08 0 1.69169e-08 0 1.70768e-08 0 1.72234e-08 0 1.73766e-08 0 1.75233e-08 0 1.76632e-08 0 1.78099e-08 0 1.79432e-08 0 1.80766e-08 0 1.821e-08 0 1.833e-08 0 1.84635e-08 0
4755.88 1.18469e-05 1.15426e-05 3.04342e-07 0.0256896 -0.337846 4.19627e-09 0 5.18249e-09 0 6.36425e-09 0 7.16202e-09 0 7.78375e-09 0 8.29766e-09 0 8.74204e-09 0 9.12952e-09 0 9.48078e-09 0 9.80091e-09 0 1.00951e-08 0 1.03684e-08 0 1.06261e-08 0 1.0863e-08 0 1.10894e-08 0 1.13054e-08 0 1.15057e-08 0 1.17007e-08 0 1.18853e-08 0 1.20647e-08 0 1.22389e-08 0 1.24025e-08 0 1.25609e-08 0 1.27141e-08 0 1.2862e-08 0 1.30047e-08 0 1.31473e-08 0 1.32795e-08 0 1.34169e-08 0 1.35438e-08 0 1.36708e-08 0 1.37871e-08 0 1.39088e-08 0 1.40252e-08 0 1.41363e-08 0 1.42527e-08 0 1.43586e-08 0 1.44645e-08 0 1.45703e-08 0 1.46657e-08 0 1.47716e-08 0
5000 1.14249e-05 1.11762e-05 2.48683e-07 0.0217669 -0.336575 3.4055e-09 0 4.19101e-09 0 5.13109e-09 0 5.76522e-09 0 6.25922e-09 0 6.66744e-09 0 7.02037e-09 0 7.32805e-09 0 7.60694e-09 0 7.8611e-09 0 8.0946e-09 0 8.31157e-09 0 8.51615e-09 0 8.70412e-09 0 8.88383e-09 0 9.05524e-09 0 9.21417e-09 0 9.36897e-09 0 9.51546e-09 0 9.65779e-09 0 9.79598e-09 0 9.92582e-09 0 1.00515e-08 0 1.0173e-08 0 1.02904e-08 0 1.04036e-08 0 1.05168e-08 0 1.06216e-08 0 1.07307e-08 0 1.08313e-08 0 1.0932e-08 0 1.10243e-08 0 1.11209e-08 0 1.12132e-08 0 1.13013e-08 0 1.13937e-08 0 1.14777e-08 0 1.15617e-08 0 1.16456e-08 0 1.17212e-08 0 1.18052e-08 0
