# 0.00256808 0 107 : grain size, compostion index, size index
# Heating and cooling timescale: 2.44583e-07 inf
# Ratio of heating to cooling to determine stochastic cutoff: 100
# Equilibrium emission is recorded even for those grains in the stochastic regime.
# Emission spectrum was computed for: 
# Type: ISRF
# Scales: 0.25 0.5 1 1.5 2 2.5 3 3.5 4 4.5 5 5.5 6 6.5 7 7.5 8 8.5 9 9.5 10 10.5 11 11.5 12 12.5 13 13.5 14 14.5 15 15.5 16 16.5 17 17.5 18 18.5 19 19.5 20
# StochasticallyHeated: 0 0 0 0 0 0 0 0 0 0 0 0 0 0 0 0 0 0 0 0 0 0 0 0 0 0 0 0 0 0 0 0 0 0 0 0 0 0 0 0 0
# Temperature: -1
# Wavelength  CExt  CAbs  CSca  Albedo G EqEm1 StEm1 EqEm2 StEm2 EqEm3 StEm3 EqEm4 StEm4 EqEm5 StEm5 EqEm6 StEm6 EqEm7 StEm7 EqEm8 StEm8 EqEm9 StEm9 EqEm10 StEm10 EqEm11 StEm11 EqEm12 StEm12 EqEm13 StEm13 EqEm14 StEm14 EqEm15 StEm15 EqEm16 StEm16 EqEm17 StEm17 EqEm18 StEm18 EqEm19 StEm19 EqEm20 StEm20 EqEm21 StEm21 EqEm22 StEm22 EqEm23 StEm23 EqEm24 StEm24 EqEm25 StEm25 EqEm26 StEm26 EqEm27 StEm27 EqEm28 StEm28 EqEm29 StEm29 EqEm30 StEm30 EqEm31 StEm31 EqEm32 StEm32 EqEm33 StEm33 EqEm34 StEm34 EqEm35 StEm35 EqEm36 StEm36 EqEm37 StEm37 EqEm38 StEm38 EqEm39 StEm39 EqEm40 StEm40 EqEm41 StEm41
0.05 4.15768e-05 1.9617e-05 2.19598e-05 0.528174 0.989938 0 0 0 0 0 0 0 0 0 0 0 0 0 0 0 0 0 0 0 0 0 0 0 0 0 0 0 0 0 0 0 0 0 0 0 0 0 0 0 0 0 0 0 0 0 0 0 0 0 0 0 0 0 0 0 0 0 0 0 0 0 0 0 0 0 0 0 0 0 0 0 0 0 0 0 0 0 0 0 0 0 0
0.0525665 4.15899e-05 1.92426e-05 2.23473e-05 0.537324 0.983265 0 0 0 0 0 0 0 0 0 0 0 0 0 0 0 0 0 0 0 0 0 0 0 0 0 0 0 0 0 0 0 0 0 0 0 0 0 0 0 0 0 0 0 0 0 0 0 0 0 0 0 0 0 0 0 0 0 0 0 0 0 0 0 0 0 0 0 0 0 0 0 0 0 0 0 0 0 0 0 0 0 0
0.0552647 4.15997e-05 1.91193e-05 2.24805e-05 0.540399 0.979652 0 0 0 0 0 0 0 0 0 0 0 0 0 0 0 0 0 0 0 0 0 0 0 0 0 0 0 0 0 0 0 0 0 0 0 0 0 0 0 0 0 0 0 0 0 0 0 0 0 0 0 0 0 0 0 0 0 0 0 0 0 0 0 0 0 0 0 0 0 0 0 0 0 0 0 0 0 0 0 0 0 0
0.0581015 4.16085e-05 1.90592e-05 2.25493e-05 0.54194 0.977152 0 0 0 0 0 0 0 0 0 0 0 0 0 0 0 0 0 0 0 0 0 0 0 0 0 0 0 0 0 0 0 0 0 0 0 0 0 0 0 0 0 0 0 0 0 0 0 0 0 0 0 0 0 0 0 0 0 0 0 0 0 0 0 0 0 0 0 0 0 0 0 0 0 0 0 0 0 0 0 0 0 0
0.0610839 4.16167e-05 1.90252e-05 2.25915e-05 0.542847 0.975288 0 0 0 0 0 0 0 0 0 0 0 0 0 0 0 0 0 0 0 0 0 0 0 0 0 0 0 0 0 0 0 0 0 0 0 0 0 0 0 0 0 0 0 0 0 0 0 0 0 0 0 0 0 0 0 0 0 0 0 0 0 0 0 0 0 0 0 0 0 0 0 0 0 0 0 0 0 0 0 0 0 0
0.0642193 4.16248e-05 1.8995e-05 2.26298e-05 0.543661 0.973656 0 0 0 0 0 0 0 0 0 0 0 0 0 0 0 0 0 0 0 0 0 0 0 0 0 0 0 0 0 0 0 0 0 0 0 0 0 0 0 0 0 0 0 0 0 0 0 0 0 0 0 0 0 0 0 0 0 0 0 0 0 0 0 0 0 0 0 0 0 0 0 0 0 0 0 0 0 0 0 0 0 0
0.0675157 4.16327e-05 1.89557e-05 2.26769e-05 0.544691 0.971939 0 0 0 0 0 0 0 0 0 0 0 0 0 0 0 0 0 0 0 0 0 0 0 0 0 0 0 0 0 0 0 0 0 0 0 0 0 0 0 0 0 0 0 0 0 0 0 0 0 0 0 0 0 0 0 0 0 0 0 0 0 0 0 0 0 0 0 0 0 0 0 0 0 0 0 0 0 0 0 0 0 0
0.0709813 4.16408e-05 1.89048e-05 2.2736e-05 0.546003 0.969965 0 0 0 0 0 0 0 0 0 0 0 0 0 0 0 0 0 0 0 0 0 0 0 0 0 0 0 0 0 0 0 0 0 0 0 0 0 0 0 0 0 0 0 0 0 0 0 0 0 0 0 0 0 0 0 0 0 0 0 0 0 0 0 0 0 0 0 0 0 0 0 0 0 0 0 0 0 0 0 0 0 0
0.0746248 4.16493e-05 1.88459e-05 2.28034e-05 0.54751 0.967731 0 0 0 0 0 0 0 0 0 0 0 0 0 0 0 0 0 0 0 0 0 0 0 0 0 0 0 0 0 0 0 0 0 0 0 0 0 0 0 0 0 0 0 0 0 0 0 0 0 0 0 0 0 0 0 0 0 0 0 0 0 0 0 0 0 0 0 0 0 0 0 0 0 0 0 0 0 0 0 0 0 0
0.0784553 4.16583e-05 1.87866e-05 2.28716e-05 0.54903 0.965398 0 0 0 0 0 0 0 0 0 0 0 0 0 0 0 0 0 0 0 0 0 0 0 0 0 0 0 0 0 0 0 0 0 0 0 0 0 0 0 0 0 0 0 0 0 0 0 0 0 0 0 0 0 0 0 0 0 0 0 0 0 0 0 0 0 0 0 0 0 0 0 0 0 0 0 0 0 0 0 0 0 0
0.0824824 4.16673e-05 1.87289e-05 2.29384e-05 0.550513 0.963025 0 0 0 0 0 0 0 0 0 0 0 0 0 0 0 0 0 0 0 0 0 0 0 0 0 0 0 0 0 0 0 0 0 0 0 0 0 0 0 0 0 0 0 0 0 0 0 0 0 0 0 0 0 0 0 0 0 0 0 0 0 0 0 0 0 0 0 0 0 0 0 0 0 0 0 0 0 0 0 0 0 0
0.0867162 4.16769e-05 1.86717e-05 2.30051e-05 0.551988 0.960604 0 0 0 0 0 0 0 0 0 0 0 0 0 0 0 0 0 0 0 0 0 0 0 0 0 0 0 0 0 0 0 0 0 0 0 0 0 0 0 0 0 0 0 0 0 0 0 0 0 0 0 0 0 0 0 0 0 0 0 0 0 0 0 0 0 0 0 0 0 0 0 0 0 0 0 0 0 0 0 0 0 0
0.0911674 4.16866e-05 1.86148e-05 2.30718e-05 0.553459 0.95812 0 0 0 0 0 0 0 0 0 0 0 0 0 0 0 0 0 0 0 0 0 0 0 0 0 0 0 0 0 0 0 0 0 0 0 0 0 0 0 0 0 0 0 0 0 0 0 0 0 0 0 0 0 0 0 0 0 0 0 0 0 0 0 0 0 0 0 0 0 0 0 0 0 0 0 0 0 0 0 0 0 0
0.095847 4.16969e-05 1.85588e-05 2.31381e-05 0.554912 0.955584 0 0 0 0 0 0 0 0 0 0 0 0 0 0 0 0 0 0 0 0 0 0 0 0 0 0 0 0 0 0 0 0 0 0 0 0 0 0 0 0 0 0 0 0 0 0 0 0 0 0 0 0 0 0 0 0 0 0 0 0 0 0 0 0 0 0 0 0 0 0 0 0 0 0 0 0 0 0 0 0 0 0
0.100767 4.17077e-05 1.85059e-05 2.32018e-05 0.556296 0.953054 0 0 0 0 0 0 0 0 0 0 0 0 0 0 0 0 0 0 0 0 0 0 0 0 0 0 0 0 0 0 0 0 0 0 0 0 0 0 0 0 0 0 0 0 0 0 0 0 0 0 0 0 0 0 0 0 0 0 0 0 0 0 0 0 0 0 0 0 0 0 0 0 0 0 0 0 0 0 0 0 0 0
0.105939 4.17189e-05 1.84647e-05 2.32541e-05 0.557401 0.950736 0 0 0 0 0 0 0 0 0 0 0 0 0 0 0 0 0 0 0 0 0 0 0 0 0 0 0 0 0 0 0 0 0 0 0 0 0 0 0 0 0 0 0 0 0 0 0 0 0 0 0 0 0 0 0 0 0 0 0 0 0 0 0 0 0 0 0 0 0 0 0 0 0 0 0 0 0 0 0 0 0 0
0.111377 4.17302e-05 1.8443e-05 2.32872e-05 0.558042 0.949007 0 0 0 0 0 0 0 0 0 0 0 0 0 0 0 0 0 0 0 0 0 0 0 0 0 0 0 0 0 0 0 0 0 0 0 0 0 0 0 0 0 0 0 0 0 0 0 0 0 0 0 0 0 0 0 0 0 0 0 0 0 0 0 0 0 0 0 0 0 0 0 0 0 0 0 0 0 0 0 0 0 0
0.117094 4.17416e-05 1.84348e-05 2.33067e-05 0.558358 0.947836 0 0 0 0 0 0 0 0 0 0 0 0 0 0 0 0 0 0 0 0 0 0 0 0 0 0 0 0 0 0 0 0 0 0 0 0 0 0 0 0 0 0 0 0 0 0 0 0 0 0 0 0 0 0 0 0 0 0 0 0 0 0 0 0 0 0 0 0 0 0 0 0 0 0 0 0 0 0 0 0 0 0
0.123105 4.17531e-05 1.84178e-05 2.33353e-05 0.558887 0.946451 0 0 0 0 0 0 0 0 0 0 0 0 0 0 0 0 0 0 0 0 0 0 0 0 0 0 0 0 0 0 0 0 0 0 0 0 0 0 0 0 0 0 0 0 0 0 0 0 0 0 0 0 0 0 0 0 0 0 0 0 0 0 0 0 0 0 0 0 0 0 0 0 0 0 0 0 0 0 0 0 0 0
0.129424 4.17655e-05 1.84132e-05 2.33523e-05 0.559129 0.945371 0 0 0 0 0 0 0 0 0 0 0 0 0 0 0 0 0 0 0 0 0 0 0 0 0 0 0 0 0 0 0 0 0 0 0 0 0 0 0 0 0 0 0 0 0 0 0 0 0 0 0 0 0 0 0 0 0 0 0 0 0 0 0 0 0 0 0 0 0 0 0 0 0 0 0 0 0 0 0 0 0 0
0.136067 4.17774e-05 1.84417e-05 2.33357e-05 0.558573 0.945504 0 0 0 0 0 0 0 0 0 0 0 0 0 0 0 0 0 0 0 0 0 0 0 0 0 0 0 0 0 0 0 0 0 0 0 0 0 0 0 0 0 0 0 0 0 0 0 0 0 0 0 0 0 0 0 0 0 0 0 0 0 0 0 0 0 0 0 0 0 0 0 0 0 0 0 0 0 0 0 0 0 0
0.143051 4.17896e-05 1.84516e-05 2.33381e-05 0.558466 0.945232 0 0 0 0 0 0 0 0 0 0 0 0 0 0 0 0 0 0 0 0 0 0 0 0 0 0 0 0 0 0 0 0 0 0 0 0 0 0 0 0 0 0 0 0 0 0 0 0 0 0 0 0 0 0 0 0 0 0 0 0 0 0 0 0 0 0 0 0 0 0 0 0 0 0 0 0 0 0 0 0 0 0
0.150394 4.18025e-05 1.84988e-05 2.33037e-05 0.557471 0.945931 0 0 0 0 0 0 0 0 0 0 0 0 0 0 0 0 0 0 0 0 0 0 0 0 0 0 0 0 0 0 0 0 0 0 0 0 0 0 0 0 0 0 0 0 0 0 0 0 0 0 0 0 0 0 0 0 0 0 0 0 0 0 0 0 0 0 0 0 0 0 0 0 0 0 0 0 0 0 0 0 0 0
0.158114 4.18125e-05 1.86468e-05 2.31657e-05 0.554037 0.950618 0 0 0 0 0 0 0 0 0 0 0 0 0 0 0 0 0 0 0 0 0 0 0 0 0 0 0 0 0 0 0 0 0 0 0 0 0 0 0 0 0 0 0 0 0 0 0 0 0 0 0 0 0 0 0 0 0 0 0 0 0 0 0 0 0 0 0 0 0 0 0 0 0 0 0 0 0 0 0 0 0 0
0.16623 4.18206e-05 1.86638e-05 2.31568e-05 0.553717 0.952114 0 0 0 0 0 0 0 0 0 0 0 0 0 0 0 0 0 0 0 0 0 0 0 0 0 0 0 0 0 0 0 0 0 0 0 0 0 0 0 0 0 0 0 0 0 0 0 0 0 0 0 0 0 0 0 0 0 0 0 0 0 0 0 0 0 0 0 0 0 0 0 0 0 0 0 0 0 0 0 0 0 0
0.174762 4.18316e-05 1.85287e-05 2.33029e-05 0.557065 0.948704 0 0 0 0 0 0 0 0 0 0 0 0 0 0 0 0 0 0 0 0 0 0 0 0 0 0 0 0 0 0 0 0 0 0 0 0 0 0 0 0 0 0 0 0 0 0 0 0 0 0 0 0 0 0 0 0 0 0 0 0 0 0 0 0 0 0 0 0 0 0 0 0 0 0 0 0 0 0 0 0 0 0
0.183733 4.1845e-05 1.83167e-05 2.35283e-05 0.562272 0.942564 0 0 0 0 0 0 0 0 0 0 0 0 0 0 0 0 0 0 0 0 0 0 0 0 0 0 0 0 0 0 0 0 0 0 0 0 0 0 0 0 0 0 0 0 0 0 0 0 0 0 0 0 0 0 0 0 0 0 0 0 0 0 0 0 0 0 0 0 0 0 0 0 0 0 0 0 0 0 0 0 0 0
0.193164 4.18612e-05 1.80059e-05 2.38553e-05 0.569866 0.932834 0 0 0 0 0 0 0 0 0 0 0 0 0 0 0 0 0 0 0 0 0 0 0 0 0 0 0 0 0 0 0 0 0 0 0 0 0 0 0 0 0 0 0 0 0 0 0 0 0 0 0 0 0 0 0 0 0 0 0 0 0 0 0 0 0 0 0 0 0 0 0 0 0 0 0 0 0 0 0 0 0 0
0.203079 4.18814e-05 1.76787e-05 2.42027e-05 0.577886 0.921269 0 0 0 0 0 0 0 0 0 0 0 0 0 0 0 0 0 0 0 0 0 0 0 0 0 0 0 0 0 0 0 0 0 0 0 0 0 0 0 0 0 0 0 0 0 0 0 0 0 0 0 0 0 0 0 0 0 0 0 0 0 0 0 0 0 0 0 0 0 0 0 0 0 0 0 0 0 0 0 0 0 0
0.213503 4.19022e-05 1.74253e-05 2.44769e-05 0.584143 0.911618 0 0 0 0 0 0 0 0 0 0 0 0 0 0 0 0 0 0 0 0 0 0 0 0 0 0 0 0 0 0 0 0 0 0 0 0 0 0 0 0 0 0 0 0 0 0 0 0 0 0 0 0 0 0 0 0 0 0 0 0 0 0 0 0 0 0 0 0 0 0 0 0 0 0 0 0 0 0 0 0 0 0
0.224463 4.19234e-05 1.72065e-05 2.47168e-05 0.589572 0.902943 0 0 0 0 0 0 0 0 0 0 0 0 0 0 0 0 0 0 0 0 0 0 0 0 0 0 0 0 0 0 0 0 0 0 0 0 0 0 0 0 0 0 0 0 0 0 0 0 0 0 0 0 0 0 0 0 0 0 0 0 0 0 0 0 0 0 0 0 0 0 0 0 0 0 0 0 0 0 0 0 0 0
0.235984 4.19452e-05 1.69852e-05 2.49599e-05 0.595061 0.894218 0 0 0 0 0 0 0 0 0 0 0 0 0 0 0 0 0 0 0 0 0 0 0 0 0 0 0 0 0 0 0 0 0 0 0 0 0 0 0 0 0 0 0 0 0 0 0 0 0 0 0 0 0 0 0 0 0 0 0 0 0 0 0 0 0 0 0 0 0 0 0 0 0 0 0 0 0 0 0 0 0 0
0.248097 4.1969e-05 1.67248e-05 2.52442e-05 0.601496 0.883886 0 0 0 0 0 0 0 0 0 0 0 0 0 0 0 0 0 0 0 0 0 0 0 0 0 0 0 0 0 0 0 0 0 0 0 0 0 0 0 0 0 0 0 0 0 0 0 0 0 0 0 0 0 0 0 0 0 0 0 0 0 0 0 0 0 0 0 0 0 0 0 0 0 0 0 0 0 0 0 0 0 0
0.260832 4.19942e-05 1.65214e-05 2.54728e-05 0.606579 0.87511 0 0 0 0 0 0 0 0 0 0 0 0 0 0 0 0 0 0 0 0 0 0 0 0 0 0 0 0 0 0 0 0 0 0 0 0 0 0 0 0 0 0 0 0 0 0 0 0 0 0 0 0 0 0 0 0 0 0 0 0 0 0 0 0 0 0 0 0 0 0 0 0 0 0 0 0 0 0 0 0 0 0
0.274221 4.20201e-05 1.63613e-05 2.56587e-05 0.61063 0.867737 0 0 0 0 0 0 0 0 0 0 0 0 0 0 0 0 0 0 0 0 0 0 0 0 0 0 0 0 0 0 0 0 0 0 0 0 0 0 0 0 0 0 0 0 0 0 0 0 0 0 0 0 0 0 0 0 0 0 0 0 0 0 0 0 0 0 0 0 0 0 0 0 0 0 0 0 0 0 0 0 0 0
0.288297 4.20461e-05 1.62349e-05 2.58112e-05 0.613879 0.861646 0 0 0 0 0 0 0 0 0 0 0 0 0 0 0 0 0 0 0 0 0 0 0 0 0 0 0 0 0 0 0 0 0 0 0 0 0 0 0 0 0 0 0 0 0 0 0 0 0 0 0 0 0 0 0 0 0 0 0 0 0 0 0 0 0 0 0 0 0 0 0 0 0 0 0 0 0 0 0 0 0 0
0.303095 4.20732e-05 1.61295e-05 2.59437e-05 0.616633 0.856248 0 0 0 0 0 0 0 0 0 0 0 0 0 0 0 0 0 0 0 0 0 0 0 0 0 0 0 0 0 0 0 0 0 0 0 0 0 0 0 0 0 0 0 0 0 0 0 0 0 0 0 0 0 0 0 0 0 0 0 0 0 0 0 0 0 0 0 0 0 0 0 0 0 0 0 0 0 0 0 0 0 0
0.318653 4.21009e-05 1.60422e-05 2.60587e-05 0.618959 0.851586 0 0 0 0 0 0 0 0 0 0 0 0 0 0 0 0 0 0 0 0 0 0 0 0 0 0 0 0 0 0 0 0 0 0 0 0 0 0 0 0 0 0 0 0 0 0 0 0 0 0 0 0 0 0 0 0 0 0 0 0 0 0 0 0 0 0 0 0 0 0 0 0 0 0 0 0 0 0 0 0 0 0
0.335009 4.2129e-05 1.59651e-05 2.61639e-05 0.621042 0.847338 0 0 0 0 0 0 0 0 0 0 0 0 0 0 0 0 0 0 0 0 0 0 0 0 0 0 0 0 0 0 0 0 0 0 0 0 0 0 0 0 0 0 0 0 0 0 0 0 0 0 0 0 0 0 0 0 0 0 0 0 0 0 0 0 0 0 0 0 0 0 0 0 0 0 0 0 0 0 0 0 0 0
0.352205 4.21583e-05 1.58979e-05 2.62604e-05 0.6229 0.843473 0 0 0 0 0 0 0 0 0 0 0 0 0 0 0 0 0 0 0 0 0 0 0 0 0 0 0 0 0 0 0 0 0 0 0 0 0 0 0 0 0 0 0 0 0 0 0 0 0 0 0 0 0 0 0 0 0 0 0 0 0 0 0 0 0 0 0 0 0 0 0 0 0 0 0 0 0 0 0 0 0 0
0.370284 4.21885e-05 1.58313e-05 2.63573e-05 0.62475 0.839688 0 0 0 0 0 0 0 0 0 0 0 0 0 0 0 0 0 0 0 0 0 0 0 0 0 0 0 0 0 0 0 0 0 0 0 0 0 0 0 0 0 0 0 0 0 0 0 0 0 0 0 0 0 0 0 0 0 0 0 0 0 0 0 0 0 0 0 0 0 0 0 0 0 0 0 0 0 0 0 0 0 0
0.389291 4.22196e-05 1.57678e-05 2.64518e-05 0.626529 0.836051 0 0 0 0 0 0 0 0 0 0 0 0 0 0 0 0 0 0 0 0 0 0 0 0 0 0 0 0 0 0 0 0 0 0 0 0 0 0 0 0 0 0 0 0 0 0 0 0 0 0 0 0 0 0 0 0 0 0 0 0 0 0 0 0 0 0 0 0 0 0 0 0 0 0 0 0 0 0 0 0 0 0
0.409273 4.22519e-05 1.57018e-05 2.65501e-05 0.628377 0.832364 0 0 0 0 0 0 0 0 0 0 0 0 0 0 0 0 0 0 0 0 0 0 0 0 0 0 0 0 0 0 0 0 0 0 0 0 0 0 0 0 0 0 0 0 0 0 0 0 0 0 0 0 0 0 0 0 0 0 0 0 0 0 0 0 0 0 0 0 0 0 0 0 0 0 0 0 0 0 0 0 0 0
0.430281 4.22854e-05 1.56351e-05 2.66504e-05 0.63025 0.828657 0 0 0 0 0 0 0 0 0 0 0 0 0 0 0 0 0 0 0 0 0 0 0 0 0 0 0 0 0 0 0 0 0 0 0 0 0 0 0 0 0 0 0 0 0 0 0 0 0 0 0 0 0 0 0 0 0 0 0 0 0 0 0 0 0 0 0 0 0 0 0 0 0 0 0 0 0 0 0 0 0 0
0.452368 4.23201e-05 1.55733e-05 2.67468e-05 0.632012 0.825094 0 0 0 0 0 0 0 0 0 0 0 0 0 0 0 0 0 0 0 0 0 0 0 0 0 0 0 0 0 0 0 0 0 0 0 0 0 0 0 0 0 0 0 0 0 0 0 0 0 0 0 0 0 0 0 0 0 0 0 0 0 0 0 0 0 0 0 0 0 0 0 0 0 0 0 0 0 0 0 0 0 0
0.475588 4.2356e-05 1.55132e-05 2.68427e-05 0.633741 0.821585 0 0 0 0 0 0 0 0 0 0 0 0 0 0 0 0 0 0 0 0 0 0 0 0 0 0 0 0 0 0 0 0 0 0 0 0 0 0 0 0 0 0 0 0 0 0 0 0 0 0 0 0 0 0 0 0 0 0 0 0 0 0 0 0 0 0 0 0 0 0 0 0 0 0 0 0 0 0 0 0 0 0
0.5 4.23927e-05 1.54656e-05 2.69271e-05 0.635182 0.818467 0 0 0 0 0 0 0 0 0 0 0 0 0 0 0 0 0 0 0 0 0 0 0 0 0 0 0 0 0 0 0 0 0 0 0 0 0 0 0 0 0 0 0 0 0 0 0 0 0 0 0 0 0 0 0 0 0 0 0 0 0 0 0 0 0 0 0 0 0 0 0 0 0 0 0 0 0 0 0 0 0 0
0.525665 4.24301e-05 1.54295e-05 2.70006e-05 0.636355 0.81575 0 0 0 0 0 0 0 0 0 0 0 0 0 0 0 0 0 0 0 0 0 0 0 0 0 0 0 0 0 0 0 0 0 0 0 0 0 0 0 0 0 0 0 0 0 0 0 0 0 0 0 0 0 0 0 0 0 0 0 0 0 0 0 0 0 0 0 0 0 0 0 0 0 0 0 0 0 0 0 0 0 0
0.552648 4.2468e-05 1.54035e-05 2.70644e-05 0.63729 0.813407 0 0 0 0 0 0 0 0 0 0 0 0 0 0 0 0 0 0 0 0 0 0 0 0 0 0 0 0 0 0 0 0 0 0 0 0 0 0 0 0 0 0 0 0 0 0 0 0 0 0 0 0 0 0 0 0 0 0 0 0 0 0 0 0 0 0 0 0 0 0 0 0 0 0 0 0 0 0 0 0 0 0
0.581015 4.25066e-05 1.53841e-05 2.71226e-05 0.638078 0.811314 0 0 0 0 0 0 0 0 0 0 0 0 0 0 0 0 0 0 0 0 0 0 0 0 0 0 0 0 0 0 0 0 0 0 0 0 0 0 0 0 0 0 0 0 0 0 0 0 0 0 0 0 0 0 0 0 0 0 0 0 0 0 0 0 0 0 0 0 0 0 0 0 0 0 0 0 0 0 0 0 0 0
0.610839 4.2546e-05 1.53665e-05 2.71795e-05 0.638827 0.80931 0 0 0 0 0 0 0 0 0 0 0 0 0 0 0 0 0 0 0 0 0 0 0 0 0 0 0 0 0 0 0 0 0 0 0 0 0 0 0 0 0 0 0 0 0 0 0 0 0 0 0 0 0 0 0 0 0 0 0 0 0 0 0 0 0 0 0 0 0 0 0 0 0 0 0 0 0 0 0 0 0 0
0.642193 4.25863e-05 1.53512e-05 2.72351e-05 0.639527 0.80741 0 0 0 0 0 0 0 0 0 0 0 0 0 0 0 0 0 0 0 0 0 0 0 0 0 0 0 0 0 0 0 0 0 0 0 0 0 0 0 0 0 0 0 0 0 0 0 0 0 0 0 0 0 0 0 0 0 0 0 0 0 0 0 0 0 0 0 0 0 0 0 0 0 0 0 0 0 0 0 0 0 0
0.675157 4.26277e-05 1.53359e-05 2.72917e-05 0.640235 0.805534 0 0 0 0 0 0 0 0 0 0 0 0 0 0 0 0 0 0 0 0 0 0 0 0 0 0 0 0 0 0 0 0 0 0 0 0 0 0 0 0 0 0 0 0 0 0 0 0 0 0 0 0 0 0 0 0 0 0 0 0 0 0 0 0 0 0 0 0 0 0 0 0 0 0 0 0 0 0 0 0 0 0
0.709813 4.26699e-05 1.53207e-05 2.73492e-05 0.640947 0.803661 0 0 0 0 0 0 0 0 0 0 0 0 0 0 0 0 0 0 0 0 0 0 0 0 0 0 0 0 0 0 0 0 0 0 0 0 0 0 0 0 0 0 0 0 0 0 0 0 0 0 0 0 0 0 0 0 0 0 0 0 0 0 0 0 0 0 0 0 0 0 0 0 0 0 0 0 0 0 0 0 0 0
0.746248 4.27129e-05 1.53079e-05 2.74049e-05 0.641608 0.80187 0 0 0 0 0 0 0 0 0 0 0 0 0 0 0 0 0 0 0 0 0 0 0 0 0 0 0 0 0 0 0 0 0 0 0 0 0 0 0 0 0 0 0 0 0 0 0 0 0 0 0 0 0 0 0 0 0 0 0 0 0 0 0 0 0 0 0 0 0 0 0 0 0 0 0 0 0 0 0 0 0 0
0.784553 4.27563e-05 1.52993e-05 2.7457e-05 0.642174 0.800201 0 0 0 0 0 0 0 0 0 0 0 0 0 0 0 0 0 0 0 0 0 0 0 0 0 0 0 0 0 0 0 0 0 0 0 0 0 0 0 0 0 0 0 0 0 0 0 0 0 0 0 0 0 0 0 0 0 0 0 0 0 0 0 0 0 0 0 0 0 0 0 0 0 0 0 0 0 0 0 0 0 0
0.824824 4.27996e-05 1.53051e-05 2.74945e-05 0.642401 0.799019 0 0 0 0 0 0 0 0 0 0 0 0 0 0 0 0 0 0 0 0 0 0 0 0 0 0 0 0 0 0 0 0 0 0 0 0 0 0 0 0 0 0 0 0 0 0 0 0 0 0 0 0 0 0 0 0 0 0 0 0 0 0 0 0 0 0 0 0 0 0 0 0 0 0 0 0 0 0 0 0 0 0
0.867162 4.28432e-05 1.53248e-05 2.75185e-05 0.642306 0.79836 0 0 0 0 0 0 0 0 0 0 0 0 0 0 0 0 0 0 0 0 0 0 0 0 0 0 0 0 0 0 0 0 0 0 0 0 0 0 0 0 0 0 0 0 0 0 0 0 0 0 0 0 0 0 0 0 0 0 0 0 0 0 0 0 0 0 0 0 0 0 0 0 0 0 0 0 0 0 0 0 0 0
0.911674 4.28881e-05 1.53456e-05 2.75424e-05 0.642193 0.797798 0 0 0 0 0 0 0 0 0 0 0 0 0 0 0 0 0 0 0 0 0 0 0 0 0 0 0 0 0 0 0 0 0 0 0 0 0 0 0 0 0 0 0 0 0 0 0 0 0 0 0 0 0 0 0 0 0 0 0 0 0 0 0 0 0 0 0 0 0 0 0 0 0 0 0 0 0 0 0 0 0 0
0.95847 4.29351e-05 1.5354e-05 2.75811e-05 0.642391 0.796841 0 0 0 0 0 0 0 0 0 0 0 0 0 0 0 0 0 0 0 0 0 0 0 0 0 0 0 0 0 0 0 0 0 0 0 0 0 0 0 0 0 0 0 0 0 0 0 0 0 0 0 0 0 0 0 0 0 0 0 0 0 0 0 0 0 0 0 0 0 0 0 0 0 0 0 0 0 0 0 0 0 0
1.00767 4.29837e-05 1.53551e-05 2.76286e-05 0.642769 0.795612 0 0 0 0 0 0 0 0 0 0 0 0 0 0 0 0 0 0 0 0 0 0 0 0 0 0 0 0 0 0 0 0 0 0 0 0 0 0 0 0 0 0 0 0 0 0 0 0 0 0 0 0 0 0 0 0 0 0 0 0 0 0 0 0 0 0 0 0 0 0 0 0 0 0 0 0 0 0 0 0 0 0
1.05939 4.30333e-05 1.53583e-05 2.7675e-05 0.643107 0.794444 0 0 0 0 0 0 0 0 0 0 0 0 0 0 0 0 0 0 0 0 0 0 0 0 0 0 0 0 0 0 0 0 0 0 0 0 0 0 0 0 0 0 0 0 0 0 0 0 0 0 0 0 0 0 0 0 0 0 0 0 0 0 0 0 0 0 0 0 0 0 0 0 0 0 0 0 0 0 0 0 0 0
1.11377 4.30841e-05 1.53625e-05 2.77216e-05 0.64343 0.793297 0 0 0 0 0 0 0 0 0 0 0 0 0 0 0 0 0 0 0 0 0 0 0 0 0 0 0 0 0 0 0 0 0 0 0 0 0 0 0 0 0 0 0 0 0 0 0 0 0 0 0 0 0 0 0 0 0 0 0 0 0 0 0 0 0 0 0 0 0 0 0 0 0 0 0 0 0 0 0 0 0 0
1.17094 4.31363e-05 1.53635e-05 2.77728e-05 0.643837 0.792029 0 0 0 0 0 0 0 0 0 0 0 0 0 0 0 0 0 0 0 0 0 0 0 0 0 0 0 0 0 0 0 0 0 0 0 0 0 0 0 0 0 0 0 0 0 0 0 0 0 0 0 0 0 0 0 0 0 0 0 0 0 0 0 0 0 0 0 0 0 0 0 0 0 0 0 0 0 0 0 0 0 0
1.23105 4.31899e-05 1.53648e-05 2.78252e-05 0.644251 0.790754 0 0 0 0 0 0 0 0 0 0 0 0 0 0 0 0 0 0 0 0 0 0 0 0 0 0 0 0 0 0 0 0 0 0 0 0 0 0 0 0 0 0 0 0 0 0 0 0 0 0 0 0 0 0 0 0 0 0 0 0 0 0 0 0 0 0 0 0 0 0 0 0 0 0 0 0 0 0 0 0 0 0
1.29424 4.32444e-05 1.5369e-05 2.78753e-05 0.6446 0.789557 0 0 0 0 0 0 0 0 0 0 0 0 0 0 0 0 0 0 0 0 0 0 0 0 0 0 0 0 0 0 0 0 0 0 0 0 0 0 0 0 0 0 0 0 0 0 0 0 0 0 0 0 0 0 0 0 0 0 0 0 0 0 0 0 0 0 0 0 0 0 0 0 0 0 0 0 0 0 0 0 0 0
1.36067 4.32994e-05 1.53839e-05 2.79155e-05 0.644708 0.788704 0 0 0 0 0 0 0 0 0 0 0 0 0 0 0 0 0 0 0 0 0 0 0 0 0 0 0 0 0 0 0 0 0 0 0 0 0 0 0 0 0 0 0 0 0 0 0 0 0 0 0 0 0 0 0 0 0 0 0 0 0 0 0 0 0 0 0 0 0 0 0 0 0 0 0 0 0 0 0 0 0 0
1.43051 4.33571e-05 1.53997e-05 2.79574e-05 0.644817 0.787888 0 0 0 0 0 0 0 0 0 0 0 0 0 0 0 0 0 0 0 0 0 0 0 0 0 0 0 0 0 0 0 0 0 0 0 0 0 0 0 0 0 0 0 0 0 0 0 0 0 0 0 0 0 0 0 0 0 0 0 0 0 0 0 0 0 0 0 0 0 0 0 0 0 0 0 0 0 0 0 0 0 0
1.50394 4.34173e-05 1.54033e-05 2.8014e-05 0.645227 0.786635 0 0 0 0 0 0 0 0 0 0 0 0 0 0 0 0 0 0 0 0 0 0 0 0 0 0 0 0 0 0 0 0 0 0 0 0 0 0 0 0 0 0 0 0 0 0 0 0 0 0 0 0 0 0 0 0 0 0 0 0 0 0 0 0 0 0 0 0 0 0 0 0 0 0 0 0 0 0 0 0 0 0
1.58114 4.34789e-05 1.54045e-05 2.80744e-05 0.645702 0.785265 0 0 0 0 0 0 0 0 0 0 0 0 0 0 0 0 0 0 0 0 0 0 0 0 0 0 0 0 0 0 0 0 0 0 0 0 0 0 0 0 0 0 0 0 0 0 0 0 0 0 0 0 0 0 0 0 0 0 0 0 0 0 0 0 0 0 0 0 0 0 0 0 0 0 0 0 0 0 0 0 0 0
1.6623 4.35414e-05 1.54092e-05 2.81322e-05 0.646102 0.783978 0 0 0 0 0 0 0 0 0 0 0 0 0 0 0 0 0 0 0 0 0 0 0 0 0 0 0 0 0 0 0 0 0 0 0 0 0 0 0 0 0 0 0 0 0 0 0 0 0 0 0 0 0 0 0 0 0 0 0 0 0 0 0 0 0 0 0 0 0 0 0 0 0 0 0 0 0 0 0 0 0 0
1.74763 4.36053e-05 1.54196e-05 2.81857e-05 0.646382 0.782856 0 0 0 0 0 0 0 0 0 0 0 0 0 0 0 0 0 0 0 0 0 0 0 0 0 0 0 0 0 0 0 0 0 0 0 0 0 0 0 0 0 0 0 0 0 0 0 0 0 0 0 0 0 0 0 0 0 0 0 0 0 0 0 0 0 0 0 0 0 0 0 0 0 0 0 0 0 0 0 0 0 0
1.83733 4.36722e-05 1.54302e-05 2.8242e-05 0.646681 0.781719 0 0 0 0 0 0 0 0 0 0 0 0 0 0 0 0 0 0 0 0 0 0 0 0 0 0 0 0 0 0 0 0 0 0 0 0 0 0 0 0 0 0 0 0 0 0 0 0 0 0 0 0 0 0 0 0 0 0 0 0 0 0 0 0 0 0 0 0 0 0 0 0 0 0 0 0 0 0 0 0 0 0
1.93164 4.37409e-05 1.54303e-05 2.83106e-05 0.647233 0.780195 0 0 0 0 0 0 0 0 0 0 0 0 0 0 0 0 0 0 0 0 0 0 0 0 0 0 0 0 0 0 0 0 0 0 0 0 0 0 0 0 0 0 0 0 0 0 0 0 0 0 0 0 0 0 0 0 0 0 0 0 0 0 0 0 0 0 0 0 0 0 0 0 0 0 0 0 0 0 0 0 0 0
2.03079 4.381e-05 1.54379e-05 2.83721e-05 0.647618 0.778877 0 0 0 0 0 0 0 0 0 0 0 0 0 0 0 0 0 0 0 0 0 0 0 0 0 0 0 0 0 0 0 0 0 0 0 0 0 0 0 0 0 0 0 0 0 0 0 0 0 0 0 0 0 0 0 0 0 0 0 0 0 0 0 0 0 0 0 0 0 0 0 0 0 0 0 0 0 0 0 0 0 0
2.13503 4.38813e-05 1.54507e-05 2.84306e-05 0.647898 0.777701 0 0 0 0 0 0 0 0 0 0 0 0 0 0 0 0 0 0 0 0 0 0 0 0 0 0 0 0 0 0 0 0 0 0 0 0 0 0 0 0 0 0 0 0 0 0 0 0 0 0 0 0 0 0 0 0 0 0 0 0 0 0 0 0 0 0 0 0 0 0 0 0 0 0 0 0 0 0 0 0 0 0
2.24463 4.39547e-05 1.54643e-05 2.84904e-05 0.648177 0.776515 0 0 0 0 0 0 0 0 0 0 0 0 0 0 0 0 0 0 0 0 0 0 0 0 0 0 0 0 0 0 0 0 0 0 0 0 0 0 0 0 0 0 0 0 0 0 0 0 0 0 0 0 0 0 0 0 0 0 0 0 0 0 0 0 0 0 0 0 0 0 0 0 0 0 0 0 0 0 0 0 0 0
2.35984 4.40311e-05 1.54785e-05 2.85525e-05 0.648463 0.775307 0 0 0 0 0 0 0 0 0 0 0 0 0 0 0 0 0 0 0 0 0 0 0 0 0 0 0 0 0 0 0 0 0 0 0 0 0 0 0 0 0 0 0 0 0 0 0 0 0 0 0 0 0 0 0 0 0 0 0 0 0 0 0 0 0 0 0 0 0 0 0 0 0 0 0 0 0 0 0 0 0 0
2.48097 4.41088e-05 1.54881e-05 2.86206e-05 0.648865 0.773908 0 0 0 0 0 0 0 0 0 0 0 0 0 0 0 0 0 0 0 0 0 0 0 0 0 0 0 0 0 0 0 0 0 0 0 0 0 0 0 0 0 0 0 0 0 0 0 0 0 0 0 0 0 0 0 0 0 0 0 0 0 0 0 0 0 0 0 0 0 0 0 0 0 0 0 0 0 0 0 0 0 0
2.60832 4.41877e-05 1.5517e-05 2.86707e-05 0.648839 0.773084 0 0 0 0 0 0 0 0 0 0 0 0 0 0 0 0 0 0 0 0 0 0 0 0 0 0 0 0 0 0 0 0 0 0 0 0 0 0 0 0 0 0 0 0 0 0 0 0 0 0 0 0 0 0 0 0 0 0 0 0 0 0 0 0 0 0 0 0 0 0 0 0 0 0 0 0 0 0 0 0 0 0
2.74221 4.4274e-05 1.55288e-05 2.87452e-05 0.649257 0.77166 0 0 0 0 0 0 0 0 0 0 0 0 0 0 0 0 0 0 0 0 0 0 0 0 0 0 0 0 0 0 0 0 0 0 0 0 0 0 0 0 0 0 0 0 0 0 0 0 0 0 0 0 0 0 0 0 0 0 0 0 0 0 0 0 0 0 0 0 0 0 0 0 0 0 0 0 0 0 0 0 0 0
2.88297 4.43589e-05 1.55354e-05 2.88235e-05 0.649779 0.77003 0 0 0 0 0 0 0 0 0 0 0 0 0 0 0 0 0 0 0 0 0 0 0 0 0 0 0 0 0 0 0 0 0 0 0 0 0 0 0 0 0 0 0 0 0 0 0 0 0 0 0 0 0 0 0 0 0 0 0 0 0 0 0 0 0 0 0 0 0 0 0 0 0 0 0 0 0 0 0 0 0 0
3.03095 4.44476e-05 1.55558e-05 2.88918e-05 0.65002 0.768783 0 0 0 0 0 0 0 0 0 0 0 0 0 0 0 0 0 0 0 0 0 0 0 0 0 0 0 0 0 0 0 0 0 0 0 0 0 0 0 0 0 0 0 0 0 0 0 0 0 0 0 0 0 0 0 0 0 0 0 0 0 0 0 0 0 0 0 0 0 0 0 0 0 0 0 0 0 0 0 0 0 0
3.18653 4.45407e-05 1.55576e-05 2.8983e-05 0.650709 0.766903 0 0 0 0 0 0 0 0 0 0 0 0 0 0 0 0 0 0 0 0 0 0 0 0 0 0 0 0 0 0 0 0 0 0 0 0 0 0 0 0 0 0 0 0 0 0 0 0 0 0 0 0 0 0 0 0 0 0 0 0 0 0 0 0 0 0 0 0 0 0 0 0 0 0 0 0 0 0 0 0 0 0
3.35009 4.46293e-05 1.55579e-05 2.90714e-05 0.651397 0.764953 0 0 0 0 0 0 0 0 0 0 0 0 0 0 0 0 0 0 0 0 0 0 0 0 0 0 0 0 0 0 0 0 0 0 0 0 0 0 0 0 0 0 0 0 0 0 0 0 0 0 0 0 0 0 0 0 0 0 0 0 0 0 0 0 0 0 0 0 0 0 0 0 0 0 0 0 0 0 0 0 0 0
3.52205 4.47261e-05 1.55832e-05 2.91429e-05 0.651586 0.763702 0 0 0 0 0 0 0 0 0 0 0 0 0 0 0 0 0 0 0 0 0 0 0 0 0 0 0 0 0 0 0 0 0 0 0 0 0 0 0 0 0 0 0 0 0 0 0 0 0 0 0 0 0 0 0 0 0 0 0 0 0 0 0 0 0 0 0 0 0 0 0 0 0 0 0 0 0 0 0 0 0 0
3.70284 4.48241e-05 1.55923e-05 2.92318e-05 0.652145 0.761913 0 0 0 0 0 0 0 0 0 0 0 0 0 0 0 0 0 0 0 0 0 0 0 0 0 0 0 0 0 0 0 0 0 0 0 0 0 0 0 0 0 0 0 0 0 0 0 0 0 0 0 0 0 0 0 0 0 0 0 0 0 0 0 0 0 0 0 0 0 0 0 0 0 0 0 0 0 0 0 0 0 0
3.89291 4.49222e-05 1.55942e-05 2.9328e-05 0.652861 0.759872 0 0 0 0 0 0 0 0 0 0 0 0 0 0 0 0 0 0 0 0 0 0 0 0 0 0 0 0 0 0 0 0 0 0 0 0 0 0 0 0 0 0 0 0 0 0 0 0 0 0 0 0 0 0 0 0 0 0 0 0 0 0 0 0 0 0 0 0 0 0 0 0 0 0 0 0 0 0 0 0 0 0
4.09273 4.50249e-05 1.56054e-05 2.94194e-05 0.653404 0.758051 0 0 0 0 0 0 0 0 0 0 0 0 0 0 0 0 0 0 0 0 0 0 0 0 0 0 0 0 0 0 0 0 0 0 0 0 0 0 0 0 0 0 0 0 0 0 0 0 0 0 0 0 0 0 0 0 0 0 0 0 0 0 0 0 0 0 0 0 0 0 0 0 0 0 0 0 0 0 0 0 0 0
4.30281 4.51287e-05 1.56348e-05 2.94939e-05 0.65355 0.756718 0 0 0 0 0 0 0 0 0 0 0 0 0 0 0 0 0 0 0 0 0 0 0 0 0 0 0 0 0 0 0 0 0 0 0 0 0 0 0 0 0 0 0 0 0 0 0 0 0 0 0 0 0 0 0 0 0 0 0 0 0 0 0 0 0 0 0 0 0 0 0 0 0 0 0 0 0 0 0 0 0 0
4.52368 4.52325e-05 1.56624e-05 2.95702e-05 0.653737 0.755284 0 0 0 0 0 0 0 0 0 0 0 0 0 0 0 0 0 0 0 0 0 0 0 0 0 0 0 0 0 0 0 0 0 0 0 0 0 0 0 0 0 0 0 0 0 0 0 0 0 0 0 0 0 0 0 0 0 0 0 0 0 0 0 0 0 0 0 0 0 0 0 0 0 0 0 0 0 0 0 0 0 0
4.75588 4.53408e-05 1.5685e-05 2.96559e-05 0.654066 0.753638 0 0 0 0 0 0 0 0 0 0 0 0 0 0 0 0 0 0 0 0 0 0 0 0 0 0 0 0 0 0 0 0 0 0 0 0 0 0 0 0 0 0 0 0 0 0 0 0 0 0 0 0 0 0 0 0 0 0 0 0 0 0 0 0 0 0 0 0 0 0 0 0 0 0 0 0 0 0 0 0 0 0
5 4.54471e-05 1.57103e-05 2.97368e-05 0.654317 0.752039 0 0 0 0 0 0 0 0 0 0 0 0 0 0 0 0 0 0 0 0 0 0 0 0 0 0 0 0 0 0 0 0 0 0 0 0 0 0 0 0 0 0 0 0 0 0 0 0 0 0 0 0 0 0 0 0 0 0 0 0 0 0 0 0 0 0 0 0 0 0 0 0 0 0 0 0 0 0 0 0 0 0
5.25665 4.55606e-05 1.57677e-05 2.97928e-05 0.653918 0.751253 0 0 0 0 0 0 0 0 0 0 0 0 0 0 0 0 0 0 0 0 0 0 0 0 0 0 0 0 0 0 0 0 0 0 0 0 0 0 0 0 0 0 0 0 0 0 0 0 0 0 0 0 0 0 0 0 0 0 0 0 0 0 0 0 0 0 0 0 0 0 0 0 0 0 0 0 0 0 0 0 0 0
5.52648 4.56813e-05 1.5836e-05 2.98453e-05 0.653337 0.750661 0 0 0 0 0 0 0 0 0 0 0 0 0 0 0 0 0 0 0 0 0 0 0 0 0 0 0 0 0 0 0 0 0 0 0 0 0 0 0 0 0 0 0 0 0 0 0 0 0 0 0 0 0 0 0 0 0 0 0 0 0 0 0 0 0 0 0 0 0 0 0 0 0 0 0 0 0 0 0 0 0 0
5.81015 4.58207e-05 1.5947e-05 2.98737e-05 0.651969 0.751062 0 0 0 0 0 0 0 0 0 0 0 0 0 0 0 0 0 0 0 0 0 0 0 0 0 0 0 0 0 0 0 0 0 0 0 0 0 0 0 0 0 0 0 0 0 0 0 0 0 0 0 0 0 0 0 0 0 0 0 0 0 0 0 0 0 0 0 0 0 0 0 0 0 0 0 0 0 0 0 0 0 0
6.10839 4.59834e-05 1.60041e-05 2.99793e-05 0.65196 0.749758 0 0 0 0 0 0 0 0 0 0 0 0 0 0 0 0 0 0 0 0 0 0 0 0 0 0 0 0 0 0 0 0 0 0 0 0 0 0 0 0 0 0 0 0 0 0 0 0 0 0 0 0 0 0 0 0 0 0 0 0 0 0 0 0 0 0 0 0 0 0 0 0 0 0 0 0 0 0 0 0 0 0
6.42193 4.61302e-05 1.59088e-05 3.02214e-05 0.655132 0.744401 0 0 0 0 0 0 0 0 0 0 0 0 0 0 0 0 0 0 0 0 0 0 0 0 0 0 0 0 0 0 0 0 0 0 0 0 0 0 0 0 0 0 0 0 0 0 0 0 0 0 0 0 0 0 0 0 0 0 0 0 0 0 0 0 0 0 0 0 0 0 0 0 0 0 0 0 0 0 0 0 0 0
6.75157 4.62654e-05 1.59132e-05 3.03522e-05 0.656045 0.741785 0 0 0 0 0 0 0 0 0 0 0 0 0 0 0 0 0 0 0 0 0 0 0 0 0 0 0 0 0 0 0 0 0 0 0 0 0 0 0 0 0 0 0 0 0 0 0 0 0 0 0 0 0 0 0 0 0 0 0 0 0 0 0 0 0 0 0 0 0 0 0 0 0 0 0 0 0 0 0 0 0 0
7.09813 4.64265e-05 1.59308e-05 3.04957e-05 0.656859 0.739338 0 0 0 0 0 0 0 0 0 0 0 0 0 0 0 0 0 0 0 0 0 0 0 0 0 0 0 0 0 0 0 0 0 0 0 0 0 0 0 0 0 0 0 0 0 0 0 0 0 0 0 0 0 0 0 0 0 0 0 0 0 0 0 0 0 0 0 0 0 0 0 0 0 0 0 0 0 0 0 0 0 0
7.46248 4.6579e-05 1.58528e-05 3.07262e-05 0.659659 0.734485 0 0 0 0 0 0 0 0 0 0 0 0 0 0 0 0 0 0 0 0 0 0 0 0 0 0 0 0 0 0 0 0 0 0 0 0 0 0 0 0 0 0 0 0 0 0 0 0 0 0 0 0 0 0 0 0 0 0 0 0 0 0 0 0 0 0 0 0 0 0 0 0 0 0 0 0 0 0 0 0 0 0
7.84553 4.67143e-05 1.5794e-05 3.09203e-05 0.661902 0.730247 0 0 0 0 0 0 0 0 0 0 0 0 0 0 0 0 0 0 0 0 0 0 0 0 0 0 0 0 0 0 0 0 0 0 0 0 0 0 0 0 0 0 0 0 0 0 0 0 0 0 0 0 0 0 0 0 0 0 0 0 0 0 0 0 0 0 0 0 0 0 0 0 0 0 0 0 0 0 0 0 0 0
8.24824 4.68465e-05 1.57059e-05 3.11406e-05 0.664737 0.725349 0 0 0 0 0 0 0 0 0 0 0 0 0 0 0 0 0 0 0 0 0 0 0 0 0 0 0 0 0 0 0 0 0 0 0 0 0 0 0 0 0 0 0 0 0 0 0 0 0 0 0 0 0 0 0 0 0 0 0 0 0 0 0 0 0 0 0 0 0 0 0 0 0 0 0 0 0 0 0 0 0 0
8.67162 4.69678e-05 1.56473e-05 3.13205e-05 0.66685 0.721247 0 0 0 0 0 0 0 0 0 0 0 0 0 0 0 0 0 0 0 0 0 0 0 0 0 0 0 0 0 0 0 0 0 0 0 0 0 0 0 0 0 0 0 0 0 0 0 0 0 0 0 0 0 0 0 0 0 0 0 0 0 0 0 0 0 0 0 0 0 0 0 0 0 0 0 0 0 0 0 0 0 0
9.11674 4.70807e-05 1.56151e-05 3.14656e-05 0.668332 0.717804 0 0 0 0 0 0 0 0 0 0 0 0 0 0 0 0 0 0 0 0 0 0 0 0 0 0 0 0 0 0 0 0 0 0 0 0 0 0 0 0 0 0 0 0 0 0 0 0 0 0 0 0 0 0 0 0 0 0 0 0 0 0 0 0 0 0 0 0 0 0 0 0 0 0 0 0 0 0 0 0 0 0
9.5847 4.71919e-05 1.56101e-05 3.15818e-05 0.669221 0.714963 0 0 0 0 0 0 0 0 0 0 0 0 0 0 0 0 0 0 0 0 0 0 0 0 0 0 0 0 0 0 0 0 0 0 0 0 0 0 0 0 0 0 0 0 0 0 0 0 0 0 0 0 0 0 0 0 0 0 0 0 0 0 0 0 0 0 0 0 0 0 0 0 0 0 0 0 0 0 0 0 0 0
10.0767 4.73151e-05 1.56561e-05 3.1659e-05 0.66911 0.71316 0 0 0 0 0 0 0 0 0 0 0 0 0 0 0 0 0 0 0 0 0 0 0 0 0 0 0 0 0 0 0 0 0 0 0 0 0 0 0 0 0 0 0 0 0 0 0 0 0 0 0 0 0 0 0 0 0 0 0 0 0 0 0 0 0 0 0 0 0 0 0 0 0 0 0 0 0 0 0 0 0 0
10.5939 4.74629e-05 1.5757e-05 3.17058e-05 0.668013 0.712371 0 0 0 0 0 0 0 0 0 0 0 0 0 0 0 0 0 0 0 0 0 0 0 0 0 0 0 0 0 0 0 0 0 0 0 0 0 0 0 0 0 0 0 0 0 0 0 0 0 0 0 0 0 0 0 0 0 0 0 0 0 0 0 0 0 0 0 0 0 0 0 0 0 0 0 0 0 0 0 0 0 0
11.1377 4.76419e-05 1.58042e-05 3.18378e-05 0.668272 0.710165 0 0 0 0 0 0 0 0 0 0 0 0 0 0 0 0 0 0 0 0 0 0 0 0 0 0 0 0 0 0 0 0 0 0 0 0 0 0 0 0 0 0 0 0 0 0 0 0 0 0 0 0 0 0 0 0 0 0 0 0 0 0 0 0 0 0 0 0 0 0 0 0 0 0 0 0 0 0 0 0 0 0
11.7094 4.77889e-05 1.5775e-05 3.20139e-05 0.669903 0.706387 0 0 0 0 0 0 0 0 0 0 0 0 0 0 0 0 0 0 0 0 0 0 0 0 0 0 0 0 0 0 0 0 0 0 0 0 0 0 0 0 0 0 0 0 0 0 0 0 0 0 0 0 0 0 0 0 0 0 0 0 0 0 0 0 0 0 0 0 0 0 0 0 0 0 0 0 0 0 0 0 0 0
12.3105 4.79358e-05 1.57831e-05 3.21527e-05 0.670745 0.703353 0 0 0 0 0 0 0 0 0 0 0 0 0 0 0 0 0 0 0 0 0 0 0 0 0 0 0 0 0 0 0 0 0 0 0 0 0 0 0 0 0 0 0 0 0 0 0 0 0 0 0 0 0 0 0 0 0 0 0 0 0 0 0 0 0 0 0 0 0 0 0 0 0 0 0 0 0 0 0 0 0 0
12.9424 4.81357e-05 1.58584e-05 3.22773e-05 0.670548 0.701421 0 0 0 0 0 0 0 0 0 0 0 0 0 0 0 0 0 0 0 0 0 0 0 0 0 0 0 0 0 0 0 0 0 0 0 0 0 0 0 0 0 0 0 0 0 0 0 0 0 0 0 0 0 0 0 0 0 0 0 0 0 0 0 0 0 0 0 0 0 0 0 0 0 0 0 0 0 0 0 0 0 0
13.6067 4.82407e-05 1.5747e-05 3.24937e-05 0.673575 0.695983 0 0 0 0 0 0 0 0 0 0 0 0 0 0 0 0 0 0 0 0 0 0 0 0 0 0 0 0 0 0 0 0 0 0 0 0 0 0 0 0 0 0 0 0 0 0 0 0 0 0 0 0 0 0 0 0 0 0 0 0 0 0 0 0 0 0 0 0 0 0 0 0 0 0 0 0 0 0 0 0 0 0
14.3051 4.84073e-05 1.58036e-05 3.26037e-05 0.673528 0.693619 0 0 0 0 0 0 0 0 0 0 0 0 0 0 0 0 0 0 0 0 0 0 0 0 0 0 0 0 0 0 0 0 0 0 0 0 0 0 0 0 0 0 0 0 0 0 0 0 0 0 0 0 0 0 0 0 0 0 0 0 0 0 0 0 0 0 0 0 0 0 0 0 0 0 0 0 0 0 0 0 0 0
15.0394 4.85736e-05 1.58718e-05 3.27017e-05 0.673241 0.691353 0 0 0 0 0 0 0 0 0 0 0 0 0 0 0 0 0 0 0 0 0 0 0 0 0 0 0 0 0 0 0 0 0 0 0 0 0 0 0 0 0 0 0 0 0 0 0 0 0 0 0 0 0 0 0 0 0 0 0 0 0 0 0 0 0 0 0 0 0 0 0 0 0 0 0 0 0 0 0 0 0 0
15.8114 4.87392e-05 1.59088e-05 3.28304e-05 0.673594 0.688352 0 0 0 0 0 0 0 0 0 0 0 0 0 0 0 0 0 0 0 0 0 0 0 0 0 0 0 0 0 0 0 0 0 0 0 0 0 0 0 0 0 0 0 0 0 0 0 0 0 0 0 0 0 0 0 0 0 0 0 0 0 0 0 0 0 0 0 0 0 0 0 0 0 0 0 0 0 0 0 0 0 0
16.623 4.89258e-05 1.59027e-05 3.30231e-05 0.674963 0.684402 0 0 0 0 0 0 0 0 0 0 0 0 0 0 0 0 0 0 0 0 0 0 0 0 0 0 0 0 0 0 0 0 0 0 0 0 0 0 0 0 0 0 0 0 0 0 0 0 0 0 0 0 0 0 0 0 0 0 0 0 0 0 0 0 0 0 0 0 0 0 0 0 0 0 1.4013e-45 0 1.4013e-45 0 2.8026e-45 0 5.60519e-45 0
17.4762 4.9108e-05 1.59252e-05 3.31827e-05 0.67571 0.680852 0 0 0 0 0 0 0 0 0 0 0 0 0 0 0 0 0 0 0 0 0 0 0 0 0 0 0 0 0 0 0 0 0 0 0 0 0 0 0 0 0 0 0 0 0 0 0 0 0 0 0 0 0 0 0 0 0 0 1.4013e-45 0 1.4013e-45 0 4.2039e-45 0 7.00649e-45 0 1.54143e-44 0 3.08286e-44 0 6.02558e-44 0 1.10703e-43 0 2.03188e-43 0 3.71344e-43 0 6.45999e-43 0 1.11824e-42 0
18.3733 4.92615e-05 1.59132e-05 3.33483e-05 0.676965 0.676672 0 0 0 0 0 0 0 0 0 0 0 0 0 0 0 0 0 0 0 0 0 0 0 0 0 0 0 0 0 0 0 0 0 0 0 0 0 0 0 0 0 0 0 0 0 0 1.4013e-45 0 2.8026e-45 0 5.60519e-45 0 1.4013e-44 0 3.36312e-44 0 7.14662e-44 0 1.62551e-43 0 3.30706e-43 0 6.97847e-43 0 1.34385e-42 0 2.66947e-42 0 5.05588e-42 0 9.498e-42 0 1.70384e-41 0 3.03633e-41 0 5.37608e-41 0 9.11096e-41 0 1.53567e-40 0
19.3164 4.94323e-05 1.59878e-05 3.34444e-05 0.676571 0.673785 0 0 0 0 0 0 0 0 0 0 0 0 0 0 0 0 0 0 0 0 0 0 0 0 0 0 0 0 0 0 0 0 0 0 0 0 1.4013e-45 0 2.8026e-45 0 7.00649e-45 0 2.24208e-44 0 6.30584e-44 0 1.66755e-43 0 4.18988e-43 0 1.03696e-42 0 2.42144e-42 0 5.35436e-42 0 1.12314e-41 0 2.42705e-41 0 4.7895e-41 0 9.74113e-41 0 1.81586e-40 0 3.49005e-40 0 6.40521e-40 0 1.16693e-39 0 2.03435e-39 0 3.5245e-39 0 6.06886e-39 0 1.00235e-38 0 1.64697e-38 0
20.3079 4.96413e-05 1.6068e-05 3.35732e-05 0.676317 0.670726 0 0 0 0 0 0 0 0 0 0 0 0 0 0 0 0 0 0 0 0 0 0 0 0 0 0 0 0 0 0 2.8026e-45 0 1.12104e-44 0 3.92364e-44 0 1.38729e-43 0 4.40008e-43 0 1.2962e-42 0 3.73866e-42 0 9.68577e-42 0 2.46629e-41 0 5.92553e-41 0 1.40256e-40 0 3.1436e-40 0 6.68693e-40 0 1.35277e-39 0 2.81527e-39 0 5.37413e-39 0 1.05579e-38 0 1.90918e-38 0 3.55419e-38 0 6.3324e-38 0 1.12037e-37 0 1.90088e-37 0 3.20609e-37 0 5.37603e-37 0 8.66432e-37 0 1.38954e-36 0
21.3503 4.98408e-05 1.60349e-05 3.3806e-05 0.678278 0.665669 0 0 0 0 0 0 0 0 0 0 0 0 0 0 0 0 0 0 0 0 0 0 0 0 4.2039e-45 0 2.10195e-44 0 1.02295e-43 0 4.54021e-43 0 1.77124e-42 0 6.10125e-42 0 2.04141e-41 0 6.092e-41 0 1.70266e-40 0 4.66124e-40 0 1.1528e-39 0 2.80462e-39 0 6.45603e-39 0 1.46519e-38 0 3.15709e-38 0 6.47265e-38 0 1.26514e-37 0 2.54036e-37 0 4.69866e-37 0 8.93152e-37 0 1.56904e-36 0 2.83367e-36 0 4.9083e-36 0 8.44547e-36 0 1.3964e-35 0 2.29586e-35 0 3.75381e-35 0 5.9105e-35 0 9.26286e-35 0
22.4463 5.00206e-05 1.60786e-05 3.3942e-05 0.678561 0.661642 0 0 0 0 0 0 0 0 0 0 0 0 0 0 0 0 0 0 1.4013e-45 0 1.26117e-44 0 9.80909e-44 0 6.33387e-43 0 3.31267e-42 0 1.50135e-41 0 6.22625e-41 0 2.27368e-40 0 7.37192e-40 0 2.32533e-39 0 6.57868e-39 0 1.7487e-38 0 4.55759e-38 0 1.07842e-37 0 2.51221e-37 0 5.55225e-37 0 1.21065e-36 0 2.51267e-36 0 4.97401e-36 0 9.40919e-36 0 1.82611e-35 0 3.27768e-35 0 6.03807e-35 0 1.03195e-34 0 1.81068e-34 0 3.05333e-34 0 5.11634e-34 0 8.25435e-34 0 1.32457e-33 0 2.11435e-33 0 3.25614e-33 0 4.99226e-33 0
23.5984 5.02118e-05 1.60699e-05 3.4142e-05 0.679959 0.656701 0 0 0 0 0 0 0 0 0 0 0 0 0 0 1.4013e-45 0 1.96182e-44 0 2.35418e-43 0 2.06411e-42 0 1.43087e-41 0 8.41298e-41 0 4.06178e-40 0 1.70966e-39 0 6.61425e-39 0 2.26734e-38 0 6.94108e-38 0 2.07001e-37 0 5.56641e-37 0 1.41066e-36 0 3.50857e-36 0 7.96013e-36 0 1.77933e-35 0 3.78315e-35 0 7.941e-35 0 1.5904e-34 0 3.04509e-34 0 5.58378e-34 0 1.04916e-33 0 1.83012e-33 0 3.27233e-33 0 5.44819e-33 0 9.30065e-33 0 1.52885e-32 0 2.49808e-32 0 3.9372e-32 0 6.1738e-32 0 9.63246e-32 0 1.45247e-31 0 2.18093e-31 0
24.8097 5.0403e-05 1.60997e-05 3.43033e-05 0.680581 0.6521 0 0 0 0 0 0 0 0 0 0 0 0 8.40779e-45 0 2.07392e-43 0 3.07024e-42 0 3.25592e-41 0 2.56347e-40 0 1.61711e-39 0 8.72042e-39 0 3.89872e-38 0 1.52982e-37 0 5.54018e-37 0 1.78829e-36 0 5.18351e-36 0 1.46555e-35 0 3.75515e-35 0 9.09404e-35 0 2.16344e-34 0 4.7159e-34 0 1.01355e-33 0 2.07705e-33 0 4.20481e-33 0 8.1405e-33 0 1.50998e-32 0 2.68808e-32 0 4.89761e-32 0 8.31424e-32 0 1.44503e-31 0 2.34673e-31 0 3.90288e-31 0 6.26179e-31 0 9.98913e-31 0 1.53979e-30 0 2.36205e-30 0 3.60613e-30 0 5.32971e-30 0 7.84544e-30 0
26.0832 5.05844e-05 1.61203e-05 3.44642e-05 0.681319 0.647031 0 0 0 0 0 0 0 0 0 0 3.22299e-44 0 1.2934e-42 0 2.84534e-41 0 3.69395e-40 0 3.49046e-39 0 2.48472e-38 0 1.43264e-37 0 7.11546e-37 0 2.95688e-36 0 1.08533e-35 0 3.69114e-35 0 1.12519e-34 0 3.09633e-34 0 8.32119e-34 0 2.0364e-33 0 4.72321e-33 0 1.07708e-32 0 2.26019e-32 0 4.67952e-32 0 9.25956e-32 0 1.81107e-31 0 3.39494e-31 0 6.11014e-31 0 1.05753e-30 0 1.87117e-30 0 3.0955e-30 0 5.2368e-30 0 8.30559e-30 0 1.34743e-29 0 2.11249e-29 0 3.29398e-29 0 4.97142e-29 0 7.4685e-29 0 1.1169e-28 0 1.61955e-28 0 2.33942e-28 0
27.4221 5.07847e-05 1.61316e-05 3.46531e-05 0.682353 0.641784 0 0 0 0 0 0 0 0 5.74532e-44 0 4.86251e-42 0 1.60269e-40 0 3.0315e-39 0 3.47269e-38 0 2.94059e-37 0 1.90201e-36 0 1.00675e-35 0 4.62386e-35 0 1.79239e-34 0 6.17432e-34 0 1.97802e-33 0 5.71036e-33 0 1.49562e-32 0 3.82998e-32 0 8.97214e-32 0 1.99725e-31 0 4.37485e-31 0 8.85408e-31 0 1.76917e-30 0 3.386e-30 0 6.40924e-30 0 1.16515e-29 0 2.03769e-29 0 3.4336e-29 0 5.90841e-29 0 9.53703e-29 0 1.57253e-28 0 2.43851e-28 0 3.86367e-28 0 5.92591e-28 0 9.04193e-28 0 1.3375e-27 0 1.96977e-27 0 2.88844e-27 0 4.11304e-27 0 5.83554e-27 0
28.8297 5.09984e-05 1.61858e-05 3.48125e-05 0.682621 0.636824 0 0 0 0 0 0 2.94273e-44 0 8.27747e-42 0 5.59443e-40 0 1.55449e-38 0 2.54716e-37 0 2.59035e-36 0 1.9762e-35 0 1.16687e-34 0 5.69376e-34 0 2.42748e-33 0 8.8075e-33 0 2.85617e-32 0 8.64449e-32 0 2.36969e-31 0 5.9215e-31 0 1.44833e-30 0 3.25476e-30 0 6.96765e-30 0 1.4689e-29 0 2.87225e-29 0 5.54844e-29 0 1.02879e-28 0 1.88762e-28 0 3.33284e-28 0 5.67179e-28 0 9.3168e-28 0 1.56127e-27 0 2.46189e-27 0 3.96143e-27 0 6.01277e-27 0 9.31518e-27 0 1.39919e-26 0 2.09134e-26 0 3.03496e-26 0 4.386e-26 0 6.31247e-26 0 8.83496e-26 0 1.23227e-25 0
30.3095 5.11613e-05 1.61791e-05 3.49821e-05 0.683762 0.630469 0 0 0 0 1.4013e-45 0 4.28657e-42 0 9.13219e-40 0 5.02474e-38 0 1.187e-36 0 1.69678e-35 0 1.5408e-34 0 1.06447e-33 0 5.76333e-33 0 2.60279e-32 0 1.03383e-31 0 3.52224e-31 0 1.07846e-30 0 3.09227e-30 0 8.06951e-30 0 1.92827e-29 0 4.51482e-29 0 9.75263e-29 0 2.01164e-28 0 4.08922e-28 0 7.73843e-28 0 1.44757e-27 0 2.60436e-27 0 4.63897e-27 0 7.96648e-27 0 1.32099e-26 0 2.11798e-26 0 3.46088e-26 0 5.33728e-26 0 8.39106e-26 0 1.24793e-25 0 1.89245e-25 0 2.78666e-25 0 4.08423e-25 0 5.82027e-25 0 8.26134e-25 0 1.16805e-24 0 1.60819e-24 0 2.2069e-24 0
31.8653 5.13601e-05 1.62098e-05 3.51503e-05 0.68439 0.624513 0 0 0 0 2.67648e-43 0 4.83538e-40 0 7.92922e-38 0 3.58747e-36 0 7.26229e-35 0 9.11691e-34 0 7.43346e-33 0 4.67299e-32 0 2.32981e-31 0 9.77502e-31 0 3.62979e-30 0 1.16482e-29 0 3.3769e-29 0 9.19717e-29 0 2.29026e-28 0 5.24488e-28 0 1.17806e-27 0 2.45086e-27 0 4.87972e-27 0 9.58173e-27 0 1.75764e-26 0 3.18888e-26 0 5.57502e-26 0 9.6544e-26 0 1.61475e-25 0 2.61224e-25 0 4.09285e-25 0 6.52949e-25 0 9.85887e-25 0 1.51611e-24 0 2.21151e-24 0 3.2862e-24 0 4.7484e-24 0 6.83072e-24 0 9.56729e-24 0 1.33497e-23 0 1.85582e-23 0 2.51555e-23 0 3.39912e-23 0
33.5009 5.16049e-05 1.63024e-05 3.53025e-05 0.684092 0.61933 0 0 0 0 3.43304e-41 0 4.29487e-38 0 5.49055e-36 0 2.06226e-34 0 3.60454e-33 0 3.99924e-32 0 2.94324e-31 0 1.69141e-30 0 7.79664e-30 0 3.04999e-29 0 1.06229e-28 0 3.22031e-28 0 8.86312e-28 0 2.29868e-27 0 5.47474e-27 0 1.20405e-26 0 2.59968e-26 0 5.21838e-26 0 1.00464e-25 0 1.90876e-25 0 3.39918e-25 0 5.99033e-25 0 1.01909e-24 0 1.7181e-24 0 2.80235e-24 0 4.42823e-24 0 6.78769e-24 0 1.05845e-23 0 1.56633e-23 0 2.35863e-23 0 3.37764e-23 0 4.92289e-23 0 6.98665e-23 0 9.87365e-23 0 1.36037e-22 0 1.86756e-22 0 2.55479e-22 0 3.41194e-22 0 4.54311e-22 0
35.2205 5.18177e-05 1.63864e-05 3.54313e-05 0.683769 0.613297 0 0 1.4013e-44 0 3.42663e-39 0 3.02629e-36 0 3.05296e-34 0 9.60646e-33 0 1.46018e-31 0 1.44048e-30 0 9.6168e-30 0 5.07429e-29 0 2.17086e-28 0 7.94511e-28 0 2.60367e-27 0 7.47693e-27 0 1.9586e-26 0 4.84874e-26 0 1.10691e-25 0 2.34251e-25 0 4.8712e-25 0 9.45101e-25 0 1.76223e-24 0 3.24485e-24 0 5.61799e-24 0 9.63038e-24 0 1.59639e-23 0 2.62361e-23 0 4.17829e-23 0 6.45663e-23 0 9.69262e-23 0 1.479e-22 0 2.14719e-22 0 3.16933e-22 0 4.45971e-22 0 6.38155e-22 0 8.90331e-22 0 1.23716e-21 0 1.67807e-21 0 2.26834e-21 0 3.05594e-21 0 4.02399e-21 0 5.28369e-21 0
37.0284 5.19824e-05 1.64049e-05 3.55775e-05 0.684414 0.605551 0 0 2.02488e-42 0 2.68844e-37 0 1.70493e-34 0 1.37304e-32 0 3.65085e-31 0 4.85886e-30 0 4.28645e-29 0 2.60835e-28 0 1.26895e-27 0 5.05684e-27 0 1.73715e-26 0 5.37222e-26 0 1.46529e-25 0 3.66206e-25 0 8.67338e-25 0 1.90182e-24 0 3.88011e-24 0 7.78528e-24 0 1.46239e-23 0 2.64507e-23 0 4.72741e-23 0 7.96839e-23 0 1.33047e-22 0 2.15171e-22 0 3.45152e-22 0 5.37331e-22 0 8.1287e-22 0 1.19631e-21 0 1.78817e-21 0 2.54921e-21 0 3.69188e-21 0 5.1091e-21 0 7.18398e-21 0 9.86119e-21 0 1.34843e-20 0 1.80197e-20 0 2.40025e-20 0 3.18694e-20 0 4.14048e-20 0 5.36482e-20 0
38.9291 5.2224e-05 1.64623e-05 3.57617e-05 0.684776 0.598207 1.4013e-45 0 2.26139e-40 0 1.68799e-35 0 7.81199e-33 0 5.07785e-31 0 1.15035e-29 0 1.34923e-28 0 1.07025e-27 0 5.96296e-27 0 2.6853e-26 0 1.00026e-25 0 3.23521e-25 0 9.4685e-25 0 2.45909e-24 0 5.87699e-24 0 1.33455e-23 0 2.81623e-23 0 5.5491e-23 0 1.07618e-22 0 1.96023e-22 0 3.44442e-22 0 5.98398e-22 0 9.83256e-22 0 1.60114e-21 0 2.5294e-21 0 3.96481e-21 0 6.04045e-21 0 8.95511e-21 0 1.2933e-20 0 1.89558e-20 0 2.65595e-20 0 3.77753e-20 0 5.14537e-20 0 7.11558e-20 0 9.61741e-20 0 1.29516e-19 0 1.70645e-19 0 2.24142e-19 0 2.93514e-19 0 3.76492e-19 0 4.8169e-19 0
40.9273 5.25228e-05 1.65745e-05 3.59484e-05 0.684433 0.59179 1.90577e-43 0 1.98878e-38 0 8.58347e-34 0 2.94387e-31 0 1.56071e-29 0 3.03606e-28 0 3.15763e-27 0 2.26384e-26 0 1.15985e-25 0 4.85316e-25 0 1.69536e-24 0 5.17798e-24 0 1.43803e-23 0 3.56472e-23 0 8.16452e-23 0 1.78123e-22 0 3.62425e-22 0 6.90862e-22 0 1.29721e-21 0 2.29465e-21 0 3.92259e-21 0 6.63339e-21 0 1.06385e-20 0 1.69164e-20 0 2.61335e-20 0 4.00749e-20 0 5.98124e-20 0 8.69849e-20 0 1.23389e-19 0 1.77507e-19 0 2.44648e-19 0 3.42027e-19 0 4.58897e-19 0 6.24648e-19 0 8.31945e-19 0 1.1042e-18 0 1.4354e-18 0 1.86045e-18 0 2.4044e-18 0 3.04687e-18 0 3.8516e-18 0
43.0281 5.27722e-05 1.66757e-05 3.60965e-05 0.684006 0.584612 2.33148e-41 0 1.38806e-36 0 3.55779e-32 0 9.17602e-30 0 4.00743e-28 0 6.74405e-27 0 6.25625e-26 0 4.0741e-25 0 1.92727e-24 0 7.51998e-24 0 2.47132e-23 0 7.1475e-23 0 1.88844e-22 0 4.47828e-22 0 9.85019e-22 0 2.06868e-21 0 4.06564e-21 0 7.50971e-21 0 1.36736e-20 0 2.35231e-20 0 3.91726e-20 0 6.45661e-20 0 1.01189e-19 0 1.57299e-19 0 2.379e-19 0 3.57276e-19 0 5.22915e-19 0 7.46694e-19 0 1.04127e-18 0 1.4716e-18 0 1.9967e-18 0 2.74617e-18 0 3.63203e-18 0 4.87002e-18 0 6.39608e-18 0 8.37266e-18 0 1.07455e-17 0 1.37522e-17 0 1.75518e-17 0 2.19861e-17 0 2.74768e-17 0
45.2368 5.29302e-05 1.67425e-05 3.61877e-05 0.683687 0.575364 2.2308e-39 0 7.76458e-35 0 1.21238e-30 0 2.38437e-28 0 8.65972e-27 0 1.26969e-25 0 1.05647e-24 0 6.27838e-24 0 2.75301e-23 0 1.00511e-22 0 3.11672e-22 0 8.55861e-22 0 2.15651e-21 0 4.90286e-21 0 1.03769e-20 0 2.10176e-20 0 3.99663e-20 0 7.16433e-20 0 1.26686e-19 0 2.12245e-19 0 3.44755e-19 0 5.54546e-19 0 8.50238e-19 0 1.29353e-18 0 1.91722e-18 0 2.82267e-18 0 4.05519e-18 0 5.69073e-18 0 7.80796e-18 0 1.085e-17 0 1.45038e-17 0 1.96399e-17 0 2.56232e-17 0 3.38684e-17 0 4.38933e-17 0 5.67071e-17 0 7.18967e-17 0 9.09126e-17 0 1.14657e-16 0 1.42053e-16 0 1.75607e-16 0
47.5588 5.30864e-05 1.67504e-05 3.6336e-05 0.68447 0.564079 1.68202e-37 0 3.51355e-33 0 3.4239e-29 0 5.20316e-27 0 1.58572e-25 0 2.0393e-24 0 1.53009e-23 0 8.33519e-23 0 3.40042e-22 0 1.16541e-21 0 3.41954e-21 0 8.93827e-21 0 2.15281e-20 0 4.70206e-20 0 9.59423e-20 0 1.87741e-19 0 3.45973e-19 0 6.02765e-19 0 1.03661e-18 0 1.69349e-18 0 2.68639e-18 0 4.22199e-18 0 6.33955e-18 0 9.44924e-18 0 1.37388e-17 0 1.98488e-17 0 2.80158e-17 0 3.86701e-17 0 5.22442e-17 0 7.14419e-17 0 9.41568e-17 0 1.25626e-16 0 1.61784e-16 0 2.10951e-16 0 2.69952e-16 0 3.44426e-16 0 4.31653e-16 0 5.39602e-16 0 6.72869e-16 0 8.24969e-16 0 1.00933e-15 0
50 5.3378e-05 1.68173e-05 3.65607e-05 0.68494 0.55354 1.01804e-35 0 1.30848e-31 0 8.14315e-28 0 9.68318e-26 0 2.4976e-24 0 2.83544e-23 0 1.92807e-22 0 9.66893e-22 0 3.68284e-21 0 1.18853e-20 0 3.30883e-20 0 8.25254e-20 0 1.90415e-19 0 4.0033e-19 0 7.88894e-19 0 1.49394e-18 0 2.67211e-18 0 4.53094e-18 0 7.58855e-18 0 1.21037e-17 0 1.87725e-17 0 2.88591e-17 0 4.2482e-17 0 6.20984e-17 0 8.86535e-17 0 1.258e-16 0 1.74599e-16 0 2.37235e-16 0 3.15837e-16 0 4.25345e-16 0 5.53078e-16 0 7.27613e-16 0 9.25534e-16 0 1.19128e-15 0 1.50622e-15 0 1.89902e-15 0 2.35387e-15 0 2.91064e-15 0 3.59059e-15 0 4.35865e-15 0 5.28043e-15 0
52.5665 5.37685e-05 1.69509e-05 3.68176e-05 0.684743 0.544655 5.00261e-34 0 4.05114e-30 0 1.64575e-26 0 1.54977e-24 0 3.4108e-23 0 3.43906e-22 0 2.12959e-21 0 9.87101e-21 0 3.52216e-20 0 1.07348e-19 0 2.8428e-19 0 6.78079e-19 0 1.50198e-18 0 3.04527e-18 0 5.80554e-18 0 1.06566e-17 0 1.85272e-17 0 3.06159e-17 0 5.00014e-17 0 7.79545e-17 0 1.18342e-16 0 1.78148e-16 0 2.57339e-16 0 3.69259e-16 0 5.18081e-16 0 7.22704e-16 0 9.87122e-16 0 1.32132e-15 0 1.7347e-15 0 2.30246e-15 0 2.95575e-15 0 3.83678e-15 0 4.82344e-15 0 6.13231e-15 0 7.66524e-15 0 9.55553e-15 0 1.17207e-14 0 1.43436e-14 0 1.75139e-14 0 2.106e-14 0 2.5276e-14 0
55.2648 5.41009e-05 1.711e-05 3.69909e-05 0.683738 0.536141 2.01148e-32 0 1.04972e-28 0 2.84226e-25 0 2.14385e-23 0 4.05726e-22 0 3.6544e-21 0 2.0702e-20 0 8.90342e-20 0 2.9856e-19 0 8.61758e-19 0 2.17615e-18 0 4.97497e-18 0 1.06001e-17 0 2.07628e-17 0 3.83549e-17 0 6.83467e-17 0 1.1566e-16 0 1.86496e-16 0 2.97374e-16 0 4.53676e-16 0 6.74826e-16 0 9.95776e-16 0 1.41282e-15 0 1.99184e-15 0 2.74879e-15 0 3.77265e-15 0 5.07511e-15 0 6.69732e-15 0 8.67649e-15 0 1.13582e-14 0 1.44042e-14 0 1.8461e-14 0 2.29505e-14 0 2.88383e-14 0 3.56566e-14 0 4.39739e-14 0 5.34027e-14 0 6.47121e-14 0 7.82486e-14 0 9.32486e-14 0 1.10923e-13 0
58.1015 5.42604e-05 1.72048e-05 3.70556e-05 0.682922 0.525119 6.64869e-31 0 2.28448e-27 0 4.20519e-24 0 2.56831e-22 0 4.21052e-21 0 3.40654e-20 0 1.7731e-19 0 7.10146e-19 0 2.24474e-18 0 6.15239e-18 0 1.48493e-17 0 3.26042e-17 0 6.69508e-17 0 1.26904e-16 0 2.27508e-16 0 3.94134e-16 0 6.50059e-16 0 1.02402e-15 0 1.59606e-15 0 2.38527e-15 0 3.47987e-15 0 5.03829e-15 0 7.02733e-15 0 9.74264e-15 0 1.32353e-14 0 1.78865e-14 0 2.37157e-14 0 3.08752e-14 0 3.94969e-14 0 5.10288e-14 0 6.39673e-14 0 8.09959e-14 0 9.96288e-14 0 1.238e-13 0 1.51492e-13 0 1.84927e-13 0 2.22458e-13 0 2.67053e-13 0 3.19935e-13 0 3.78015e-13 0 4.45871e-13 0
61.0839 5.43017e-05 1.72595e-05 3.70422e-05 0.682156 0.510329 1.8263e-29 0 4.21677e-26 0 5.37734e-23 0 2.6868e-21 0 3.84254e-20 0 2.80714e-19 0 1.34805e-18 0 5.04543e-18 0 1.5077e-17 0 3.93381e-17 0 9.09476e-17 0 1.92169e-16 0 3.80985e-16 0 6.99951e-16 0 1.21958e-15 0 2.05687e-15 0 3.3106e-15 0 5.10067e-15 0 7.77961e-15 0 1.14005e-14 0 1.63284e-14 0 2.32175e-14 0 3.18616e-14 0 4.34737e-14 0 5.81817e-14 0 7.74805e-14 0 1.01326e-13 0 1.30227e-13 0 1.64601e-13 0 2.10017e-13 0 2.60378e-13 0 3.25916e-13 0 3.9686e-13 0 4.87939e-13 0 5.91229e-13 0 7.14721e-13 0 8.52056e-13 0 1.01378e-12 0 1.20386e-12 0 1.41086e-12 0 1.65076e-12 0
64.2193 5.43506e-05 1.71874e-05 3.71632e-05 0.683768 0.491152 4.18529e-28 0 6.62091e-25 0 5.95495e-22 0 2.45816e-20 0 3.08733e-19 0 2.04674e-18 0 9.10404e-18 0 3.19477e-17 0 9.0499e-17 0 2.25324e-16 0 5.00052e-16 0 1.01869e-15 0 1.95325e-15 0 3.48353e-15 0 5.90731e-15 0 9.71186e-15 0 1.52725e-14 0 2.30391e-14 0 3.44227e-14 0 4.95119e-14 0 6.96803e-14 0 9.7391e-14 0 1.31601e-13 0 1.7686e-13 0 2.33351e-13 0 3.06438e-13 0 3.95532e-13 0 5.02159e-13 0 6.27488e-13 0 7.91152e-13 0 9.70629e-13 0 1.20169e-12 0 1.44927e-12 0 1.76399e-12 0 2.11746e-12 0 2.53614e-12 0 2.99763e-12 0 3.53646e-12 0 4.16444e-12 0 4.84287e-12 0 5.62305e-12 0
67.5157 5.45861e-05 1.71808e-05 3.74054e-05 0.685254 0.471469 8.16061e-27 0 9.00984e-24 0 5.81371e-21 0 2.00124e-19 0 2.22134e-18 0 1.34273e-17 0 5.55281e-17 0 1.83273e-16 0 4.93429e-16 0 1.17502e-15 0 2.50813e-15 0 4.93505e-15 0 9.16646e-15 0 1.58926e-14 0 2.62644e-14 0 4.21442e-14 0 6.48256e-14 0 9.58484e-14 0 1.40427e-13 0 1.9843e-13 0 2.74639e-13 0 3.77634e-13 0 5.02839e-13 0 6.66087e-13 0 8.6703e-13 0 1.12354e-12 0 1.43224e-12 0 1.79728e-12 0 2.22154e-12 0 2.76946e-12 0 3.36398e-12 0 4.12159e-12 0 4.92548e-12 0 5.93785e-12 0 7.0644e-12 0 8.38703e-12 0 9.83259e-12 0 1.15068e-11 0 1.34424e-11 0 1.55175e-11 0 1.78864e-11 0
70.9813 5.50548e-05 1.72879e-05 3.77668e-05 0.685987 0.454055 1.36864e-25 0 1.07328e-22 0 5.04972e-20 0 1.46244e-18 0 1.4433e-17 0 7.99061e-17 0 3.08322e-16 0 9.59999e-16 0 2.46261e-15 0 5.62108e-15 0 1.15623e-14 0 2.20108e-14 0 3.96658e-14 0 6.69487e-14 0 1.0796e-13 0 1.6928e-13 0 2.54967e-13 0 3.69853e-13 0 5.31859e-13 0 7.38962e-13 0 1.00666e-12 0 1.36283e-12 0 1.78948e-12 0 2.33813e-12 0 3.00456e-12 0 3.8445e-12 0 4.84307e-12 0 6.01042e-12 0 7.35278e-12 0 9.06812e-12 0 1.09107e-11 0 1.3236e-11 0 1.56806e-11 0 1.87318e-11 0 2.20974e-11 0 2.60157e-11 0 3.02638e-11 0 3.51459e-11 0 4.07474e-11 0 4.67091e-11 0 5.34677e-11 0
74.6248 5.55989e-05 1.74503e-05 3.81486e-05 0.686139 0.43937 1.9827e-24 0 1.12296e-21 0 3.91229e-19 0 9.61326e-18 0 8.4841e-17 0 4.32056e-16 0 1.56075e-15 0 4.59745e-15 0 1.12633e-14 0 2.46939e-14 0 4.9037e-14 0 9.04612e-14 0 1.584e-13 0 2.60605e-13 0 4.10553e-13 0 6.29761e-13 0 9.29756e-13 0 1.32443e-12 0 1.87108e-12 0 2.55826e-12 0 3.43283e-12 0 4.57916e-12 0 5.9333e-12 0 7.65185e-12 0 9.71319e-12 0 1.22799e-11 0 1.5296e-11 0 1.87838e-11 0 2.27539e-11 0 2.77763e-11 0 3.31197e-11 0 3.98012e-11 0 4.67635e-11 0 5.53802e-11 0 6.48057e-11 0 7.56912e-11 0 8.7403e-11 0 1.00764e-10 0 1.15984e-10 0 1.32069e-10 0 1.50185e-10 0
78.4553 5.60601e-05 1.76459e-05 3.84142e-05 0.685232 0.426652 2.49579e-23 0 1.03728e-20 0 2.71551e-18 0 5.70695e-17 0 4.52861e-16 0 2.13002e-15 0 7.22674e-15 0 2.01938e-14 0 4.73553e-14 0 9.99189e-14 0 1.91882e-13 0 3.4355e-13 0 5.85334e-13 0 9.39883e-13 0 1.44818e-12 0 2.1755e-12 0 3.15131e-12 0 4.41212e-12 0 6.12893e-12 0 8.25285e-12 0 1.09163e-11 0 1.43582e-11 0 1.83704e-11 0 2.33989e-11 0 2.93584e-11 0 3.66938e-11 0 4.52189e-11 0 5.49756e-11 0 6.59745e-11 0 7.97565e-11 0 9.42861e-11 0 1.12295e-10 0 1.30904e-10 0 1.5375e-10 0 1.78542e-10 0 2.06957e-10 0 2.37307e-10 0 2.7169e-10 0 3.10586e-10 0 3.51426e-10 0 3.9713e-10 0
82.4824 5.62386e-05 1.78125e-05 3.84261e-05 0.68327 0.413174 2.73921e-22 0 8.48123e-20 0 1.69184e-17 0 3.06436e-16 0 2.19776e-15 0 9.58449e-15 0 3.06354e-14 0 8.14163e-14 0 1.83142e-13 0 3.72593e-13 0 6.93084e-13 0 1.20612e-12 0 2.0022e-12 0 3.14148e-12 0 4.73934e-12 0 6.97949e-12 0 9.92885e-12 0 1.36747e-11 0 1.86934e-11 0 2.48084e-11 0 3.23698e-11 0 4.201e-11 0 5.31062e-11 0 6.68485e-11 0 8.29503e-11 0 1.02553e-10 0 1.25097e-10 0 1.50645e-10 0 1.79181e-10 0 2.14615e-10 0 2.51648e-10 0 2.97166e-10 0 3.43828e-10 0 4.00674e-10 0 4.619e-10 0 5.31565e-10 0 6.05459e-10 0 6.88619e-10 0 7.82077e-10 0 8.79594e-10 0 9.88072e-10 0
86.7162 5.60803e-05 1.79278e-05 3.81524e-05 0.680318 0.39572 2.63549e-21 0 6.16711e-19 0 9.49931e-17 0 1.49366e-15 0 9.7301e-15 0 3.94893e-14 0 1.1926e-13 0 3.02174e-13 0 6.53349e-13 0 1.2839e-12 0 2.31698e-12 0 3.92445e-12 0 6.35547e-12 0 9.75494e-12 0 1.44241e-11 0 2.08443e-11 0 2.91466e-11 0 3.95204e-11 0 5.32061e-11 0 6.96419e-11 0 8.96956e-11 0 1.14936e-10 0 1.43641e-10 0 1.78791e-10 0 2.19531e-10 0 2.68614e-10 0 3.24499e-10 0 3.8724e-10 0 4.5671e-10 0 5.42228e-10 0 6.30869e-10 0 7.38958e-10 0 8.48925e-10 0 9.81918e-10 0 1.12413e-09 0 1.28483e-09 0 1.45417e-09 0 1.64354e-09 0 1.85504e-09 0 2.0744e-09 0 2.31704e-09 0
91.1674 5.56577e-05 1.78594e-05 3.77983e-05 0.679122 0.370387 2.22053e-20 0 3.98109e-18 0 4.79518e-16 0 6.5909e-15 0 3.91808e-14 0 1.48502e-13 0 4.24924e-13 0 1.02887e-12 0 2.14238e-12 0 4.07342e-12 0 7.1422e-12 0 1.179e-11 0 1.86493e-11 0 2.8032e-11 0 4.06654e-11 0 5.77186e-11 0 7.93978e-11 0 1.06068e-10 0 1.40741e-10 0 1.81811e-10 0 2.31289e-10 0 2.92809e-10 0 3.61975e-10 0 4.45763e-10 0 5.41878e-10 0 6.56532e-10 0 7.85837e-10 0 9.29718e-10 0 1.08771e-09 0 1.28061e-09 0 1.47898e-09 0 1.71905e-09 0 1.96154e-09 0 2.25277e-09 0 2.56206e-09 0 2.90929e-09 0 3.27288e-09 0 3.67705e-09 0 4.12577e-09 0 4.58855e-09 0 5.09766e-09 0
95.847 5.52032e-05 1.77637e-05 3.74395e-05 0.678212 0.33681 1.66265e-19 0 2.31377e-17 0 2.20562e-15 0 2.66748e-14 0 1.45356e-13 0 5.16226e-13 0 1.40323e-12 0 3.25406e-12 0 6.53748e-12 0 1.20461e-11 0 2.05501e-11 0 3.31031e-11 0 5.12026e-11 0 7.54471e-11 0 1.07479e-10 0 1.49965e-10 0 2.03105e-10 0 2.6752e-10 0 3.50102e-10 0 4.46649e-10 0 5.61561e-10 0 7.02788e-10 0 8.59851e-10 0 1.04817e-09 0 1.26209e-09 0 1.51487e-09 0 1.79738e-09 0 2.10908e-09 0 2.44865e-09 0 2.86001e-09 0 3.2799e-09 0 3.78441e-09 0 4.2905e-09 0 4.89432e-09 0 5.53143e-09 0 6.24223e-09 0 6.9821e-09 0 7.79985e-09 0 8.70263e-09 0 9.62869e-09 0 1.06422e-08 0
100.767 5.489e-05 1.76065e-05 3.72835e-05 0.67924 0.294983 1.11048e-18 0 1.21443e-16 0 9.2672e-15 0 9.9235e-14 0 4.9779e-13 0 1.6618e-12 0 4.30193e-12 0 9.57472e-12 0 1.85917e-11 0 3.32503e-11 0 5.52632e-11 0 8.69724e-11 0 1.31691e-10 0 1.90409e-10 0 2.66604e-10 0 3.6599e-10 0 4.88391e-10 0 6.34691e-10 0 8.19776e-10 0 1.03348e-09 0 1.28493e-09 0 1.59056e-09 0 1.92696e-09 0 2.32639e-09 0 2.77589e-09 0 3.30229e-09 0 3.88556e-09 0 4.52394e-09 0 5.21417e-09 0 6.04412e-09 0 6.88528e-09 0 7.88906e-09 0 8.88942e-09 0 1.00755e-08 0 1.13192e-08 0 1.26986e-08 0 1.41262e-08 0 1.56956e-08 0 1.74189e-08 0 1.91775e-08 0 2.10928e-08 0
105.939 5.48774e-05 1.74677e-05 3.74097e-05 0.681697 0.247729 6.68162e-18 0 5.81031e-16 0 3.58806e-14 0 3.42216e-13 0 1.58667e-12 0 4.99412e-12 0 1.23417e-11 0 2.64163e-11 0 4.96585e-11 0 8.63265e-11 0 1.39962e-10 0 2.15448e-10 0 3.19683e-10 0 4.53976e-10 0 6.2528e-10 0 8.45198e-10 0 1.11209e-09 0 1.42685e-09 0 1.82006e-09 0 2.26872e-09 0 2.79087e-09 0 3.41889e-09 0 4.10336e-09 0 4.90858e-09 0 5.8067e-09 0 6.84953e-09 0 7.99559e-09 0 9.24034e-09 0 1.05766e-08 0 1.2172e-08 0 1.3778e-08 0 1.56821e-08 0 1.7568e-08 0 1.97906e-08 0 2.21076e-08 0 2.46627e-08 0 2.72931e-08 0 3.01697e-08 0 3.33123e-08 0 3.65037e-08 0 3.99632e-08 0
111.377 5.52847e-05 1.74768e-05 3.78079e-05 0.683876 0.199515 3.66763e-17 0 2.56459e-15 0 1.29495e-13 0 1.1063e-12 0 4.7592e-12 0 1.41642e-11 0 3.34907e-11 0 6.90695e-11 0 1.259e-10 0 2.13034e-10 0 3.37342e-10 0 5.08457e-10 0 7.40058e-10 0 1.0331e-09 0 1.40086e-09 0 1.8659e-09 0 2.42243e-09 0 3.07047e-09 0 3.87036e-09 0 4.77282e-09 0 5.81221e-09 0 7.04991e-09 0 8.38625e-09 0 9.94454e-09 0 1.1668e-08 0 1.36529e-08 0 1.58174e-08 0 1.81511e-08 0 2.06394e-08 0 2.35903e-08 0 2.65419e-08 0 3.00196e-08 0 3.34437e-08 0 3.74563e-08 0 4.16159e-08 0 4.61786e-08 0 5.08515e-08 0 5.59368e-08 0 6.14652e-08 0 6.70536e-08 0 7.30845e-08 0
117.094 5.60162e-05 1.75877e-05 3.84285e-05 0.686025 0.152648 1.84083e-16 0 1.04613e-14 0 4.36173e-13 0 3.35578e-12 0 1.34436e-11 0 3.79358e-11 0 8.6007e-11 0 1.71217e-10 0 3.03078e-10 0 4.99836e-10 0 7.7393e-10 0 1.14337e-09 0 1.63395e-09 0 2.24409e-09 0 2.99804e-09 0 3.93779e-09 0 5.04754e-09 0 6.32423e-09 0 7.88214e-09 0 9.62108e-09 0 1.16041e-08 0 1.39432e-08 0 1.64462e-08 0 1.93405e-08 0 2.25159e-08 0 2.6145e-08 0 3.0073e-08 0 3.4279e-08 0 3.87345e-08 0 4.39846e-08 0 4.92038e-08 0 5.53173e-08 0 6.13027e-08 0 6.82792e-08 0 7.54727e-08 0 8.3323e-08 0 9.13239e-08 0 9.99901e-08 0 1.09368e-07 0 1.18806e-07 0 1.28948e-07 0
123.105 5.69527e-05 1.78246e-05 3.91282e-05 0.687029 0.109295 8.49803e-16 0 3.96482e-14 0 1.37784e-12 0 9.59557e-12 0 3.59224e-11 0 9.63612e-11 0 2.09909e-10 0 4.04059e-10 0 6.95575e-10 0 1.11946e-09 0 1.69673e-09 0 2.45936e-09 0 3.45385e-09 0 4.67066e-09 0 6.15223e-09 0 7.97383e-09 0 1.00979e-08 0 1.25134e-08 0 1.54292e-08 0 1.86507e-08 0 2.22901e-08 0 2.6544e-08 0 3.10577e-08 0 3.62355e-08 0 4.18729e-08 0 4.82684e-08 0 5.51422e-08 0 6.24539e-08 0 7.01516e-08 0 7.91673e-08 0 8.80777e-08 0 9.84567e-08 0 1.08564e-07 0 1.20284e-07 0 1.32308e-07 0 1.45366e-07 0 1.58613e-07 0 1.72897e-07 0 1.88287e-07 0 2.03711e-07 0 2.20219e-07 0
129.424 5.79374e-05 1.81904e-05 3.97471e-05 0.686034 0.0705812 3.62397e-15 0 1.40154e-13 0 4.09587e-12 0 2.59456e-11 0 9.10685e-11 0 2.32799e-10 0 4.88204e-10 0 9.10185e-10 0 1.52585e-09 0 2.3993e-09 0 3.56346e-09 0 5.07236e-09 0 7.00634e-09 0 9.33611e-09 0 1.21333e-08 0 1.55279e-08 0 1.94388e-08 0 2.38378e-08 0 2.90933e-08 0 3.48437e-08 0 4.12819e-08 0 4.87429e-08 0 5.65958e-08 0 6.55361e-08 0 7.51991e-08 0 8.60852e-08 0 9.77072e-08 0 1.09992e-07 0 1.2285e-07 0 1.37822e-07 0 1.52538e-07 0 1.69588e-07 0 1.86108e-07 0 2.0517e-07 0 2.24632e-07 0 2.4567e-07 0 2.66918e-07 0 2.89734e-07 0 3.14213e-07 0 3.38647e-07 0 3.647e-07 0
136.067 5.87159e-05 1.85909e-05 4.0125e-05 0.683375 0.035926 1.42578e-14 0 4.61287e-13 0 1.14327e-11 0 6.61794e-11 0 2.18476e-10 0 5.33477e-10 0 1.07903e-09 0 1.95143e-09 0 3.18991e-09 0 4.90631e-09 0 7.1475e-09 0 1.00001e-08 0 1.35968e-08 0 1.78659e-08 0 2.29235e-08 0 2.89858e-08 0 3.58904e-08 0 4.35763e-08 0 5.26687e-08 0 6.25258e-08 0 7.34683e-08 0 8.60455e-08 0 9.91822e-08 0 1.1403e-07 0 1.29968e-07 0 1.47804e-07 0 1.66724e-07 0 1.86604e-07 0 2.07296e-07 0 2.31258e-07 0 2.54686e-07 0 2.81693e-07 0 3.07732e-07 0 3.3764e-07 0 3.68036e-07 0 4.0075e-07 0 4.33651e-07 0 4.68838e-07 0 5.06439e-07 0 5.4383e-07 0 5.83552e-07 0
143.051 5.9098e-05 1.89847e-05 4.01133e-05 0.678758 0.0051754 5.1842e-14 0 1.4154e-12 0 2.99907e-11 0 1.59342e-10 0 4.96233e-10 0 1.16003e-09 0 2.26699e-09 0 3.98296e-09 0 6.3564e-09 0 9.57324e-09 0 1.36924e-08 0 1.88457e-08 0 2.52423e-08 0 3.27285e-08 0 4.14855e-08 0 5.18591e-08 0 6.35458e-08 0 7.64267e-08 0 9.15226e-08 0 1.07745e-07 0 1.25608e-07 0 1.45981e-07 0 1.67105e-07 0 1.90817e-07 0 2.16102e-07 0 2.4422e-07 0 2.73867e-07 0 3.04843e-07 0 3.36911e-07 0 3.73854e-07 0 4.09792e-07 0 4.51021e-07 0 4.90591e-07 0 5.35839e-07 0 5.81624e-07 0 6.30696e-07 0 6.79851e-07 0 7.32221e-07 0 7.87972e-07 0 8.43211e-07 0 9.01691e-07 0
150.394 5.88886e-05 1.93136e-05 3.9575e-05 0.672031 -0.0221348 1.74352e-13 0 4.05046e-12 0 7.39376e-11 0 3.62072e-10 0 1.06675e-09 0 2.39244e-09 0 4.52496e-09 0 7.7343e-09 0 1.20647e-08 0 1.78106e-08 0 2.5033e-08 0 3.39211e-08 0 4.4791e-08 0 5.73432e-08 0 7.18496e-08 0 8.88424e-08 0 1.07789e-07 0 1.28475e-07 0 1.52503e-07 0 1.7811e-07 0 2.0609e-07 0 2.37764e-07 0 2.7038e-07 0 3.06753e-07 0 3.45297e-07 0 3.87901e-07 0 4.32564e-07 0 4.78976e-07 0 5.26784e-07 0 5.81585e-07 0 6.34641e-07 0 6.95231e-07 0 7.53127e-07 0 8.19054e-07 0 8.85488e-07 0 9.56406e-07 0 1.02718e-06 0 1.1023e-06 0 1.18199e-06 0 1.26067e-06 0 1.3437e-06 0
158.114 5.79113e-05 1.95082e-05 3.84031e-05 0.663137 -0.0466647 5.42512e-13 0 1.08091e-11 0 1.71224e-10 0 7.75906e-10 0 2.16853e-09 0 4.67538e-09 0 8.57191e-09 0 1.42731e-08 0 2.17863e-08 0 3.15565e-08 0 4.36219e-08 0 5.82397e-08 0 7.58658e-08 0 9.59618e-08 0 1.18921e-07 0 1.4553e-07 0 1.74907e-07 0 2.06695e-07 0 2.43307e-07 0 2.82016e-07 0 3.24002e-07 0 3.71199e-07 0 4.19477e-07 0 4.72984e-07 0 5.29347e-07 0 5.91292e-07 0 6.55875e-07 0 7.22642e-07 0 7.91088e-07 0 8.69174e-07 0 9.44432e-07 0 1.03e-06 0 1.11143e-06 0 1.20378e-06 0 1.29647e-06 0 1.39505e-06 0 1.49306e-06 0 1.59675e-06 0 1.70635e-06 0 1.81423e-06 0 1.9277e-06 0
166.23 5.60913e-05 1.95299e-05 3.65614e-05 0.651819 -0.0687836 1.56443e-12 0 2.69336e-11 0 3.72814e-10 0 1.56926e-09 0 4.17119e-09 0 8.66206e-09 0 1.5418e-08 0 2.50413e-08 0 3.74417e-08 0 5.32605e-08 0 7.24695e-08 0 9.53986e-08 0 1.22677e-07 0 1.53402e-07 0 1.88124e-07 0 2.2796e-07 0 2.71527e-07 0 3.18269e-07 0 3.71674e-07 0 4.2771e-07 0 4.88069e-07 0 5.55465e-07 0 6.23973e-07 0 6.99454e-07 0 7.78513e-07 0 8.6493e-07 0 9.54556e-07 0 1.04676e-06 0 1.14086e-06 0 1.24772e-06 0 1.35027e-06 0 1.46639e-06 0 1.57645e-06 0 1.7008e-06 0 1.82514e-06 0 1.9569e-06 0 2.08746e-06 0 2.22511e-06 0 2.37016e-06 0 2.51246e-06 0 2.66171e-06 0
174.763 5.34838e-05 1.94019e-05 3.40819e-05 0.637238 -0.0885171 4.19977e-12 0 6.29246e-11 0 7.66127e-10 0 3.00627e-09 0 7.61839e-09 0 1.52661e-08 0 2.64186e-08 0 4.1904e-08 0 6.14363e-08 0 8.59017e-08 0 1.15139e-07 0 1.49548e-07 0 1.89962e-07 0 2.34962e-07 0 2.85288e-07 0 3.42471e-07 0 4.04456e-07 0 4.70419e-07 0 5.45209e-07 0 6.23122e-07 0 7.06489e-07 0 7.98985e-07 0 8.92446e-07 0 9.94841e-07 0 1.10151e-06 0 1.21751e-06 0 1.33722e-06 0 1.45981e-06 0 1.58436e-06 0 1.7252e-06 0 1.85981e-06 0 2.01163e-06 0 2.15499e-06 0 2.31637e-06 0 2.47717e-06 0 2.64697e-06 0 2.81469e-06 0 2.99096e-06 0 3.17612e-06 0 3.35725e-06 0 3.54668e-06 0
183.733 5.02208e-05 1.90663e-05 3.11545e-05 0.62035 -0.106012 1.0495e-11 0 1.37779e-10 0 1.48479e-09 0 5.4501e-09 0 1.31985e-08 0 2.55653e-08 0 4.30728e-08 0 6.67984e-08 0 9.6122e-08 0 1.32219e-07 0 1.74703e-07 0 2.24034e-07 0 2.81274e-07 0 3.44312e-07 0 4.14117e-07 0 4.92709e-07 0 5.77179e-07 0 6.66378e-07 0 7.6678e-07 0 8.7066e-07 0 9.81112e-07 0 1.10292e-06 0 1.2253e-06 0 1.35866e-06 0 1.49688e-06 0 1.64645e-06 0 1.80007e-06 0 1.95669e-06 0 2.11516e-06 0 2.29364e-06 0 2.46355e-06 0 2.65447e-06 0 2.83409e-06 0 3.03561e-06 0 3.23572e-06 0 3.44635e-06 0 3.65374e-06 0 3.87107e-06 0 4.09868e-06 0 4.32071e-06 0 4.55228e-06 0
193.164 4.63364e-05 1.8443e-05 2.78934e-05 0.601975 -0.122815 2.43665e-11 0 2.82095e-10 0 2.70688e-09 0 9.32471e-09 0 2.16272e-08 0 4.0561e-08 0 6.66192e-08 0 1.01125e-07 0 1.42955e-07 0 1.93601e-07 0 2.52353e-07 0 3.19704e-07 0 3.96953e-07 0 4.81143e-07 0 5.73497e-07 0 6.76572e-07 0 7.86463e-07 0 9.01658e-07 0 1.03043e-06 0 1.16279e-06 0 1.30268e-06 0 1.45607e-06 0 1.60934e-06 0 1.77553e-06 0 1.94693e-06 0 2.13153e-06 0 2.32029e-06 0 2.51192e-06 0 2.70506e-06 0 2.92174e-06 0 3.12726e-06 0 3.35735e-06 0 3.5731e-06 0 3.81436e-06 0 4.05316e-06 0 4.30374e-06 0 4.54972e-06 0 4.80677e-06 0 5.07523e-06 0 5.3364e-06 0 5.60811e-06 0
203.079 4.22589e-05 1.77835e-05 2.44754e-05 0.579178 -0.137485 5.33759e-11 0 5.48301e-10 0 4.71133e-09 0 1.52786e-08 0 3.40102e-08 0 6.18563e-08 0 9.9164e-08 0 1.4749e-07 0 2.05005e-07 0 2.73553e-07 0 3.51984e-07 0 4.40806e-07 0 5.41564e-07 0 6.5029e-07 0 7.68495e-07 0 8.99331e-07 0 1.03775e-06 0 1.18184e-06 0 1.34185e-06 0 1.50531e-06 0 1.67708e-06 0 1.8644e-06 0 2.05061e-06 0 2.25154e-06 0 2.45781e-06 0 2.67898e-06 0 2.90417e-06 0 3.13187e-06 0 3.36051e-06 0 3.61607e-06 0 3.8576e-06 0 4.12711e-06 0 4.379e-06 0 4.65979e-06 0 4.93686e-06 0 5.22675e-06 0 5.51053e-06 0 5.80628e-06 0 6.11432e-06 0 6.41325e-06 0 6.72347e-06 0
213.503 3.81376e-05 1.7021e-05 2.11166e-05 0.553695 -0.150687 1.10149e-10 0 1.00985e-09 0 7.81223e-09 0 2.39204e-08 0 5.12067e-08 0 9.04521e-08 0 1.41704e-07 0 2.06716e-07 0 2.82743e-07 0 3.7201e-07 0 4.72814e-07 0 5.85658e-07 0 7.12331e-07 0 8.47735e-07 0 9.93695e-07 0 1.15398e-06 0 1.32232e-06 0 1.4964e-06 0 1.68849e-06 0 1.88359e-06 0 2.08749e-06 0 2.30868e-06 0 2.5275e-06 0 2.76252e-06 0 3.00273e-06 0 3.25921e-06 0 3.51928e-06 0 3.78125e-06 0 4.04337e-06 0 4.33533e-06 0 4.61034e-06 0 4.91622e-06 0 5.20121e-06 0 5.51797e-06 0 5.82962e-06 0 6.15478e-06 0 6.47224e-06 0 6.80223e-06 0 7.14508e-06 0 7.47696e-06 0 7.82061e-06 0
224.463 3.41936e-05 1.62416e-05 1.79521e-05 0.525012 -0.162188 2.15618e-10 0 1.77412e-09 0 1.24199e-08 0 3.60068e-08 0 7.42684e-08 0 1.27595e-07 0 1.95558e-07 0 2.80067e-07 0 3.7726e-07 0 4.89762e-07 0 6.1523e-07 0 7.54143e-07 0 9.08533e-07 0 1.07209e-06 0 1.24697e-06 0 1.43758e-06 0 1.63638e-06 0 1.84065e-06 0 2.06474e-06 0 2.29104e-06 0 2.52635e-06 0 2.78034e-06 0 3.03045e-06 0 3.2979e-06 0 3.57011e-06 0 3.85959e-06 0 4.15199e-06 0 4.44546e-06 0 4.73811e-06 0 5.06299e-06 0 5.36803e-06 0 5.70627e-06 0 6.0205e-06 0 6.36877e-06 0 6.71047e-06 0 7.06604e-06 0 7.4123e-06 0 7.77135e-06 0 8.14351e-06 0 8.50293e-06 0 8.87428e-06 0
235.984 3.05233e-05 1.54438e-05 1.50795e-05 0.494032 -0.172537 4.01176e-10 0 2.97813e-09 0 1.89591e-08 0 5.21811e-08 0 1.03892e-07 0 1.73834e-07 0 2.60931e-07 0 3.67195e-07 0 4.87483e-07 0 6.24843e-07 0 7.76226e-07 0 9.42082e-07 0 1.12468e-06 0 1.31646e-06 0 1.51996e-06 0 1.74017e-06 0 1.96834e-06 0 2.20138e-06 0 2.45558e-06 0 2.71093e-06 0 2.97514e-06 0 3.25899e-06 0 3.53726e-06 0 3.83359e-06 0 4.134e-06 0 4.45223e-06 0 4.77251e-06 0 5.09286e-06 0 5.41128e-06 0 5.76365e-06 0 6.0935e-06 0 6.45819e-06 0 6.79605e-06 0 7.1695e-06 0 7.53495e-06 0 7.91427e-06 0 8.28277e-06 0 8.664e-06 0 9.05824e-06 0 9.43816e-06 0 9.82986e-06 0
248.097 2.71987e-05 1.46453e-05 1.25533e-05 0.461542 -0.181753 7.11641e-10 0 4.79031e-09 0 2.78605e-08 0 7.29823e-08 0 1.40503e-07 0 2.29258e-07 0 3.37369e-07 0 4.6691e-07 0 6.11347e-07 0 7.74173e-07 0 9.51605e-07 0 1.14407e-06 0 1.35406e-06 0 1.57283e-06 0 1.80326e-06 0 2.05094e-06 0 2.30595e-06 0 2.56492e-06 0 2.84589e-06 0 3.12671e-06 0 3.41592e-06 0 3.72523e-06 0 4.0272e-06 0 4.34749e-06 0 4.67096e-06 0 5.01238e-06 0 5.35479e-06 0 5.69616e-06 0 6.03445e-06 0 6.40767e-06 0 6.75604e-06 0 7.14014e-06 0 7.49504e-06 0 7.88633e-06 0 8.26828e-06 0 8.66378e-06 0 9.04711e-06 0 9.44282e-06 0 9.85115e-06 0 1.02438e-05 0 1.06479e-05 0
260.832 2.4294e-05 1.39232e-05 1.03708e-05 0.426888 -0.190021 1.21254e-09 0 7.43648e-09 0 3.96882e-08 0 9.91908e-08 0 1.84949e-07 0 2.94653e-07 0 4.25501e-07 0 5.79615e-07 0 7.49e-07 0 9.37621e-07 0 1.14097e-06 0 1.35946e-06 0 1.59581e-06 0 1.84014e-06 0 2.09571e-06 0 2.36865e-06 0 2.64799e-06 0 2.93013e-06 0 3.23467e-06 0 3.53759e-06 0 3.84817e-06 0 4.17894e-06 0 4.50055e-06 0 4.84041e-06 0 5.18241e-06 0 5.54215e-06 0 5.90173e-06 0 6.25911e-06 0 6.61223e-06 0 7.00071e-06 0 7.36233e-06 0 7.75999e-06 0 8.1265e-06 0 8.52962e-06 0 8.92218e-06 0 9.32774e-06 0 9.71996e-06 0 1.0124e-05 0 1.05401e-05 0 1.09394e-05 0 1.13496e-05 0
274.221 2.17652e-05 1.32334e-05 8.53174e-06 0.391991 -0.197289 1.98312e-09 0 1.11317e-08 0 5.47454e-08 0 1.30839e-07 0 2.36651e-07 0 3.68548e-07 0 5.22751e-07 0 7.01428e-07 0 8.95143e-07 0 1.10835e-06 0 1.33587e-06 0 1.57815e-06 0 1.83809e-06 0 2.10485e-06 0 2.38203e-06 0 2.67624e-06 0 2.97564e-06 0 3.27649e-06 0 3.59965e-06 0 3.91962e-06 0 4.24631e-06 0 4.59282e-06 0 4.92847e-06 0 5.2819e-06 0 5.63633e-06 0 6.00793e-06 0 6.37819e-06 0 6.74511e-06 0 7.10666e-06 0 7.50334e-06 0 7.87163e-06 0 8.27562e-06 0 8.64707e-06 0 9.0547e-06 0 9.45075e-06 0 9.85904e-06 0 1.02531e-05 0 1.06582e-05 0 1.10746e-05 0 1.14734e-05 0 1.18824e-05 0
288.297 1.95911e-05 1.2592e-05 6.99901e-06 0.357255 -0.203941 3.12373e-09 0 1.61179e-08 0 7.33363e-08 0 1.67972e-07 0 2.95151e-07 0 4.49822e-07 0 6.2724e-07 0 8.29646e-07 0 1.04625e-06 0 1.28202e-06 0 1.53119e-06 0 1.79425e-06 0 2.07431e-06 0 2.35972e-06 0 2.65443e-06 0 2.96541e-06 0 3.28018e-06 0 3.59492e-06 0 3.93145e-06 0 4.26321e-06 0 4.60059e-06 0 4.95706e-06 0 5.30111e-06 0 5.66217e-06 0 6.02308e-06 0 6.40029e-06 0 6.77503e-06 0 7.14534e-06 0 7.50929e-06 0 7.90757e-06 0 8.27643e-06 0 8.6801e-06 0 9.05041e-06 0 9.45591e-06 0 9.84906e-06 0 1.02535e-05 0 1.06431e-05 0 1.10429e-05 0 1.1453e-05 0 1.18452e-05 0 1.22466e-05 0
303.095 1.77473e-05 1.20153e-05 5.73203e-06 0.32298 -0.210115 4.75575e-09 0 2.26496e-08 0 9.57077e-08 0 2.10521e-07 0 3.59878e-07 0 5.37307e-07 0 7.37177e-07 0 9.61849e-07 0 1.19933e-06 0 1.45511e-06 0 1.72294e-06 0 2.00341e-06 0 2.29982e-06 0 2.59988e-06 0 2.90788e-06 0 3.23108e-06 0 3.55656e-06 0 3.8805e-06 0 4.22534e-06 0 4.5639e-06 0 4.90688e-06 0 5.26796e-06 0 5.61527e-06 0 5.97857e-06 0 6.34062e-06 0 6.71789e-06 0 7.09163e-06 0 7.45999e-06 0 7.82111e-06 0 8.21534e-06 0 8.5796e-06 0 8.97733e-06 0 9.34142e-06 0 9.73929e-06 0 1.01243e-05 0 1.05195e-05 0 1.08996e-05 0 1.12889e-05 0 1.16875e-05 0 1.20681e-05 0 1.2457e-05 0
318.653 1.61742e-05 1.14815e-05 4.69266e-06 0.290133 -0.215714 7.00126e-09 0 3.08976e-08 0 1.2169e-07 0 2.5757e-07 0 4.28937e-07 0 6.28015e-07 0 8.48441e-07 0 1.09276e-06 0 1.34799e-06 0 1.62015e-06 0 1.90264e-06 0 2.19617e-06 0 2.50423e-06 0 2.81414e-06 0 3.13043e-06 0 3.4606e-06 0 3.79149e-06 0 4.11935e-06 0 4.46692e-06 0 4.80683e-06 0 5.14994e-06 0 5.50991e-06 0 5.85503e-06 0 6.21495e-06 0 6.57257e-06 0 6.9442e-06 0 7.31136e-06 0 7.67232e-06 0 8.02537e-06 0 8.40989e-06 0 8.76439e-06 0 9.15066e-06 0 9.50353e-06 0 9.88839e-06 0 1.02601e-05 0 1.0641e-05 0 1.10066e-05 0 1.13804e-05 0 1.17626e-05 0 1.2127e-05 0 1.24987e-05 0
335.009 1.48261e-05 1.09874e-05 3.83865e-06 0.258912 -0.221215 9.98382e-09 0 4.09795e-08 0 1.50952e-07 0 3.08026e-07 0 5.00358e-07 0 7.19092e-07 0 9.57344e-07 0 1.21792e-06 0 1.4871e-06 0 1.77142e-06 0 2.06409e-06 0 2.36597e-06 0 2.6807e-06 0 2.99542e-06 0 3.31491e-06 0 3.64676e-06 0 3.97779e-06 0 4.30443e-06 0 4.64934e-06 0 4.9854e-06 0 5.32347e-06 0 5.67699e-06 0 6.01489e-06 0 6.36626e-06 0 6.71444e-06 0 7.07528e-06 0 7.43088e-06 0 7.77965e-06 0 8.12001e-06 0 8.48991e-06 0 8.83023e-06 0 9.20028e-06 0 9.5377e-06 0 9.90503e-06 0 1.02591e-05 0 1.06214e-05 0 1.09685e-05 0 1.13229e-05 0 1.16847e-05 0 1.2029e-05 0 1.23798e-05 0
352.205 1.37431e-05 1.06022e-05 3.14095e-06 0.228546 -0.226158 1.39077e-08 0 5.32827e-08 0 1.84171e-07 0 3.6296e-07 0 5.7581e-07 0 8.13032e-07 0 1.06743e-06 0 1.34215e-06 0 1.62295e-06 0 1.91688e-06 0 2.21705e-06 0 2.52453e-06 0 2.84307e-06 0 3.15981e-06 0 3.4797e-06 0 3.81041e-06 0 4.13887e-06 0 4.46168e-06 0 4.80128e-06 0 5.13101e-06 0 5.46164e-06 0 5.80631e-06 0 6.13479e-06 0 6.47544e-06 0 6.81211e-06 0 7.16015e-06 0 7.50232e-06 0 7.83716e-06 0 8.16324e-06 0 8.51689e-06 0 8.84162e-06 0 9.19405e-06 0 9.51481e-06 0 9.86341e-06 0 1.01989e-05 0 1.05415e-05 0 1.08693e-05 0 1.12035e-05 0 1.15441e-05 0 1.18678e-05 0 1.21972e-05 0
370.284 1.28625e-05 1.02909e-05 2.57156e-06 0.199927 -0.230662 1.89096e-08 0 6.78482e-08 0 2.20744e-07 0 4.2088e-07 0 6.5285e-07 0 9.06456e-07 0 1.17443e-06 0 1.46034e-06 0 1.74965e-06 0 2.0499e-06 0 2.35425e-06 0 2.66394e-06 0 2.98287e-06 0 3.29829e-06 0 3.61532e-06 0 3.94161e-06 0 4.26434e-06 0 4.58033e-06 0 4.91158e-06 0 5.23213e-06 0 5.55258e-06 0 5.88566e-06 0 6.20223e-06 0 6.52968e-06 0 6.8525e-06 0 7.18544e-06 0 7.51202e-06 0 7.83093e-06 0 8.14088e-06 0 8.47638e-06 0 8.78386e-06 0 9.11699e-06 0 9.41966e-06 0 9.74806e-06 0 1.00636e-05 0 1.03853e-05 0 1.06927e-05 0 1.10056e-05 0 1.13241e-05 0 1.16264e-05 0 1.19336e-05 0
389.291 1.22858e-05 1.01751e-05 2.11076e-06 0.171805 -0.233437 2.54495e-08 0 8.57932e-08 0 2.63517e-07 0 4.86878e-07 0 7.39252e-07 0 1.01017e-06 0 1.29244e-06 0 1.59018e-06 0 1.88859e-06 0 2.19579e-06 0 2.50496e-06 0 2.8176e-06 0 3.13776e-06 0 3.45279e-06 0 3.76798e-06 0 4.09101e-06 0 4.40925e-06 0 4.71976e-06 0 5.04417e-06 0 5.35712e-06 0 5.66907e-06 0 5.99243e-06 0 6.29895e-06 0 6.61524e-06 0 6.92633e-06 0 7.24646e-06 0 7.5598e-06 0 7.86516e-06 0 8.1614e-06 0 8.48147e-06 0 8.77429e-06 0 9.091e-06 0 9.3783e-06 0 9.68952e-06 0 9.98808e-06 0 1.02921e-05 0 1.05822e-05 0 1.08771e-05 0 1.11768e-05 0 1.14609e-05 0 1.17493e-05 0
409.273 1.17712e-05 1.00434e-05 1.72782e-06 0.146784 -0.23217 3.32732e-08 0 1.05709e-07 0 3.074e-07 0 5.51228e-07 0 8.20131e-07 0 1.10383e-06 0 1.39549e-06 0 1.69982e-06 0 2.00209e-06 0 2.31086e-06 0 2.61955e-06 0 2.92985e-06 0 3.24592e-06 0 3.55542e-06 0 3.86376e-06 0 4.17849e-06 0 4.48743e-06 0 4.78784e-06 0 5.10072e-06 0 5.40166e-06 0 5.70081e-06 0 6.01009e-06 0 6.30256e-06 0 6.60365e-06 0 6.89915e-06 0 7.20259e-06 0 7.499e-06 0 7.78732e-06 0 8.06653e-06 0 8.36768e-06 0 8.64274e-06 0 8.93977e-06 0 9.2088e-06 0 9.49982e-06 0 9.77859e-06 0 1.00621e-05 0 1.03322e-05 0 1.06065e-05 0 1.08849e-05 0 1.11485e-05 0 1.14158e-05 0
430.281 1.13631e-05 9.95044e-06 1.41265e-06 0.124319 -0.229331 4.25468e-08 0 1.27759e-07 0 3.52688e-07 0 6.14723e-07 0 8.97125e-07 0 1.19019e-06 0 1.4877e-06 0 1.79496e-06 0 2.09753e-06 0 2.40437e-06 0 2.70917e-06 0 3.01386e-06 0 3.32265e-06 0 3.62366e-06 0 3.9223e-06 0 4.226e-06 0 4.52306e-06 0 4.81101e-06 0 5.11003e-06 0 5.39683e-06 0 5.6812e-06 0 5.97447e-06 0 6.25116e-06 0 6.5354e-06 0 6.81378e-06 0 7.09908e-06 0 7.37724e-06 0 7.64733e-06 0 7.90845e-06 0 8.18964e-06 0 8.44606e-06 0 8.72255e-06 0 8.97262e-06 0 9.24276e-06 0 9.50119e-06 0 9.76368e-06 0 1.00134e-05 0 1.02667e-05 0 1.05236e-05 0 1.07666e-05 0 1.10126e-05 0
452.368 1.10285e-05 9.87507e-06 1.15341e-06 0.104585 -0.224098 5.31697e-08 0 1.51321e-07 0 3.97578e-07 0 6.74512e-07 0 9.6651e-07 0 1.26484e-06 0 1.56408e-06 0 1.87013e-06 0 2.16908e-06 0 2.47016e-06 0 2.76746e-06 0 3.06308e-06 0 3.36124e-06 0 3.65066e-06 0 3.9367e-06 0 4.22654e-06 0 4.50912e-06 0 4.78223e-06 0 5.06503e-06 0 5.33556e-06 0 5.60316e-06 0 5.8785e-06 0 6.13771e-06 0 6.40345e-06 0 6.66321e-06 0 6.92893e-06 0 7.18753e-06 0 7.43822e-06 0 7.68021e-06 0 7.94039e-06 0 8.17732e-06 0 8.43243e-06 0 8.66285e-06 0 8.91146e-06 0 9.14898e-06 0 9.38994e-06 0 9.61895e-06 0 9.85097e-06 0 1.0086e-05 0 1.0308e-05 0 1.05327e-05 0
475.588 1.07835e-05 9.8418e-06 9.41658e-07 0.0873243 -0.216548 6.51793e-08 0 1.76279e-07 0 4.41894e-07 0 7.30723e-07 0 1.029e-06 0 1.32927e-06 0 1.62706e-06 0 1.92883e-06 0 2.22136e-06 0 2.51406e-06 0 2.80145e-06 0 3.08579e-06 0 3.3713e-06 0 3.6473e-06 0 3.91911e-06 0 4.19361e-06 0 4.4604e-06 0 4.71753e-06 0 4.98308e-06 0 5.2365e-06 0 5.48659e-06 0 5.74336e-06 0 5.9846e-06 0 6.23144e-06 0 6.47229e-06 0 6.71824e-06 0 6.9572e-06 0 7.18849e-06 0 7.41142e-06 0 7.65078e-06 0 7.86844e-06 0 8.1025e-06 0 8.31365e-06 0 8.54118e-06 0 8.75832e-06 0 8.97835e-06 0 9.18724e-06 0 9.39866e-06 0 9.6126e-06 0 9.81454e-06 0 1.00187e-05 0
500 1.06286e-05 9.85987e-06 7.68746e-07 0.072328 -0.205192 7.85476e-08 0 2.02384e-07 0 4.85182e-07 0 7.83017e-07 0 1.0846e-06 0 1.38396e-06 0 1.67769e-06 0 1.97277e-06 0 2.25675e-06 0 2.53916e-06 0 2.81497e-06 0 3.08657e-06 0 3.35814e-06 0 3.61968e-06 0 3.87636e-06 0 4.13477e-06 0 4.3852e-06 0 4.62591e-06 0 4.87391e-06 0 5.11002e-06 0 5.34254e-06 0 5.58079e-06 0 5.8042e-06 0 6.03239e-06 0 6.25466e-06 0 6.48126e-06 0 6.70109e-06 0 6.91354e-06 0 7.11804e-06 0 7.33731e-06 0 7.53646e-06 0 7.75034e-06 0 7.94307e-06 0 8.15051e-06 0 8.34826e-06 0 8.54844e-06 0 8.73829e-06 0 8.93025e-06 0 9.12432e-06 0 9.30734e-06 0 9.49217e-06 0
525.665 1.05164e-05 9.8895e-06 6.26903e-07 0.0596119 -0.188342 9.27801e-08 0 2.28293e-07 0 5.24578e-07 0 8.2727e-07 0 1.12811e-06 0 1.4228e-06 0 1.70903e-06 0 1.99423e-06 0 2.26684e-06 0 2.53638e-06 0 2.7983e-06 0 3.05509e-06 0 3.31083e-06 0 3.55625e-06 0 3.79634e-06 0 4.03733e-06 0 4.27025e-06 0 4.49358e-06 0 4.72314e-06 0 4.94122e-06 0 5.15556e-06 0 5.37475e-06 0 5.57993e-06 0 5.78916e-06 0 5.99262e-06 0 6.19974e-06 0 6.40037e-06 0 6.59401e-06 0 6.78017e-06 0 6.97952e-06 0 7.16035e-06 0 7.35435e-06 0 7.52897e-06 0 7.71672e-06 0 7.89552e-06 0 8.07633e-06 0 8.24766e-06 0 8.42074e-06 0 8.59556e-06 0 8.76029e-06 0 8.92653e-06 0
552.648 1.03668e-05 9.85668e-06 5.10161e-07 0.0492108 -0.16581 1.06728e-07 0 2.51367e-07 0 5.54812e-07 0 8.55995e-07 0 1.1501e-06 0 1.4346e-06 0 1.70832e-06 0 1.97896e-06 0 2.23599e-06 0 2.48875e-06 0 2.73321e-06 0 2.97189e-06 0 3.20871e-06 0 3.43521e-06 0 3.65613e-06 0 3.87727e-06 0 4.09046e-06 0 4.29441e-06 0 4.50358e-06 0 4.70189e-06 0 4.89644e-06 0 5.09505e-06 0 5.28064e-06 0 5.4696e-06 0 5.65309e-06 0 5.83961e-06 0 6.02003e-06 0 6.19395e-06 0 6.36095e-06 0 6.53957e-06 0 6.70143e-06 0 6.87488e-06 0 7.03084e-06 0 7.19838e-06 0 7.35778e-06 0 7.51882e-06 0 7.67128e-06 0 7.82517e-06 0 7.98048e-06 0 8.12672e-06 0 8.27417e-06 0
581.015 1.0107e-05 9.69329e-06 4.13755e-07 0.0409373 -0.137355 1.18841e-07 0 2.685e-07 0 5.70419e-07 0 8.61993e-07 0 1.142e-06 0 1.4097e-06 0 1.66494e-06 0 1.91548e-06 0 2.15199e-06 0 2.3834e-06 0 2.60622e-06 0 2.82293e-06 0 3.03719e-06 0 3.24149e-06 0 3.44019e-06 0 3.63857e-06 0 3.82937e-06 0 4.0115e-06 0 4.19792e-06 0 4.37433e-06 0 4.54709e-06 0 4.72316e-06 0 4.88745e-06 0 5.05446e-06 0 5.21642e-06 0 5.38083e-06 0 5.53967e-06 0 5.69259e-06 0 5.83928e-06 0 5.99601e-06 0 6.13787e-06 0 6.28975e-06 0 6.42619e-06 0 6.57262e-06 0 6.71181e-06 0 6.85232e-06 0 6.98523e-06 0 7.11929e-06 0 7.25448e-06 0 7.38168e-06 0 7.50985e-06 0
610.839 9.68518e-06 9.35082e-06 3.34361e-07 0.034523 -0.105044 1.27465e-07 0 2.76839e-07 0 5.67212e-07 0 8.40454e-07 0 1.09876e-06 0 1.34298e-06 0 1.57388e-06 0 1.79898e-06 0 2.01029e-06 0 2.21606e-06 0 2.41336e-06 0 2.60455e-06 0 2.79298e-06 0 2.97211e-06 0 3.14588e-06 0 3.31896e-06 0 3.48505e-06 0 3.64327e-06 0 3.80492e-06 0 3.95762e-06 0 4.10692e-06 0 4.25885e-06 0 4.40039e-06 0 4.5441e-06 0 4.68328e-06 0 4.82439e-06 0 4.96056e-06 0 5.09151e-06 0 5.21699e-06 0 5.35093e-06 0 5.47205e-06 0 5.6016e-06 0 5.71788e-06 0 5.84257e-06 0 5.961e-06 0 6.08045e-06 0 6.19336e-06 0 6.30716e-06 0 6.42185e-06 0 6.52968e-06 0 6.63826e-06 0
642.193 9.09179e-06 8.82253e-06 2.69258e-07 0.0296155 -0.0708588 1.31425e-07 0 2.74943e-07 0 5.44314e-07 0 7.91647e-07 0 1.02202e-06 0 1.23757e-06 0 1.43975e-06 0 1.6356e-06 0 1.81848e-06 0 1.99577e-06 0 2.1651e-06 0 2.32864e-06 0 2.48933e-06 0 2.64167e-06 0 2.78909e-06 0 2.93559e-06 0 3.07589e-06 0 3.20929e-06 0 3.34535e-06 0 3.47366e-06 0 3.59892e-06 0 3.72621e-06 0 3.84464e-06 0 3.96473e-06 0 4.08089e-06 0 4.19853e-06 0 4.31193e-06 0 4.42087e-06 0 4.52516e-06 0 4.63638e-06 0 4.73686e-06 0 4.84425e-06 0 4.94055e-06 0 5.04375e-06 0 5.14168e-06 0 5.24039e-06 0 5.33363e-06 0 5.42755e-06 0 5.52213e-06 0 5.611e-06 0 5.70044e-06 0
675.157 8.35394e-06 8.13768e-06 2.16257e-07 0.0258868 -0.0376081 1.30317e-07 0 2.63107e-07 0 5.04211e-07 0 7.20518e-07 0 9.19202e-07 0 1.10329e-06 0 1.27468e-06 0 1.43971e-06 0 1.59306e-06 0 1.7411e-06 0 1.88199e-06 0 2.01762e-06 0 2.15051e-06 0 2.27618e-06 0 2.39752e-06 0 2.51784e-06 0 2.63285e-06 0 2.74202e-06 0 2.85318e-06 0 2.95785e-06 0 3.05989e-06 0 3.16345e-06 0 3.25967e-06 0 3.35714e-06 0 3.45131e-06 0 3.54657e-06 0 3.63831e-06 0 3.72636e-06 0 3.81058e-06 0 3.90031e-06 0 3.98132e-06 0 4.06782e-06 0 4.14534e-06 0 4.22835e-06 0 4.30706e-06 0 4.38635e-06 0 4.4612e-06 0 4.53654e-06 0 4.61237e-06 0 4.68358e-06 0 4.75521e-06 0
709.813 7.53625e-06 7.36273e-06 1.73522e-07 0.023025 -0.00747543 1.24794e-07 0 2.43608e-07 0 4.52688e-07 0 6.36209e-07 0 8.02585e-07 0 9.55327e-07 0 1.09655e-06 0 1.23178e-06 0 1.35685e-06 0 1.47713e-06 0 1.59121e-06 0 1.70072e-06 0 1.80772e-06 0 1.90868e-06 0 2.00594e-06 0 2.10222e-06 0 2.19407e-06 0 2.28112e-06 0 2.36962e-06 0 2.45283e-06 0 2.53386e-06 0 2.61598e-06 0 2.6922e-06 0 2.76932e-06 0 2.84376e-06 0 2.91899e-06 0 2.99136e-06 0 3.06077e-06 0 3.1271e-06 0 3.19772e-06 0 3.26142e-06 0 3.32939e-06 0 3.39027e-06 0 3.4554e-06 0 3.51713e-06 0 3.57928e-06 0 3.6379e-06 0 3.69688e-06 0 3.75621e-06 0 3.8119e-06 0 3.86788e-06 0
746.248 6.7135e-06 6.57418e-06 1.39321e-07 0.0207524 0.0182705 1.16208e-07 0 2.1972e-07 0 3.96575e-07 0 5.48649e-07 0 6.84833e-07 0 8.08789e-07 0 9.22655e-07 0 1.03112e-06 0 1.13102e-06 0 1.22673e-06 0 1.31723e-06 0 1.40386e-06 0 1.48831e-06 0 1.5678e-06 0 1.64425e-06 0 1.71978e-06 0 1.79171e-06 0 1.85979e-06 0 1.9289e-06 0 1.99381e-06 0 2.05692e-06 0 2.12082e-06 0 2.18007e-06 0 2.23995e-06 0 2.2977e-06 0 2.35601e-06 0 2.41205e-06 0 2.46576e-06 0 2.51704e-06 0 2.5716e-06 0 2.62079e-06 0 2.67323e-06 0 2.72017e-06 0 2.77036e-06 0 2.8179e-06 0 2.86573e-06 0 2.91083e-06 0 2.95618e-06 0 3.00177e-06 0 3.04454e-06 0 3.08753e-06 0
784.553 5.90721e-06 5.79528e-06 1.11928e-07 0.0189476 0.0399929 1.05349e-07 0 1.93256e-07 0 3.39336e-07 0 4.62542e-07 0 5.71613e-07 0 6.70098e-07 0 7.60021e-07 0 8.45267e-07 0 9.2346e-07 0 9.98129e-07 0 1.06853e-06 0 1.13575e-06 0 1.20112e-06 0 1.26254e-06 0 1.32149e-06 0 1.37964e-06 0 1.43494e-06 0 1.4872e-06 0 1.54019e-06 0 1.58989e-06 0 1.63816e-06 0 1.68699e-06 0 1.73221e-06 0 1.77788e-06 0 1.82188e-06 0 1.86628e-06 0 1.90891e-06 0 1.94974e-06 0 1.98869e-06 0 2.03011e-06 0 2.06742e-06 0 2.10719e-06 0 2.14275e-06 0 2.18076e-06 0 2.21674e-06 0 2.25293e-06 0 2.28702e-06 0 2.32129e-06 0 2.35573e-06 0 2.38803e-06 0 2.42047e-06 0
824.824 5.15746e-06 5.0674e-06 9.00624e-08 0.0174625 0.0575289 9.34855e-08 0 1.66656e-07 0 2.85115e-07 0 3.83228e-07 0 4.69159e-07 0 5.46171e-07 0 6.16094e-07 0 6.82083e-07 0 7.42386e-07 0 7.99794e-07 0 8.53773e-07 0 9.05193e-07 0 9.55097e-07 0 1.00189e-06 0 1.04673e-06 0 1.0909e-06 0 1.13284e-06 0 1.17242e-06 0 1.2125e-06 0 1.25006e-06 0 1.28651e-06 0 1.32333e-06 0 1.35741e-06 0 1.39179e-06 0 1.42489e-06 0 1.45826e-06 0 1.49029e-06 0 1.52093e-06 0 1.55015e-06 0 1.5812e-06 0 1.60916e-06 0 1.63893e-06 0 1.66555e-06 0 1.69398e-06 0 1.72088e-06 0 1.74792e-06 0 1.77338e-06 0 1.79897e-06 0 1.82467e-06 0 1.84876e-06 0 1.87295e-06 0
867.163 4.45756e-06 4.38502e-06 7.25441e-08 0.0162744 0.0714979 8.10738e-08 0 1.40672e-07 0 2.34823e-07 0 3.11491e-07 0 3.7797e-07 0 4.37136e-07 0 4.90576e-07 0 5.40799e-07 0 5.86538e-07 0 6.29955e-07 0 6.70677e-07 0 7.09383e-07 0 7.46877e-07 0 7.81973e-07 0 8.15552e-07 0 8.48576e-07 0 8.79897e-07 0 9.09423e-07 0 9.39292e-07 0 9.67248e-07 0 9.94351e-07 0 1.02171e-06 0 1.04701e-06 0 1.07251e-06 0 1.09705e-06 0 1.12176e-06 0 1.14547e-06 0 1.16814e-06 0 1.18974e-06 0 1.21268e-06 0 1.23333e-06 0 1.2553e-06 0 1.27494e-06 0 1.2959e-06 0 1.31573e-06 0 1.33565e-06 0 1.3544e-06 0 1.37324e-06 0 1.39215e-06 0 1.40987e-06 0 1.42765e-06 0
911.674 3.82492e-06 3.7664e-06 5.85213e-08 0.0153 0.0818222 6.89647e-08 0 1.16641e-07 0 1.9025e-07 0 2.49246e-07 0 2.99928e-07 0 3.44744e-07 0 3.85027e-07 0 4.22739e-07 0 4.56974e-07 0 4.89385e-07 0 5.19715e-07 0 5.48486e-07 0 5.76305e-07 0 6.02303e-07 0 6.27143e-07 0 6.51539e-07 0 6.74651e-07 0 6.96413e-07 0 7.18407e-07 0 7.38972e-07 0 7.58893e-07 0 7.78985e-07 0 7.9755e-07 0 8.16253e-07 0 8.34232e-07 0 8.52332e-07 0 8.69682e-07 0 8.86262e-07 0 9.02057e-07 0 9.1882e-07 0 9.33896e-07 0 9.49938e-07 0 9.64264e-07 0 9.79554e-07 0 9.94007e-07 0 1.00852e-06 0 1.02218e-06 0 1.0359e-06 0 1.04966e-06 0 1.06255e-06 0 1.07549e-06 0
958.471 3.25474e-06 3.20747e-06 4.7266e-08 0.0145222 0.0884232 5.75145e-08 0 9.49549e-08 0 1.51534e-07 0 1.96213e-07 0 2.34266e-07 0 2.67713e-07 0 2.97643e-07 0 3.25562e-07 0 3.50833e-07 0 3.74699e-07 0 3.96984e-07 0 4.18086e-07 0 4.38455e-07 0 4.57464e-07 0 4.75601e-07 0 4.93393e-07 0 5.1023e-07 0 5.26068e-07 0 5.42059e-07 0 5.56999e-07 0 5.7146e-07 0 5.86033e-07 0 5.99489e-07 0 6.13037e-07 0 6.26052e-07 0 6.39147e-07 0 6.51691e-07 0 6.63673e-07 0 6.75082e-07 0 6.87185e-07 0 6.98064e-07 0 7.09635e-07 0 7.19964e-07 0 7.30984e-07 0 7.41397e-07 0 7.51849e-07 0 7.61684e-07 0 7.71553e-07 0 7.81456e-07 0 7.90728e-07 0 8.00028e-07 0
1007.67 2.75874e-06 2.7205e-06 3.82369e-08 0.0138603 0.0917924 4.72683e-08 0 7.62813e-08 0 1.19255e-07 0 1.52727e-07 0 1.81005e-07 0 2.05725e-07 0 2.27752e-07 0 2.48233e-07 0 2.6672e-07 0 2.8414e-07 0 3.00375e-07 0 3.15721e-07 0 3.30512e-07 0 3.44296e-07 0 3.57433e-07 0 3.70305e-07 0 3.82474e-07 0 3.9391e-07 0 4.05448e-07 0 4.16218e-07 0 4.26635e-07 0 4.37126e-07 0 4.46806e-07 0 4.56547e-07 0 4.65899e-07 0 4.75303e-07 0 4.84308e-07 0 4.92904e-07 0 5.01086e-07 0 5.09761e-07 0 5.17556e-07 0 5.25843e-07 0 5.33239e-07 0 5.41125e-07 0 5.48575e-07 0 5.5605e-07 0 5.63081e-07 0 5.70135e-07 0 5.7721e-07 0 5.83833e-07 0 5.90475e-07 0
1059.39 2.33333e-06 2.30235e-06 3.09803e-08 0.0132773 0.0923909 3.8375e-08 0 6.06135e-08 0 9.29441e-08 0 1.17805e-07 0 1.38653e-07 0 1.56784e-07 0 1.72879e-07 0 1.87798e-07 0 2.01231e-07 0 2.13863e-07 0 2.25614e-07 0 2.36704e-07 0 2.47378e-07 0 2.57314e-07 0 2.66772e-07 0 2.7603e-07 0 2.84774e-07 0 2.92986e-07 0 3.01263e-07 0 3.08984e-07 0 3.16446e-07 0 3.23958e-07 0 3.30884e-07 0 3.3785e-07 0 3.44535e-07 0 3.51253e-07 0 3.57683e-07 0 3.63819e-07 0 3.69656e-07 0 3.75842e-07 0 3.81399e-07 0 3.87305e-07 0 3.92573e-07 0 3.9819e-07 0 4.03493e-07 0 4.08813e-07 0 4.13816e-07 0 4.18832e-07 0 4.23863e-07 0 4.28571e-07 0 4.33292e-07 0
1113.77 1.9742e-06 1.94906e-06 2.51394e-08 0.012734 0.0910247 3.08715e-08 0 4.77849e-08 0 7.19507e-08 0 9.03134e-08 0 1.05607e-07 0 1.18844e-07 0 1.30553e-07 0 1.41377e-07 0 1.511e-07 0 1.60226e-07 0 1.68701e-07 0 1.76688e-07 0 1.84366e-07 0 1.91504e-07 0 1.98292e-07 0 2.04931e-07 0 2.11196e-07 0 2.17075e-07 0 2.22996e-07 0 2.28516e-07 0 2.33848e-07 0 2.39211e-07 0 2.44155e-07 0 2.49123e-07 0 2.53889e-07 0 2.58677e-07 0 2.63257e-07 0 2.67626e-07 0 2.71781e-07 0 2.76183e-07 0 2.80135e-07 0 2.84334e-07 0 2.88079e-07 0 2.9207e-07 0 2.95837e-07 0 2.99615e-07 0 3.03167e-07 0 3.06727e-07 0 3.10297e-07 0 3.13637e-07 0 3.16985e-07 0
1170.94 1.67129e-06 1.65086e-06 2.04254e-08 0.0122214 0.0882953 2.4628e-08 0 3.74015e-08 0 5.53602e-08 0 6.88568e-08 0 8.00261e-08 0 8.96518e-08 0 9.8139e-08 0 1.05964e-07 0 1.12979e-07 0 1.1955e-07 0 1.25645e-07 0 1.3138e-07 0 1.36887e-07 0 1.42002e-07 0 1.46862e-07 0 1.5161e-07 0 1.56087e-07 0 1.60286e-07 0 1.64512e-07 0 1.68449e-07 0 1.7225e-07 0 1.76072e-07 0 1.79592e-07 0 1.83129e-07 0 1.8652e-07 0 1.89925e-07 0 1.93181e-07 0 1.96286e-07 0 1.99238e-07 0 2.02364e-07 0 2.0517e-07 0 2.0815e-07 0 2.10807e-07 0 2.13638e-07 0 2.16309e-07 0 2.18988e-07 0 2.21505e-07 0 2.24028e-07 0 2.26557e-07 0 2.28923e-07 0 2.31293e-07 0
1231.05 1.41716e-06 1.40054e-06 1.66142e-08 0.0117236 0.0847088 1.95146e-08 0 2.91094e-08 0 4.23989e-08 0 5.22851e-08 0 6.04189e-08 0 6.74005e-08 0 7.3538e-08 0 7.91831e-08 0 8.42341e-08 0 8.89584e-08 0 9.33334e-08 0 9.74459e-08 0 1.0139e-07 0 1.0505e-07 0 1.08525e-07 0 1.11917e-07 0 1.15113e-07 0 1.18108e-07 0 1.21121e-07 0 1.23927e-07 0 1.26634e-07 0 1.29355e-07 0 1.3186e-07 0 1.34376e-07 0 1.36786e-07 0 1.39207e-07 0 1.4152e-07 0 1.43725e-07 0 1.45821e-07 0 1.48039e-07 0 1.5003e-07 0 1.52144e-07 0 1.54028e-07 0 1.56035e-07 0 1.57929e-07 0 1.59827e-07 0 1.61611e-07 0 1.63398e-07 0 1.65189e-07 0 1.66864e-07 0 1.68542e-07 0
1294.24 1.2047e-06 1.19118e-06 1.35284e-08 0.0112296 0.0806671 1.53798e-08 0 2.25582e-08 0 3.23641e-08 0 3.95905e-08 0 4.55039e-08 0 5.05611e-08 0 5.49946e-08 0 5.90636e-08 0 6.2698e-08 0 6.60922e-08 0 6.92314e-08 0 7.21791e-08 0 7.50035e-08 0 7.76219e-08 0 8.01055e-08 0 8.25288e-08 0 8.48106e-08 0 8.69476e-08 0 8.90963e-08 0 9.10959e-08 0 9.30245e-08 0 9.49617e-08 0 9.67447e-08 0 9.85346e-08 0 1.00249e-07 0 1.0197e-07 0 1.03614e-07 0 1.05181e-07 0 1.0667e-07 0 1.08245e-07 0 1.09659e-07 0 1.11159e-07 0 1.12496e-07 0 1.1392e-07 0 1.15263e-07 0 1.16609e-07 0 1.17873e-07 0 1.1914e-07 0 1.20409e-07 0 1.21596e-07 0 1.22785e-07 0
1360.67 1.02645e-06 1.01542e-06 1.1026e-08 0.0107419 0.0763857 1.2059e-08 0 1.74093e-08 0 2.46252e-08 0 2.9897e-08 0 3.41896e-08 0 3.78482e-08 0 4.10476e-08 0 4.39782e-08 0 4.65914e-08 0 4.90287e-08 0 5.12802e-08 0 5.33923e-08 0 5.54141e-08 0 5.7287e-08 0 5.90623e-08 0 6.07933e-08 0 6.24222e-08 0 6.39469e-08 0 6.54793e-08 0 6.69046e-08 0 6.82788e-08 0 6.96585e-08 0 7.09279e-08 0 7.22018e-08 0 7.34218e-08 0 7.46456e-08 0 7.58147e-08 0 7.69284e-08 0 7.79862e-08 0 7.91056e-08 0 8.01096e-08 0 8.11751e-08 0 8.21243e-08 0 8.31349e-08 0 8.4088e-08 0 8.5043e-08 0 8.59399e-08 0 8.68384e-08 0 8.77385e-08 0 8.85799e-08 0 8.94227e-08 0
1430.51 8.76031e-07 8.67038e-07 8.99259e-09 0.0102651 0.0720529 9.40497e-09 0 1.33772e-08 0 1.86715e-08 0 2.25087e-08 0 2.56189e-08 0 2.82617e-08 0 3.05673e-08 0 3.26754e-08 0 3.45524e-08 0 3.63009e-08 0 3.79144e-08 0 3.94266e-08 0 4.0873e-08 0 4.22118e-08 0 4.34801e-08 0 4.4716e-08 0 4.58784e-08 0 4.69658e-08 0 4.80582e-08 0 4.9074e-08 0 5.00528e-08 0 5.10353e-08 0 5.19389e-08 0 5.28453e-08 0 5.37132e-08 0 5.45836e-08 0 5.54147e-08 0 5.62063e-08 0 5.69581e-08 0 5.77533e-08 0 5.84665e-08 0 5.92231e-08 0 5.98971e-08 0 6.06145e-08 0 6.12909e-08 0 6.19685e-08 0 6.26049e-08 0 6.32423e-08 0 6.38807e-08 0 6.44774e-08 0 6.50749e-08 0
1503.94 7.48111e-07 7.40773e-07 7.33828e-09 0.00980908 0.0679239 7.29137e-09 0 1.0227e-08 0 1.40973e-08 0 1.68818e-08 0 1.91295e-08 0 2.10339e-08 0 2.26919e-08 0 2.42053e-08 0 2.5551e-08 0 2.68031e-08 0 2.79574e-08 0 2.90384e-08 0 3.00715e-08 0 3.10272e-08 0 3.19319e-08 0 3.28131e-08 0 3.36415e-08 0 3.44161e-08 0 3.51939e-08 0 3.59169e-08 0 3.66133e-08 0 3.73121e-08 0 3.79546e-08 0 3.8599e-08 0 3.92157e-08 0 3.9834e-08 0 4.04244e-08 0 4.09865e-08 0 4.15202e-08 0 4.20847e-08 0 4.25908e-08 0 4.31276e-08 0 4.36057e-08 0 4.41145e-08 0 4.45942e-08 0 4.50747e-08 0 4.55258e-08 0 4.59776e-08 0 4.643e-08 0 4.68529e-08 0 4.72763e-08 0
1581.14 6.34802e-07 6.28812e-07 5.98975e-09 0.00943563 0.063926 5.58177e-09 0 7.72701e-09 0 1.05272e-08 0 1.25282e-08 0 1.41373e-08 0 1.54971e-08 0 1.66787e-08 0 1.77555e-08 0 1.87119e-08 0 1.96009e-08 0 2.04197e-08 0 2.11858e-08 0 2.19176e-08 0 2.25941e-08 0 2.32341e-08 0 2.38573e-08 0 2.44428e-08 0 2.49901e-08 0 2.55394e-08 0 2.60498e-08 0 2.65414e-08 0 2.70344e-08 0 2.74876e-08 0 2.7942e-08 0 2.83768e-08 0 2.88126e-08 0 2.92287e-08 0 2.96247e-08 0 3.00006e-08 0 3.03981e-08 0 3.07545e-08 0 3.11324e-08 0 3.14689e-08 0 3.1827e-08 0 3.21646e-08 0 3.25026e-08 0 3.28199e-08 0 3.31377e-08 0 3.34559e-08 0 3.37532e-08 0 3.40509e-08 0
1662.3 5.36345e-07 5.31456e-07 4.88959e-09 0.0091165 0.0590998 4.22993e-09 0 5.78397e-09 0 7.79387e-09 0 9.22132e-09 0 1.03652e-08 0 1.13295e-08 0 1.21659e-08 0 1.29272e-08 0 1.36026e-08 0 1.42297e-08 0 1.48069e-08 0 1.53466e-08 0 1.58617e-08 0 1.63377e-08 0 1.67878e-08 0 1.72258e-08 0 1.76372e-08 0 1.80216e-08 0 1.84074e-08 0 1.87656e-08 0 1.91106e-08 0 1.94564e-08 0 1.97743e-08 0 2.00929e-08 0 2.03977e-08 0 2.07031e-08 0 2.09946e-08 0 2.12721e-08 0 2.15354e-08 0 2.18138e-08 0 2.20633e-08 0 2.23279e-08 0 2.25634e-08 0 2.2814e-08 0 2.30502e-08 0 2.32868e-08 0 2.35088e-08 0 2.3731e-08 0 2.39536e-08 0 2.41615e-08 0 2.43697e-08 0
1747.63 4.62046e-07 4.58052e-07 3.99408e-09 0.00864433 0.0536469 3.25114e-09 0 4.39453e-09 0 5.86089e-09 0 6.89643e-09 0 7.72356e-09 0 8.41937e-09 0 9.02197e-09 0 9.56971e-09 0 1.00551e-08 0 1.05055e-08 0 1.09197e-08 0 1.13067e-08 0 1.16759e-08 0 1.20169e-08 0 1.23392e-08 0 1.26527e-08 0 1.29471e-08 0 1.3222e-08 0 1.34978e-08 0 1.37539e-08 0 1.40004e-08 0 1.42475e-08 0 1.44746e-08 0 1.47021e-08 0 1.49197e-08 0 1.51378e-08 0 1.53458e-08 0 1.55438e-08 0 1.57316e-08 0 1.59302e-08 0 1.61082e-08 0 1.62969e-08 0 1.64648e-08 0 1.66435e-08 0 1.68119e-08 0 1.69805e-08 0 1.71387e-08 0 1.72971e-08 0 1.74556e-08 0 1.76038e-08 0 1.77521e-08 0
1837.33 4.05947e-07 4.02681e-07 3.2653e-09 0.00804368 0.049235 2.53585e-09 0 3.39076e-09 0 4.47869e-09 0 5.243e-09 0 5.85172e-09 0 6.36277e-09 0 6.80472e-09 0 7.20597e-09 0 7.56121e-09 0 7.89056e-09 0 8.19325e-09 0 8.47593e-09 0 8.74547e-09 0 8.99427e-09 0 9.22937e-09 0 9.45794e-09 0 9.67249e-09 0 9.87283e-09 0 1.00737e-08 0 1.02602e-08 0 1.04397e-08 0 1.06196e-08 0 1.07848e-08 0 1.09503e-08 0 1.11086e-08 0 1.12672e-08 0 1.14185e-08 0 1.15624e-08 0 1.1699e-08 0 1.18434e-08 0 1.19727e-08 0 1.21098e-08 0 1.22318e-08 0 1.23616e-08 0 1.24839e-08 0 1.26064e-08 0 1.27213e-08 0 1.28363e-08 0 1.29514e-08 0 1.3059e-08 0 1.31667e-08 0
1931.64 3.54926e-07 3.52256e-07 2.67e-09 0.0075227 0.0458782 1.95878e-09 0 2.59267e-09 0 3.39364e-09 0 3.95368e-09 0 4.39852e-09 0 4.77132e-09 0 5.09328e-09 0 5.38529e-09 0 5.64359e-09 0 5.88289e-09 0 6.1027e-09 0 6.30786e-09 0 6.50339e-09 0 6.6838e-09 0 6.85421e-09 0 7.01984e-09 0 7.17525e-09 0 7.32034e-09 0 7.46579e-09 0 7.60078e-09 0 7.73065e-09 0 7.86078e-09 0 7.9803e-09 0 8.10002e-09 0 8.2145e-09 0 8.32916e-09 0 8.43852e-09 0 8.54256e-09 0 8.64125e-09 0 8.74556e-09 0 8.83901e-09 0 8.93806e-09 0 9.0262e-09 0 9.11996e-09 0 9.20829e-09 0 9.2967e-09 0 9.37967e-09 0 9.46271e-09 0 9.54582e-09 0 9.62346e-09 0 9.70116e-09 0
2030.79 3.07778e-07 3.05595e-07 2.18301e-09 0.00709282 0.0424681 1.4938e-09 0 1.95847e-09 0 2.54182e-09 0 2.94794e-09 0 3.26973e-09 0 3.53897e-09 0 3.7712e-09 0 3.98163e-09 0 4.16763e-09 0 4.33984e-09 0 4.49792e-09 0 4.6454e-09 0 4.7859e-09 0 4.91549e-09 0 5.03785e-09 0 5.15674e-09 0 5.26827e-09 0 5.37236e-09 0 5.47669e-09 0 5.57349e-09 0 5.66661e-09 0 5.75989e-09 0 5.84555e-09 0 5.93134e-09 0 6.01336e-09 0 6.0955e-09 0 6.17383e-09 0 6.24834e-09 0 6.31901e-09 0 6.3937e-09 0 6.4606e-09 0 6.5315e-09 0 6.5946e-09 0 6.6617e-09 0 6.72491e-09 0 6.78817e-09 0 6.84754e-09 0 6.90695e-09 0 6.9664e-09 0 7.02194e-09 0 7.07752e-09 0
2135.03 2.67095e-07 2.6531e-07 1.78506e-09 0.00668325 0.0391662 1.13525e-09 0 1.47515e-09 0 1.89934e-09 0 2.19349e-09 0 2.42605e-09 0 2.62033e-09 0 2.78773e-09 0 2.93927e-09 0 3.07313e-09 0 3.19699e-09 0 3.31063e-09 0 3.41661e-09 0 3.51753e-09 0 3.61058e-09 0 3.69841e-09 0 3.78373e-09 0 3.86375e-09 0 3.93841e-09 0 4.01323e-09 0 4.08263e-09 0 4.14938e-09 0 4.21624e-09 0 4.27762e-09 0 4.3391e-09 0 4.39785e-09 0 4.45669e-09 0 4.51279e-09 0 4.56615e-09 0 4.61676e-09 0 4.67023e-09 0 4.71812e-09 0 4.76888e-09 0 4.81404e-09 0 4.86206e-09 0 4.9073e-09 0 4.95257e-09 0 4.99504e-09 0 5.03755e-09 0 5.08009e-09 0 5.11982e-09 0 5.15957e-09 0
2244.63 2.32183e-07 2.30723e-07 1.45983e-09 0.00628741 0.0360361 8.60814e-10 0 1.10922e-09 0 1.41754e-09 0 1.63058e-09 0 1.79867e-09 0 1.9389e-09 0 2.0596e-09 0 2.16879e-09 0 2.26518e-09 0 2.35431e-09 0 2.43606e-09 0 2.51226e-09 0 2.5848e-09 0 2.65166e-09 0 2.71475e-09 0 2.77603e-09 0 2.83348e-09 0 2.88708e-09 0 2.94077e-09 0 2.99058e-09 0 3.03847e-09 0 3.08643e-09 0 3.13046e-09 0 3.17454e-09 0 3.21668e-09 0 3.25886e-09 0 3.29908e-09 0 3.33733e-09 0 3.3736e-09 0 3.41192e-09 0 3.44624e-09 0 3.48261e-09 0 3.51497e-09 0 3.54937e-09 0 3.58178e-09 0 3.61421e-09 0 3.64463e-09 0 3.67507e-09 0 3.70554e-09 0 3.73399e-09 0 3.76245e-09 0
2359.84 2.0227e-07 2.01076e-07 1.194e-09 0.00590301 0.0331311 6.51708e-10 0 8.332e-10 0 1.05736e-09 0 1.21173e-09 0 1.33331e-09 0 1.43462e-09 0 1.52174e-09 0 1.60049e-09 0 1.66996e-09 0 1.73418e-09 0 1.79305e-09 0 1.84791e-09 0 1.90011e-09 0 1.94822e-09 0 1.9936e-09 0 2.03767e-09 0 2.07897e-09 0 2.1175e-09 0 2.15609e-09 0 2.19188e-09 0 2.22629e-09 0 2.26075e-09 0 2.29237e-09 0 2.32403e-09 0 2.35429e-09 0 2.38458e-09 0 2.41345e-09 0 2.44091e-09 0 2.46695e-09 0 2.49445e-09 0 2.51908e-09 0 2.54519e-09 0 2.5684e-09 0 2.59309e-09 0 2.61634e-09 0 2.6396e-09 0 2.66143e-09 0 2.68327e-09 0 2.70512e-09 0 2.72552e-09 0 2.74594e-09 0
2480.97 1.76597e-07 1.7562e-07 9.76771e-10 0.00553109 0.0304422 4.92759e-10 0 6.25362e-10 0 7.88403e-10 0 9.00349e-10 0 9.88367e-10 0 1.06162e-09 0 1.12457e-09 0 1.18143e-09 0 1.23157e-09 0 1.2779e-09 0 1.32035e-09 0 1.35989e-09 0 1.39751e-09 0 1.43217e-09 0 1.46486e-09 0 1.49659e-09 0 1.52633e-09 0 1.55407e-09 0 1.58184e-09 0 1.6076e-09 0 1.63236e-09 0 1.65715e-09 0 1.6799e-09 0 1.70267e-09 0 1.72443e-09 0 1.74622e-09 0 1.76698e-09 0 1.78672e-09 0 1.80544e-09 0 1.82522e-09 0 1.84292e-09 0 1.86168e-09 0 1.87837e-09 0 1.89611e-09 0 1.91282e-09 0 1.92954e-09 0 1.94522e-09 0 1.96091e-09 0 1.97661e-09 0 1.99127e-09 0 2.00594e-09 0
2608.32 1.54513e-07 1.53714e-07 7.99183e-10 0.00517227 0.0279606 3.72161e-10 0 4.69058e-10 0 5.8771e-10 0 6.68955e-10 0 7.32737e-10 0 7.85768e-10 0 8.31302e-10 0 8.7241e-10 0 9.08638e-10 0 9.42098e-10 0 9.7275e-10 0 1.00129e-09 0 1.02844e-09 0 1.05345e-09 0 1.07703e-09 0 1.09991e-09 0 1.12136e-09 0 1.14135e-09 0 1.16137e-09 0 1.17994e-09 0 1.19778e-09 0 1.21564e-09 0 1.23203e-09 0 1.24844e-09 0 1.26412e-09 0 1.27981e-09 0 1.29476e-09 0 1.30898e-09 0 1.32246e-09 0 1.3367e-09 0 1.34945e-09 0 1.36295e-09 0 1.37497e-09 0 1.38774e-09 0 1.39977e-09 0 1.4118e-09 0 1.42309e-09 0 1.43438e-09 0 1.44568e-09 0 1.45623e-09 0 1.46679e-09 0
2742.21 1.35475e-07 1.34821e-07 6.53938e-10 0.004827 0.0256756 2.80807e-10 0 3.51632e-10 0 4.38033e-10 0 4.97049e-10 0 5.43316e-10 0 5.81748e-10 0 6.14725e-10 0 6.4448e-10 0 6.70691e-10 0 6.94891e-10 0 7.17053e-10 0 7.37685e-10 0 7.57304e-10 0 7.75369e-10 0 7.92403e-10 0 8.08931e-10 0 8.24417e-10 0 8.38854e-10 0 8.5331e-10 0 8.6671e-10 0 8.79588e-10 0 8.92479e-10 0 9.04307e-10 0 9.16146e-10 0 9.27456e-10 0 9.38775e-10 0 9.49563e-10 0 9.59819e-10 0 9.69541e-10 0 9.7981e-10 0 9.89004e-10 0 9.98744e-10 0 1.00741e-09 0 1.01662e-09 0 1.02529e-09 0 1.03396e-09 0 1.0421e-09 0 1.05024e-09 0 1.05839e-09 0 1.06599e-09 0 1.0736e-09 0
2882.97 1.19024e-07 1.18489e-07 5.3512e-10 0.00449589 0.0235727 2.11699e-10 0 2.63487e-10 0 3.26448e-10 0 3.69357e-10 0 4.02954e-10 0 4.30838e-10 0 4.54749e-10 0 4.76314e-10 0 4.95303e-10 0 5.12828e-10 0 5.28873e-10 0 5.43807e-10 0 5.58005e-10 0 5.71076e-10 0 5.83398e-10 0 5.95353e-10 0 6.06552e-10 0 6.16992e-10 0 6.27443e-10 0 6.37131e-10 0 6.4644e-10 0 6.55758e-10 0 6.64306e-10 0 6.72861e-10 0 6.81034e-10 0 6.89213e-10 0 6.97007e-10 0 7.04416e-10 0 7.1144e-10 0 7.18858e-10 0 7.25499e-10 0 7.32534e-10 0 7.38791e-10 0 7.45442e-10 0 7.51704e-10 0 7.5797e-10 0 7.63846e-10 0 7.69725e-10 0 7.75606e-10 0 7.81097e-10 0 7.86589e-10 0
3030.95 1.04781e-07 1.04343e-07 4.37917e-10 0.00417936 0.0216391 1.59488e-10 0 1.97372e-10 0 2.4329e-10 0 2.74518e-10 0 2.98941e-10 0 3.19197e-10 0 3.36556e-10 0 3.52204e-10 0 3.65979e-10 0 3.78689e-10 0 3.90321e-10 0 4.01146e-10 0 4.11435e-10 0 4.20906e-10 0 4.29833e-10 0 4.38493e-10 0 4.46604e-10 0 4.54164e-10 0 4.61732e-10 0 4.68746e-10 0 4.75486e-10 0 4.82231e-10 0 4.88418e-10 0 4.94611e-10 0 5.00525e-10 0 5.06444e-10 0 5.12085e-10 0 5.17446e-10 0 5.22528e-10 0 5.27895e-10 0 5.327e-10 0 5.37789e-10 0 5.42315e-10 0 5.47127e-10 0 5.51656e-10 0 5.56188e-10 0 5.60439e-10 0 5.6469e-10 0 5.68944e-10 0 5.72915e-10 0 5.76887e-10 0
3186.53 9.24209e-08 9.20625e-08 3.58383e-10 0.00387772 0.0198608 1.20082e-10 0 1.47812e-10 0 1.81327e-10 0 2.04078e-10 0 2.21853e-10 0 2.36584e-10 0 2.49203e-10 0 2.60573e-10 0 2.70579e-10 0 2.79808e-10 0 2.88254e-10 0 2.96111e-10 0 3.03578e-10 0 3.10451e-10 0 3.16927e-10 0 3.23209e-10 0 3.29092e-10 0 3.34576e-10 0 3.40064e-10 0 3.4515e-10 0 3.50036e-10 0 3.54927e-10 0 3.59412e-10 0 3.63901e-10 0 3.68189e-10 0 3.72479e-10 0 3.76567e-10 0 3.80452e-10 0 3.84135e-10 0 3.88024e-10 0 3.91506e-10 0 3.95194e-10 0 3.98473e-10 0 4.01959e-10 0 4.05241e-10 0 4.08524e-10 0 4.11603e-10 0 4.14683e-10 0 4.17764e-10 0 4.20641e-10 0 4.23518e-10 0
3350.09 8.16759e-08 8.13826e-08 2.93305e-10 0.00359108 0.0182278 9.03716e-11 0 1.10682e-10 0 1.35167e-10 0 1.5176e-10 0 1.64712e-10 0 1.75439e-10 0 1.84623e-10 0 1.92896e-10 0 2.00174e-10 0 2.06885e-10 0 2.13025e-10 0 2.18737e-10 0 2.24164e-10 0 2.29158e-10 0 2.33864e-10 0 2.38427e-10 0 2.42701e-10 0 2.46684e-10 0 2.5067e-10 0 2.54364e-10 0 2.57912e-10 0 2.61463e-10 0 2.6472e-10 0 2.67979e-10 0 2.71092e-10 0 2.74206e-10 0 2.77173e-10 0 2.79994e-10 0 2.82667e-10 0 2.8549e-10 0 2.88017e-10 0 2.90693e-10 0 2.93073e-10 0 2.95603e-10 0 2.97984e-10 0 3.00367e-10 0 3.02601e-10 0 3.04836e-10 0 3.07071e-10 0 3.09159e-10 0 3.11246e-10 0
3522.05 7.23165e-08 7.20765e-08 2.40053e-10 0.00331947 0.0167274 6.79884e-11 0 8.28757e-11 0 1.00781e-10 0 1.12896e-10 0 1.22345e-10 0 1.30166e-10 0 1.3686e-10 0 1.42887e-10 0 1.48188e-10 0 1.53076e-10 0 1.57546e-10 0 1.61704e-10 0 1.65654e-10 0 1.69288e-10 0 1.72712e-10 0 1.76033e-10 0 1.79142e-10 0 1.82039e-10 0 1.84939e-10 0 1.87625e-10 0 1.90206e-10 0 1.92789e-10 0 1.95157e-10 0 1.97527e-10 0 1.9979e-10 0 2.02055e-10 0 2.04212e-10 0 2.06263e-10 0 2.08206e-10 0 2.10258e-10 0 2.12095e-10 0 2.14041e-10 0 2.1577e-10 0 2.17609e-10 0 2.1934e-10 0 2.21072e-10 0 2.22696e-10 0 2.2432e-10 0 2.25944e-10 0 2.27461e-10 0 2.28978e-10 0
3702.84 6.41482e-08 6.39517e-08 1.96473e-10 0.0030628 0.0153498 5.11362e-11 0 6.20572e-11 0 7.51642e-11 0 8.40207e-11 0 9.09225e-11 0 9.66324e-11 0 1.01517e-10 0 1.05915e-10 0 1.09781e-10 0 1.13345e-10 0 1.16604e-10 0 1.19635e-10 0 1.22515e-10 0 1.25163e-10 0 1.27659e-10 0 1.30078e-10 0 1.32344e-10 0 1.34455e-10 0 1.36567e-10 0 1.38524e-10 0 1.40404e-10 0 1.42285e-10 0 1.4401e-10 0 1.45736e-10 0 1.47384e-10 0 1.49033e-10 0 1.50604e-10 0 1.52097e-10 0 1.53512e-10 0 1.55006e-10 0 1.56344e-10 0 1.5776e-10 0 1.59019e-10 0 1.60358e-10 0 1.61618e-10 0 1.62879e-10 0 1.64061e-10 0 1.65243e-10 0 1.66426e-10 0 1.6753e-10 0 1.68634e-10 0
3892.91 5.70067e-08 5.68459e-08 1.60808e-10 0.00282086 0.0140852 3.84557e-11 0 4.64741e-11 0 5.60791e-11 0 6.2561e-11 0 6.76088e-11 0 7.17829e-11 0 7.53526e-11 0 7.85652e-11 0 8.13893e-11 0 8.3992e-11 0 8.63719e-11 0 8.85848e-11 0 9.06865e-11 0 9.26198e-11 0 9.44411e-11 0 9.62069e-11 0 9.786e-11 0 9.94001e-11 0 1.00941e-10 0 1.02369e-10 0 1.0374e-10 0 1.05113e-10 0 1.06371e-10 0 1.0763e-10 0 1.08832e-10 0 1.10035e-10 0 1.1118e-10 0 1.12269e-10 0 1.13301e-10 0 1.14391e-10 0 1.15366e-10 0 1.16399e-10 0 1.17317e-10 0 1.18293e-10 0 1.19212e-10 0 1.20131e-10 0 1.20993e-10 0 1.21855e-10 0 1.22717e-10 0 1.23522e-10 0 1.24327e-10 0
4092.73 5.07513e-08 5.06197e-08 1.31618e-10 0.00259339 0.0129242 2.89179e-11 0 3.48106e-11 0 4.18571e-11 0 4.6607e-11 0 5.03035e-11 0 5.3359e-11 0 5.59712e-11 0 5.83215e-11 0 6.03872e-11 0 6.22906e-11 0 6.40309e-11 0 6.56488e-11 0 6.71852e-11 0 6.85985e-11 0 6.99296e-11 0 7.12202e-11 0 7.24283e-11 0 7.35538e-11 0 7.46799e-11 0 7.57231e-11 0 7.67251e-11 0 7.77276e-11 0 7.86469e-11 0 7.95666e-11 0 8.04448e-11 0 8.13234e-11 0 8.21604e-11 0 8.29557e-11 0 8.37095e-11 0 8.45053e-11 0 8.52176e-11 0 8.5972e-11 0 8.66427e-11 0 8.73555e-11 0 8.80265e-11 0 8.86977e-11 0 8.93271e-11 0 8.99566e-11 0 9.05862e-11 0 9.11739e-11 0 9.17618e-11 0
4302.81 4.52628e-08 4.51551e-08 1.07728e-10 0.00238006 0.0118585 2.17465e-11 0 2.60814e-11 0 3.12569e-11 0 3.47419e-11 0 3.74525e-11 0 3.96922e-11 0 4.16064e-11 0 4.33283e-11 0 4.48414e-11 0 4.62355e-11 0 4.75099e-11 0 4.86945e-11 0 4.98194e-11 0 5.0854e-11 0 5.18285e-11 0 5.27731e-11 0 5.36573e-11 0 5.4481e-11 0 5.53052e-11 0 5.60686e-11 0 5.68019e-11 0 5.75354e-11 0 5.82081e-11 0 5.8881e-11 0 5.95236e-11 0 6.01663e-11 0 6.07787e-11 0 6.13605e-11 0 6.1912e-11 0 6.24942e-11 0 6.30152e-11 0 6.3567e-11 0 6.40576e-11 0 6.4579e-11 0 6.50699e-11 0 6.55608e-11 0 6.60211e-11 0 6.64815e-11 0 6.6942e-11 0 6.73719e-11 0 6.78019e-11 0
4523.68 4.0439e-08 4.03508e-08 8.81756e-11 0.00218046 0.0108804 1.63555e-11 0 1.95477e-11 0 2.33535e-11 0 2.59138e-11 0 2.79041e-11 0 2.95481e-11 0 3.09528e-11 0 3.22162e-11 0 3.33261e-11 0 3.43486e-11 0 3.52832e-11 0 3.61519e-11 0 3.69767e-11 0 3.77352e-11 0 3.84496e-11 0 3.91421e-11 0 3.97903e-11 0 4.03941e-11 0 4.09981e-11 0 4.15577e-11 0 4.20951e-11 0 4.26327e-11 0 4.31256e-11 0 4.36187e-11 0 4.40896e-11 0 4.45606e-11 0 4.50093e-11 0 4.54356e-11 0 4.58397e-11 0 4.62662e-11 0 4.6648e-11 0 4.70523e-11 0 4.74117e-11 0 4.77937e-11 0 4.81533e-11 0 4.8513e-11 0 4.88502e-11 0 4.91875e-11 0 4.95248e-11 0 4.98397e-11 0 5.01547e-11 0
4755.88 3.61937e-08 3.61215e-08 7.21821e-11 0.00199433 0.00998312 1.23039e-11 0 1.46573e-11 0 1.74595e-11 0 1.9343e-11 0 2.08065e-11 0 2.20149e-11 0 2.30472e-11 0 2.39755e-11 0 2.47909e-11 0 2.5542e-11 0 2.62285e-11 0 2.68665e-11 0 2.74722e-11 0 2.80292e-11 0 2.85537e-11 0 2.90622e-11 0 2.95381e-11 0 2.99813e-11 0 3.04248e-11 0 3.08355e-11 0 3.123e-11 0 3.16246e-11 0 3.19865e-11 0 3.23484e-11 0 3.2694e-11 0 3.30397e-11 0 3.3369e-11 0 3.36819e-11 0 3.39784e-11 0 3.42915e-11 0 3.45716e-11 0 3.48683e-11 0 3.51321e-11 0 3.54124e-11 0 3.56762e-11 0 3.59401e-11 0 3.61876e-11 0 3.64351e-11 0 3.66826e-11 0 3.69137e-11 0 3.71448e-11 0
5000 3.24501e-08 3.2391e-08 5.90909e-11 0.00182098 0.00915936 9.25846e-12 0 1.09955e-11 0 1.30613e-11 0 1.44488e-11 0 1.55264e-11 0 1.64159e-11 0 1.71757e-11 0 1.78587e-11 0 1.84587e-11 0 1.90112e-11 0 1.95161e-11 0 1.99854e-11 0 2.04309e-11 0 2.08405e-11 0 2.12263e-11 0 2.16001e-11 0 2.195e-11 0 2.2276e-11 0 2.2602e-11 0 2.2904e-11 0 2.3194e-11 0 2.34841e-11 0 2.37501e-11 0 2.40162e-11 0 2.42702e-11 0 2.45244e-11 0 2.47664e-11 0 2.49964e-11 0 2.52144e-11 0 2.54445e-11 0 2.56504e-11 0 2.58684e-11 0 2.60623e-11 0 2.62683e-11 0 2.64623e-11 0 2.66562e-11 0 2.68381e-11 0 2.702e-11 0 2.72019e-11 0 2.73717e-11 0 2.75415e-11 0
