# 0.00351441 1 110 : grain size, compostion index, size index
# Heating and cooling timescale: 1.05125e-07 inf
# Ratio of heating to cooling to determine stochastic cutoff: 100
# Equilibrium emission is recorded even for those grains in the stochastic regime.
# Emission spectrum was computed for: 
# Type: ISRF
# Scales: 0.25 0.5 1 1.5 2 2.5 3 3.5 4 4.5 5 5.5 6 6.5 7 7.5 8 8.5 9 9.5 10 10.5 11 11.5 12 12.5 13 13.5 14 14.5 15 15.5 16 16.5 17 17.5 18 18.5 19 19.5 20
# StochasticallyHeated: 0 0 0 0 0 0 0 0 0 0 0 0 0 0 0 0 0 0 0 0 0 0 0 0 0 0 0 0 0 0 0 0 0 0 0 0 0 0 0 0 0
# Temperature: -1
# Wavelength  CExt  CAbs  CSca  Albedo G EqEm1 StEm1 EqEm2 StEm2 EqEm3 StEm3 EqEm4 StEm4 EqEm5 StEm5 EqEm6 StEm6 EqEm7 StEm7 EqEm8 StEm8 EqEm9 StEm9 EqEm10 StEm10 EqEm11 StEm11 EqEm12 StEm12 EqEm13 StEm13 EqEm14 StEm14 EqEm15 StEm15 EqEm16 StEm16 EqEm17 StEm17 EqEm18 StEm18 EqEm19 StEm19 EqEm20 StEm20 EqEm21 StEm21 EqEm22 StEm22 EqEm23 StEm23 EqEm24 StEm24 EqEm25 StEm25 EqEm26 StEm26 EqEm27 StEm27 EqEm28 StEm28 EqEm29 StEm29 EqEm30 StEm30 EqEm31 StEm31 EqEm32 StEm32 EqEm33 StEm33 EqEm34 StEm34 EqEm35 StEm35 EqEm36 StEm36 EqEm37 StEm37 EqEm38 StEm38 EqEm39 StEm39 EqEm40 StEm40 EqEm41 StEm41
0.05 7.78687e-05 3.29524e-05 4.49163e-05 0.576821 0.931665 0 0 0 0 0 0 0 0 0 0 0 0 0 0 0 0 0 0 0 0 0 0 0 0 0 0 0 0 0 0 0 0 0 0 0 0 0 0 0 0 0 0 0 0 0 0 0 0 0 0 0 0 0 0 0 0 0 0 0 0 0 0 0 0 0 0 0 0 0 0 0 0 0 0 0 0 0 0 0 0 0 0
0.0525665 7.78793e-05 3.2665e-05 4.52143e-05 0.580569 0.925845 0 0 0 0 0 0 0 0 0 0 0 0 0 0 0 0 0 0 0 0 0 0 0 0 0 0 0 0 0 0 0 0 0 0 0 0 0 0 0 0 0 0 0 0 0 0 0 0 0 0 0 0 0 0 0 0 0 0 0 0 0 0 0 0 0 0 0 0 0 0 0 0 0 0 0 0 0 0 0 0 0 0
0.0552647 7.78902e-05 3.21878e-05 4.57024e-05 0.586754 0.916941 0 0 0 0 0 0 0 0 0 0 0 0 0 0 0 0 0 0 0 0 0 0 0 0 0 0 0 0 0 0 0 0 0 0 0 0 0 0 0 0 0 0 0 0 0 0 0 0 0 0 0 0 0 0 0 0 0 0 0 0 0 0 0 0 0 0 0 0 0 0 0 0 0 0 0 0 0 0 0 0 0 0
0.0581015 7.79029e-05 3.14644e-05 4.64385e-05 0.596107 0.903096 0 0 0 0 0 0 0 0 0 0 0 0 0 0 0 0 0 0 0 0 0 0 0 0 0 0 0 0 0 0 0 0 0 0 0 0 0 0 0 0 0 0 0 0 0 0 0 0 0 0 0 0 0 0 0 0 0 0 0 0 0 0 0 0 0 0 0 0 0 0 0 0 0 0 0 0 0 0 0 0 0 0
0.0610839 7.79167e-05 3.07345e-05 4.71822e-05 0.605547 0.887571 0 0 0 0 0 0 0 0 0 0 0 0 0 0 0 0 0 0 0 0 0 0 0 0 0 0 0 0 0 0 0 0 0 0 0 0 0 0 0 0 0 0 0 0 0 0 0 0 0 0 0 0 0 0 0 0 0 0 0 0 0 0 0 0 0 0 0 0 0 0 0 0 0 0 0 0 0 0 0 0 0 0
0.0642193 7.79314e-05 3.02232e-05 4.77083e-05 0.612183 0.874943 0 0 0 0 0 0 0 0 0 0 0 0 0 0 0 0 0 0 0 0 0 0 0 0 0 0 0 0 0 0 0 0 0 0 0 0 0 0 0 0 0 0 0 0 0 0 0 0 0 0 0 0 0 0 0 0 0 0 0 0 0 0 0 0 0 0 0 0 0 0 0 0 0 0 0 0 0 0 0 0 0 0
0.0675157 7.79467e-05 2.99329e-05 4.80138e-05 0.615982 0.866031 0 0 0 0 0 0 0 0 0 0 0 0 0 0 0 0 0 0 0 0 0 0 0 0 0 0 0 0 0 0 0 0 0 0 0 0 0 0 0 0 0 0 0 0 0 0 0 0 0 0 0 0 0 0 0 0 0 0 0 0 0 0 0 0 0 0 0 0 0 0 0 0 0 0 0 0 0 0 0 0 0 0
0.0709813 7.79621e-05 2.98229e-05 4.81392e-05 0.617469 0.860408 0 0 0 0 0 0 0 0 0 0 0 0 0 0 0 0 0 0 0 0 0 0 0 0 0 0 0 0 0 0 0 0 0 0 0 0 0 0 0 0 0 0 0 0 0 0 0 0 0 0 0 0 0 0 0 0 0 0 0 0 0 0 0 0 0 0 0 0 0 0 0 0 0 0 0 0 0 0 0 0 0 0
0.0746248 7.79781e-05 2.98628e-05 4.81153e-05 0.617036 0.857666 0 0 0 0 0 0 0 0 0 0 0 0 0 0 0 0 0 0 0 0 0 0 0 0 0 0 0 0 0 0 0 0 0 0 0 0 0 0 0 0 0 0 0 0 0 0 0 0 0 0 0 0 0 0 0 0 0 0 0 0 0 0 0 0 0 0 0 0 0 0 0 0 0 0 0 0 0 0 0 0 0 0
0.0784553 7.79936e-05 3.00726e-05 4.79209e-05 0.614422 0.858305 0 0 0 0 0 0 0 0 0 0 0 0 0 0 0 0 0 0 0 0 0 0 0 0 0 0 0 0 0 0 0 0 0 0 0 0 0 0 0 0 0 0 0 0 0 0 0 0 0 0 0 0 0 0 0 0 0 0 0 0 0 0 0 0 0 0 0 0 0 0 0 0 0 0 0 0 0 0 0 0 0 0
0.0824824 7.80086e-05 3.05234e-05 4.74852e-05 0.608717 0.863867 0 0 0 0 0 0 0 0 0 0 0 0 0 0 0 0 0 0 0 0 0 0 0 0 0 0 0 0 0 0 0 0 0 0 0 0 0 0 0 0 0 0 0 0 0 0 0 0 0 0 0 0 0 0 0 0 0 0 0 0 0 0 0 0 0 0 0 0 0 0 0 0 0 0 0 0 0 0 0 0 0 0
0.0867162 7.80222e-05 3.07119e-05 4.73103e-05 0.60637 0.866849 0 0 0 0 0 0 0 0 0 0 0 0 0 0 0 0 0 0 0 0 0 0 0 0 0 0 0 0 0 0 0 0 0 0 0 0 0 0 0 0 0 0 0 0 0 0 0 0 0 0 0 0 0 0 0 0 0 0 0 0 0 0 0 0 0 0 0 0 0 0 0 0 0 0 0 0 0 0 0 0 0 0
0.0911674 7.8039e-05 3.04343e-05 4.76047e-05 0.610012 0.8603 0 0 0 0 0 0 0 0 0 0 0 0 0 0 0 0 0 0 0 0 0 0 0 0 0 0 0 0 0 0 0 0 0 0 0 0 0 0 0 0 0 0 0 0 0 0 0 0 0 0 0 0 0 0 0 0 0 0 0 0 0 0 0 0 0 0 0 0 0 0 0 0 0 0 0 0 0 0 0 0 0 0
0.095847 7.80572e-05 3.03928e-05 4.76644e-05 0.610635 0.856988 0 0 0 0 0 0 0 0 0 0 0 0 0 0 0 0 0 0 0 0 0 0 0 0 0 0 0 0 0 0 0 0 0 0 0 0 0 0 0 0 0 0 0 0 0 0 0 0 0 0 0 0 0 0 0 0 0 0 0 0 0 0 0 0 0 0 0 0 0 0 0 0 0 0 0 0 0 0 0 0 0 0
0.100767 7.80742e-05 3.04813e-05 4.7593e-05 0.609586 0.856514 0 0 0 0 0 0 0 0 0 0 0 0 0 0 0 0 0 0 0 0 0 0 0 0 0 0 0 0 0 0 0 0 0 0 0 0 0 0 0 0 0 0 0 0 0 0 0 0 0 0 0 0 0 0 0 0 0 0 0 0 0 0 0 0 0 0 0 0 0 0 0 0 0 0 0 0 0 0 0 0 0 0
0.105939 7.80904e-05 3.07874e-05 4.7303e-05 0.605747 0.86045 0 0 0 0 0 0 0 0 0 0 0 0 0 0 0 0 0 0 0 0 0 0 0 0 0 0 0 0 0 0 0 0 0 0 0 0 0 0 0 0 0 0 0 0 0 0 0 0 0 0 0 0 0 0 0 0 0 0 0 0 0 0 0 0 0 0 0 0 0 0 0 0 0 0 0 0 0 0 0 0 0 0
0.111377 7.81058e-05 3.11042e-05 4.70015e-05 0.601768 0.86554 0 0 0 0 0 0 0 0 0 0 0 0 0 0 0 0 0 0 0 0 0 0 0 0 0 0 0 0 0 0 0 0 0 0 0 0 0 0 0 0 0 0 0 0 0 0 0 0 0 0 0 0 0 0 0 0 0 0 0 0 0 0 0 0 0 0 0 0 0 0 0 0 0 0 0 0 0 0 0 0 0 0
0.117094 7.81219e-05 3.13106e-05 4.68112e-05 0.599208 0.86873 0 0 0 0 0 0 0 0 0 0 0 0 0 0 0 0 0 0 0 0 0 0 0 0 0 0 0 0 0 0 0 0 0 0 0 0 0 0 0 0 0 0 0 0 0 0 0 0 0 0 0 0 0 0 0 0 0 0 0 0 0 0 0 0 0 0 0 0 0 0 0 0 0 0 0 0 0 0 0 0 0 0
0.123105 7.81389e-05 3.1451e-05 4.66879e-05 0.597498 0.870739 0 0 0 0 0 0 0 0 0 0 0 0 0 0 0 0 0 0 0 0 0 0 0 0 0 0 0 0 0 0 0 0 0 0 0 0 0 0 0 0 0 0 0 0 0 0 0 0 0 0 0 0 0 0 0 0 0 0 0 0 0 0 0 0 0 0 0 0 0 0 0 0 0 0 0 0 0 0 0 0 0 0
0.129424 7.81563e-05 3.15369e-05 4.66194e-05 0.596489 0.871715 0 0 0 0 0 0 0 0 0 0 0 0 0 0 0 0 0 0 0 0 0 0 0 0 0 0 0 0 0 0 0 0 0 0 0 0 0 0 0 0 0 0 0 0 0 0 0 0 0 0 0 0 0 0 0 0 0 0 0 0 0 0 0 0 0 0 0 0 0 0 0 0 0 0 0 0 0 0 0 0 0 0
0.136067 7.81748e-05 3.15624e-05 4.66124e-05 0.596259 0.871469 0 0 0 0 0 0 0 0 0 0 0 0 0 0 0 0 0 0 0 0 0 0 0 0 0 0 0 0 0 0 0 0 0 0 0 0 0 0 0 0 0 0 0 0 0 0 0 0 0 0 0 0 0 0 0 0 0 0 0 0 0 0 0 0 0 0 0 0 0 0 0 0 0 0 0 0 0 0 0 0 0 0
0.143051 7.81937e-05 3.14925e-05 4.67012e-05 0.59725 0.869128 0 0 0 0 0 0 0 0 0 0 0 0 0 0 0 0 0 0 0 0 0 0 0 0 0 0 0 0 0 0 0 0 0 0 0 0 0 0 0 0 0 0 0 0 0 0 0 0 0 0 0 0 0 0 0 0 0 0 0 0 0 0 0 0 0 0 0 0 0 0 0 0 0 0 0 0 0 0 0 0 0 0
0.150394 7.82107e-05 3.16016e-05 4.6609e-05 0.595942 0.870368 0 0 0 0 0 0 0 0 0 0 0 0 0 0 0 0 0 0 0 0 0 0 0 0 0 0 0 0 0 0 0 0 0 0 0 0 0 0 0 0 0 0 0 0 0 0 0 0 0 0 0 0 0 0 0 0 0 0 0 0 0 0 0 0 0 0 0 0 0 0 0 0 0 0 0 0 0 0 0 0 0 0
0.158114 7.82273e-05 3.19385e-05 4.62888e-05 0.591722 0.876854 0 0 0 0 0 0 0 0 0 0 0 0 0 0 0 0 0 0 0 0 0 0 0 0 0 0 0 0 0 0 0 0 0 0 0 0 0 0 0 0 0 0 0 0 0 0 0 0 0 0 0 0 0 0 0 0 0 0 0 0 0 0 0 0 0 0 0 0 0 0 0 0 0 0 0 0 0 0 0 0 0 0
0.16623 7.82454e-05 3.23215e-05 4.59239e-05 0.586922 0.884733 0 0 0 0 0 0 0 0 0 0 0 0 0 0 0 0 0 0 0 0 0 0 0 0 0 0 0 0 0 0 0 0 0 0 0 0 0 0 0 0 0 0 0 0 0 0 0 0 0 0 0 0 0 0 0 0 0 0 0 0 0 0 0 0 0 0 0 0 0 0 0 0 0 0 0 0 0 0 0 0 0 0
0.174762 7.82654e-05 3.26614e-05 4.5604e-05 0.582684 0.891885 0 0 0 0 0 0 0 0 0 0 0 0 0 0 0 0 0 0 0 0 0 0 0 0 0 0 0 0 0 0 0 0 0 0 0 0 0 0 0 0 0 0 0 0 0 0 0 0 0 0 0 0 0 0 0 0 0 0 0 0 0 0 0 0 0 0 0 0 0 0 0 0 0 0 0 0 0 0 0 0 0 0
0.183733 7.82864e-05 3.29633e-05 4.53231e-05 0.57894 0.898282 0 0 0 0 0 0 0 0 0 0 0 0 0 0 0 0 0 0 0 0 0 0 0 0 0 0 0 0 0 0 0 0 0 0 0 0 0 0 0 0 0 0 0 0 0 0 0 0 0 0 0 0 0 0 0 0 0 0 0 0 0 0 0 0 0 0 0 0 0 0 0 0 0 0 0 0 0 0 0 0 0 0
0.193164 7.83088e-05 3.32197e-05 4.50891e-05 0.575785 0.903712 0 0 0 0 0 0 0 0 0 0 0 0 0 0 0 0 0 0 0 0 0 0 0 0 0 0 0 0 0 0 0 0 0 0 0 0 0 0 0 0 0 0 0 0 0 0 0 0 0 0 0 0 0 0 0 0 0 0 0 0 0 0 0 0 0 0 0 0 0 0 0 0 0 0 0 0 0 0 0 0 0 0
0.203079 7.83325e-05 3.34391e-05 4.48934e-05 0.573114 0.90833 0 0 0 0 0 0 0 0 0 0 0 0 0 0 0 0 0 0 0 0 0 0 0 0 0 0 0 0 0 0 0 0 0 0 0 0 0 0 0 0 0 0 0 0 0 0 0 0 0 0 0 0 0 0 0 0 0 0 0 0 0 0 0 0 0 0 0 0 0 0 0 0 0 0 0 0 0 0 0 0 0 0
0.213503 7.83568e-05 3.36335e-05 4.47233e-05 0.570765 0.912391 0 0 0 0 0 0 0 0 0 0 0 0 0 0 0 0 0 0 0 0 0 0 0 0 0 0 0 0 0 0 0 0 0 0 0 0 0 0 0 0 0 0 0 0 0 0 0 0 0 0 0 0 0 0 0 0 0 0 0 0 0 0 0 0 0 0 0 0 0 0 0 0 0 0 0 0 0 0 0 0 0 0
0.224463 7.83823e-05 3.37969e-05 4.45854e-05 0.568819 0.915756 0 0 0 0 0 0 0 0 0 0 0 0 0 0 0 0 0 0 0 0 0 0 0 0 0 0 0 0 0 0 0 0 0 0 0 0 0 0 0 0 0 0 0 0 0 0 0 0 0 0 0 0 0 0 0 0 0 0 0 0 0 0 0 0 0 0 0 0 0 0 0 0 0 0 0 0 0 0 0 0 0 0
0.235984 7.84084e-05 3.39272e-05 4.44812e-05 0.567301 0.918376 0 0 0 0 0 0 0 0 0 0 0 0 0 0 0 0 0 0 0 0 0 0 0 0 0 0 0 0 0 0 0 0 0 0 0 0 0 0 0 0 0 0 0 0 0 0 0 0 0 0 0 0 0 0 0 0 0 0 0 0 0 0 0 0 0 0 0 0 0 0 0 0 0 0 0 0 0 0 0 0 0 0
0.248097 7.84357e-05 3.40288e-05 4.44069e-05 0.566157 0.920349 0 0 0 0 0 0 0 0 0 0 0 0 0 0 0 0 0 0 0 0 0 0 0 0 0 0 0 0 0 0 0 0 0 0 0 0 0 0 0 0 0 0 0 0 0 0 0 0 0 0 0 0 0 0 0 0 0 0 0 0 0 0 0 0 0 0 0 0 0 0 0 0 0 0 0 0 0 0 0 0 0 0
0.260832 7.84638e-05 3.41132e-05 4.43507e-05 0.565237 0.921928 0 0 0 0 0 0 0 0 0 0 0 0 0 0 0 0 0 0 0 0 0 0 0 0 0 0 0 0 0 0 0 0 0 0 0 0 0 0 0 0 0 0 0 0 0 0 0 0 0 0 0 0 0 0 0 0 0 0 0 0 0 0 0 0 0 0 0 0 0 0 0 0 0 0 0 0 0 0 0 0 0 0
0.274221 7.84928e-05 3.41866e-05 4.43062e-05 0.564462 0.923251 0 0 0 0 0 0 0 0 0 0 0 0 0 0 0 0 0 0 0 0 0 0 0 0 0 0 0 0 0 0 0 0 0 0 0 0 0 0 0 0 0 0 0 0 0 0 0 0 0 0 0 0 0 0 0 0 0 0 0 0 0 0 0 0 0 0 0 0 0 0 0 0 0 0 0 0 0 0 0 0 0 0
0.288297 7.85228e-05 3.42505e-05 4.42723e-05 0.563815 0.924351 0 0 0 0 0 0 0 0 0 0 0 0 0 0 0 0 0 0 0 0 0 0 0 0 0 0 0 0 0 0 0 0 0 0 0 0 0 0 0 0 0 0 0 0 0 0 0 0 0 0 0 0 0 0 0 0 0 0 0 0 0 0 0 0 0 0 0 0 0 0 0 0 0 0 0 0 0 0 0 0 0 0
0.303095 7.85539e-05 3.43067e-05 4.42471e-05 0.563271 0.925267 0 0 0 0 0 0 0 0 0 0 0 0 0 0 0 0 0 0 0 0 0 0 0 0 0 0 0 0 0 0 0 0 0 0 0 0 0 0 0 0 0 0 0 0 0 0 0 0 0 0 0 0 0 0 0 0 0 0 0 0 0 0 0 0 0 0 0 0 0 0 0 0 0 0 0 0 0 0 0 0 0 0
0.318653 7.85859e-05 3.4358e-05 4.42279e-05 0.562797 0.926059 0 0 0 0 0 0 0 0 0 0 0 0 0 0 0 0 0 0 0 0 0 0 0 0 0 0 0 0 0 0 0 0 0 0 0 0 0 0 0 0 0 0 0 0 0 0 0 0 0 0 0 0 0 0 0 0 0 0 0 0 0 0 0 0 0 0 0 0 0 0 0 0 0 0 0 0 0 0 0 0 0 0
0.335009 7.86191e-05 3.44045e-05 4.42145e-05 0.56239 0.92673 0 0 0 0 0 0 0 0 0 0 0 0 0 0 0 0 0 0 0 0 0 0 0 0 0 0 0 0 0 0 0 0 0 0 0 0 0 0 0 0 0 0 0 0 0 0 0 0 0 0 0 0 0 0 0 0 0 0 0 0 0 0 0 0 0 0 0 0 0 0 0 0 0 0 0 0 0 0 0 0 0 0
0.352205 7.86532e-05 3.44481e-05 4.42051e-05 0.562025 0.92732 0 0 0 0 0 0 0 0 0 0 0 0 0 0 0 0 0 0 0 0 0 0 0 0 0 0 0 0 0 0 0 0 0 0 0 0 0 0 0 0 0 0 0 0 0 0 0 0 0 0 0 0 0 0 0 0 0 0 0 0 0 0 0 0 0 0 0 0 0 0 0 0 0 0 0 0 0 0 0 0 0 0
0.370284 7.86887e-05 3.44891e-05 4.41996e-05 0.561702 0.927837 0 0 0 0 0 0 0 0 0 0 0 0 0 0 0 0 0 0 0 0 0 0 0 0 0 0 0 0 0 0 0 0 0 0 0 0 0 0 0 0 0 0 0 0 0 0 0 0 0 0 0 0 0 0 0 0 0 0 0 0 0 0 0 0 0 0 0 0 0 0 0 0 0 0 0 0 0 0 0 0 0 0
0.389291 7.8725e-05 3.45267e-05 4.41983e-05 0.561426 0.928261 0 0 0 0 0 0 0 0 0 0 0 0 0 0 0 0 0 0 0 0 0 0 0 0 0 0 0 0 0 0 0 0 0 0 0 0 0 0 0 0 0 0 0 0 0 0 0 0 0 0 0 0 0 0 0 0 0 0 0 0 0 0 0 0 0 0 0 0 0 0 0 0 0 0 0 0 0 0 0 0 0 0
0.409273 7.8763e-05 3.45623e-05 4.42007e-05 0.561186 0.928622 0 0 0 0 0 0 0 0 0 0 0 0 0 0 0 0 0 0 0 0 0 0 0 0 0 0 0 0 0 0 0 0 0 0 0 0 0 0 0 0 0 0 0 0 0 0 0 0 0 0 0 0 0 0 0 0 0 0 0 0 0 0 0 0 0 0 0 0 0 0 0 0 0 0 0 0 0 0 0 0 0 0
0.430281 7.88019e-05 3.45977e-05 4.42043e-05 0.560954 0.92896 0 0 0 0 0 0 0 0 0 0 0 0 0 0 0 0 0 0 0 0 0 0 0 0 0 0 0 0 0 0 0 0 0 0 0 0 0 0 0 0 0 0 0 0 0 0 0 0 0 0 0 0 0 0 0 0 0 0 0 0 0 0 0 0 0 0 0 0 0 0 0 0 0 0 0 0 0 0 0 0 0 0
0.452368 7.88423e-05 3.46302e-05 4.42121e-05 0.560766 0.929217 0 0 0 0 0 0 0 0 0 0 0 0 0 0 0 0 0 0 0 0 0 0 0 0 0 0 0 0 0 0 0 0 0 0 0 0 0 0 0 0 0 0 0 0 0 0 0 0 0 0 0 0 0 0 0 0 0 0 0 0 0 0 0 0 0 0 0 0 0 0 0 0 0 0 0 0 0 0 0 0 0 0
0.475588 7.8884e-05 3.46626e-05 4.42214e-05 0.560588 0.929448 0 0 0 0 0 0 0 0 0 0 0 0 0 0 0 0 0 0 0 0 0 0 0 0 0 0 0 0 0 0 0 0 0 0 0 0 0 0 0 0 0 0 0 0 0 0 0 0 0 0 0 0 0 0 0 0 0 0 0 0 0 0 0 0 0 0 0 0 0 0 0 0 0 0 0 0 0 0 0 0 0 0
0.5 7.89271e-05 3.46946e-05 4.42324e-05 0.560422 0.929649 0 0 0 0 0 0 0 0 0 0 0 0 0 0 0 0 0 0 0 0 0 0 0 0 0 0 0 0 0 0 0 0 0 0 0 0 0 0 0 0 0 0 0 0 0 0 0 0 0 0 0 0 0 0 0 0 0 0 0 0 0 0 0 0 0 0 0 0 0 0 0 0 0 0 0 0 0 0 0 0 0 0
0.525665 7.89718e-05 3.47267e-05 4.42451e-05 0.560264 0.929829 0 0 0 0 0 0 0 0 0 0 0 0 0 0 0 0 0 0 0 0 0 0 0 0 0 0 0 0 0 0 0 0 0 0 0 0 0 0 0 0 0 0 0 0 0 0 0 0 0 0 0 0 0 0 0 0 0 0 0 0 0 0 0 0 0 0 0 0 0 0 0 0 0 0 0 0 0 0 0 0 0 0
0.552648 7.90177e-05 3.47598e-05 4.42579e-05 0.560101 0.930007 0 0 0 0 0 0 0 0 0 0 0 0 0 0 0 0 0 0 0 0 0 0 0 0 0 0 0 0 0 0 0 0 0 0 0 0 0 0 0 0 0 0 0 0 0 0 0 0 0 0 0 0 0 0 0 0 0 0 0 0 0 0 0 0 0 0 0 0 0 0 0 0 0 0 0 0 0 0 0 0 0 0
0.581015 7.90653e-05 3.479e-05 4.42752e-05 0.559983 0.930098 0 0 0 0 0 0 0 0 0 0 0 0 0 0 0 0 0 0 0 0 0 0 0 0 0 0 0 0 0 0 0 0 0 0 0 0 0 0 0 0 0 0 0 0 0 0 0 0 0 0 0 0 0 0 0 0 0 0 0 0 0 0 0 0 0 0 0 0 0 0 0 0 0 0 0 0 0 0 0 0 0 0
0.610839 7.91146e-05 3.48216e-05 4.42929e-05 0.559858 0.930193 0 0 0 0 0 0 0 0 0 0 0 0 0 0 0 0 0 0 0 0 0 0 0 0 0 0 0 0 0 0 0 0 0 0 0 0 0 0 0 0 0 0 0 0 0 0 0 0 0 0 0 0 0 0 0 0 0 0 0 0 0 0 0 0 0 0 0 0 0 0 0 0 0 0 0 0 0 0 0 0 0 0
0.642193 7.91654e-05 3.48546e-05 4.43108e-05 0.559724 0.93029 0 0 0 0 0 0 0 0 0 0 0 0 0 0 0 0 0 0 0 0 0 0 0 0 0 0 0 0 0 0 0 0 0 0 0 0 0 0 0 0 0 0 0 0 0 0 0 0 0 0 0 0 0 0 0 0 0 0 0 0 0 0 0 0 0 0 0 0 0 0 0 0 0 0 0 0 0 0 0 0 0 0
0.675157 7.92181e-05 3.48877e-05 4.43304e-05 0.559599 0.930364 0 0 0 0 0 0 0 0 0 0 0 0 0 0 0 0 0 0 0 0 0 0 0 0 0 0 0 0 0 0 0 0 0 0 0 0 0 0 0 0 0 0 0 0 0 0 0 0 0 0 0 0 0 0 0 0 0 0 0 0 0 0 0 0 0 0 0 0 0 0 0 0 0 0 0 0 0 0 0 0 0 0
0.709813 7.92722e-05 3.49212e-05 4.4351e-05 0.559478 0.930415 0 0 0 0 0 0 0 0 0 0 0 0 0 0 0 0 0 0 0 0 0 0 0 0 0 0 0 0 0 0 0 0 0 0 0 0 0 0 0 0 0 0 0 0 0 0 0 0 0 0 0 0 0 0 0 0 0 0 0 0 0 0 0 0 0 0 0 0 0 0 0 0 0 0 0 0 0 0 0 0 0 0
0.746248 7.93284e-05 3.49559e-05 4.43724e-05 0.559352 0.930462 0 0 0 0 0 0 0 0 0 0 0 0 0 0 0 0 0 0 0 0 0 0 0 0 0 0 0 0 0 0 0 0 0 0 0 0 0 0 0 0 0 0 0 0 0 0 0 0 0 0 0 0 0 0 0 0 0 0 0 0 0 0 0 0 0 0 0 0 0 0 0 0 0 0 0 0 0 0 0 0 0 0
0.784553 7.93862e-05 3.49922e-05 4.4394e-05 0.559216 0.930512 0 0 0 0 0 0 0 0 0 0 0 0 0 0 0 0 0 0 0 0 0 0 0 0 0 0 0 0 0 0 0 0 0 0 0 0 0 0 0 0 0 0 0 0 0 0 0 0 0 0 0 0 0 0 0 0 0 0 0 0 0 0 0 0 0 0 0 0 0 0 0 0 0 0 0 0 0 0 0 0 0 0
0.824824 7.94464e-05 3.50289e-05 4.44175e-05 0.559088 0.930536 0 0 0 0 0 0 0 0 0 0 0 0 0 0 0 0 0 0 0 0 0 0 0 0 0 0 0 0 0 0 0 0 0 0 0 0 0 0 0 0 0 0 0 0 0 0 0 0 0 0 0 0 0 0 0 0 0 0 0 0 0 0 0 0 0 0 0 0 0 0 0 0 0 0 0 0 0 0 0 0 0 0
0.867162 7.9508e-05 3.50663e-05 4.44417e-05 0.558959 0.930543 0 0 0 0 0 0 0 0 0 0 0 0 0 0 0 0 0 0 0 0 0 0 0 0 0 0 0 0 0 0 0 0 0 0 0 0 0 0 0 0 0 0 0 0 0 0 0 0 0 0 0 0 0 0 0 0 0 0 0 0 0 0 0 0 0 0 0 0 0 0 0 0 0 0 0 0 0 0 0 0 0 0
0.911674 7.95721e-05 3.51053e-05 4.44668e-05 0.558825 0.930546 0 0 0 0 0 0 0 0 0 0 0 0 0 0 0 0 0 0 0 0 0 0 0 0 0 0 0 0 0 0 0 0 0 0 0 0 0 0 0 0 0 0 0 0 0 0 0 0 0 0 0 0 0 0 0 0 0 0 0 0 0 0 0 0 0 0 0 0 0 0 0 0 0 0 0 0 0 0 0 0 0 0
0.95847 7.96384e-05 3.51455e-05 4.44929e-05 0.558686 0.93054 0 0 0 0 0 0 0 0 0 0 0 0 0 0 0 0 0 0 0 0 0 0 0 0 0 0 0 0 0 0 0 0 0 0 0 0 0 0 0 0 0 0 0 0 0 0 0 0 0 0 0 0 0 0 0 0 0 0 0 0 0 0 0 0 0 0 0 0 0 0 0 0 0 0 0 0 0 0 0 0 0 0
1.00767 7.97065e-05 3.51875e-05 4.45189e-05 0.558536 0.930533 0 0 0 0 0 0 0 0 0 0 0 0 0 0 0 0 0 0 0 0 0 0 0 0 0 0 0 0 0 0 0 0 0 0 0 0 0 0 0 0 0 0 0 0 0 0 0 0 0 0 0 0 0 0 0 0 0 0 0 0 0 0 0 0 0 0 0 0 0 0 0 0 0 0 0 0 0 0 0 0 0 0
1.05939 7.97772e-05 3.52317e-05 4.45455e-05 0.558374 0.930528 0 0 0 0 0 0 0 0 0 0 0 0 0 0 0 0 0 0 0 0 0 0 0 0 0 0 0 0 0 0 0 0 0 0 0 0 0 0 0 0 0 0 0 0 0 0 0 0 0 0 0 0 0 0 0 0 0 0 0 0 0 0 0 0 0 0 0 0 0 0 0 0 0 0 0 0 0 0 0 0 0 0
1.11377 7.98503e-05 3.52777e-05 4.45726e-05 0.558203 0.930522 0 0 0 0 0 0 0 0 0 0 0 0 0 0 0 0 0 0 0 0 0 0 0 0 0 0 0 0 0 0 0 0 0 0 0 0 0 0 0 0 0 0 0 0 0 0 0 0 0 0 0 0 0 0 0 0 0 0 0 0 0 0 0 0 0 0 0 0 0 0 0 0 0 0 0 0 0 0 0 0 0 0
1.17094 7.99254e-05 3.5326e-05 4.45993e-05 0.558012 0.930524 0 0 0 0 0 0 0 0 0 0 0 0 0 0 0 0 0 0 0 0 0 0 0 0 0 0 0 0 0 0 0 0 0 0 0 0 0 0 0 0 0 0 0 0 0 0 0 0 0 0 0 0 0 0 0 0 0 0 0 0 0 0 0 0 0 0 0 0 0 0 0 0 0 0 0 0 0 0 0 0 0 0
1.23105 8.00035e-05 3.53767e-05 4.46268e-05 0.557811 0.930527 0 0 0 0 0 0 0 0 0 0 0 0 0 0 0 0 0 0 0 0 0 0 0 0 0 0 0 0 0 0 0 0 0 0 0 0 0 0 0 0 0 0 0 0 0 0 0 0 0 0 0 0 0 0 0 0 0 0 0 0 0 0 0 0 0 0 0 0 0 0 0 0 0 0 0 0 0 0 0 0 0 0
1.29424 8.00839e-05 3.543e-05 4.46539e-05 0.557589 0.930539 0 0 0 0 0 0 0 0 0 0 0 0 0 0 0 0 0 0 0 0 0 0 0 0 0 0 0 0 0 0 0 0 0 0 0 0 0 0 0 0 0 0 0 0 0 0 0 0 0 0 0 0 0 0 0 0 0 0 0 0 0 0 0 0 0 0 0 0 0 0 0 0 0 0 0 0 0 0 0 0 0 0
1.36067 8.01671e-05 3.5484e-05 4.46831e-05 0.557375 0.930515 0 0 0 0 0 0 0 0 0 0 0 0 0 0 0 0 0 0 0 0 0 0 0 0 0 0 0 0 0 0 0 0 0 0 0 0 0 0 0 0 0 0 0 0 0 0 0 0 0 0 0 0 0 0 0 0 0 0 0 0 0 0 0 0 0 0 0 0 0 0 0 0 0 0 0 0 0 0 0 0 0 0
1.43051 8.02532e-05 3.5542e-05 4.47112e-05 0.557126 0.930525 0 0 0 0 0 0 0 0 0 0 0 0 0 0 0 0 0 0 0 0 0 0 0 0 0 0 0 0 0 0 0 0 0 0 0 0 0 0 0 0 0 0 0 0 0 0 0 0 0 0 0 0 0 0 0 0 0 0 0 0 0 0 0 0 0 0 0 0 0 0 0 0 0 0 0 0 0 0 0 0 0 0
1.50394 8.03419e-05 3.56019e-05 4.47399e-05 0.556869 0.93052 0 0 0 0 0 0 0 0 0 0 0 0 0 0 0 0 0 0 0 0 0 0 0 0 0 0 0 0 0 0 0 0 0 0 0 0 0 0 0 0 0 0 0 0 0 0 0 0 0 0 0 0 0 0 0 0 0 0 0 0 0 0 0 0 0 0 0 0 0 0 0 0 0 0 0 0 0 0 0 0 0 0
1.58114 8.04337e-05 3.56645e-05 4.47692e-05 0.556598 0.930514 0 0 0 0 0 0 0 0 0 0 0 0 0 0 0 0 0 0 0 0 0 0 0 0 0 0 0 0 0 0 0 0 0 0 0 0 0 0 0 0 0 0 0 0 0 0 0 0 0 0 0 0 0 0 0 0 0 0 0 0 0 0 0 0 0 0 0 0 0 0 0 0 0 0 0 0 0 0 0 0 0 0
1.6623 8.05285e-05 3.5731e-05 4.47975e-05 0.556294 0.930534 0 0 0 0 0 0 0 0 0 0 0 0 0 0 0 0 0 0 0 0 0 0 0 0 0 0 0 0 0 0 0 0 0 0 0 0 0 0 0 0 0 0 0 0 0 0 0 0 0 0 0 0 0 0 0 0 0 0 0 0 0 0 0 0 0 0 0 0 0 0 0 0 0 0 0 0 0 0 0 0 0 0
1.74763 8.06265e-05 3.58003e-05 4.48261e-05 0.555973 0.930552 0 0 0 0 0 0 0 0 0 0 0 0 0 0 0 0 0 0 0 0 0 0 0 0 0 0 0 0 0 0 0 0 0 0 0 0 0 0 0 0 0 0 0 0 0 0 0 0 0 0 0 0 0 0 0 0 0 0 0 0 0 0 0 0 0 0 0 0 0 0 0 0 0 0 0 0 0 0 0 0 0 0
1.83733 8.07274e-05 3.58736e-05 4.48538e-05 0.555621 0.930587 0 0 0 0 0 0 0 0 0 0 0 0 0 0 0 0 0 0 0 0 0 0 0 0 0 0 0 0 0 0 0 0 0 0 0 0 0 0 0 0 0 0 0 0 0 0 0 0 0 0 0 0 0 0 0 0 0 0 0 0 0 0 0 0 0 0 0 0 0 0 0 0 0 0 0 0 0 0 0 0 0 0
1.93164 8.08326e-05 3.59501e-05 4.48825e-05 0.555252 0.930626 0 0 0 0 0 0 0 0 0 0 0 0 0 0 0 0 0 0 0 0 0 0 0 0 0 0 0 0 0 0 0 0 0 0 0 0 0 0 0 0 0 0 0 0 0 0 0 0 0 0 0 0 0 0 0 0 0 0 0 0 0 0 0 0 0 0 0 0 0 0 0 0 0 0 0 0 0 0 0 0 0 0
2.03079 8.09411e-05 3.60295e-05 4.49116e-05 0.554868 0.930655 0 0 0 0 0 0 0 0 0 0 0 0 0 0 0 0 0 0 0 0 0 0 0 0 0 0 0 0 0 0 0 0 0 0 0 0 0 0 0 0 0 0 0 0 0 0 0 0 0 0 0 0 0 0 0 0 0 0 0 0 0 0 0 0 0 0 0 0 0 0 0 0 0 0 0 0 0 0 0 0 0 0
2.13503 8.10513e-05 3.61135e-05 4.49378e-05 0.554437 0.930707 0 0 0 0 0 0 0 0 0 0 0 0 0 0 0 0 0 0 0 0 0 0 0 0 0 0 0 0 0 0 0 0 0 0 0 0 0 0 0 0 0 0 0 0 0 0 0 0 0 0 0 0 0 0 0 0 0 0 0 0 0 0 0 0 0 0 0 0 0 0 0 0 0 0 0 0 0 0 0 0 0 0
2.24463 8.11663e-05 3.6202e-05 4.49643e-05 0.553977 0.930777 0 0 0 0 0 0 0 0 0 0 0 0 0 0 0 0 0 0 0 0 0 0 0 0 0 0 0 0 0 0 0 0 0 0 0 0 0 0 0 0 0 0 0 0 0 0 0 0 0 0 0 0 0 0 0 0 0 0 0 0 0 0 0 0 0 0 0 0 0 0 0 0 0 0 0 0 0 0 0 0 0 0
2.35984 8.12847e-05 3.62945e-05 4.49902e-05 0.553489 0.930853 0 0 0 0 0 0 0 0 0 0 0 0 0 0 0 0 0 0 0 0 0 0 0 0 0 0 0 0 0 0 0 0 0 0 0 0 0 0 0 0 0 0 0 0 0 0 0 0 0 0 0 0 0 0 0 0 0 0 0 0 0 0 0 0 0 0 0 0 0 0 0 0 0 0 0 0 0 0 0 0 0 0
2.48097 8.14071e-05 3.6393e-05 4.5014e-05 0.55295 0.93097 0 0 0 0 0 0 0 0 0 0 0 0 0 0 0 0 0 0 0 0 0 0 0 0 0 0 0 0 0 0 0 0 0 0 0 0 0 0 0 0 0 0 0 0 0 0 0 0 0 0 0 0 0 0 0 0 0 0 0 0 0 0 0 0 0 0 0 0 0 0 0 0 0 0 0 0 0 0 0 0 0 0
2.60832 8.1534e-05 3.64957e-05 4.50383e-05 0.552386 0.93109 0 0 0 0 0 0 0 0 0 0 0 0 0 0 0 0 0 0 0 0 0 0 0 0 0 0 0 0 0 0 0 0 0 0 0 0 0 0 0 0 0 0 0 0 0 0 0 0 0 0 0 0 0 0 0 0 0 0 0 0 0 0 0 0 0 0 0 0 0 0 0 0 0 0 0 0 0 0 0 0 0 0
2.74221 8.16648e-05 3.66029e-05 4.50619e-05 0.551791 0.931214 0 0 0 0 0 0 0 0 0 0 0 0 0 0 0 0 0 0 0 0 0 0 0 0 0 0 0 0 0 0 0 0 0 0 0 0 0 0 0 0 0 0 0 0 0 0 0 0 0 0 0 0 0 0 0 0 0 0 0 0 0 0 0 0 0 0 0 0 0 0 0 0 0 0 0 0 0 0 0 0 0 0
2.88297 8.18009e-05 3.67176e-05 4.50832e-05 0.551134 0.931401 0 0 0 0 0 0 0 0 0 0 0 0 0 0 0 0 0 0 0 0 0 0 0 0 0 0 0 0 0 0 0 0 0 0 0 0 0 0 0 0 0 0 0 0 0 0 0 0 0 0 0 0 0 0 0 0 0 0 0 0 0 0 0 0 0 0 0 0 0 0 0 0 0 0 0 0 0 0 0 0 0 0
3.03095 8.19467e-05 3.68378e-05 4.51089e-05 0.550467 0.931612 0 0 0 0 0 0 0 0 0 0 0 0 0 0 0 0 0 0 0 0 0 0 0 0 0 0 0 0 0 0 0 0 0 0 0 0 0 0 0 0 0 0 0 0 0 0 0 0 0 0 0 0 0 0 0 0 0 0 0 0 0 0 0 0 0 0 0 0 0 0 0 0 0 0 0 0 0 0 0 0 0 0
3.18653 8.21005e-05 3.69638e-05 4.51366e-05 0.549773 0.931846 0 0 0 0 0 0 0 0 0 0 0 0 0 0 0 0 0 0 0 0 0 0 0 0 0 0 0 0 0 0 0 0 0 0 0 0 0 0 0 0 0 0 0 0 0 0 0 0 0 0 0 0 0 0 0 0 0 0 0 0 0 0 0 0 0 0 0 0 0 0 0 0 0 0 0 0 0 0 0 0 0 0
3.35009 8.22479e-05 3.7097e-05 4.51509e-05 0.548961 0.932105 0 0 0 0 0 0 0 0 0 0 0 0 0 0 0 0 0 0 0 0 0 0 0 0 0 0 0 0 0 0 0 0 0 0 0 0 0 0 0 0 0 0 0 0 0 0 0 0 0 0 0 0 0 0 0 0 0 0 0 0 0 0 0 0 0 0 0 0 0 0 0 0 0 0 0 0 0 0 0 0 0 0
3.52205 8.23816e-05 3.72384e-05 4.51432e-05 0.547977 0.932393 0 0 0 0 0 0 0 0 0 0 0 0 0 0 0 0 0 0 0 0 0 0 0 0 0 0 0 0 0 0 0 0 0 0 0 0 0 0 0 0 0 0 0 0 0 0 0 0 0 0 0 0 0 0 0 0 0 0 0 0 0 0 0 0 0 0 0 0 0 0 0 0 0 0 0 0 0 0 0 0 0 0
3.70284 8.25489e-05 3.73877e-05 4.51612e-05 0.547084 0.93277 0 0 0 0 0 0 0 0 0 0 0 0 0 0 0 0 0 0 0 0 0 0 0 0 0 0 0 0 0 0 0 0 0 0 0 0 0 0 0 0 0 0 0 0 0 0 0 0 0 0 0 0 0 0 0 0 0 0 0 0 0 0 0 0 0 0 0 0 0 0 0 0 0 0 0 0 0 0 0 0 0 0
3.89291 8.2749e-05 3.75463e-05 4.52027e-05 0.546263 0.933253 0 0 0 0 0 0 0 0 0 0 0 0 0 0 0 0 0 0 0 0 0 0 0 0 0 0 0 0 0 0 0 0 0 0 0 0 0 0 0 0 0 0 0 0 0 0 0 0 0 0 0 0 0 0 0 0 0 0 0 0 0 0 0 0 0 0 0 0 0 0 0 0 0 0 0 0 0 0 0 0 0 0
4.09273 8.28853e-05 3.77156e-05 4.51697e-05 0.544966 0.933723 0 0 0 0 0 0 0 0 0 0 0 0 0 0 0 0 0 0 0 0 0 0 0 0 0 0 0 0 0 0 0 0 0 0 0 0 0 0 0 0 0 0 0 0 0 0 0 0 0 0 0 0 0 0 0 0 0 0 0 0 0 0 0 0 0 0 0 0 0 0 0 0 0 0 0 0 0 0 0 0 0 0
4.30281 8.30492e-05 3.78969e-05 4.51523e-05 0.543681 0.934335 0 0 0 0 0 0 0 0 0 0 0 0 0 0 0 0 0 0 0 0 0 0 0 0 0 0 0 0 0 0 0 0 0 0 0 0 0 0 0 0 0 0 0 0 0 0 0 0 0 0 0 0 0 0 0 0 0 0 0 0 0 0 0 0 0 0 0 0 0 0 0 0 0 0 0 0 0 0 0 0 0 0
4.52368 8.33102e-05 3.80903e-05 4.52199e-05 0.542789 0.935179 0 0 0 0 0 0 0 0 0 0 0 0 0 0 0 0 0 0 0 0 0 0 0 0 0 0 0 0 0 0 0 0 0 0 0 0 0 0 0 0 0 0 0 0 0 0 0 0 0 0 0 0 0 0 0 0 0 0 0 0 0 0 0 0 0 0 0 0 0 0 0 0 0 0 0 0 0 0 0 0 0 0
4.75588 8.34033e-05 3.82984e-05 4.51049e-05 0.540805 0.935922 0 0 0 0 0 0 0 0 0 0 0 0 0 0 0 0 0 0 0 0 0 0 0 0 0 0 0 0 0 0 0 0 0 0 0 0 0 0 0 0 0 0 0 0 0 0 0 0 0 0 0 0 0 0 0 0 0 0 0 0 0 0 0 0 0 0 0 0 0 0 0 0 0 0 0 0 0 0 0 0 0 0
5 8.36673e-05 3.85269e-05 4.51404e-05 0.539522 0.937111 0 0 0 0 0 0 0 0 0 0 0 0 0 0 0 0 0 0 0 0 0 0 0 0 0 0 0 0 0 0 0 0 0 0 0 0 0 0 0 0 0 0 0 0 0 0 0 0 0 0 0 0 0 0 0 0 0 0 0 0 0 0 0 0 0 0 0 0 0 0 0 0 0 0 0 0 0 0 0 0 0 0
5.25665 8.38964e-05 3.87762e-05 4.51201e-05 0.537808 0.938468 0 0 0 0 0 0 0 0 0 0 0 0 0 0 0 0 0 0 0 0 0 0 0 0 0 0 0 0 0 0 0 0 0 0 0 0 0 0 0 0 0 0 0 0 0 0 0 0 0 0 0 0 0 0 0 0 0 0 0 0 0 0 0 0 0 0 0 0 0 0 0 0 0 0 0 0 0 0 0 0 0 0
5.52648 8.39828e-05 3.90511e-05 4.49318e-05 0.535011 0.939898 0 0 0 0 0 0 0 0 0 0 0 0 0 0 0 0 0 0 0 0 0 0 0 0 0 0 0 0 0 0 0 0 0 0 0 0 0 0 0 0 0 0 0 0 0 0 0 0 0 0 0 0 0 0 0 0 0 0 0 0 0 0 0 0 0 0 0 0 0 0 0 0 0 0 0 0 0 0 0 0 0 0
5.81015 8.43975e-05 3.93595e-05 4.5038e-05 0.533641 0.942089 0 0 0 0 0 0 0 0 0 0 0 0 0 0 0 0 0 0 0 0 0 0 0 0 0 0 0 0 0 0 0 0 0 0 0 0 0 0 0 0 0 0 0 0 0 0 0 0 0 0 0 0 0 0 0 0 0 0 0 0 0 0 0 0 0 0 0 0 0 0 0 0 0 0 0 0 0 0 0 0 0 0
6.10839 8.44085e-05 3.96988e-05 4.47097e-05 0.529683 0.944141 0 0 0 0 0 0 0 0 0 0 0 0 0 0 0 0 0 0 0 0 0 0 0 0 0 0 0 0 0 0 0 0 0 0 0 0 0 0 0 0 0 0 0 0 0 0 0 0 0 0 0 0 0 0 0 0 0 0 0 0 0 0 0 0 0 0 0 0 0 0 0 0 0 0 0 0 0 0 0 0 0 0
6.42193 8.47773e-05 4.00884e-05 4.46889e-05 0.527132 0.947199 0 0 0 0 0 0 0 0 0 0 0 0 0 0 0 0 0 0 0 0 0 0 0 0 0 0 0 0 0 0 0 0 0 0 0 0 0 0 0 0 0 0 0 0 0 0 0 0 0 0 0 0 0 0 0 0 0 0 0 0 0 0 0 0 0 0 0 0 0 0 0 0 0 0 0 0 0 0 0 0 0 0
6.75157 8.50897e-05 4.05374e-05 4.45524e-05 0.523593 0.950892 0 0 0 0 0 0 0 0 0 0 0 0 0 0 0 0 0 0 0 0 0 0 0 0 0 0 0 0 0 0 0 0 0 0 0 0 0 0 0 0 0 0 0 0 0 0 0 0 0 0 0 0 0 0 0 0 0 0 0 0 0 0 0 0 0 0 0 0 0 0 0 0 0 0 0 0 0 0 0 0 0 0
7.09813 8.50977e-05 4.11305e-05 4.39671e-05 0.516667 0.956284 0 0 0 0 0 0 0 0 0 0 0 0 0 0 0 0 0 0 0 0 0 0 0 0 0 0 0 0 0 0 0 0 0 0 0 0 0 0 0 0 0 0 0 0 0 0 0 0 0 0 0 0 0 0 0 0 0 0 0 0 0 0 0 0 0 0 0 0 0 0 0 0 0 0 0 0 0 0 0 0 0 0
7.46248 8.52928e-05 4.19744e-05 4.33184e-05 0.507879 0.964935 0 0 0 0 0 0 0 0 0 0 0 0 0 0 0 0 0 0 0 0 0 0 0 0 0 0 0 0 0 0 0 0 0 0 0 0 0 0 0 0 0 0 0 0 0 0 0 0 0 0 0 0 0 0 0 0 0 0 0 0 0 0 0 0 0 0 0 0 0 0 0 0 0 0 0 0 0 0 0 0 0 0
7.84553 8.44464e-05 4.23189e-05 4.21274e-05 0.498866 0.973228 0 0 0 0 0 0 0 0 0 0 0 0 0 0 0 0 0 0 0 0 0 0 0 0 0 0 0 0 0 0 0 0 0 0 0 0 0 0 0 0 0 0 0 0 0 0 0 0 0 0 0 0 0 0 0 0 0 0 0 0 0 0 0 0 0 0 0 0 0 0 0 0 0 0 0 0 0 0 0 0 0 0
8.24824 8.2788e-05 4.04758e-05 4.23122e-05 0.511091 0.962714 0 0 0 0 0 0 0 0 0 0 0 0 0 0 0 0 0 0 0 0 0 0 0 0 0 0 0 0 0 0 0 0 0 0 0 0 0 0 0 0 0 0 0 0 0 0 0 0 0 0 0 0 0 0 0 0 0 0 0 0 0 0 0 0 0 0 0 0 0 0 0 0 0 0 0 0 0 0 0 0 0 0
8.67162 8.35255e-05 3.88745e-05 4.4651e-05 0.534579 0.938265 0 0 0 0 0 0 0 0 0 0 0 0 0 0 0 0 0 0 0 0 0 0 0 0 0 0 0 0 0 0 0 0 0 0 0 0 0 0 0 0 0 0 0 0 0 0 0 0 0 0 0 0 0 0 0 0 0 0 0 0 0 0 0 0 0 0 0 0 0 0 0 0 0 0 0 0 0 0 0 0 0 0
9.11674 8.49895e-05 3.69888e-05 4.80007e-05 0.564784 0.898801 0 0 0 0 0 0 0 0 0 0 0 0 0 0 0 0 0 0 0 0 0 0 0 0 0 0 0 0 0 0 0 0 0 0 0 0 0 0 0 0 0 0 0 0 0 0 0 0 0 0 0 0 0 0 0 0 0 0 0 0 0 0 0 0 0 0 0 0 0 0 0 0 0 0 0 0 0 0 0 0 0 0
9.5847 8.65843e-05 3.62545e-05 5.03298e-05 0.581281 0.867152 0 0 0 0 0 0 0 0 0 0 0 0 0 0 0 0 0 0 0 0 0 0 0 0 0 0 0 0 0 0 0 0 0 0 0 0 0 0 0 0 0 0 0 0 0 0 0 0 0 0 0 0 0 0 0 0 0 0 0 0 0 0 0 0 0 0 0 0 0 0 0 0 0 0 0 0 0 0 0 0 0 0
10.0767 8.74863e-05 3.63398e-05 5.11465e-05 0.584623 0.854134 0 0 0 0 0 0 0 0 0 0 0 0 0 0 0 0 0 0 0 0 0 0 0 0 0 0 0 0 0 0 0 0 0 0 0 0 0 0 0 0 0 0 0 0 0 0 0 0 0 0 0 0 0 0 0 0 0 0 0 0 0 0 0 0 0 0 0 0 0 0 0 0 0 0 0 0 0 0 0 0 0 0
10.5939 8.8211e-05 3.63495e-05 5.18614e-05 0.587925 0.8418 0 0 0 0 0 0 0 0 0 0 0 0 0 0 0 0 0 0 0 0 0 0 0 0 0 0 0 0 0 0 0 0 0 0 0 0 0 0 0 0 0 0 0 0 0 0 0 0 0 0 0 0 0 0 0 0 0 0 0 0 0 0 0 0 0 0 0 0 0 0 0 0 0 0 0 0 0 0 0 0 0 0
11.1377 8.85104e-05 3.6806e-05 5.17044e-05 0.584162 0.840622 0 0 0 0 0 0 0 0 0 0 0 0 0 0 0 0 0 0 0 0 0 0 0 0 0 0 0 0 0 0 0 0 0 0 0 0 0 0 0 0 0 0 0 0 0 0 0 0 0 0 0 0 0 0 0 0 0 0 0 0 0 0 0 0 0 0 0 0 0 0 0 0 0 0 0 0 0 0 0 0 0 0
11.7094 8.87168e-05 3.72384e-05 5.14784e-05 0.580255 0.841034 0 0 0 0 0 0 0 0 0 0 0 0 0 0 0 0 0 0 0 0 0 0 0 0 0 0 0 0 0 0 0 0 0 0 0 0 0 0 0 0 0 0 0 0 0 0 0 0 0 0 0 0 0 0 0 0 0 0 0 0 0 0 0 0 0 0 0 0 0 0 0 0 0 0 0 0 0 0 0 0 0 0
12.3105 8.88459e-05 3.77907e-05 5.10552e-05 0.574649 0.844493 0 0 0 0 0 0 0 0 0 0 0 0 0 0 0 0 0 0 0 0 0 0 0 0 0 0 0 0 0 0 0 0 0 0 0 0 0 0 0 0 0 0 0 0 0 0 0 0 0 0 0 0 0 0 0 0 0 0 0 0 0 0 0 0 0 0 0 0 0 0 0 0 0 0 0 0 0 0 0 0 0 0
12.9424 8.89683e-05 3.85263e-05 5.04421e-05 0.566967 0.851739 0 0 0 0 0 0 0 0 0 0 0 0 0 0 0 0 0 0 0 0 0 0 0 0 0 0 0 0 0 0 0 0 0 0 0 0 0 0 0 0 0 0 0 0 0 0 0 0 0 0 0 0 0 0 0 0 0 0 0 0 0 0 0 0 0 0 0 0 0 0 0 0 0 0 0 0 0 0 0 0 0 0
13.6067 8.9142e-05 3.95111e-05 4.96309e-05 0.556763 0.863377 0 0 0 0 0 0 0 0 0 0 0 0 0 0 0 0 0 0 0 0 0 0 0 0 0 0 0 0 0 0 0 0 0 0 0 0 0 0 0 0 0 0 0 0 0 0 0 0 0 0 0 0 0 0 0 0 0 0 0 0 0 0 0 0 0 0 0 0 0 0 0 0 0 0 0 0 0 0 0 0 0 0
14.3051 8.93887e-05 4.06867e-05 4.8702e-05 0.544834 0.878215 0 0 0 0 0 0 0 0 0 0 0 0 0 0 0 0 0 0 0 0 0 0 0 0 0 0 0 0 0 0 0 0 0 0 0 0 0 0 0 0 0 0 0 0 0 0 0 0 0 0 0 0 0 0 0 0 0 0 0 0 0 0 0 0 0 0 0 0 0 0 0 0 0 0 0 0 0 0 0 0 0 0
15.0394 8.96635e-05 4.14067e-05 4.82568e-05 0.538199 0.885382 0 0 0 0 0 0 0 0 0 0 0 0 0 0 0 0 0 0 0 0 0 0 0 0 0 0 0 0 0 0 0 0 0 0 0 0 0 0 0 0 0 0 0 0 0 0 0 0 0 0 0 0 0 0 0 0 0 0 0 0 0 0 1.4013e-45 0 1.4013e-45 0 2.8026e-45 0 5.60519e-45 0 8.40779e-45 0 1.26117e-44 0 2.10195e-44 0 3.22299e-44 0 4.76441e-44 0 7.14662e-44 0
15.8114 8.99722e-05 4.1643e-05 4.83292e-05 0.537157 0.884297 0 0 0 0 0 0 0 0 0 0 0 0 0 0 0 0 0 0 0 0 0 0 0 0 0 0 0 0 0 0 0 0 0 0 0 0 0 0 0 0 0 0 0 0 1.4013e-45 0 2.8026e-45 0 4.2039e-45 0 8.40779e-45 0 1.54143e-44 0 2.66247e-44 0 4.76441e-44 0 8.54792e-44 0 1.45735e-43 0 2.36819e-43 0 3.97969e-43 0 6.43196e-43 0 1.01454e-42 0 1.59468e-42 0 2.45227e-42 0 3.75968e-42 0 5.74392e-42 0 8.44422e-42 0 1.23819e-41 0
16.623 9.04302e-05 4.15004e-05 4.89298e-05 0.541078 0.876025 0 0 0 0 0 0 0 0 0 0 0 0 0 0 0 0 0 0 0 0 0 0 0 0 0 0 0 0 0 0 0 0 1.4013e-45 0 4.2039e-45 0 9.80909e-45 0 2.38221e-44 0 5.04467e-44 0 1.079e-43 0 2.20004e-43 0 4.24593e-43 0 8.16957e-43 0 1.49939e-42 0 2.73393e-42 0 4.77142e-42 0 8.27747e-42 0 1.42806e-41 0 2.36371e-41 0 3.75772e-41 0 6.16235e-41 0 9.71408e-41 0 1.49903e-40 0 2.30484e-40 0 3.47153e-40 0 5.21168e-40 0 7.79876e-40 0 1.12529e-39 0 1.61937e-39 0
17.4762 9.11321e-05 4.11176e-05 5.00145e-05 0.548813 0.861957 0 0 0 0 0 0 0 0 0 0 0 0 0 0 0 0 0 0 0 0 0 0 1.4013e-45 0 4.2039e-45 0 1.54143e-44 0 4.48416e-44 0 1.26117e-43 0 3.29305e-43 0 8.00141e-43 0 1.87634e-42 0 4.0974e-42 0 8.51009e-42 0 1.75022e-41 0 3.43416e-41 0 6.43883e-41 0 1.19814e-40 0 2.13492e-40 0 3.77953e-40 0 6.41905e-40 0 1.08419e-39 0 1.8213e-39 0 2.9413e-39 0 4.57133e-39 0 7.31776e-39 0 1.12818e-38 0 1.70447e-38 0 2.56624e-38 0 3.78873e-38 0 5.57615e-38 0 8.18156e-38 0 1.15958e-37 0 1.63932e-37 0
18.3733 9.20138e-05 4.06649e-05 5.13489e-05 0.558057 0.845132 0 0 0 0 0 0 0 0 0 0 0 0 0 0 0 0 2.8026e-45 0 1.4013e-44 0 6.16571e-44 0 2.43826e-43 0 8.44983e-43 0 2.68769e-42 0 7.54319e-42 0 1.99475e-41 0 4.98526e-41 0 1.1582e-40 0 2.60501e-40 0 5.47382e-40 0 1.09722e-39 0 2.17844e-39 0 4.13587e-39 0 7.52025e-39 0 1.35757e-38 0 2.35173e-38 0 4.04886e-38 0 6.70093e-38 0 1.10321e-37 0 1.80689e-37 0 2.85054e-37 0 4.33591e-37 0 6.78327e-37 0 1.02391e-36 0 1.51608e-36 0 2.23745e-36 0 3.24108e-36 0 4.68096e-36 0 6.74074e-36 0 9.39238e-36 0 1.30556e-35 0
19.3164 9.28773e-05 4.02978e-05 5.25795e-05 0.566118 0.829336 0 0 0 0 0 0 0 0 0 0 0 0 8.40779e-45 0 7.14662e-44 0 4.59626e-43 0 2.34717e-42 0 1.00893e-41 0 3.68962e-41 0 1.20719e-40 0 3.62692e-40 0 9.67696e-40 0 2.44043e-39 0 5.83241e-39 0 1.30039e-38 0 2.81134e-38 0 5.69704e-38 0 1.10384e-37 0 2.11942e-37 0 3.89982e-37 0 6.88703e-37 0 1.20792e-36 0 2.0371e-36 0 3.41536e-36 0 5.51514e-36 0 8.86149e-36 0 1.41684e-35 0 2.186e-35 0 3.25768e-35 0 4.9863e-35 0 7.37683e-35 0 1.07154e-34 0 1.55162e-34 0 2.20732e-34 0 3.13124e-34 0 4.42951e-34 0 6.07281e-34 0 8.30671e-34 0
20.3079 9.35255e-05 4.01705e-05 5.3355e-05 0.570486 0.81826 0 0 0 0 0 0 0 0 5.60519e-45 0 1.21913e-43 0 1.44474e-42 0 1.13715e-41 0 6.70703e-41 0 3.16703e-40 0 1.2676e-39 0 4.35107e-39 0 1.34355e-38 0 3.8255e-38 0 9.72926e-38 0 2.34527e-37 0 5.37156e-37 0 1.15166e-36 0 2.39781e-36 0 4.69435e-36 0 8.80662e-36 0 1.6379e-35 0 2.92539e-35 0 5.02473e-35 0 8.57441e-35 0 1.40961e-34 0 2.30444e-34 0 3.63516e-34 0 5.70713e-34 0 8.91828e-34 0 1.34715e-33 0 1.96886e-33 0 2.95161e-33 0 4.28396e-33 0 6.11037e-33 0 8.68952e-33 0 1.21507e-32 0 1.69448e-32 0 2.3568e-32 0 3.18175e-32 0 4.28611e-32 0
21.3503 9.40423e-05 4.02239e-05 5.38185e-05 0.572279 0.810923 0 0 0 0 0 0 2.10195e-44 0 1.01034e-42 0 1.8755e-41 0 1.97982e-40 0 1.40912e-39 0 7.62162e-39 0 3.33624e-38 0 1.2479e-37 0 4.03313e-37 0 1.17867e-36 0 3.18889e-36 0 7.74887e-36 0 1.78935e-35 0 3.93578e-35 0 8.12985e-35 0 1.63314e-34 0 3.09414e-34 0 5.62902e-34 0 1.01567e-33 0 1.7634e-33 0 2.94992e-33 0 4.90422e-33 0 7.86905e-33 0 1.25594e-32 0 1.93758e-32 0 2.97571e-32 0 4.54976e-32 0 6.7356e-32 0 9.66341e-32 0 1.42033e-31 0 2.02431e-31 0 2.83771e-31 0 3.96671e-31 0 5.45665e-31 0 7.48706e-31 0 1.02471e-30 0 1.36326e-30 0 1.80992e-30 0
22.4463 9.45274e-05 4.02976e-05 5.42298e-05 0.573694 0.804153 0 0 0 0 1.82169e-44 0 3.5663e-42 0 1.39342e-40 0 2.24172e-39 0 2.10927e-38 0 1.36408e-37 0 6.79432e-37 0 2.76726e-36 0 9.70509e-36 0 2.96202e-35 0 8.21483e-35 0 2.11711e-34 0 4.92622e-34 0 1.09201e-33 0 2.31125e-33 0 4.60804e-33 0 8.94679e-33 0 1.64298e-32 0 2.90293e-32 0 5.08912e-32 0 8.60089e-32 0 1.40311e-31 0 2.27548e-31 0 3.56779e-31 0 5.56585e-31 0 8.40681e-31 0 1.26434e-30 0 1.89347e-30 0 2.74997e-30 0 3.87639e-30 0 5.59139e-30 0 7.83239e-30 0 1.08e-29 0 1.4852e-29 0 2.01149e-29 0 2.71766e-29 0 3.66294e-29 0 4.8057e-29 0 6.29256e-29 0
23.5984 9.49713e-05 4.04566e-05 5.45147e-05 0.574012 0.79886 0 0 0 0 3.04502e-42 0 4.57572e-40 0 1.49513e-38 0 2.10026e-37 0 1.77129e-36 0 1.04572e-35 0 4.8159e-35 0 1.83149e-34 0 6.04153e-34 0 1.74613e-33 0 4.6074e-33 0 1.13377e-32 0 2.53158e-32 0 5.39788e-32 0 1.1014e-31 0 2.12317e-31 0 3.99087e-31 0 7.11451e-31 0 1.22259e-30 0 2.08536e-30 0 3.43523e-30 0 5.47175e-30 0 8.66674e-30 0 1.32937e-29 0 2.02931e-29 0 3.00402e-29 0 4.42877e-29 0 6.50301e-29 0 9.27406e-29 0 1.28556e-28 0 1.82144e-28 0 2.50982e-28 0 3.40691e-28 0 4.61281e-28 0 6.15555e-28 0 8.1953e-28 0 1.0886e-27 0 1.40942e-27 0 1.82135e-27 0
24.8097 9.54208e-05 4.06021e-05 5.48186e-05 0.574494 0.793297 0 0 7.42688e-44 0 3.89026e-40 0 4.57585e-38 0 1.26114e-36 0 1.55713e-35 0 1.1834e-34 0 6.40629e-34 0 2.73832e-33 0 9.75634e-33 0 3.03614e-32 0 8.33196e-32 0 2.09679e-31 0 4.93777e-31 0 1.06014e-30 0 2.17841e-30 0 4.2928e-30 0 8.01425e-30 0 1.46071e-29 0 2.53153e-29 0 4.23679e-29 0 7.04071e-29 0 1.1319e-28 0 1.76241e-28 0 2.72951e-28 0 4.10018e-28 0 6.13107e-28 0 8.90378e-28 0 1.28802e-27 0 1.85613e-27 0 2.60159e-27 0 3.54924e-27 0 4.94392e-27 0 6.70659e-27 0 8.9689e-27 0 1.19652e-26 0 1.57435e-26 0 2.06696e-26 0 2.7078e-26 0 3.46185e-26 0 4.41801e-26 0
26.0832 9.58444e-05 4.08084e-05 5.5036e-05 0.574223 0.78862 1.4013e-45 0 1.13435e-41 0 3.8801e-38 0 3.61615e-36 0 8.47649e-35 0 9.2573e-34 0 6.37214e-33 0 3.17651e-32 0 1.26481e-31 0 4.23533e-31 0 1.24696e-30 0 3.25739e-30 0 7.83624e-30 0 1.7698e-29 0 3.66061e-29 0 7.26206e-29 0 1.38445e-28 0 2.50704e-28 0 4.43745e-28 0 7.48674e-28 0 1.22188e-27 0 1.98079e-27 0 3.11144e-27 0 4.74102e-27 0 7.18744e-27 0 1.05844e-26 0 1.55191e-26 0 2.21306e-26 0 3.14423e-26 0 4.45094e-26 0 6.13652e-26 0 8.24579e-26 0 1.13016e-25 0 1.51045e-25 0 1.9915e-25 0 2.61968e-25 0 3.40104e-25 0 4.40624e-25 0 5.69676e-25 0 7.19633e-25 0 9.07522e-25 0
27.4221 9.62642e-05 4.10166e-05 5.52476e-05 0.573917 0.783799 3.27904e-43 0 1.32856e-39 0 3.0544e-36 0 2.28127e-34 0 4.58414e-33 0 4.45486e-32 0 2.79081e-31 0 1.28627e-30 0 4.78752e-30 0 1.51128e-29 0 4.22097e-29 0 1.05213e-28 0 2.4249e-28 0 5.26302e-28 0 1.05064e-27 0 2.01575e-27 0 3.72368e-27 0 6.55037e-27 0 1.12754e-26 0 1.85438e-26 0 2.95493e-26 0 4.67857e-26 0 7.18888e-26 0 1.0731e-25 0 1.59412e-25 0 2.30359e-25 0 3.31507e-25 0 4.64616e-25 0 6.48885e-25 0 9.03101e-25 0 1.22574e-24 0 1.62346e-24 0 2.19112e-24 0 2.88723e-24 0 3.75572e-24 0 4.8747e-24 0 6.24852e-24 0 7.99361e-24 0 1.0206e-23 0 1.27463e-23 0 1.58932e-23 0
28.8297 9.6689e-05 4.12308e-05 5.54582e-05 0.573573 0.778969 4.51442e-41 0 1.21861e-37 0 1.91993e-34 0 1.16165e-32 0 2.01621e-31 0 1.75346e-30 0 1.00435e-29 0 4.29621e-29 0 1.49967e-28 0 4.47566e-28 0 1.1889e-27 0 2.83424e-27 0 6.27128e-27 0 1.31059e-26 0 2.52946e-26 0 4.70102e-26 0 8.42782e-26 0 1.44222e-25 0 2.41758e-25 0 3.88062e-25 0 6.04463e-25 0 9.35819e-25 0 1.40809e-24 0 2.06119e-24 0 3.00335e-24 0 4.26269e-24 0 6.02632e-24 0 8.30799e-24 0 1.14153e-23 0 1.56331e-23 0 2.0904e-23 0 2.73097e-23 0 3.63231e-23 0 4.72223e-23 0 6.06433e-23 0 7.77154e-23 0 9.84175e-23 0 1.24399e-22 0 1.56945e-22 0 1.93893e-22 0 2.39173e-22 0
30.3095 9.71232e-05 4.14593e-05 5.56639e-05 0.573126 0.774042 4.8277e-39 0 8.86083e-36 0 9.74505e-33 0 4.82592e-31 0 7.2866e-30 0 5.70191e-29 0 2.99917e-28 0 1.19505e-27 0 3.92454e-27 0 1.11036e-26 0 2.81214e-26 0 6.42552e-26 0 1.36769e-25 0 2.7572e-25 0 5.15332e-25 0 9.29202e-25 0 1.61903e-24 0 2.69887e-24 0 4.4114e-24 0 6.91929e-24 0 1.05471e-23 0 1.59841e-23 0 2.35757e-23 0 3.38743e-23 0 4.84592e-23 0 6.76128e-23 0 9.39844e-23 0 1.27553e-22 0 1.72562e-22 0 2.32722e-22 0 3.06803e-22 0 3.9562e-22 0 5.18916e-22 0 6.66036e-22 0 8.44947e-22 0 1.06978e-21 0 1.33922e-21 0 1.67351e-21 0 2.08752e-21 0 2.55249e-21 0 3.11647e-21 0
31.8653 9.755e-05 4.17334e-05 5.58166e-05 0.572185 0.769531 4.06519e-37 0 5.1697e-34 0 4.03911e-31 0 1.65324e-29 0 2.18635e-28 0 1.54736e-27 0 7.50533e-27 0 2.79538e-26 0 8.66227e-26 0 2.32946e-25 0 5.63798e-25 0 1.23729e-24 0 2.53825e-24 0 4.9448e-24 0 8.96409e-24 0 1.57047e-23 0 2.66318e-23 0 4.33003e-23 0 6.90983e-23 0 1.06025e-22 0 1.58322e-22 0 2.35115e-22 0 3.40264e-22 0 4.80328e-22 0 6.75229e-22 0 9.26918e-22 0 1.2679e-21 0 1.69529e-21 0 2.2599e-21 0 3.00359e-21 0 3.90664e-21 0 4.97543e-21 0 6.44017e-21 0 8.16592e-21 0 1.02398e-20 0 1.2816e-20 0 1.58689e-20 0 1.96155e-20 0 2.42056e-20 0 2.93078e-20 0 3.54364e-20 0
33.5009 9.79928e-05 4.20058e-05 5.5987e-05 0.571338 0.764765 2.72403e-35 0 2.44359e-32 0 1.37915e-29 0 4.70926e-28 0 5.49018e-27 0 3.53154e-26 0 1.58584e-25 0 5.53923e-25 0 1.62427e-24 0 4.16204e-24 0 9.64789e-24 0 2.03758e-23 0 4.0359e-23 0 7.61053e-23 0 1.34017e-22 0 2.2845e-22 0 3.77541e-22 0 5.99444e-22 0 9.35008e-22 0 1.405e-21 0 2.05735e-21 0 2.99684e-21 0 4.25952e-21 0 5.91252e-21 0 8.17455e-21 0 1.10493e-20 0 1.48846e-20 0 1.96218e-20 0 2.57922e-20 0 3.38069e-20 0 4.34105e-20 0 5.4638e-20 0 6.98376e-20 0 8.75312e-20 0 1.08555e-19 0 1.34386e-19 0 1.64671e-19 0 2.01454e-19 0 2.46055e-19 0 2.95152e-19 0 3.53578e-19 0
35.2205 9.84617e-05 4.23435e-05 5.61182e-05 0.569949 0.760288 1.4712e-33 0 9.46932e-31 0 3.92244e-28 0 1.12729e-26 0 1.16571e-25 0 6.847e-25 0 2.85726e-24 0 9.38896e-24 0 2.61225e-23 0 6.39309e-23 0 1.42236e-22 0 2.89629e-22 0 5.54849e-22 0 1.01438e-21 0 1.73758e-21 0 2.88581e-21 0 4.6536e-21 0 7.22387e-21 0 1.10258e-20 0 1.62419e-20 0 2.33444e-20 0 3.33857e-20 0 4.66448e-20 0 6.37179e-20 0 8.67129e-20 0 1.15496e-19 0 1.53338e-19 0 1.99431e-19 0 2.58668e-19 0 3.34598e-19 0 4.24434e-19 0 5.28242e-19 0 6.6715e-19 0 8.27006e-19 0 1.01492e-18 0 1.2434e-18 0 1.50856e-18 0 1.82745e-18 0 2.21036e-18 0 2.62796e-18 0 3.12053e-18 0
37.0284 9.89216e-05 4.26597e-05 5.62619e-05 0.568753 0.755402 6.45888e-32 0 3.03163e-29 0 9.35685e-27 0 2.28244e-25 0 2.10582e-24 0 1.13446e-23 0 4.41514e-23 0 1.36895e-22 0 3.62316e-22 0 8.48801e-22 0 1.81614e-21 0 3.57192e-21 0 6.62902e-21 0 1.17674e-20 0 1.96343e-20 0 3.18113e-20 0 5.01152e-20 0 7.61424e-20 0 1.13841e-19 0 1.64556e-19 0 2.32363e-19 0 3.26557e-19 0 4.48859e-19 0 6.03886e-19 0 8.09549e-19 0 1.06328e-18 0 1.39227e-18 0 1.78769e-18 0 2.28943e-18 0 2.92449e-18 0 3.66687e-18 0 4.51521e-18 0 5.63791e-18 0 6.91591e-18 0 8.40293e-18 0 1.0193e-17 0 1.22506e-17 0 1.47019e-17 0 1.7618e-17 0 2.07703e-17 0 2.44574e-17 0
38.9291 9.94138e-05 4.29882e-05 5.64256e-05 0.567583 0.750287 2.33025e-30 0 8.10003e-28 0 1.88971e-25 0 3.94396e-24 0 3.26466e-23 0 1.61994e-22 0 5.89984e-22 0 1.73097e-21 0 4.36869e-21 0 9.81788e-21 0 2.0241e-20 0 3.85161e-20 0 6.93552e-20 0 1.19713e-19 0 1.94814e-19 0 3.08287e-19 0 4.75014e-19 0 7.07121e-19 0 1.03667e-18 0 1.47177e-18 0 2.04351e-18 0 2.82458e-18 0 3.82261e-18 0 5.0689e-18 0 6.69865e-18 0 8.68183e-18 0 1.12194e-17 0 1.42311e-17 0 1.80065e-17 0 2.2728e-17 0 2.81844e-17 0 3.43541e-17 0 4.24336e-17 0 5.15357e-17 0 6.20241e-17 0 7.45312e-17 0 8.87758e-17 0 1.05595e-16 0 1.25426e-16 0 1.46685e-16 0 1.71351e-16 0
40.9273 9.98976e-05 4.33132e-05 5.65843e-05 0.566424 0.744619 6.97287e-29 0 1.8215e-26 0 3.25633e-24 0 5.85923e-23 0 4.37452e-22 0 2.00736e-21 0 6.86373e-21 0 1.91067e-20 0 4.60912e-20 0 9.95669e-20 0 1.98147e-19 0 3.6539e-19 0 6.39326e-19 0 1.07451e-18 0 1.70751e-18 0 2.6422e-18 0 3.98612e-18 0 5.81972e-18 0 8.37405e-18 0 1.16871e-17 0 1.59692e-17 0 2.17268e-17 0 2.89725e-17 0 3.78928e-17 0 4.93991e-17 0 6.32185e-17 0 8.068e-17 0 1.01156e-16 0 1.2653e-16 0 1.57902e-16 0 1.93764e-16 0 2.33908e-16 0 2.85955e-16 0 3.44014e-16 0 4.10299e-16 0 4.88633e-16 0 5.77073e-16 0 6.80612e-16 0 8.01672e-16 0 9.30407e-16 0 1.07865e-15 0
43.0281 0.000100363 4.36512e-05 5.67121e-05 0.565068 0.738864 1.74709e-27 0 3.47796e-25 0 4.82677e-23 0 7.54204e-22 0 5.10447e-21 0 2.1744e-20 0 7.00173e-20 0 1.85406e-19 0 4.28433e-19 0 8.9135e-19 0 1.71526e-18 0 3.06988e-18 0 5.22667e-18 0 8.56454e-18 0 1.33056e-17 0 2.01549e-17 0 2.98021e-17 0 4.27143e-17 0 6.03798e-17 0 8.29074e-17 0 1.11571e-16 0 1.49532e-16 0 1.96618e-16 0 2.53806e-16 0 3.26619e-16 0 4.12988e-16 0 5.20819e-16 0 6.45828e-16 0 7.99049e-16 0 9.86439e-16 0 1.19844e-15 0 1.4335e-15 0 1.73536e-15 0 2.06894e-15 0 2.44644e-15 0 2.88877e-15 0 3.38402e-15 0 3.95916e-15 0 4.62625e-15 0 5.33025e-15 0 6.13506e-15 0
45.2368 0.000100875 4.40182e-05 5.68564e-05 0.563635 0.73311 3.69858e-26 0 5.68589e-24 0 6.20201e-22 0 8.47379e-21 0 5.22388e-20 0 2.07325e-19 0 6.30554e-19 0 1.59218e-18 0 3.53176e-18 0 7.08961e-18 0 1.32137e-17 0 2.29866e-17 0 3.81323e-17 0 6.09959e-17 0 9.27452e-17 0 1.37667e-16 0 1.99711e-16 0 2.81253e-16 0 3.9091e-16 0 5.28512e-16 0 7.00998e-16 0 9.26171e-16 0 1.20164e-15 0 1.53193e-15 0 1.9473e-15 0 2.43417e-15 0 3.03517e-15 0 3.72436e-15 0 4.5603e-15 0 5.57216e-15 0 6.70565e-15 0 7.95104e-15 0 9.53596e-15 0 1.12718e-14 0 1.32199e-14 0 1.5484e-14 0 1.7999e-14 0 2.08973e-14 0 2.42333e-14 0 2.77286e-14 0 3.1697e-14 0
47.5588 0.000101431 4.44731e-05 5.69579e-05 0.561543 0.727588 6.67929e-25 0 8.03021e-23 0 6.9658e-21 0 8.37672e-20 0 4.72522e-19 0 1.75328e-18 0 5.05053e-18 0 1.21889e-17 0 2.60059e-17 0 5.04578e-17 0 9.12278e-17 0 1.54468e-16 0 2.49991e-16 0 3.90815e-16 0 5.82206e-16 0 8.47698e-16 0 1.2076e-15 0 1.67247e-15 0 2.28748e-15 0 3.04748e-15 0 3.9867e-15 0 5.19615e-15 0 6.65647e-15 0 8.3861e-15 0 1.05357e-14 0 1.30272e-14 0 1.60696e-14 0 1.95224e-14 0 2.36691e-14 0 2.86394e-14 0 3.4155e-14 0 4.01629e-14 0 4.77432e-14 0 5.59753e-14 0 6.51403e-14 0 7.57097e-14 0 8.73626e-14 0 1.00693e-13 0 1.15927e-13 0 1.31778e-13 0 1.49657e-13 0
50 0.000101937 4.48952e-05 5.70421e-05 0.55958 0.721159 1.03422e-23 0 9.84139e-22 0 6.86543e-20 0 7.31199e-19 0 3.79053e-18 0 1.31925e-17 0 3.60894e-17 0 8.34308e-17 0 1.7154e-16 0 3.2223e-16 0 5.65989e-16 0 9.34011e-16 0 1.47649e-15 0 2.25841e-15 0 3.29956e-15 0 4.71688e-15 0 6.60442e-15 0 9.00252e-15 0 1.21261e-14 0 1.59303e-14 0 2.05683e-14 0 2.64636e-14 0 3.34935e-14 0 4.17233e-14 0 5.18375e-14 0 6.34354e-14 0 7.74521e-14 0 9.32042e-14 0 1.11944e-13 0 1.34196e-13 0 1.5867e-13 0 1.8511e-13 0 2.18198e-13 0 2.53841e-13 0 2.93225e-13 0 3.38309e-13 0 3.87661e-13 0 4.43728e-13 0 5.07357e-13 0 5.73131e-13 0 6.46859e-13 0
52.5665 0.000102448 4.53205e-05 5.71276e-05 0.557625 0.714398 1.38451e-22 0 1.05473e-20 0 5.98054e-19 0 5.67477e-18 0 2.71469e-17 0 8.89003e-17 0 2.31534e-16 0 5.13799e-16 0 1.01988e-15 0 1.85772e-15 0 3.17452e-15 0 5.11212e-15 0 7.90258e-15 0 1.18394e-14 0 1.69803e-14 0 2.38542e-14 0 3.28555e-14 0 4.41132e-14 0 5.85614e-14 0 7.59148e-14 0 9.6802e-14 0 1.23024e-13 0 1.53924e-13 0 1.89699e-13 0 2.332e-13 0 2.82576e-13 0 3.41667e-13 0 4.07456e-13 0 4.8502e-13 0 5.76308e-13 0 6.75864e-13 0 7.82575e-13 0 9.15081e-13 0 1.05673e-12 0 1.21211e-12 0 1.38875e-12 0 1.58079e-12 0 1.79752e-12 0 2.04188e-12 0 2.2929e-12 0 2.57261e-12 0
55.2648 0.000103043 4.58123e-05 5.72309e-05 0.555407 0.707867 1.61602e-21 0 9.96357e-20 0 4.63869e-18 0 3.94359e-17 0 1.74773e-16 0 5.40138e-16 0 1.34252e-15 0 2.86547e-15 0 5.50064e-15 0 9.73041e-15 0 1.61982e-14 0 2.54851e-14 0 3.85673e-14 0 5.66512e-14 0 7.98319e-14 0 1.10304e-13 0 1.4957e-13 0 1.97951e-13 0 2.59174e-13 0 3.31745e-13 0 4.18031e-13 0 5.25088e-13 0 6.49824e-13 0 7.92728e-13 0 9.64739e-13 0 1.15809e-12 0 1.38735e-12 0 1.64032e-12 0 1.93604e-12 0 2.28114e-12 0 2.65446e-12 0 3.05165e-12 0 3.54121e-12 0 4.06072e-12 0 4.62673e-12 0 5.26588e-12 0 5.95628e-12 0 6.73056e-12 0 7.59807e-12 0 8.48399e-12 0 9.46563e-12 0
58.1015 0.000103695 4.63988e-05 5.72958e-05 0.552544 0.701454 1.65674e-20 0 8.35275e-19 0 3.22383e-17 0 2.46881e-16 0 1.01742e-15 0 2.97581e-15 0 7.07482e-15 0 1.45517e-14 0 2.70585e-14 0 4.65508e-14 0 7.55887e-14 0 1.16323e-13 0 1.7251e-13 0 2.48686e-13 0 3.44624e-13 0 4.68709e-13 0 6.26181e-13 0 8.17468e-13 0 1.05631e-12 0 1.33589e-12 0 1.66445e-12 0 2.06757e-12 0 2.53224e-12 0 3.05927e-12 0 3.68757e-12 0 4.38733e-12 0 5.20969e-12 0 6.10947e-12 0 7.15276e-12 0 8.36053e-12 0 9.65707e-12 0 1.10267e-11 0 1.27031e-11 0 1.44696e-11 0 1.63818e-11 0 1.85274e-11 0 2.08308e-11 0 2.33987e-11 0 2.62587e-11 0 2.91629e-11 0 3.23637e-11 0
61.0839 0.000104287 4.70159e-05 5.72712e-05 0.549169 0.694236 1.4993e-19 0 6.24217e-18 0 2.01566e-16 0 1.39755e-15 0 5.37468e-15 0 1.49176e-14 0 3.39975e-14 0 6.75079e-14 0 1.21784e-13 0 2.04038e-13 0 3.23565e-13 0 4.87563e-13 0 7.09287e-13 0 1.00439e-12 0 1.36987e-12 0 1.83534e-12 0 2.41753e-12 0 3.11523e-12 0 3.97536e-12 0 4.97021e-12 0 6.12652e-12 0 7.53016e-12 0 9.13166e-12 0 1.09309e-11 0 1.30562e-11 0 1.54025e-11 0 1.81368e-11 0 2.11044e-11 0 2.45189e-11 0 2.84415e-11 0 3.26217e-11 0 3.70081e-11 0 4.23406e-11 0 4.79231e-11 0 5.39284e-11 0 6.06262e-11 0 6.77747e-11 0 7.56985e-11 0 8.44742e-11 0 9.33379e-11 0 1.03057e-10 0
64.2193 0.000104749 4.75773e-05 5.71721e-05 0.545799 0.685337 1.20283e-18 0 4.17431e-17 0 1.13759e-15 0 7.17592e-15 0 2.58406e-14 0 6.82345e-14 0 1.49377e-13 0 2.86844e-13 0 5.02774e-13 0 8.2139e-13 0 1.27357e-12 0 1.88104e-12 0 2.68684e-12 0 3.74065e-12 0 5.02508e-12 0 6.63709e-12 0 8.62562e-12 0 1.09782e-11 0 1.38436e-11 0 1.71203e-11 0 2.08889e-11 0 2.54174e-11 0 3.05343e-11 0 3.62309e-11 0 4.29015e-11 0 5.02047e-11 0 5.86474e-11 0 6.77405e-11 0 7.81261e-11 0 8.99706e-11 0 1.02506e-10 0 1.15575e-10 0 1.31362e-10 0 1.47785e-10 0 1.65348e-10 0 1.84825e-10 0 2.05496e-10 0 2.28286e-10 0 2.5339e-10 0 2.78617e-10 0 3.06145e-10 0
67.5157 0.000105185 4.8107e-05 5.70779e-05 0.542644 0.674932 8.6093e-18 0 2.5127e-16 0 5.8272e-15 0 3.35967e-14 0 1.13646e-13 0 2.86198e-13 0 6.03022e-13 0 1.12166e-12 0 1.91288e-12 0 3.0511e-12 0 4.63052e-12 0 6.71021e-12 0 9.4193e-12 0 1.29035e-11 0 1.70862e-11 0 2.22628e-11 0 2.85651e-11 0 3.59306e-11 0 4.47984e-11 0 5.48303e-11 0 6.62531e-11 0 7.98475e-11 0 9.50669e-11 0 1.11865e-10 0 1.31372e-10 0 1.5256e-10 0 1.76868e-10 0 2.02859e-10 0 2.32336e-10 0 2.65722e-10 0 3.00822e-10 0 3.37194e-10 0 3.80865e-10 0 4.26025e-10 0 4.74049e-10 0 5.27014e-10 0 5.82932e-10 0 6.44263e-10 0 7.11478e-10 0 7.78695e-10 0 8.51704e-10 0
70.9813 0.000105869 4.8749e-05 5.71198e-05 0.539533 0.664447 5.54465e-17 0 1.37249e-15 0 2.73005e-14 0 1.44497e-13 0 4.6055e-13 0 1.10868e-12 0 2.25252e-12 0 4.06478e-12 0 6.75375e-12 0 1.05296e-11 0 1.56582e-11 0 2.22835e-11 0 3.07662e-11 0 4.1504e-11 0 5.42092e-11 0 6.97263e-11 0 8.83827e-11 0 1.09934e-10 0 1.35598e-10 0 1.64333e-10 0 1.96743e-10 0 2.34961e-10 0 2.77374e-10 0 3.23801e-10 0 3.77295e-10 0 4.34959e-10 0 5.00636e-10 0 5.70372e-10 0 6.4894e-10 0 7.37342e-10 0 8.29697e-10 0 9.24846e-10 0 1.03843e-09 0 1.15522e-09 0 1.27876e-09 0 1.4143e-09 0 1.55668e-09 0 1.71208e-09 0 1.88156e-09 0 2.05027e-09 0 2.2327e-09 0
74.6248 0.000106918 4.95883e-05 5.73295e-05 0.536202 0.655528 3.23532e-16 0 6.84717e-15 0 1.17697e-13 0 5.74276e-13 0 1.72965e-12 0 3.98896e-12 0 7.82875e-12 0 1.3726e-11 0 2.22477e-11 0 3.3942e-11 0 4.95053e-11 0 6.92485e-11 0 9.41158e-11 0 1.25121e-10 0 1.61306e-10 0 2.04945e-10 0 2.56791e-10 0 3.16022e-10 0 3.85824e-10 0 4.6322e-10 0 5.49722e-10 0 6.50844e-10 0 7.62126e-10 0 8.82996e-10 0 1.02122e-09 0 1.16915e-09 0 1.33648e-09 0 1.51298e-09 0 1.71058e-09 0 1.93152e-09 0 2.16097e-09 0 2.39605e-09 0 2.67515e-09 0 2.96058e-09 0 3.26096e-09 0 3.58891e-09 0 3.93175e-09 0 4.3042e-09 0 4.70853e-09 0 5.10924e-09 0 5.54076e-09 0
78.4553 0.000108037 5.04287e-05 5.76084e-05 0.533228 0.647257 1.71198e-15 0 3.12155e-14 0 4.66997e-13 0 2.10893e-12 0 6.01896e-12 0 1.33261e-11 0 2.53069e-11 0 4.31703e-11 0 6.83418e-11 0 1.02137e-10 0 1.46249e-10 0 2.01249e-10 0 2.69452e-10 0 3.53273e-10 0 4.49826e-10 0 5.64877e-10 0 7.00027e-10 0 8.52808e-10 0 1.03108e-09 0 1.22691e-09 0 1.44391e-09 0 1.69548e-09 0 1.97013e-09 0 2.26624e-09 0 2.60245e-09 0 2.95982e-09 0 3.36141e-09 0 3.78235e-09 0 4.25078e-09 0 4.77144e-09 0 5.30906e-09 0 5.85701e-09 0 6.50418e-09 0 7.1626e-09 0 7.85218e-09 0 8.60153e-09 0 9.38134e-09 0 1.02247e-08 0 1.11363e-08 0 1.20359e-08 0 1.30009e-08 0
82.4824 0.000109012 5.09631e-05 5.80486e-05 0.532499 0.636033 8.20501e-15 0 1.29835e-13 0 1.70204e-12 0 7.14084e-12 0 1.9363e-11 0 4.12384e-11 0 7.58992e-11 0 1.26142e-10 0 1.95263e-10 0 2.86151e-10 0 4.02619e-10 0 5.45465e-10 0 7.19987e-10 0 9.31561e-10 0 1.17226e-09 0 1.4558e-09 0 1.78531e-09 0 2.15409e-09 0 2.58036e-09 0 3.04449e-09 0 3.55457e-09 0 4.14128e-09 0 4.77699e-09 0 5.45753e-09 0 6.225e-09 0 7.03548e-09 0 7.94057e-09 0 8.88364e-09 0 9.92709e-09 0 1.10803e-08 0 1.22647e-08 0 1.34658e-08 0 1.48774e-08 0 1.63065e-08 0 1.77964e-08 0 1.94081e-08 0 2.10782e-08 0 2.28768e-08 0 2.48126e-08 0 2.67156e-08 0 2.8749e-08 0
86.7162 0.000110236 5.12093e-05 5.90265e-05 0.535457 0.62168 3.57984e-14 0 4.95017e-13 0 5.72313e-12 0 2.23876e-11 0 5.782e-11 0 1.1868e-10 0 2.1202e-10 0 3.43738e-10 0 5.20862e-10 0 7.49195e-10 0 1.0367e-09 0 1.38385e-09 0 1.80202e-09 0 2.30241e-09 0 2.86498e-09 0 3.52053e-09 0 4.27459e-09 0 5.11049e-09 0 6.06806e-09 0 7.10193e-09 0 8.22933e-09 0 9.51641e-09 0 1.0901e-08 0 1.23732e-08 0 1.40228e-08 0 1.57541e-08 0 1.76761e-08 0 1.96674e-08 0 2.18586e-08 0 2.42674e-08 0 2.67284e-08 0 2.92124e-08 0 3.2118e-08 0 3.50459e-08 0 3.8085e-08 0 4.13588e-08 0 4.4737e-08 0 4.83607e-08 0 5.22454e-08 0 5.60497e-08 0 6.01003e-08 0
91.1674 0.000112042 5.16039e-05 6.04379e-05 0.539423 0.610475 1.44028e-13 0 1.75189e-12 0 1.7973e-11 0 6.57768e-11 0 1.6219e-10 0 3.21422e-10 0 5.58178e-10 0 8.83845e-10 0 1.31238e-09 0 1.85449e-09 0 2.52578e-09 0 3.32434e-09 0 4.27345e-09 0 5.39518e-09 0 6.64215e-09 0 8.08028e-09 0 9.71845e-09 0 1.1518e-08 0 1.3562e-08 0 1.57512e-08 0 1.81209e-08 0 2.08068e-08 0 2.36765e-08 0 2.67084e-08 0 3.00849e-08 0 3.36077e-08 0 3.74964e-08 0 4.15036e-08 0 4.58905e-08 0 5.06881e-08 0 5.5566e-08 0 6.04671e-08 0 6.61742e-08 0 7.18998e-08 0 7.78182e-08 0 8.4168e-08 0 9.06944e-08 0 9.76686e-08 0 1.05117e-07 0 1.12385e-07 0 1.20097e-07 0
95.847 0.000113901 5.24598e-05 6.14416e-05 0.539428 0.605358 5.39733e-13 0 5.81116e-12 0 5.32119e-11 0 1.82789e-10 0 4.31286e-10 0 8.26635e-10 0 1.39736e-09 0 2.16355e-09 0 3.15114e-09 0 4.37824e-09 0 5.87382e-09 0 7.62791e-09 0 9.6862e-09 0 1.20903e-08 0 1.47344e-08 0 1.77539e-08 0 2.11617e-08 0 2.48731e-08 0 2.90544e-08 0 3.34988e-08 0 3.82755e-08 0 4.36534e-08 0 4.93616e-08 0 5.53561e-08 0 6.19928e-08 0 6.88786e-08 0 7.64387e-08 0 8.41892e-08 0 9.26323e-08 0 1.01821e-07 0 1.1112e-07 0 1.20423e-07 0 1.3121e-07 0 1.41986e-07 0 1.53082e-07 0 1.6494e-07 0 1.77082e-07 0 1.90011e-07 0 2.03769e-07 0 2.17147e-07 0 2.31298e-07 0
100.767 0.000114606 5.33688e-05 6.12375e-05 0.534329 0.598417 1.87611e-12 0 1.79867e-11 0 1.47823e-10 0 4.78097e-10 0 1.08176e-09 0 2.00855e-09 0 3.30936e-09 0 5.01571e-09 0 7.17234e-09 0 9.80663e-09 0 1.29691e-08 0 1.66285e-08 0 2.08707e-08 0 2.57704e-08 0 3.11043e-08 0 3.71389e-08 0 4.38897e-08 0 5.11818e-08 0 5.93338e-08 0 6.79363e-08 0 7.71201e-08 0 8.73929e-08 0 9.82295e-08 0 1.09544e-07 0 1.22001e-07 0 1.34857e-07 0 1.48899e-07 0 1.63226e-07 0 1.78759e-07 0 1.95586e-07 0 2.12539e-07 0 2.29431e-07 0 2.48938e-07 0 2.68347e-07 0 2.88255e-07 0 3.09455e-07 0 3.31086e-07 0 3.54038e-07 0 3.78379e-07 0 4.01972e-07 0 4.26848e-07 0
105.939 0.000113449 5.37429e-05 5.97057e-05 0.52628 0.581545 6.00554e-12 0 5.15602e-11 0 3.82332e-10 0 1.16769e-09 0 2.53878e-09 0 4.57358e-09 0 7.35412e-09 0 1.0922e-08 0 1.53478e-08 0 2.06667e-08 0 2.69609e-08 0 3.41514e-08 0 4.2391e-08 0 5.18067e-08 0 6.19579e-08 0 7.33408e-08 0 8.59682e-08 0 9.95019e-08 0 1.14521e-07 0 1.30261e-07 0 1.46957e-07 0 1.65519e-07 0 1.84984e-07 0 2.05196e-07 0 2.27331e-07 0 2.50061e-07 0 2.74768e-07 0 2.99856e-07 0 3.26938e-07 0 3.56145e-07 0 3.85448e-07 0 4.14531e-07 0 4.47987e-07 0 4.81148e-07 0 5.15042e-07 0 5.51008e-07 0 5.87583e-07 0 6.26264e-07 0 6.67151e-07 0 7.06659e-07 0 7.48195e-07 0
111.377 0.000110669 5.37681e-05 5.69004e-05 0.514151 0.557496 1.78312e-11 0 1.37833e-10 0 9.26824e-10 0 2.68046e-09 0 5.61099e-09 0 9.82177e-09 0 1.5431e-08 0 2.2479e-08 0 3.10677e-08 0 4.12311e-08 0 5.30947e-08 0 6.64832e-08 0 8.1657e-08 0 9.88218e-08 0 1.17157e-07 0 1.37544e-07 0 1.5998e-07 0 1.83848e-07 0 2.10151e-07 0 2.37536e-07 0 2.66409e-07 0 2.98322e-07 0 3.316e-07 0 3.65974e-07 0 4.0343e-07 0 4.41706e-07 0 4.83121e-07 0 5.24989e-07 0 5.69992e-07 0 6.18325e-07 0 6.66621e-07 0 7.14378e-07 0 7.69114e-07 0 8.23171e-07 0 8.78233e-07 0 9.36471e-07 0 9.95504e-07 0 1.05774e-06 0 1.12332e-06 0 1.18651e-06 0 1.25275e-06 0
117.094 0.000107164 5.4474e-05 5.26896e-05 0.491674 0.531272 5.0223e-11 0 3.51327e-10 0 2.15251e-09 0 5.91069e-09 0 1.19345e-08 0 2.03275e-08 0 3.12397e-08 0 4.46802e-08 0 6.07834e-08 0 7.95609e-08 0 1.01196e-07 0 1.2533e-07 0 1.52398e-07 0 1.82723e-07 0 2.14833e-07 0 2.50248e-07 0 2.88929e-07 0 3.29789e-07 0 3.74518e-07 0 4.20798e-07 0 4.69311e-07 0 5.22633e-07 0 5.77942e-07 0 6.34787e-07 0 6.96435e-07 0 7.59143e-07 0 8.26696e-07 0 8.94701e-07 0 9.67504e-07 0 1.04538e-06 0 1.1229e-06 0 1.19929e-06 0 1.28653e-06 0 1.3724e-06 0 1.45958e-06 0 1.55149e-06 0 1.64438e-06 0 1.74202e-06 0 1.8446e-06 0 1.94316e-06 0 2.04621e-06 0
123.105 0.000104977 5.69983e-05 4.79791e-05 0.457042 0.499759 1.37291e-10 0 8.73378e-10 0 4.8978e-09 0 1.28019e-08 0 2.49771e-08 0 4.14505e-08 0 6.23794e-08 0 8.76721e-08 0 1.17491e-07 0 1.51779e-07 0 1.90798e-07 0 2.33847e-07 0 2.81649e-07 0 3.34714e-07 0 3.90436e-07 0 4.51424e-07 0 5.17556e-07 0 5.86945e-07 0 6.62426e-07 0 7.40061e-07 0 8.20996e-07 0 9.09485e-07 0 1.00081e-06 0 1.09422e-06 0 1.19507e-06 0 1.2972e-06 0 1.40676e-06 0 1.51662e-06 0 1.63378e-06 0 1.75863e-06 0 1.88245e-06 0 2.00406e-06 0 2.14249e-06 0 2.27828e-06 0 2.41573e-06 0 2.56022e-06 0 2.70581e-06 0 2.85841e-06 0 3.01829e-06 0 3.17149e-06 0 3.33126e-06 0
129.424 0.000106095 6.07169e-05 4.53782e-05 0.427712 0.456282 3.60154e-10 0 2.09323e-09 0 1.07909e-08 0 2.69127e-08 0 5.08221e-08 0 8.22808e-08 0 1.21379e-07 0 1.67783e-07 0 2.21657e-07 0 2.82787e-07 0 3.51537e-07 0 4.26594e-07 0 5.09152e-07 0 6.00002e-07 0 6.94645e-07 0 7.97482e-07 0 9.08226e-07 0 1.02369e-06 0 1.14853e-06 0 1.27621e-06 0 1.40862e-06 0 1.55267e-06 0 1.70061e-06 0 1.85126e-06 0 2.01319e-06 0 2.17651e-06 0 2.35102e-06 0 2.52533e-06 0 2.71054e-06 0 2.9072e-06 0 3.10158e-06 0 3.29186e-06 0 3.50779e-06 0 3.71894e-06 0 3.93205e-06 0 4.15542e-06 0 4.37988e-06 0 4.61451e-06 0 4.85969e-06 0 5.09402e-06 0 5.33783e-06 0
136.067 0.000109538 6.33358e-05 4.62022e-05 0.421791 0.417029 8.74597e-10 0 4.66465e-09 0 2.21964e-08 0 5.29428e-08 0 9.69218e-08 0 1.53268e-07 0 2.21847e-07 0 3.0185e-07 0 3.93389e-07 0 4.95947e-07 0 6.10004e-07 0 7.33285e-07 0 8.67669e-07 0 1.01433e-06 0 1.16596e-06 0 1.32958e-06 0 1.50463e-06 0 1.68603e-06 0 1.88104e-06 0 2.07943e-06 0 2.28415e-06 0 2.50578e-06 0 2.73237e-06 0 2.96212e-06 0 3.20806e-06 0 3.45513e-06 0 3.71813e-06 0 3.97987e-06 0 4.25703e-06 0 4.55031e-06 0 4.83923e-06 0 5.12121e-06 0 5.44023e-06 0 5.75128e-06 0 6.06432e-06 0 6.39155e-06 0 6.71951e-06 0 7.06147e-06 0 7.41789e-06 0 7.75772e-06 0 8.11049e-06 0
143.051 0.000107921 6.09955e-05 4.69253e-05 0.434812 0.39118 1.85872e-09 0 9.13544e-09 0 4.02826e-08 0 9.20891e-08 0 1.63682e-07 0 2.53113e-07 0 3.59811e-07 0 4.82262e-07 0 6.20437e-07 0 7.73389e-07 0 9.41687e-07 0 1.12187e-06 0 1.31661e-06 0 1.52746e-06 0 1.74389e-06 0 1.9759e-06 0 2.22259e-06 0 2.47674e-06 0 2.74849e-06 0 3.02353e-06 0 3.306e-06 0 3.61043e-06 0 3.9203e-06 0 4.23321e-06 0 4.56687e-06 0 4.90081e-06 0 5.25499e-06 0 5.60628e-06 0 5.97702e-06 0 6.36804e-06 0 6.75206e-06 0 7.12577e-06 0 7.54737e-06 0 7.95725e-06 0 8.36868e-06 0 8.79767e-06 0 9.22652e-06 0 9.67259e-06 0 1.01364e-05 0 1.05776e-05 0 1.10346e-05 0
150.394 0.000100356 5.65284e-05 4.38277e-05 0.436722 0.366676 3.61284e-09 0 1.64286e-08 0 6.73795e-08 0 1.4794e-07 0 2.55672e-07 0 3.87038e-07 0 5.40823e-07 0 7.14584e-07 0 9.08084e-07 0 1.11984e-06 0 1.35048e-06 0 1.59519e-06 0 1.85751e-06 0 2.13941e-06 0 2.42681e-06 0 2.73296e-06 0 3.05655e-06 0 3.38811e-06 0 3.7408e-06 0 4.09601e-06 0 4.45919e-06 0 4.84891e-06 0 5.24395e-06 0 5.64133e-06 0 6.06347e-06 0 6.48447e-06 0 6.92946e-06 0 7.36936e-06 0 7.83217e-06 0 8.31879e-06 0 8.79526e-06 0 9.25768e-06 0 9.77793e-06 0 1.02824e-05 0 1.07874e-05 0 1.13128e-05 0 1.18367e-05 0 1.23804e-05 0 1.29444e-05 0 1.34798e-05 0 1.40332e-05 0
158.114 0.000100696 5.86231e-05 4.20732e-05 0.417823 0.367895 7.48697e-09 0 3.16187e-08 0 1.21045e-07 0 2.55757e-07 0 4.30353e-07 0 6.38414e-07 0 8.77628e-07 0 1.14393e-06 0 1.43679e-06 0 1.75378e-06 0 2.09575e-06 0 2.45546e-06 0 2.83807e-06 0 3.24632e-06 0 3.65981e-06 0 4.09767e-06 0 4.55789e-06 0 5.02696e-06 0 5.52348e-06 0 6.02124e-06 0 6.528e-06 0 7.06955e-06 0 7.61633e-06 0 8.16432e-06 0 8.74439e-06 0 9.32093e-06 0 9.92835e-06 0 1.0527e-05 0 1.11548e-05 0 1.18131e-05 0 1.24558e-05 0 1.30779e-05 0 1.3776e-05 0 1.44512e-05 0 1.51256e-05 0 1.58254e-05 0 1.65218e-05 0 1.72428e-05 0 1.79892e-05 0 1.86962e-05 0 1.94256e-05 0
166.23 0.000115731 6.7874e-05 4.78575e-05 0.413522 0.372189 1.65427e-08 0 6.51178e-08 0 2.33473e-07 0 4.75617e-07 0 7.80225e-07 0 1.13537e-06 0 1.53672e-06 0 1.97727e-06 0 2.45598e-06 0 2.96881e-06 0 3.51696e-06 0 4.08887e-06 0 4.69271e-06 0 5.33263e-06 0 5.97679e-06 0 6.65503e-06 0 7.3641e-06 0 8.08323e-06 0 8.84087e-06 0 9.59708e-06 0 1.03638e-05 0 1.118e-05 0 1.2001e-05 0 1.28209e-05 0 1.36859e-05 0 1.45428e-05 0 1.54428e-05 0 1.63272e-05 0 1.72522e-05 0 1.82192e-05 0 1.91608e-05 0 2.007e-05 0 2.10878e-05 0 2.20697e-05 0 2.30483e-05 0 2.40615e-05 0 2.50675e-05 0 2.6107e-05 0 2.71808e-05 0 2.8196e-05 0 2.92413e-05 0
174.763 0.000138812 7.42879e-05 6.45242e-05 0.464832 0.313495 3.30736e-08 0 1.21764e-07 0 4.10186e-07 0 8.07075e-07 0 1.29235e-06 0 1.84647e-06 0 2.46255e-06 0 3.12976e-06 0 3.84657e-06 0 4.6069e-06 0 5.41255e-06 0 6.24659e-06 0 7.12104e-06 0 8.04175e-06 0 8.96312e-06 0 9.92802e-06 0 1.09316e-05 0 1.19447e-05 0 1.30073e-05 0 1.40634e-05 0 1.51301e-05 0 1.62614e-05 0 1.73952e-05 0 1.85238e-05 0 1.97106e-05 0 2.08828e-05 0 2.21103e-05 0 2.33131e-05 0 2.45677e-05 0 2.58757e-05 0 2.71462e-05 0 2.83701e-05 0 2.97369e-05 0 3.10525e-05 0 3.23607e-05 0 3.37124e-05 0 3.50518e-05 0 3.64331e-05 0 3.78571e-05 0 3.92008e-05 0 4.05819e-05 0
183.733 0.000156315 6.67123e-05 8.96031e-05 0.57322 0.226799 5.20408e-08 0 1.79782e-07 0 5.70762e-07 0 1.08652e-06 0 1.70029e-06 0 2.38736e-06 0 3.13947e-06 0 3.94366e-06 0 4.79831e-06 0 5.6964e-06 0 6.64013e-06 0 7.6099e-06 0 8.61989e-06 0 9.67679e-06 0 1.07285e-05 0 1.18243e-05 0 1.29586e-05 0 1.40984e-05 0 1.52888e-05 0 1.64673e-05 0 1.76532e-05 0 1.89065e-05 0 2.01583e-05 0 2.14004e-05 0 2.27027e-05 0 2.39851e-05 0 2.53243e-05 0 2.66329e-05 0 2.79945e-05 0 2.94105e-05 0 3.07824e-05 0 3.21011e-05 0 3.35705e-05 0 3.49817e-05 0 3.63822e-05 0 3.78263e-05 0 3.92544e-05 0 4.07244e-05 0 4.22371e-05 0 4.36619e-05 0 4.51239e-05 0
193.164 0.000170585 5.60162e-05 0.000114569 0.671623 0.157422 7.35917e-08 0 2.393e-07 0 7.18055e-07 0 1.32462e-06 0 2.02806e-06 0 2.80079e-06 0 3.63422e-06 0 4.5146e-06 0 5.44065e-06 0 6.40508e-06 0 7.41057e-06 0 8.43653e-06 0 9.49828e-06 0 1.06029e-05 0 1.16962e-05 0 1.28298e-05 0 1.39978e-05 0 1.51665e-05 0 1.63821e-05 0 1.75811e-05 0 1.87834e-05 0 2.00497e-05 0 2.13104e-05 0 2.25576e-05 0 2.38614e-05 0 2.51418e-05 0 2.64753e-05 0 2.7775e-05 0 2.91241e-05 0 3.05236e-05 0 3.18765e-05 0 3.31741e-05 0 3.4617e-05 0 3.59998e-05 0 3.73694e-05 0 3.8779e-05 0 4.01705e-05 0 4.16001e-05 0 4.30687e-05 0 4.44495e-05 0 4.58642e-05 0
203.079 0.000178114 4.87524e-05 0.000129362 0.726285 0.102305 1.03879e-07 0 3.18889e-07 0 9.0689e-07 0 1.62369e-06 0 2.4348e-06 0 3.30993e-06 0 4.2406e-06 0 5.2124e-06 0 6.22462e-06 0 7.2699e-06 0 8.35149e-06 0 9.44774e-06 0 1.05754e-05 0 1.1742e-05 0 1.2891e-05 0 1.40767e-05 0 1.5293e-05 0 1.65051e-05 0 1.77612e-05 0 1.89955e-05 0 2.02291e-05 0 2.15243e-05 0 2.28098e-05 0 2.40778e-05 0 2.53998e-05 0 2.66946e-05 0 2.80397e-05 0 2.93476e-05 0 3.07019e-05 0 3.21037e-05 0 3.34559e-05 0 3.47501e-05 0 3.61862e-05 0 3.756e-05 0 3.89181e-05 0 4.03133e-05 0 4.16881e-05 0 4.30982e-05 0 4.45442e-05 0 4.59018e-05 0 4.72904e-05 0
213.503 0.000179412 4.65447e-05 0.000132867 0.74057 0.0642384 1.55188e-07 0 4.51012e-07 0 1.21883e-06 0 2.12101e-06 0 3.11827e-06 0 4.17599e-06 0 5.28586e-06 0 6.43209e-06 0 7.61493e-06 0 8.82656e-06 0 1.00714e-05 0 1.1325e-05 0 1.26072e-05 0 1.39267e-05 0 1.52199e-05 0 1.65486e-05 0 1.79061e-05 0 1.92535e-05 0 2.06447e-05 0 2.20072e-05 0 2.33646e-05 0 2.47854e-05 0 2.61915e-05 0 2.75748e-05 0 2.9013e-05 0 3.04181e-05 0 3.18744e-05 0 3.32871e-05 0 3.47468e-05 0 3.62543e-05 0 3.77054e-05 0 3.90916e-05 0 4.0627e-05 0 4.20929e-05 0 4.35395e-05 0 4.5023e-05 0 4.64824e-05 0 4.7977e-05 0 4.9507e-05 0 5.09413e-05 0 5.24062e-05 0
224.463 0.000182503 5.09365e-05 0.000131566 0.7209 0.0550304 2.56846e-07 0 7.08566e-07 0 1.82414e-06 0 3.08968e-06 0 4.45773e-06 0 5.88531e-06 0 7.36428e-06 0 8.87579e-06 0 1.04218e-05 0 1.19934e-05 0 1.3597e-05 0 1.52023e-05 0 1.68351e-05 0 1.8507e-05 0 2.01382e-05 0 2.18071e-05 0 2.35054e-05 0 2.5185e-05 0 2.69131e-05 0 2.86001e-05 0 3.02757e-05 0 3.20245e-05 0 3.37504e-05 0 3.54439e-05 0 3.72003e-05 0 3.89122e-05 0 4.06824e-05 0 4.23958e-05 0 4.41625e-05 0 4.59834e-05 0 4.77326e-05 0 4.94005e-05 0 5.12446e-05 0 5.30021e-05 0 5.47335e-05 0 5.65062e-05 0 5.82474e-05 0 6.00277e-05 0 6.18476e-05 0 6.3551e-05 0 6.52884e-05 0
235.984 0.000195221 6.43992e-05 0.000130822 0.670122 0.101624 4.75447e-07 0 1.24823e-06 0 3.06848e-06 0 5.06535e-06 0 7.17861e-06 0 9.34993e-06 0 1.15723e-05 0 1.38211e-05 0 1.61019e-05 0 1.84034e-05 0 2.07369e-05 0 2.30593e-05 0 2.54093e-05 0 2.78042e-05 0 3.01305e-05 0 3.25012e-05 0 3.49045e-05 0 3.72731e-05 0 3.97021e-05 0 4.2066e-05 0 4.44073e-05 0 4.68441e-05 0 4.92427e-05 0 5.15904e-05 0 5.40197e-05 0 5.6382e-05 0 5.88194e-05 0 6.11739e-05 0 6.35966e-05 0 6.60888e-05 0 6.84783e-05 0 7.0753e-05 0 7.32635e-05 0 7.5652e-05 0 7.80013e-05 0 8.0403e-05 0 8.27584e-05 0 8.51631e-05 0 8.76178e-05 0 8.99122e-05 0 9.22495e-05 0
248.097 0.000209482 8.19108e-05 0.000127571 0.608983 0.226402 8.58517e-07 0 2.15019e-06 0 5.05871e-06 0 8.14896e-06 0 1.13539e-05 0 1.45987e-05 0 1.78817e-05 0 2.11724e-05 0 2.44834e-05 0 2.78014e-05 0 3.11446e-05 0 3.4454e-05 0 3.77863e-05 0 4.11667e-05 0 4.44368e-05 0 4.77567e-05 0 5.11104e-05 0 5.44045e-05 0 5.77722e-05 0 6.104e-05 0 6.42678e-05 0 6.76185e-05 0 7.09085e-05 0 7.41211e-05 0 7.74379e-05 0 8.06564e-05 0 8.39703e-05 0 8.71652e-05 0 9.04465e-05 0 9.38154e-05 0 9.704e-05 0 0.000100104 0 0.000103481 0 0.000106688 0 0.000109838 0 0.000113054 0 0.000116203 0 0.000119414 0 0.000122686 0 0.000125741 0 0.000128849 0
260.832 0.000181919 7.73322e-05 0.000104587 0.574909 0.384075 1.11743e-06 0 2.67599e-06 0 6.03827e-06 0 9.50326e-06 0 1.30284e-05 0 1.65477e-05 0 2.00695e-05 0 2.3568e-05 0 2.70614e-05 0 3.05391e-05 0 3.4023e-05 0 3.74536e-05 0 4.08919e-05 0 4.43648e-05 0 4.77113e-05 0 5.10964e-05 0 5.45044e-05 0 5.78415e-05 0 6.12429e-05 0 6.45343e-05 0 6.7777e-05 0 7.11349e-05 0 7.44241e-05 0 7.76288e-05 0 8.09304e-05 0 8.41277e-05 0 8.74134e-05 0 9.05751e-05 0 9.38165e-05 0 9.71386e-05 0 0.000100313 0 0.000103325 0 0.000106639 0 0.000109781 0 0.000112864 0 0.000116006 0 0.000119078 0 0.000122207 0 0.000125392 0 0.000128362 0 0.000131379 0
274.221 0.000120363 5.01602e-05 7.02026e-05 0.583259 0.467464 9.71754e-07 0 2.23002e-06 0 4.83607e-06 0 7.4447e-06 0 1.00504e-05 0 1.26174e-05 0 1.51597e-05 0 1.76635e-05 0 2.01458e-05 0 2.26014e-05 0 2.50478e-05 0 2.74449e-05 0 2.98367e-05 0 3.22428e-05 0 3.45526e-05 0 3.68812e-05 0 3.92179e-05 0 4.14992e-05 0 4.3818e-05 0 4.60558e-05 0 4.82552e-05 0 5.05273e-05 0 5.2748e-05 0 5.49071e-05 0 5.7127e-05 0 5.92726e-05 0 6.14734e-05 0 6.35874e-05 0 6.57511e-05 0 6.79649e-05 0 7.00768e-05 0 7.20778e-05 0 7.4276e-05 0 7.63578e-05 0 7.83967e-05 0 8.04723e-05 0 8.24997e-05 0 8.45614e-05 0 8.66576e-05 0 8.86098e-05 0 9.05913e-05 0
288.297 7.55353e-05 2.90144e-05 4.6521e-05 0.615884 0.457475 7.33882e-07 0 1.61724e-06 0 3.37723e-06 0 5.09076e-06 0 6.77283e-06 0 8.40905e-06 0 1.00135e-05 0 1.1581e-05 0 1.31243e-05 0 1.4642e-05 0 1.6146e-05 0 1.76129e-05 0 1.90704e-05 0 2.05309e-05 0 2.1928e-05 0 2.33319e-05 0 2.47365e-05 0 2.61038e-05 0 2.74899e-05 0 2.88243e-05 0 3.01327e-05 0 3.14814e-05 0 3.27967e-05 0 3.4073e-05 0 3.53828e-05 0 3.66464e-05 0 3.79403e-05 0 3.91811e-05 0 4.04489e-05 0 4.17441e-05 0 4.29778e-05 0 4.41451e-05 0 4.54256e-05 0 4.66367e-05 0 4.78212e-05 0 4.90256e-05 0 5.02006e-05 0 5.13941e-05 0 5.26062e-05 0 5.37336e-05 0 5.48769e-05 0
303.095 5.04968e-05 1.76154e-05 3.28814e-05 0.651157 0.40741 5.6724e-07 0 1.20274e-06 0 2.42309e-06 0 3.58022e-06 0 4.69746e-06 0 5.77125e-06 0 6.81432e-06 0 7.82555e-06 0 8.8147e-06 0 9.78196e-06 0 1.07358e-05 0 1.16619e-05 0 1.25784e-05 0 1.34934e-05 0 1.43658e-05 0 1.52398e-05 0 1.61116e-05 0 1.69581e-05 0 1.7814e-05 0 1.8636e-05 0 1.94403e-05 0 2.02676e-05 0 2.10728e-05 0 2.18527e-05 0 2.26515e-05 0 2.34209e-05 0 2.42074e-05 0 2.49604e-05 0 2.57286e-05 0 2.65123e-05 0 2.72577e-05 0 2.7962e-05 0 2.87336e-05 0 2.94624e-05 0 3.01745e-05 0 3.08976e-05 0 3.16022e-05 0 3.23171e-05 0 3.30424e-05 0 3.37163e-05 0 3.4399e-05 0
318.653 3.58659e-05 1.15508e-05 2.43151e-05 0.677945 0.352296 4.623e-07 0 9.44957e-07 0 1.83987e-06 0 2.66734e-06 0 3.4538e-06 0 4.20109e-06 0 4.92056e-06 0 5.61298e-06 0 6.28611e-06 0 6.94085e-06 0 7.58343e-06 0 8.20474e-06 0 8.81728e-06 0 9.42669e-06 0 1.00059e-05 0 1.05844e-05 0 1.116e-05 0 1.17174e-05 0 1.22797e-05 0 1.28185e-05 0 1.33445e-05 0 1.38846e-05 0 1.44092e-05 0 1.49165e-05 0 1.54351e-05 0 1.59339e-05 0 1.64429e-05 0 1.69295e-05 0 1.74253e-05 0 1.79303e-05 0 1.841e-05 0 1.88626e-05 0 1.9358e-05 0 1.98253e-05 0 2.02813e-05 0 2.07438e-05 0 2.11941e-05 0 2.16505e-05 0 2.21129e-05 0 2.25423e-05 0 2.29768e-05 0
335.009 2.64758e-05 7.98825e-06 1.84875e-05 0.698281 0.303315 3.88415e-07 0 7.66744e-07 0 1.44524e-06 0 2.05774e-06 0 2.63127e-06 0 3.17034e-06 0 3.68498e-06 0 4.17684e-06 0 4.65222e-06 0 5.11227e-06 0 5.56176e-06 0 5.99465e-06 0 6.4199e-06 0 6.84158e-06 0 7.24115e-06 0 7.63919e-06 0 8.03416e-06 0 8.41574e-06 0 8.79979e-06 0 9.16704e-06 0 9.52491e-06 0 9.8916e-06 0 1.02472e-05 0 1.05904e-05 0 1.09408e-05 0 1.12772e-05 0 1.162e-05 0 1.19473e-05 0 1.22802e-05 0 1.2619e-05 0 1.29403e-05 0 1.32432e-05 0 1.35742e-05 0 1.38862e-05 0 1.41902e-05 0 1.44983e-05 0 1.4798e-05 0 1.51014e-05 0 1.54085e-05 0 1.56934e-05 0 1.59814e-05 0
352.205 2.00772e-05 5.77507e-06 1.43021e-05 0.712357 0.262157 3.3382e-07 0 6.37501e-07 0 1.16516e-06 0 1.63077e-06 0 2.0606e-06 0 2.46049e-06 0 2.8392e-06 0 3.19879e-06 0 3.54441e-06 0 3.87728e-06 0 4.20114e-06 0 4.51187e-06 0 4.81608e-06 0 5.1168e-06 0 5.40094e-06 0 5.68327e-06 0 5.96274e-06 0 6.23211e-06 0 6.50267e-06 0 6.76086e-06 0 7.012e-06 0 7.26888e-06 0 7.51755e-06 0 7.75717e-06 0 8.00145e-06 0 8.23563e-06 0 8.47395e-06 0 8.70117e-06 0 8.93205e-06 0 9.16661e-06 0 9.38886e-06 0 9.59812e-06 0 9.82659e-06 0 1.00416e-05 0 1.0251e-05 0 1.0463e-05 0 1.0669e-05 0 1.08773e-05 0 1.1088e-05 0 1.12833e-05 0 1.14806e-05 0
370.284 1.5572e-05 4.38419e-06 1.11878e-05 0.718457 0.227934 2.95121e-07 0 5.46132e-07 0 9.69366e-07 0 1.33483e-06 0 1.66771e-06 0 1.9744e-06 0 2.26265e-06 0 2.53465e-06 0 2.79472e-06 0 3.04406e-06 0 3.28569e-06 0 3.5167e-06 0 3.74214e-06 0 3.96434e-06 0 4.17374e-06 0 4.38128e-06 0 4.58625e-06 0 4.78341e-06 0 4.98102e-06 0 5.16925e-06 0 5.35203e-06 0 5.53866e-06 0 5.71904e-06 0 5.89261e-06 0 6.06929e-06 0 6.23843e-06 0 6.41035e-06 0 6.57404e-06 0 6.74018e-06 0 6.90877e-06 0 7.06832e-06 0 7.2184e-06 0 7.38208e-06 0 7.53599e-06 0 7.68571e-06 0 7.83715e-06 0 7.98413e-06 0 8.13269e-06 0 8.28283e-06 0 8.42184e-06 0 8.56217e-06 0
389.291 1.22127e-05 3.39985e-06 8.81285e-06 0.721613 0.199319 2.61346e-07 0 4.69379e-07 0 8.10292e-07 0 1.09868e-06 0 1.35803e-06 0 1.59478e-06 0 1.81571e-06 0 2.02297e-06 0 2.22016e-06 0 2.40841e-06 0 2.59015e-06 0 2.76332e-06 0 2.93181e-06 0 3.09742e-06 0 3.25309e-06 0 3.40703e-06 0 3.55873e-06 0 3.70435e-06 0 3.85004e-06 0 3.98857e-06 0 4.12286e-06 0 4.25977e-06 0 4.3919e-06 0 4.51886e-06 0 4.64792e-06 0 4.77131e-06 0 4.89658e-06 0 5.01571e-06 0 5.13648e-06 0 5.2589e-06 0 5.37464e-06 0 5.4834e-06 0 5.6019e-06 0 5.71321e-06 0 5.82141e-06 0 5.93075e-06 0 6.03678e-06 0 6.14386e-06 0 6.25199e-06 0 6.35203e-06 0 6.45295e-06 0
409.273 9.68038e-06 2.70302e-06 6.97736e-06 0.720774 0.175179 2.32896e-07 0 4.06568e-07 0 6.83583e-07 0 9.13393e-07 0 1.11759e-06 0 1.30238e-06 0 1.47365e-06 0 1.63344e-06 0 1.78475e-06 0 1.92863e-06 0 2.06704e-06 0 2.19851e-06 0 2.32606e-06 0 2.45111e-06 0 2.56837e-06 0 2.68408e-06 0 2.79788e-06 0 2.9069e-06 0 3.01579e-06 0 3.11915e-06 0 3.2192e-06 0 3.32104e-06 0 3.4192e-06 0 3.51338e-06 0 3.60901e-06 0 3.70032e-06 0 3.79292e-06 0 3.88088e-06 0 3.96997e-06 0 4.06017e-06 0 4.14536e-06 0 4.22534e-06 0 4.31241e-06 0 4.39412e-06 0 4.47348e-06 0 4.55361e-06 0 4.63126e-06 0 4.70962e-06 0 4.78868e-06 0 4.86177e-06 0 4.93546e-06 0
430.281 7.74879e-06 2.19731e-06 5.55148e-06 0.716432 0.154686 2.08488e-07 0 3.54274e-07 0 5.80932e-07 0 7.65524e-07 0 9.27684e-07 0 1.07323e-06 0 1.20727e-06 0 1.33168e-06 0 1.44897e-06 0 1.56008e-06 0 1.66661e-06 0 1.76749e-06 0 1.86511e-06 0 1.96057e-06 0 2.0499e-06 0 2.13786e-06 0 2.22421e-06 0 2.30679e-06 0 2.38912e-06 0 2.46716e-06 0 2.54258e-06 0 2.61925e-06 0 2.69305e-06 0 2.76378e-06 0 2.8355e-06 0 2.90391e-06 0 2.97321e-06 0 3.03897e-06 0 3.10551e-06 0 3.17281e-06 0 3.23632e-06 0 3.29589e-06 0 3.36068e-06 0 3.42144e-06 0 3.4804e-06 0 3.53989e-06 0 3.5975e-06 0 3.65558e-06 0 3.71415e-06 0 3.76826e-06 0 3.82278e-06 0
452.368 6.23811e-06 1.8064e-06 4.43171e-06 0.710425 0.137096 1.85603e-07 0 3.07417e-07 0 4.92272e-07 0 6.4021e-07 0 7.68781e-07 0 8.83289e-07 0 9.88115e-07 0 1.08493e-06 0 1.17583e-06 0 1.26163e-06 0 1.34364e-06 0 1.42109e-06 0 1.49584e-06 0 1.56878e-06 0 1.63688e-06 0 1.70382e-06 0 1.76941e-06 0 1.83203e-06 0 1.89437e-06 0 1.95337e-06 0 2.01032e-06 0 2.06814e-06 0 2.12372e-06 0 2.17692e-06 0 2.23082e-06 0 2.28217e-06 0 2.33414e-06 0 2.3834e-06 0 2.4332e-06 0 2.48353e-06 0 2.53098e-06 0 2.57545e-06 0 2.62379e-06 0 2.66907e-06 0 2.71299e-06 0 2.75727e-06 0 2.80011e-06 0 2.84329e-06 0 2.88679e-06 0 2.92696e-06 0 2.9674e-06 0
475.588 5.06163e-06 1.51441e-06 3.54722e-06 0.700806 0.12189 1.65834e-07 0 2.68083e-07 0 4.19738e-07 0 5.39118e-07 0 6.41824e-07 0 7.32632e-07 0 8.15293e-07 0 8.91285e-07 0 9.62362e-07 0 1.02923e-06 0 1.09295e-06 0 1.15296e-06 0 1.21076e-06 0 1.26703e-06 0 1.31947e-06 0 1.37092e-06 0 1.42125e-06 0 1.46923e-06 0 1.51692e-06 0 1.56199e-06 0 1.60545e-06 0 1.64951e-06 0 1.69182e-06 0 1.73228e-06 0 1.77322e-06 0 1.81219e-06 0 1.85159e-06 0 1.88891e-06 0 1.92659e-06 0 1.96465e-06 0 2.0005e-06 0 2.03408e-06 0 2.07054e-06 0 2.10469e-06 0 2.13777e-06 0 2.17111e-06 0 2.20334e-06 0 2.23581e-06 0 2.2685e-06 0 2.29866e-06 0 2.32902e-06 0
500 4.12212e-06 1.27644e-06 2.84567e-06 0.690342 0.108639 1.46731e-07 0 2.31805e-07 0 3.55287e-07 0 4.50986e-07 0 5.32537e-07 0 6.0415e-07 0 6.68992e-07 0 7.28347e-07 0 7.83661e-07 0 8.35534e-07 0 8.84831e-07 0 9.31152e-07 0 9.7566e-07 0 1.01891e-06 0 1.05913e-06 0 1.09854e-06 0 1.13702e-06 0 1.17366e-06 0 1.21002e-06 0 1.24435e-06 0 1.2774e-06 0 1.31088e-06 0 1.34299e-06 0 1.37367e-06 0 1.40468e-06 0 1.43418e-06 0 1.46397e-06 0 1.49216e-06 0 1.52061e-06 0 1.54932e-06 0 1.57634e-06 0 1.60163e-06 0 1.62908e-06 0 1.65476e-06 0 1.67963e-06 0 1.70467e-06 0 1.72887e-06 0 1.75323e-06 0 1.77775e-06 0 1.80036e-06 0 1.8231e-06 0
525.665 3.38347e-06 1.09379e-06 2.28967e-06 0.676724 0.0970799 1.30112e-07 0 2.01116e-07 0 3.02097e-07 0 3.79218e-07 0 4.44352e-07 0 5.01181e-07 0 5.52383e-07 0 5.99062e-07 0 6.42416e-07 0 6.82953e-07 0 7.2138e-07 0 7.57404e-07 0 7.91946e-07 0 8.25447e-07 0 8.56557e-07 0 8.86982e-07 0 9.16654e-07 0 9.44862e-07 0 9.72829e-07 0 9.99195e-07 0 1.02455e-06 0 1.05022e-06 0 1.0748e-06 0 1.09827e-06 0 1.12197e-06 0 1.14449e-06 0 1.16722e-06 0 1.18872e-06 0 1.21039e-06 0 1.23225e-06 0 1.2528e-06 0 1.27203e-06 0 1.29288e-06 0 1.31238e-06 0 1.33125e-06 0 1.35025e-06 0 1.36859e-06 0 1.38705e-06 0 1.40561e-06 0 1.42272e-06 0 1.43992e-06 0
552.648 2.78677e-06 9.41717e-07 1.84505e-06 0.662075 0.0868914 1.14356e-07 0 1.7315e-07 0 2.55178e-07 0 3.16964e-07 0 3.6871e-07 0 4.13588e-07 0 4.53834e-07 0 4.90387e-07 0 5.24228e-07 0 5.55785e-07 0 5.85627e-07 0 6.13543e-07 0 6.40261e-07 0 6.66127e-07 0 6.9011e-07 0 7.1353e-07 0 7.3634e-07 0 7.57997e-07 0 7.79443e-07 0 7.99641e-07 0 8.19047e-07 0 8.38665e-07 0 8.57443e-07 0 8.75351e-07 0 8.93423e-07 0 9.10583e-07 0 9.27887e-07 0 9.4424e-07 0 9.60718e-07 0 9.7732e-07 0 9.92928e-07 0 1.00752e-06 0 1.02333e-06 0 1.03811e-06 0 1.0524e-06 0 1.06678e-06 0 1.08066e-06 0 1.09462e-06 0 1.10865e-06 0 1.12158e-06 0 1.13457e-06 0
581.015 2.30831e-06 8.19591e-07 1.48872e-06 0.644938 0.0778782 1.00302e-07 0 1.48931e-07 0 2.15565e-07 0 2.6511e-07 0 3.06279e-07 0 3.41784e-07 0 3.73486e-07 0 4.02178e-07 0 4.28663e-07 0 4.53297e-07 0 4.7654e-07 0 4.98241e-07 0 5.18972e-07 0 5.39011e-07 0 5.57563e-07 0 5.75656e-07 0 5.93255e-07 0 6.09945e-07 0 6.26455e-07 0 6.41987e-07 0 6.56897e-07 0 6.71955e-07 0 6.86357e-07 0 7.0008e-07 0 7.13919e-07 0 7.27049e-07 0 7.4028e-07 0 7.52776e-07 0 7.65359e-07 0 7.78029e-07 0 7.89933e-07 0 8.01053e-07 0 8.13099e-07 0 8.24352e-07 0 8.35231e-07 0 8.46168e-07 0 8.56721e-07 0 8.67328e-07 0 8.77986e-07 0 8.87803e-07 0 8.97662e-07 0
610.839 1.91988e-06 7.16595e-07 1.20328e-06 0.62675 0.0698995 8.73102e-08 0 1.27268e-07 0 1.81102e-07 0 2.20646e-07 0 2.53264e-07 0 2.81246e-07 0 3.06131e-07 0 3.28579e-07 0 3.49244e-07 0 3.68419e-07 0 3.86474e-07 0 4.03299e-07 0 4.19347e-07 0 4.34835e-07 0 4.49155e-07 0 4.63102e-07 0 4.76653e-07 0 4.89491e-07 0 5.02176e-07 0 5.14099e-07 0 5.25535e-07 0 5.37075e-07 0 5.48103e-07 0 5.58603e-07 0 5.69184e-07 0 5.79217e-07 0 5.8932e-07 0 5.98855e-07 0 6.08452e-07 0 6.1811e-07 0 6.27177e-07 0 6.35644e-07 0 6.44812e-07 0 6.53371e-07 0 6.61642e-07 0 6.69953e-07 0 6.7797e-07 0 6.86023e-07 0 6.94112e-07 0 7.01559e-07 0 7.09036e-07 0
642.193 1.60566e-06 6.3147e-07 9.74194e-07 0.606723 0.0628201 7.5722e-08 0 1.08467e-07 0 1.51889e-07 0 1.83424e-07 0 2.09259e-07 0 2.31314e-07 0 2.50854e-07 0 2.68426e-07 0 2.84561e-07 0 2.995e-07 0 3.1354e-07 0 3.26601e-07 0 3.39039e-07 0 3.51027e-07 0 3.62096e-07 0 3.72866e-07 0 3.83317e-07 0 3.93209e-07 0 4.02974e-07 0 4.12144e-07 0 4.20932e-07 0 4.29794e-07 0 4.38256e-07 0 4.46308e-07 0 4.54416e-07 0 4.62099e-07 0 4.69832e-07 0 4.77126e-07 0 4.84463e-07 0 4.91842e-07 0 4.98767e-07 0 5.0523e-07 0 5.12225e-07 0 5.18752e-07 0 5.25057e-07 0 5.3139e-07 0 5.37496e-07 0 5.43627e-07 0 5.49784e-07 0 5.55449e-07 0 5.61136e-07 0
675.157 1.34907e-06 5.59699e-07 7.8937e-07 0.585122 0.0565015 6.53393e-08 0 9.2065e-08 0 1.26983e-07 0 1.52075e-07 0 1.725e-07 0 1.89858e-07 0 2.05182e-07 0 2.18925e-07 0 2.31513e-07 0 2.43145e-07 0 2.54056e-07 0 2.64192e-07 0 2.7383e-07 0 2.83107e-07 0 2.91663e-07 0 2.99979e-07 0 3.08042e-07 0 3.15665e-07 0 3.23184e-07 0 3.30239e-07 0 3.36996e-07 0 3.43804e-07 0 3.503e-07 0 3.56478e-07 0 3.62695e-07 0 3.68583e-07 0 3.74506e-07 0 3.80089e-07 0 3.85702e-07 0 3.91346e-07 0 3.96639e-07 0 4.01577e-07 0 4.06919e-07 0 4.11901e-07 0 4.16713e-07 0 4.21543e-07 0 4.26199e-07 0 4.30873e-07 0 4.35564e-07 0 4.39879e-07 0 4.44209e-07 0
709.813 1.13889e-06 4.98812e-07 6.40078e-07 0.562019 0.0508521 5.61104e-08 0 7.78417e-08 0 1.05844e-07 0 1.25768e-07 0 1.41891e-07 0 1.55534e-07 0 1.67541e-07 0 1.78279e-07 0 1.88095e-07 0 1.97147e-07 0 2.05624e-07 0 2.13488e-07 0 2.20955e-07 0 2.28135e-07 0 2.34749e-07 0 2.41171e-07 0 2.47392e-07 0 2.53268e-07 0 2.5906e-07 0 2.64491e-07 0 2.69688e-07 0 2.74921e-07 0 2.79912e-07 0 2.84655e-07 0 2.89425e-07 0 2.93941e-07 0 2.9848e-07 0 3.02758e-07 0 3.07057e-07 0 3.11376e-07 0 3.15426e-07 0 3.19202e-07 0 3.23286e-07 0 3.27094e-07 0 3.30769e-07 0 3.34458e-07 0 3.38012e-07 0 3.41578e-07 0 3.45157e-07 0 3.48448e-07 0 3.51749e-07 0
746.248 9.66238e-07 4.46448e-07 5.1979e-07 0.537952 0.0458047 4.79237e-08 0 6.55172e-08 0 8.78971e-08 0 1.03675e-07 0 1.16372e-07 0 1.27074e-07 0 1.36465e-07 0 1.44843e-07 0 1.52485e-07 0 1.59521e-07 0 1.66101e-07 0 1.72195e-07 0 1.77976e-07 0 1.83527e-07 0 1.88637e-07 0 1.93593e-07 0 1.9839e-07 0 2.02918e-07 0 2.07377e-07 0 2.11556e-07 0 2.15552e-07 0 2.19573e-07 0 2.23406e-07 0 2.27047e-07 0 2.30707e-07 0 2.34169e-07 0 2.37649e-07 0 2.40926e-07 0 2.44218e-07 0 2.47524e-07 0 2.50623e-07 0 2.53511e-07 0 2.56634e-07 0 2.59544e-07 0 2.62352e-07 0 2.6517e-07 0 2.67884e-07 0 2.70606e-07 0 2.73337e-07 0 2.75848e-07 0 2.78365e-07 0
784.553 8.23617e-07 4.01209e-07 4.22408e-07 0.51287 0.0412797 4.07241e-08 0 5.49111e-08 0 7.27424e-08 0 8.52063e-08 0 9.51854e-08 0 1.03567e-07 0 1.109e-07 0 1.17428e-07 0 1.23372e-07 0 1.28835e-07 0 1.33937e-07 0 1.38656e-07 0 1.43128e-07 0 1.47418e-07 0 1.51363e-07 0 1.55186e-07 0 1.58884e-07 0 1.62371e-07 0 1.65804e-07 0 1.69018e-07 0 1.7209e-07 0 1.7518e-07 0 1.78124e-07 0 1.80918e-07 0 1.83726e-07 0 1.86381e-07 0 1.89048e-07 0 1.9156e-07 0 1.94081e-07 0 1.96612e-07 0 1.98984e-07 0 2.01194e-07 0 2.03582e-07 0 2.05807e-07 0 2.07953e-07 0 2.10106e-07 0 2.12179e-07 0 2.14258e-07 0 2.16343e-07 0 2.1826e-07 0 2.20181e-07 0
824.824 7.05224e-07 3.61775e-07 3.43449e-07 0.487007 0.0372209 3.44253e-08 0 4.58187e-08 0 5.99799e-08 0 6.98003e-08 0 7.76258e-08 0 8.41766e-08 0 8.98932e-08 0 9.4972e-08 0 9.95879e-08 0 1.03824e-07 0 1.07775e-07 0 1.11426e-07 0 1.14882e-07 0 1.18194e-07 0 1.21237e-07 0 1.24184e-07 0 1.27032e-07 0 1.29717e-07 0 1.32357e-07 0 1.34828e-07 0 1.37189e-07 0 1.39562e-07 0 1.41822e-07 0 1.43966e-07 0 1.46119e-07 0 1.48155e-07 0 1.50199e-07 0 1.52122e-07 0 1.54053e-07 0 1.55991e-07 0 1.57806e-07 0 1.59496e-07 0 1.61323e-07 0 1.63024e-07 0 1.64664e-07 0 1.66309e-07 0 1.67893e-07 0 1.69481e-07 0 1.71073e-07 0 1.72535e-07 0 1.74001e-07 0
867.163 6.06065e-07 3.26656e-07 2.79409e-07 0.461021 0.033576 2.89044e-08 0 3.80031e-08 0 4.91958e-08 0 5.69008e-08 0 6.30139e-08 0 6.81154e-08 0 7.25569e-08 0 7.64952e-08 0 8.00689e-08 0 8.33445e-08 0 8.63955e-08 0 8.92119e-08 0 9.18752e-08 0 9.44256e-08 0 9.6767e-08 0 9.90331e-08 0 1.01221e-07 0 1.03283e-07 0 1.0531e-07 0 1.07205e-07 0 1.09015e-07 0 1.10834e-07 0 1.12564e-07 0 1.14206e-07 0 1.15854e-07 0 1.17412e-07 0 1.18975e-07 0 1.20446e-07 0 1.21921e-07 0 1.23402e-07 0 1.24788e-07 0 1.26079e-07 0 1.27473e-07 0 1.28771e-07 0 1.30023e-07 0 1.31277e-07 0 1.32485e-07 0 1.33695e-07 0 1.34909e-07 0 1.36023e-07 0 1.37141e-07 0
911.674 5.22856e-07 2.95265e-07 2.27591e-07 0.435284 0.0303064 2.41104e-08 0 3.13375e-08 0 4.01433e-08 0 4.61642e-08 0 5.09219e-08 0 5.48811e-08 0 5.83205e-08 0 6.13649e-08 0 6.41235e-08 0 6.66487e-08 0 6.89983e-08 0 7.1165e-08 0 7.32123e-08 0 7.51712e-08 0 7.69683e-08 0 7.87064e-08 0 8.03839e-08 0 8.19634e-08 0 8.35152e-08 0 8.4966e-08 0 8.63506e-08 0 8.77412e-08 0 8.90642e-08 0 9.03185e-08 0 9.15775e-08 0 9.27666e-08 0 9.39597e-08 0 9.50819e-08 0 9.62075e-08 0 9.73365e-08 0 9.83932e-08 0 9.93771e-08 0 1.00439e-07 0 1.01428e-07 0 1.02382e-07 0 1.03337e-07 0 1.04256e-07 0 1.05177e-07 0 1.06101e-07 0 1.06949e-07 0 1.07798e-07 0
958.471 4.5318e-07 2.67735e-07 1.85445e-07 0.409209 0.027366 2.00307e-08 0 2.57551e-08 0 3.26685e-08 0 3.7366e-08 0 4.10642e-08 0 4.41337e-08 0 4.67949e-08 0 4.91466e-08 0 5.12747e-08 0 5.32206e-08 0 5.50292e-08 0 5.66957e-08 0 5.8269e-08 0 5.97733e-08 0 6.11525e-08 0 6.24856e-08 0 6.37715e-08 0 6.49816e-08 0 6.617e-08 0 6.72805e-08 0 6.83399e-08 0 6.94035e-08 0 7.04149e-08 0 7.13736e-08 0 7.23355e-08 0 7.32437e-08 0 7.41547e-08 0 7.50113e-08 0 7.58703e-08 0 7.67316e-08 0 7.75376e-08 0 7.82878e-08 0 7.90976e-08 0 7.98514e-08 0 8.05777e-08 0 8.13056e-08 0 8.20058e-08 0 8.27074e-08 0 8.34103e-08 0 8.40559e-08 0 8.47025e-08 0
1007.67 3.93952e-07 2.42821e-07 1.51131e-07 0.383628 0.0247149 1.65327e-08 0 2.10429e-08 0 2.64455e-08 0 3.00952e-08 0 3.29589e-08 0 3.53299e-08 0 3.73818e-08 0 3.91924e-08 0 4.08289e-08 0 4.23235e-08 0 4.37116e-08 0 4.49895e-08 0 4.6195e-08 0 4.7347e-08 0 4.84024e-08 0 4.94221e-08 0 5.04052e-08 0 5.13299e-08 0 5.22375e-08 0 5.30854e-08 0 5.38939e-08 0 5.47053e-08 0 5.54768e-08 0 5.62077e-08 0 5.69408e-08 0 5.76328e-08 0 5.83268e-08 0 5.89791e-08 0 5.96331e-08 0 6.02887e-08 0 6.0902e-08 0 6.14728e-08 0 6.20888e-08 0 6.2662e-08 0 6.32143e-08 0 6.37676e-08 0 6.42998e-08 0 6.48329e-08 0 6.5367e-08 0 6.58574e-08 0 6.63486e-08 0
1059.39 3.44631e-07 2.21393e-07 1.23237e-07 0.357592 0.0223235 1.36312e-08 0 1.71853e-08 0 2.14107e-08 0 2.42501e-08 0 2.64709e-08 0 2.83057e-08 0 2.98908e-08 0 3.12877e-08 0 3.25487e-08 0 3.36994e-08 0 3.47671e-08 0 3.57493e-08 0 3.66754e-08 0 3.75597e-08 0 3.83695e-08 0 3.91514e-08 0 3.99049e-08 0 4.06134e-08 0 4.13086e-08 0 4.19577e-08 0 4.25765e-08 0 4.31973e-08 0 4.37873e-08 0 4.43461e-08 0 4.49065e-08 0 4.54353e-08 0 4.59655e-08 0 4.64638e-08 0 4.69632e-08 0 4.74637e-08 0 4.79318e-08 0 4.83674e-08 0 4.88374e-08 0 4.92747e-08 0 4.96959e-08 0 5.01179e-08 0 5.05236e-08 0 5.09301e-08 0 5.13371e-08 0 5.17108e-08 0 5.20851e-08 0
1113.77 3.02242e-07 2.01689e-07 1.00553e-07 0.33269 0.0201693 1.1163e-08 0 1.39482e-08 0 1.72367e-08 0 1.94357e-08 0 2.11507e-08 0 2.25647e-08 0 2.37845e-08 0 2.4858e-08 0 2.58262e-08 0 2.67089e-08 0 2.75272e-08 0 2.82796e-08 0 2.89884e-08 0 2.9665e-08 0 3.02842e-08 0 3.08819e-08 0 3.14576e-08 0 3.19987e-08 0 3.25294e-08 0 3.30248e-08 0 3.34969e-08 0 3.39704e-08 0 3.44202e-08 0 3.48462e-08 0 3.52733e-08 0 3.56762e-08 0 3.60801e-08 0 3.64595e-08 0 3.68398e-08 0 3.72208e-08 0 3.75771e-08 0 3.79086e-08 0 3.82661e-08 0 3.85988e-08 0 3.89191e-08 0 3.924e-08 0 3.95485e-08 0 3.98575e-08 0 4.01669e-08 0 4.04509e-08 0 4.07353e-08 0
1170.94 2.65538e-07 1.83489e-07 8.20482e-08 0.308989 0.0182248 9.07839e-09 0 1.12487e-08 0 1.37948e-08 0 1.54899e-08 0 1.68083e-08 0 1.78934e-08 0 1.88281e-08 0 1.96498e-08 0 2.03901e-08 0 2.10646e-08 0 2.16894e-08 0 2.22635e-08 0 2.28041e-08 0 2.33198e-08 0 2.37916e-08 0 2.42468e-08 0 2.46851e-08 0 2.50968e-08 0 2.55006e-08 0 2.58773e-08 0 2.62363e-08 0 2.65962e-08 0 2.6938e-08 0 2.72617e-08 0 2.7586e-08 0 2.7892e-08 0 2.81986e-08 0 2.84866e-08 0 2.87752e-08 0 2.90643e-08 0 2.93346e-08 0 2.9586e-08 0 2.98572e-08 0 3.01094e-08 0 3.03523e-08 0 3.05956e-08 0 3.08294e-08 0 3.10635e-08 0 3.1298e-08 0 3.15131e-08 0 3.17286e-08 0
1231.05 2.34041e-07 1.67077e-07 6.69637e-08 0.28612 0.0164731 7.35084e-09 0 9.03673e-09 0 1.1003e-08 0 1.23067e-08 0 1.33183e-08 0 1.41494e-08 0 1.48644e-08 0 1.54923e-08 0 1.60576e-08 0 1.65721e-08 0 1.70486e-08 0 1.7486e-08 0 1.78978e-08 0 1.82904e-08 0 1.86494e-08 0 1.89957e-08 0 1.93289e-08 0 1.96419e-08 0 1.99488e-08 0 2.0235e-08 0 2.05076e-08 0 2.07809e-08 0 2.10404e-08 0 2.12861e-08 0 2.15322e-08 0 2.17643e-08 0 2.19969e-08 0 2.22153e-08 0 2.24341e-08 0 2.26533e-08 0 2.28582e-08 0 2.30487e-08 0 2.32542e-08 0 2.34453e-08 0 2.36293e-08 0 2.38136e-08 0 2.39907e-08 0 2.4168e-08 0 2.43455e-08 0 2.45084e-08 0 2.46715e-08 0
1294.24 2.07743e-07 1.53048e-07 5.46951e-08 0.263283 0.0148928 5.95842e-09 0 7.27108e-09 0 8.79389e-09 0 9.79972e-09 0 1.05785e-08 0 1.12173e-08 0 1.17663e-08 0 1.22479e-08 0 1.26811e-08 0 1.30752e-08 0 1.34399e-08 0 1.37746e-08 0 1.40894e-08 0 1.43895e-08 0 1.46639e-08 0 1.49284e-08 0 1.51828e-08 0 1.54218e-08 0 1.56559e-08 0 1.58743e-08 0 1.60822e-08 0 1.62907e-08 0 1.64885e-08 0 1.66758e-08 0 1.68633e-08 0 1.70402e-08 0 1.72174e-08 0 1.73838e-08 0 1.75504e-08 0 1.77173e-08 0 1.78733e-08 0 1.80184e-08 0 1.81748e-08 0 1.83202e-08 0 1.84603e-08 0 1.86004e-08 0 1.87352e-08 0 1.887e-08 0 1.90051e-08 0 1.9129e-08 0 1.9253e-08 0
1360.67 1.84809e-07 1.40131e-07 4.46783e-08 0.241753 0.0134647 4.80529e-09 0 5.82345e-09 0 6.99882e-09 0 7.77249e-09 0 8.37032e-09 0 8.86003e-09 0 9.28036e-09 0 9.64885e-09 0 9.98006e-09 0 1.02812e-08 0 1.05597e-08 0 1.08151e-08 0 1.10553e-08 0 1.12842e-08 0 1.14934e-08 0 1.1695e-08 0 1.18889e-08 0 1.20709e-08 0 1.22492e-08 0 1.24154e-08 0 1.25737e-08 0 1.27323e-08 0 1.28829e-08 0 1.30253e-08 0 1.3168e-08 0 1.33025e-08 0 1.34373e-08 0 1.35638e-08 0 1.36904e-08 0 1.38173e-08 0 1.39358e-08 0 1.4046e-08 0 1.41649e-08 0 1.42754e-08 0 1.43817e-08 0 1.44882e-08 0 1.45905e-08 0 1.46929e-08 0 1.47954e-08 0 1.48895e-08 0 1.49836e-08 0
1430.51 1.64589e-07 1.28093e-07 3.64952e-08 0.221736 0.0121741 3.85223e-09 0 4.63823e-09 0 5.54154e-09 0 6.13426e-09 0 6.59142e-09 0 6.96542e-09 0 7.28613e-09 0 7.56705e-09 0 7.81939e-09 0 8.04866e-09 0 8.26062e-09 0 8.45495e-09 0 8.63764e-09 0 8.81163e-09 0 8.97058e-09 0 9.12372e-09 0 9.271e-09 0 9.4092e-09 0 9.54458e-09 0 9.67077e-09 0 9.79089e-09 0 9.91122e-09 0 1.00254e-08 0 1.01335e-08 0 1.02417e-08 0 1.03437e-08 0 1.04458e-08 0 1.05417e-08 0 1.06377e-08 0 1.07338e-08 0 1.08236e-08 0 1.09071e-08 0 1.09972e-08 0 1.10808e-08 0 1.11614e-08 0 1.1242e-08 0 1.13195e-08 0 1.1397e-08 0 1.14746e-08 0 1.15459e-08 0 1.16171e-08 0
1503.94 1.46756e-07 1.16942e-07 2.98146e-08 0.203158 0.0110082 3.0718e-09 0 3.67612e-09 0 4.36777e-09 0 4.82031e-09 0 5.16877e-09 0 5.4535e-09 0 5.69744e-09 0 5.91097e-09 0 6.10266e-09 0 6.27674e-09 0 6.43759e-09 0 6.58502e-09 0 6.72356e-09 0 6.85547e-09 0 6.97593e-09 0 7.09197e-09 0 7.20353e-09 0 7.30821e-09 0 7.41071e-09 0 7.50624e-09 0 7.59716e-09 0 7.68823e-09 0 7.77464e-09 0 7.85637e-09 0 7.93822e-09 0 8.01536e-09 0 8.0926e-09 0 8.1651e-09 0 8.23768e-09 0 8.31035e-09 0 8.37824e-09 0 8.44135e-09 0 8.50939e-09 0 8.57262e-09 0 8.63348e-09 0 8.69439e-09 0 8.75291e-09 0 8.81149e-09 0 8.87011e-09 0 8.92388e-09 0 8.9777e-09 0
1581.14 1.32107e-07 1.07733e-07 2.43739e-08 0.184501 0.00995557 2.46239e-09 0 2.93005e-09 0 3.46328e-09 0 3.81125e-09 0 4.07878e-09 0 4.29716e-09 0 4.48409e-09 0 4.64761e-09 0 4.79433e-09 0 4.92751e-09 0 5.05052e-09 0 5.16322e-09 0 5.2691e-09 0 5.36987e-09 0 5.46189e-09 0 5.55049e-09 0 5.63567e-09 0 5.71556e-09 0 5.79379e-09 0 5.86668e-09 0 5.93604e-09 0 6.0055e-09 0 6.07141e-09 0 6.13373e-09 0 6.19614e-09 0 6.25495e-09 0 6.31382e-09 0 6.36908e-09 0 6.42439e-09 0 6.47977e-09 0 6.5315e-09 0 6.57958e-09 0 6.63141e-09 0 6.67957e-09 0 6.72592e-09 0 6.77231e-09 0 6.81688e-09 0 6.86148e-09 0 6.90612e-09 0 6.94706e-09 0 6.98803e-09 0
1662.3 1.19042e-07 9.91183e-08 1.99237e-08 0.167367 0.0090036 1.96426e-09 0 2.32482e-09 0 2.73455e-09 0 3.00129e-09 0 3.20608e-09 0 3.37307e-09 0 3.51592e-09 0 3.6408e-09 0 3.7528e-09 0 3.85441e-09 0 3.94824e-09 0 4.03417e-09 0 4.11488e-09 0 4.19167e-09 0 4.26178e-09 0 4.32927e-09 0 4.39414e-09 0 4.45497e-09 0 4.51452e-09 0 4.57001e-09 0 4.62279e-09 0 4.67565e-09 0 4.72579e-09 0 4.77321e-09 0 4.82068e-09 0 4.8654e-09 0 4.91018e-09 0 4.9522e-09 0 4.99425e-09 0 5.03635e-09 0 5.07568e-09 0 5.11223e-09 0 5.15162e-09 0 5.18822e-09 0 5.22345e-09 0 5.2587e-09 0 5.29256e-09 0 5.32645e-09 0 5.36036e-09 0 5.39147e-09 0 5.42259e-09 0
1747.63 1.07321e-07 9.10367e-08 1.62841e-08 0.151733 0.00814266 1.55899e-09 0 1.83592e-09 0 2.14962e-09 0 2.35341e-09 0 2.50966e-09 0 2.63697e-09 0 2.7458e-09 0 2.84089e-09 0 2.92612e-09 0 3.00343e-09 0 3.07478e-09 0 3.14012e-09 0 3.20146e-09 0 3.25982e-09 0 3.31308e-09 0 3.36435e-09 0 3.41361e-09 0 3.45981e-09 0 3.50502e-09 0 3.54714e-09 0 3.58721e-09 0 3.62732e-09 0 3.66537e-09 0 3.70135e-09 0 3.73736e-09 0 3.77129e-09 0 3.80525e-09 0 3.83711e-09 0 3.86901e-09 0 3.90093e-09 0 3.93075e-09 0 3.95846e-09 0 3.98832e-09 0 4.01607e-09 0 4.04277e-09 0 4.06949e-09 0 4.09516e-09 0 4.12084e-09 0 4.14653e-09 0 4.1701e-09 0 4.19369e-09 0
1837.33 9.67698e-08 8.3455e-08 1.33148e-08 0.137592 0.00736521 1.23111e-09 0 1.44299e-09 0 1.68232e-09 0 1.83748e-09 0 1.95632e-09 0 2.05306e-09 0 2.1357e-09 0 2.20788e-09 0 2.27255e-09 0 2.33119e-09 0 2.3853e-09 0 2.43483e-09 0 2.48132e-09 0 2.52554e-09 0 2.56589e-09 0 2.60472e-09 0 2.64203e-09 0 2.677e-09 0 2.71124e-09 0 2.74312e-09 0 2.77344e-09 0 2.8038e-09 0 2.83259e-09 0 2.85981e-09 0 2.88706e-09 0 2.91273e-09 0 2.93842e-09 0 2.96252e-09 0 2.98664e-09 0 3.01078e-09 0 3.03333e-09 0 3.05428e-09 0 3.07686e-09 0 3.09784e-09 0 3.11802e-09 0 3.13822e-09 0 3.15762e-09 0 3.17703e-09 0 3.19645e-09 0 3.21427e-09 0 3.23209e-09 0
1931.64 8.72231e-08 7.63325e-08 1.08906e-08 0.124859 0.00666292 9.67152e-10 0 1.1286e-09 0 1.3105e-09 0 1.42821e-09 0 1.51827e-09 0 1.59154e-09 0 1.65409e-09 0 1.7087e-09 0 1.75761e-09 0 1.80194e-09 0 1.84283e-09 0 1.88026e-09 0 1.91538e-09 0 1.94878e-09 0 1.97925e-09 0 2.00857e-09 0 2.03674e-09 0 2.06314e-09 0 2.08897e-09 0 2.11304e-09 0 2.13592e-09 0 2.15882e-09 0 2.18055e-09 0 2.20108e-09 0 2.22163e-09 0 2.24099e-09 0 2.26036e-09 0 2.27854e-09 0 2.29673e-09 0 2.31493e-09 0 2.33193e-09 0 2.34772e-09 0 2.36474e-09 0 2.38056e-09 0 2.39577e-09 0 2.41099e-09 0 2.42562e-09 0 2.44024e-09 0 2.45488e-09 0 2.4683e-09 0 2.48173e-09 0
2030.79 7.88098e-08 6.99037e-08 8.9061e-09 0.113008 0.00602714 7.58624e-10 0 8.816e-10 0 1.01982e-09 0 1.10913e-09 0 1.17739e-09 0 1.23288e-09 0 1.28024e-09 0 1.32156e-09 0 1.35856e-09 0 1.39208e-09 0 1.423e-09 0 1.45129e-09 0 1.47784e-09 0 1.50308e-09 0 1.5261e-09 0 1.54825e-09 0 1.56952e-09 0 1.58946e-09 0 1.60897e-09 0 1.62713e-09 0 1.64441e-09 0 1.6617e-09 0 1.67809e-09 0 1.69359e-09 0 1.7091e-09 0 1.72371e-09 0 1.73833e-09 0 1.75204e-09 0 1.76576e-09 0 1.7795e-09 0 1.79232e-09 0 1.80423e-09 0 1.81707e-09 0 1.829e-09 0 1.84047e-09 0 1.85195e-09 0 1.86298e-09 0 1.87401e-09 0 1.88505e-09 0 1.89517e-09 0 1.90529e-09 0
2135.03 7.17448e-08 6.44633e-08 7.28153e-09 0.101492 0.00545124 5.97659e-10 0 6.91845e-10 0 7.97481e-10 0 8.65629e-10 0 9.17673e-10 0 9.59956e-10 0 9.96023e-10 0 1.02748e-09 0 1.05564e-09 0 1.08115e-09 0 1.10468e-09 0 1.12619e-09 0 1.14638e-09 0 1.16557e-09 0 1.18307e-09 0 1.1999e-09 0 1.21607e-09 0 1.23122e-09 0 1.24605e-09 0 1.25985e-09 0 1.27297e-09 0 1.28611e-09 0 1.29856e-09 0 1.31033e-09 0 1.32211e-09 0 1.33321e-09 0 1.34431e-09 0 1.35472e-09 0 1.36514e-09 0 1.37556e-09 0 1.3853e-09 0 1.39434e-09 0 1.40409e-09 0 1.41314e-09 0 1.42185e-09 0 1.43057e-09 0 1.43893e-09 0 1.44731e-09 0 1.45568e-09 0 1.46336e-09 0 1.47105e-09 0
2244.63 6.52989e-08 5.93414e-08 5.95742e-09 0.0912331 0.00493151 4.68876e-10 0 5.40787e-10 0 6.21283e-10 0 6.73142e-10 0 7.12715e-10 0 7.44849e-10 0 7.72247e-10 0 7.96137e-10 0 8.17516e-10 0 8.36879e-10 0 8.54728e-10 0 8.71053e-10 0 8.86365e-10 0 9.0092e-10 0 9.14192e-10 0 9.26958e-10 0 9.39216e-10 0 9.50704e-10 0 9.61941e-10 0 9.72403e-10 0 9.82349e-10 0 9.92304e-10 0 1.00174e-09 0 1.01066e-09 0 1.01958e-09 0 1.02799e-09 0 1.0364e-09 0 1.04429e-09 0 1.05218e-09 0 1.06008e-09 0 1.06745e-09 0 1.0743e-09 0 1.08168e-09 0 1.08854e-09 0 1.09513e-09 0 1.10173e-09 0 1.10807e-09 0 1.11441e-09 0 1.12075e-09 0 1.12657e-09 0 1.13238e-09 0
2359.84 5.93815e-08 5.45077e-08 4.87381e-09 0.0820763 0.00446134 3.66207e-10 0 4.20924e-10 0 4.82065e-10 0 5.21407e-10 0 5.51407e-10 0 5.75754e-10 0 5.96506e-10 0 6.14595e-10 0 6.30779e-10 0 6.45433e-10 0 6.58939e-10 0 6.7129e-10 0 6.82874e-10 0 6.93882e-10 0 7.03919e-10 0 7.13573e-10 0 7.22841e-10 0 7.31526e-10 0 7.40021e-10 0 7.47929e-10 0 7.55447e-10 0 7.62971e-10 0 7.70103e-10 0 7.76843e-10 0 7.83587e-10 0 7.89938e-10 0 7.96292e-10 0 8.02252e-10 0 8.08214e-10 0 8.1418e-10 0 8.19751e-10 0 8.24925e-10 0 8.305e-10 0 8.35679e-10 0 8.40661e-10 0 8.45644e-10 0 8.5043e-10 0 8.55217e-10 0 8.60006e-10 0 8.64397e-10 0 8.6879e-10 0
2480.97 5.39513e-08 4.99647e-08 3.98655e-09 0.0738917 0.00403587 2.84818e-10 0 3.26321e-10 0 3.72622e-10 0 4.02381e-10 0 4.25059e-10 0 4.43456e-10 0 4.5913e-10 0 4.7279e-10 0 4.85008e-10 0 4.96069e-10 0 5.06262e-10 0 5.15581e-10 0 5.24321e-10 0 5.32625e-10 0 5.40196e-10 0 5.47477e-10 0 5.54467e-10 0 5.61016e-10 0 5.67421e-10 0 5.73384e-10 0 5.79052e-10 0 5.84723e-10 0 5.901e-10 0 5.9518e-10 0 6.00263e-10 0 6.0505e-10 0 6.09839e-10 0 6.1433e-10 0 6.18824e-10 0 6.23319e-10 0 6.27517e-10 0 6.31416e-10 0 6.35616e-10 0 6.39518e-10 0 6.43271e-10 0 6.47026e-10 0 6.50631e-10 0 6.54238e-10 0 6.57845e-10 0 6.61153e-10 0 6.64462e-10 0
2608.32 4.93707e-08 4.61096e-08 3.26105e-09 0.0660523 0.00365136 2.22565e-10 0 2.54226e-10 0 2.89495e-10 0 3.1214e-10 0 3.29387e-10 0 3.43372e-10 0 3.55284e-10 0 3.65662e-10 0 3.74943e-10 0 3.83344e-10 0 3.91084e-10 0 3.9816e-10 0 4.04794e-10 0 4.11098e-10 0 4.16844e-10 0 4.2237e-10 0 4.27675e-10 0 4.32644e-10 0 4.37504e-10 0 4.42028e-10 0 4.46328e-10 0 4.50631e-10 0 4.54709e-10 0 4.58563e-10 0 4.62419e-10 0 4.66049e-10 0 4.69681e-10 0 4.73088e-10 0 4.76495e-10 0 4.79904e-10 0 4.83087e-10 0 4.86044e-10 0 4.89229e-10 0 4.92188e-10 0 4.95033e-10 0 4.9788e-10 0 5.00613e-10 0 5.03347e-10 0 5.06082e-10 0 5.0859e-10 0 5.11098e-10 0
2742.21 4.51567e-08 4.24875e-08 2.66914e-09 0.0591085 0.00330414 1.73327e-10 0 1.97421e-10 0 2.24224e-10 0 2.41419e-10 0 2.54507e-10 0 2.65116e-10 0 2.74149e-10 0 2.82018e-10 0 2.89054e-10 0 2.95421e-10 0 3.01287e-10 0 3.06648e-10 0 3.11675e-10 0 3.16451e-10 0 3.20804e-10 0 3.24989e-10 0 3.29007e-10 0 3.3277e-10 0 3.36451e-10 0 3.39877e-10 0 3.43133e-10 0 3.46391e-10 0 3.49478e-10 0 3.52396e-10 0 3.55315e-10 0 3.58063e-10 0 3.60813e-10 0 3.63391e-10 0 3.65971e-10 0 3.68551e-10 0 3.7096e-10 0 3.73198e-10 0 3.75608e-10 0 3.77847e-10 0 3.80001e-10 0 3.82155e-10 0 3.84224e-10 0 3.86293e-10 0 3.88362e-10 0 3.9026e-10 0 3.92158e-10 0
2882.97 4.12441e-08 3.90599e-08 2.18423e-09 0.0529584 0.00298983 1.34433e-10 0 1.5271e-10 0 1.73019e-10 0 1.86036e-10 0 1.9594e-10 0 2.03965e-10 0 2.10797e-10 0 2.16746e-10 0 2.22065e-10 0 2.26877e-10 0 2.3131e-10 0 2.35362e-10 0 2.3916e-10 0 2.42768e-10 0 2.46057e-10 0 2.49219e-10 0 2.52253e-10 0 2.55096e-10 0 2.57876e-10 0 2.60463e-10 0 2.62922e-10 0 2.65382e-10 0 2.67714e-10 0 2.69917e-10 0 2.72121e-10 0 2.74196e-10 0 2.76272e-10 0 2.78218e-10 0 2.80166e-10 0 2.82114e-10 0 2.83932e-10 0 2.85621e-10 0 2.87441e-10 0 2.89131e-10 0 2.90757e-10 0 2.92383e-10 0 2.93944e-10 0 2.95505e-10 0 2.97067e-10 0 2.98499e-10 0 2.99932e-10 0
3030.95 3.76874e-08 3.59004e-08 1.78699e-09 0.0474161 0.0027052 1.04067e-10 0 1.17919e-10 0 1.33293e-10 0 1.4314e-10 0 1.50629e-10 0 1.56695e-10 0 1.61857e-10 0 1.66353e-10 0 1.70371e-10 0 1.74006e-10 0 1.77354e-10 0 1.80414e-10 0 1.83282e-10 0 1.86006e-10 0 1.88489e-10 0 1.90876e-10 0 1.93167e-10 0 1.95313e-10 0 1.97411e-10 0 1.99364e-10 0 2.0122e-10 0 2.03077e-10 0 2.04836e-10 0 2.06499e-10 0 2.08162e-10 0 2.09728e-10 0 2.11294e-10 0 2.12763e-10 0 2.14232e-10 0 2.15702e-10 0 2.17074e-10 0 2.18349e-10 0 2.19722e-10 0 2.20997e-10 0 2.22223e-10 0 2.2345e-10 0 2.24627e-10 0 2.25805e-10 0 2.26984e-10 0 2.28064e-10 0 2.29144e-10 0
3186.53 3.4695e-08 3.32327e-08 1.46233e-09 0.0421482 0.00244758 8.10101e-11 0 9.15755e-11 0 1.03291e-10 0 1.10789e-10 0 1.16489e-10 0 1.21105e-10 0 1.25033e-10 0 1.28452e-10 0 1.31508e-10 0 1.34273e-10 0 1.36818e-10 0 1.39145e-10 0 1.41325e-10 0 1.43397e-10 0 1.45284e-10 0 1.47098e-10 0 1.4884e-10 0 1.50471e-10 0 1.52065e-10 0 1.53549e-10 0 1.5496e-10 0 1.5637e-10 0 1.57708e-10 0 1.58971e-10 0 1.60235e-10 0 1.61424e-10 0 1.62614e-10 0 1.6373e-10 0 1.64847e-10 0 1.65963e-10 0 1.67006e-10 0 1.67974e-10 0 1.69017e-10 0 1.69985e-10 0 1.70917e-10 0 1.71848e-10 0 1.72743e-10 0 1.73638e-10 0 1.74533e-10 0 1.75353e-10 0 1.76174e-10 0
3350.09 3.19038e-08 3.07069e-08 1.19693e-09 0.0375169 0.00221468 6.28529e-11 0 7.0892e-11 0 7.9798e-11 0 8.54944e-11 0 8.98232e-11 0 9.3328e-11 0 9.63097e-11 0 9.89051e-11 0 1.01224e-10 0 1.03322e-10 0 1.05254e-10 0 1.07019e-10 0 1.08673e-10 0 1.10244e-10 0 1.11676e-10 0 1.13052e-10 0 1.14373e-10 0 1.1561e-10 0 1.16819e-10 0 1.17944e-10 0 1.19014e-10 0 1.20084e-10 0 1.21098e-10 0 1.22055e-10 0 1.23014e-10 0 1.23916e-10 0 1.24818e-10 0 1.25664e-10 0 1.2651e-10 0 1.27357e-10 0 1.28147e-10 0 1.28881e-10 0 1.29672e-10 0 1.30406e-10 0 1.31112e-10 0 1.31818e-10 0 1.32496e-10 0 1.33175e-10 0 1.33853e-10 0 1.34475e-10 0 1.35097e-10 0
3522.05 2.92919e-08 2.83124e-08 9.79484e-10 0.0334387 0.00200384 4.85935e-11 0 5.46938e-11 0 6.14465e-11 0 6.57632e-11 0 6.90424e-11 0 7.16968e-11 0 7.39546e-11 0 7.59197e-11 0 7.76753e-11 0 7.92633e-11 0 8.07254e-11 0 8.20613e-11 0 8.33132e-11 0 8.45021e-11 0 8.55854e-11 0 8.66267e-11 0 8.7626e-11 0 8.85619e-11 0 8.94768e-11 0 9.03283e-11 0 9.11374e-11 0 9.19467e-11 0 9.27137e-11 0 9.34383e-11 0 9.41631e-11 0 9.48454e-11 0 9.55279e-11 0 9.61678e-11 0 9.68079e-11 0 9.74482e-11 0 9.80459e-11 0 9.8601e-11 0 9.91989e-11 0 9.97541e-11 0 1.00288e-10 0 1.00822e-10 0 1.01335e-10 0 1.01848e-10 0 1.02361e-10 0 1.02831e-10 0 1.03302e-10 0
3702.84 2.68429e-08 2.60416e-08 8.01356e-10 0.0298535 0.00181296 3.74293e-11 0 4.20448e-11 0 4.71501e-11 0 5.04121e-11 0 5.28894e-11 0 5.48942e-11 0 5.65992e-11 0 5.8083e-11 0 5.94085e-11 0 6.06072e-11 0 6.17109e-11 0 6.27193e-11 0 6.36642e-11 0 6.45615e-11 0 6.5379e-11 0 6.61649e-11 0 6.6919e-11 0 6.76252e-11 0 6.83156e-11 0 6.8958e-11 0 6.95685e-11 0 7.01792e-11 0 7.07578e-11 0 7.13045e-11 0 7.18513e-11 0 7.23661e-11 0 7.28809e-11 0 7.33637e-11 0 7.38466e-11 0 7.43295e-11 0 7.47804e-11 0 7.51991e-11 0 7.56501e-11 0 7.6069e-11 0 7.64718e-11 0 7.68747e-11 0 7.72615e-11 0 7.76483e-11 0 7.80352e-11 0 7.839e-11 0 7.87447e-11 0
3892.91 2.45474e-08 2.38913e-08 6.56037e-10 0.0267254 0.0016406 2.87204e-11 0 3.2202e-11 0 3.60504e-11 0 3.85082e-11 0 4.03742e-11 0 4.1884e-11 0 4.3168e-11 0 4.42851e-11 0 4.5283e-11 0 4.61854e-11 0 4.70162e-11 0 4.77752e-11 0 4.84864e-11 0 4.91617e-11 0 4.9777e-11 0 5.03684e-11 0 5.09358e-11 0 5.14673e-11 0 5.19868e-11 0 5.24702e-11 0 5.29295e-11 0 5.3389e-11 0 5.38244e-11 0 5.42357e-11 0 5.46471e-11 0 5.50343e-11 0 5.54217e-11 0 5.57849e-11 0 5.61481e-11 0 5.65114e-11 0 5.68506e-11 0 5.71656e-11 0 5.75049e-11 0 5.78199e-11 0 5.81229e-11 0 5.8426e-11 0 5.87169e-11 0 5.90079e-11 0 5.9299e-11 0 5.95658e-11 0 5.98326e-11 0
4092.73 2.25212e-08 2.19843e-08 5.36995e-10 0.0238439 0.00148454 2.20782e-11 0 2.47111e-11 0 2.76197e-11 0 2.94765e-11 0 3.08859e-11 0 3.20261e-11 0 3.29955e-11 0 3.3839e-11 0 3.45923e-11 0 3.52735e-11 0 3.59006e-11 0 3.64735e-11 0 3.70102e-11 0 3.75199e-11 0 3.79843e-11 0 3.84305e-11 0 3.88588e-11 0 3.92598e-11 0 3.96518e-11 0 4.00165e-11 0 4.03631e-11 0 4.07098e-11 0 4.10383e-11 0 4.13486e-11 0 4.1659e-11 0 4.19512e-11 0 4.22434e-11 0 4.25174e-11 0 4.27915e-11 0 4.30656e-11 0 4.33214e-11 0 4.3559e-11 0 4.3815e-11 0 4.40526e-11 0 4.42812e-11 0 4.45098e-11 0 4.47293e-11 0 4.49488e-11 0 4.51683e-11 0 4.53696e-11 0 4.55708e-11 0
4302.81 2.07657e-08 2.03263e-08 4.39436e-10 0.0211616 0.00134318 1.70347e-11 0 1.90347e-11 0 2.12428e-11 0 2.26519e-11 0 2.37212e-11 0 2.45862e-11 0 2.53215e-11 0 2.59612e-11 0 2.65325e-11 0 2.70491e-11 0 2.75246e-11 0 2.7959e-11 0 2.83659e-11 0 2.87524e-11 0 2.91044e-11 0 2.94428e-11 0 2.97674e-11 0 3.00714e-11 0 3.03686e-11 0 3.06451e-11 0 3.09078e-11 0 3.11706e-11 0 3.14196e-11 0 3.16548e-11 0 3.189e-11 0 3.21115e-11 0 3.2333e-11 0 3.25407e-11 0 3.27484e-11 0 3.29561e-11 0 3.315e-11 0 3.33301e-11 0 3.35241e-11 0 3.37042e-11 0 3.38774e-11 0 3.40507e-11 0 3.4217e-11 0 3.43833e-11 0 3.45497e-11 0 3.47022e-11 0 3.48547e-11 0
4523.68 1.91126e-08 1.8753e-08 3.59594e-10 0.0188145 0.00121528 1.31016e-11 0 1.46169e-11 0 1.62892e-11 0 1.73559e-11 0 1.81653e-11 0 1.88199e-11 0 1.93763e-11 0 1.98603e-11 0 2.02926e-11 0 2.06834e-11 0 2.10431e-11 0 2.13717e-11 0 2.16796e-11 0 2.19719e-11 0 2.22382e-11 0 2.24941e-11 0 2.27396e-11 0 2.29695e-11 0 2.31943e-11 0 2.34034e-11 0 2.36021e-11 0 2.38008e-11 0 2.39891e-11 0 2.4167e-11 0 2.43449e-11 0 2.45124e-11 0 2.46799e-11 0 2.48369e-11 0 2.4994e-11 0 2.51511e-11 0 2.52977e-11 0 2.54339e-11 0 2.55805e-11 0 2.57168e-11 0 2.58477e-11 0 2.59787e-11 0 2.61045e-11 0 2.62303e-11 0 2.6356e-11 0 2.64714e-11 0 2.65867e-11 0
4755.88 1.75557e-08 1.72613e-08 2.94414e-10 0.0167703 0.00109974 1.00434e-11 0 1.11885e-11 0 1.24517e-11 0 1.32572e-11 0 1.38683e-11 0 1.43624e-11 0 1.47824e-11 0 1.51477e-11 0 1.5474e-11 0 1.57689e-11 0 1.60404e-11 0 1.62883e-11 0 1.65206e-11 0 1.67412e-11 0 1.69421e-11 0 1.71352e-11 0 1.73205e-11 0 1.74939e-11 0 1.76635e-11 0 1.78213e-11 0 1.79712e-11 0 1.81211e-11 0 1.82631e-11 0 1.83973e-11 0 1.85315e-11 0 1.86579e-11 0 1.87842e-11 0 1.89027e-11 0 1.90212e-11 0 1.91397e-11 0 1.92503e-11 0 1.9353e-11 0 1.94636e-11 0 1.95663e-11 0 1.96651e-11 0 1.97639e-11 0 1.98588e-11 0 1.99537e-11 0 2.00485e-11 0 2.01355e-11 0 2.02225e-11 0
5000 1.60966e-08 1.58556e-08 2.40987e-10 0.0149713 0.00099513 7.67617e-12 0 8.53952e-12 0 9.49146e-12 0 1.00983e-11 0 1.05586e-11 0 1.09308e-11 0 1.12471e-11 0 1.15223e-11 0 1.17679e-11 0 1.199e-11 0 1.21944e-11 0 1.23811e-11 0 1.2556e-11 0 1.27221e-11 0 1.28733e-11 0 1.30187e-11 0 1.31582e-11 0 1.32888e-11 0 1.34164e-11 0 1.35352e-11 0 1.3648e-11 0 1.37609e-11 0 1.38678e-11 0 1.39688e-11 0 1.40699e-11 0 1.4165e-11 0 1.42601e-11 0 1.43492e-11 0 1.44384e-11 0 1.45276e-11 0 1.46108e-11 0 1.46882e-11 0 1.47714e-11 0 1.48487e-11 0 1.49231e-11 0 1.49975e-11 0 1.50689e-11 0 1.51403e-11 0 1.52117e-11 0 1.52771e-11 0 1.53426e-11 0
