# 0.00480947 1 113 : grain size, compostion index, size index
# Heating and cooling timescale: 5.68547e-08 inf
# Ratio of heating to cooling to determine stochastic cutoff: 100
# Equilibrium emission is recorded even for those grains in the stochastic regime.
# Emission spectrum was computed for: 
# Type: ISRF
# Scales: 0.25 0.5 1 1.5 2 2.5 3 3.5 4 4.5 5 5.5 6 6.5 7 7.5 8 8.5 9 9.5 10 10.5 11 11.5 12 12.5 13 13.5 14 14.5 15 15.5 16 16.5 17 17.5 18 18.5 19 19.5 20
# StochasticallyHeated: 0 0 0 0 0 0 0 0 0 0 0 0 0 0 0 0 0 0 0 0 0 0 0 0 0 0 0 0 0 0 0 0 0 0 0 0 0 0 0 0 0
# Temperature: -1
# Wavelength  CExt  CAbs  CSca  Albedo G EqEm1 StEm1 EqEm2 StEm2 EqEm3 StEm3 EqEm4 StEm4 EqEm5 StEm5 EqEm6 StEm6 EqEm7 StEm7 EqEm8 StEm8 EqEm9 StEm9 EqEm10 StEm10 EqEm11 StEm11 EqEm12 StEm12 EqEm13 StEm13 EqEm14 StEm14 EqEm15 StEm15 EqEm16 StEm16 EqEm17 StEm17 EqEm18 StEm18 EqEm19 StEm19 EqEm20 StEm20 EqEm21 StEm21 EqEm22 StEm22 EqEm23 StEm23 EqEm24 StEm24 EqEm25 StEm25 EqEm26 StEm26 EqEm27 StEm27 EqEm28 StEm28 EqEm29 StEm29 EqEm30 StEm30 EqEm31 StEm31 EqEm32 StEm32 EqEm33 StEm33 EqEm34 StEm34 EqEm35 StEm35 EqEm36 StEm36 EqEm37 StEm37 EqEm38 StEm38 EqEm39 StEm39 EqEm40 StEm40 EqEm41 StEm41
0.05 0.000145742 6.16985e-05 8.40438e-05 0.57666 0.931606 0 0 0 0 0 0 0 0 0 0 0 0 0 0 0 0 0 0 0 0 0 0 0 0 0 0 0 0 0 0 0 0 0 0 0 0 0 0 0 0 0 0 0 0 0 0 0 0 0 0 0 0 0 0 0 0 0 0 0 0 0 0 0 0 0 0 0 0 0 0 0 0 0 0 0 0 0 0 0 0 0 0
0.0525665 0.000145758 6.11592e-05 8.45986e-05 0.580405 0.925779 0 0 0 0 0 0 0 0 0 0 0 0 0 0 0 0 0 0 0 0 0 0 0 0 0 0 0 0 0 0 0 0 0 0 0 0 0 0 0 0 0 0 0 0 0 0 0 0 0 0 0 0 0 0 0 0 0 0 0 0 0 0 0 0 0 0 0 0 0 0 0 0 0 0 0 0 0 0 0 0 0 0
0.0552647 0.000145774 6.0265e-05 8.55091e-05 0.586587 0.916865 0 0 0 0 0 0 0 0 0 0 0 0 0 0 0 0 0 0 0 0 0 0 0 0 0 0 0 0 0 0 0 0 0 0 0 0 0 0 0 0 0 0 0 0 0 0 0 0 0 0 0 0 0 0 0 0 0 0 0 0 0 0 0 0 0 0 0 0 0 0 0 0 0 0 0 0 0 0 0 0 0 0
0.0581015 0.000145793 5.89093e-05 8.68836e-05 0.595938 0.903003 0 0 0 0 0 0 0 0 0 0 0 0 0 0 0 0 0 0 0 0 0 0 0 0 0 0 0 0 0 0 0 0 0 0 0 0 0 0 0 0 0 0 0 0 0 0 0 0 0 0 0 0 0 0 0 0 0 0 0 0 0 0 0 0 0 0 0 0 0 0 0 0 0 0 0 0 0 0 0 0 0 0
0.0610839 0.000145814 5.75408e-05 8.82728e-05 0.605381 0.887461 0 0 0 0 0 0 0 0 0 0 0 0 0 0 0 0 0 0 0 0 0 0 0 0 0 0 0 0 0 0 0 0 0 0 0 0 0 0 0 0 0 0 0 0 0 0 0 0 0 0 0 0 0 0 0 0 0 0 0 0 0 0 0 0 0 0 0 0 0 0 0 0 0 0 0 0 0 0 0 0 0 0
0.0642193 0.000145836 5.65809e-05 8.92547e-05 0.612023 0.874817 0 0 0 0 0 0 0 0 0 0 0 0 0 0 0 0 0 0 0 0 0 0 0 0 0 0 0 0 0 0 0 0 0 0 0 0 0 0 0 0 0 0 0 0 0 0 0 0 0 0 0 0 0 0 0 0 0 0 0 0 0 0 0 0 0 0 0 0 0 0 0 0 0 0 0 0 0 0 0 0 0 0
0.0675157 0.000145858 5.60346e-05 8.98235e-05 0.615828 0.865893 0 0 0 0 0 0 0 0 0 0 0 0 0 0 0 0 0 0 0 0 0 0 0 0 0 0 0 0 0 0 0 0 0 0 0 0 0 0 0 0 0 0 0 0 0 0 0 0 0 0 0 0 0 0 0 0 0 0 0 0 0 0 0 0 0 0 0 0 0 0 0 0 0 0 0 0 0 0 0 0 0 0
0.0709813 0.000145881 5.58251e-05 9.00564e-05 0.617325 0.860262 0 0 0 0 0 0 0 0 0 0 0 0 0 0 0 0 0 0 0 0 0 0 0 0 0 0 0 0 0 0 0 0 0 0 0 0 0 0 0 0 0 0 0 0 0 0 0 0 0 0 0 0 0 0 0 0 0 0 0 0 0 0 0 0 0 0 0 0 0 0 0 0 0 0 0 0 0 0 0 0 0 0
0.0746248 0.000145904 5.58962e-05 9.00082e-05 0.616898 0.857514 0 0 0 0 0 0 0 0 0 0 0 0 0 0 0 0 0 0 0 0 0 0 0 0 0 0 0 0 0 0 0 0 0 0 0 0 0 0 0 0 0 0 0 0 0 0 0 0 0 0 0 0 0 0 0 0 0 0 0 0 0 0 0 0 0 0 0 0 0 0 0 0 0 0 0 0 0 0 0 0 0 0
0.0784553 0.000145928 5.6285e-05 8.96428e-05 0.614295 0.858151 0 0 0 0 0 0 0 0 0 0 0 0 0 0 0 0 0 0 0 0 0 0 0 0 0 0 0 0 0 0 0 0 0 0 0 0 0 0 0 0 0 0 0 0 0 0 0 0 0 0 0 0 0 0 0 0 0 0 0 0 0 0 0 0 0 0 0 0 0 0 0 0 0 0 0 0 0 0 0 0 0 0
0.0824824 0.000145951 5.71249e-05 8.88256e-05 0.608601 0.863717 0 0 0 0 0 0 0 0 0 0 0 0 0 0 0 0 0 0 0 0 0 0 0 0 0 0 0 0 0 0 0 0 0 0 0 0 0 0 0 0 0 0 0 0 0 0 0 0 0 0 0 0 0 0 0 0 0 0 0 0 0 0 0 0 0 0 0 0 0 0 0 0 0 0 0 0 0 0 0 0 0 0
0.0867162 0.000145971 5.74755e-05 8.84959e-05 0.606255 0.8667 0 0 0 0 0 0 0 0 0 0 0 0 0 0 0 0 0 0 0 0 0 0 0 0 0 0 0 0 0 0 0 0 0 0 0 0 0 0 0 0 0 0 0 0 0 0 0 0 0 0 0 0 0 0 0 0 0 0 0 0 0 0 0 0 0 0 0 0 0 0 0 0 0 0 0 0 0 0 0 0 0 0
0.0911674 0.000145997 5.69525e-05 8.90441e-05 0.609905 0.860138 0 0 0 0 0 0 0 0 0 0 0 0 0 0 0 0 0 0 0 0 0 0 0 0 0 0 0 0 0 0 0 0 0 0 0 0 0 0 0 0 0 0 0 0 0 0 0 0 0 0 0 0 0 0 0 0 0 0 0 0 0 0 0 0 0 0 0 0 0 0 0 0 0 0 0 0 0 0 0 0 0 0
0.095847 0.000146023 5.687e-05 8.91532e-05 0.610541 0.85682 0 0 0 0 0 0 0 0 0 0 0 0 0 0 0 0 0 0 0 0 0 0 0 0 0 0 0 0 0 0 0 0 0 0 0 0 0 0 0 0 0 0 0 0 0 0 0 0 0 0 0 0 0 0 0 0 0 0 0 0 0 0 0 0 0 0 0 0 0 0 0 0 0 0 0 0 0 0 0 0 0 0
0.100767 0.000146049 5.70311e-05 8.90176e-05 0.609506 0.856344 0 0 0 0 0 0 0 0 0 0 0 0 0 0 0 0 0 0 0 0 0 0 0 0 0 0 0 0 0 0 0 0 0 0 0 0 0 0 0 0 0 0 0 0 0 0 0 0 0 0 0 0 0 0 0 0 0 0 0 0 0 0 0 0 0 0 0 0 0 0 0 0 0 0 0 0 0 0 0 0 0 0
0.105939 0.000146073 5.76e-05 8.84733e-05 0.605677 0.860283 0 0 0 0 0 0 0 0 0 0 0 0 0 0 0 0 0 0 0 0 0 0 0 0 0 0 0 0 0 0 0 0 0 0 0 0 0 0 0 0 0 0 0 0 0 0 0 0 0 0 0 0 0 0 0 0 0 0 0 0 0 0 0 0 0 0 0 0 0 0 0 0 0 0 0 0 0 0 0 0 0 0
0.111377 0.000146097 5.81895e-05 8.79072e-05 0.601705 0.865378 0 0 0 0 0 0 0 0 0 0 0 0 0 0 0 0 0 0 0 0 0 0 0 0 0 0 0 0 0 0 0 0 0 0 0 0 0 0 0 0 0 0 0 0 0 0 0 0 0 0 0 0 0 0 0 0 0 0 0 0 0 0 0 0 0 0 0 0 0 0 0 0 0 0 0 0 0 0 0 0 0 0
0.117094 0.000146122 5.85725e-05 8.75492e-05 0.599153 0.86857 0 0 0 0 0 0 0 0 0 0 0 0 0 0 0 0 0 0 0 0 0 0 0 0 0 0 0 0 0 0 0 0 0 0 0 0 0 0 0 0 0 0 0 0 0 0 0 0 0 0 0 0 0 0 0 0 0 0 0 0 0 0 0 0 0 0 0 0 0 0 0 0 0 0 0 0 0 0 0 0 0 0
0.123105 0.000146148 5.88317e-05 8.73158e-05 0.59745 0.870579 0 0 0 0 0 0 0 0 0 0 0 0 0 0 0 0 0 0 0 0 0 0 0 0 0 0 0 0 0 0 0 0 0 0 0 0 0 0 0 0 0 0 0 0 0 0 0 0 0 0 0 0 0 0 0 0 0 0 0 0 0 0 0 0 0 0 0 0 0 0 0 0 0 0 0 0 0 0 0 0 0 0
0.129424 0.000146174 5.89889e-05 8.71855e-05 0.596449 0.871554 0 0 0 0 0 0 0 0 0 0 0 0 0 0 0 0 0 0 0 0 0 0 0 0 0 0 0 0 0 0 0 0 0 0 0 0 0 0 0 0 0 0 0 0 0 0 0 0 0 0 0 0 0 0 0 0 0 0 0 0 0 0 0 0 0 0 0 0 0 0 0 0 0 0 0 0 0 0 0 0 0 0
0.136067 0.000146202 5.90327e-05 8.71693e-05 0.596225 0.871306 0 0 0 0 0 0 0 0 0 0 0 0 0 0 0 0 0 0 0 0 0 0 0 0 0 0 0 0 0 0 0 0 0 0 0 0 0 0 0 0 0 0 0 0 0 0 0 0 0 0 0 0 0 0 0 0 0 0 0 0 0 0 0 0 0 0 0 0 0 0 0 0 0 0 0 0 0 0 0 0 0 0
0.143051 0.000146231 5.88976e-05 8.73337e-05 0.59723 0.868959 0 0 0 0 0 0 0 0 0 0 0 0 0 0 0 0 0 0 0 0 0 0 0 0 0 0 0 0 0 0 0 0 0 0 0 0 0 0 0 0 0 0 0 0 0 0 0 0 0 0 0 0 0 0 0 0 0 0 0 0 0 0 0 0 0 0 0 0 0 0 0 0 0 0 0 0 0 0 0 0 0 0
0.150394 0.000146258 5.90981e-05 8.71595e-05 0.595932 0.8702 0 0 0 0 0 0 0 0 0 0 0 0 0 0 0 0 0 0 0 0 0 0 0 0 0 0 0 0 0 0 0 0 0 0 0 0 0 0 0 0 0 0 0 0 0 0 0 0 0 0 0 0 0 0 0 0 0 0 0 0 0 0 0 0 0 0 0 0 0 0 0 0 0 0 0 0 0 0 0 0 0 0
0.158114 0.000146284 5.97258e-05 8.65578e-05 0.591712 0.876695 0 0 0 0 0 0 0 0 0 0 0 0 0 0 0 0 0 0 0 0 0 0 0 0 0 0 0 0 0 0 0 0 0 0 0 0 0 0 0 0 0 0 0 0 0 0 0 0 0 0 0 0 0 0 0 0 0 0 0 0 0 0 0 0 0 0 0 0 0 0 0 0 0 0 0 0 0 0 0 0 0 0
0.16623 0.000146311 6.04398e-05 8.58712e-05 0.586909 0.884583 0 0 0 0 0 0 0 0 0 0 0 0 0 0 0 0 0 0 0 0 0 0 0 0 0 0 0 0 0 0 0 0 0 0 0 0 0 0 0 0 0 0 0 0 0 0 0 0 0 0 0 0 0 0 0 0 0 0 0 0 0 0 0 0 0 0 0 0 0 0 0 0 0 0 0 0 0 0 0 0 0 0
0.174762 0.000146341 6.10728e-05 8.52687e-05 0.582669 0.891743 0 0 0 0 0 0 0 0 0 0 0 0 0 0 0 0 0 0 0 0 0 0 0 0 0 0 0 0 0 0 0 0 0 0 0 0 0 0 0 0 0 0 0 0 0 0 0 0 0 0 0 0 0 0 0 0 0 0 0 0 0 0 0 0 0 0 0 0 0 0 0 0 0 0 0 0 0 0 0 0 0 0
0.183733 0.000146374 6.16342e-05 8.47397e-05 0.578926 0.898147 0 0 0 0 0 0 0 0 0 0 0 0 0 0 0 0 0 0 0 0 0 0 0 0 0 0 0 0 0 0 0 0 0 0 0 0 0 0 0 0 0 0 0 0 0 0 0 0 0 0 0 0 0 0 0 0 0 0 0 0 0 0 0 0 0 0 0 0 0 0 0 0 0 0 0 0 0 0 0 0 0 0
0.193164 0.000146408 6.211e-05 8.42979e-05 0.575774 0.903584 0 0 0 0 0 0 0 0 0 0 0 0 0 0 0 0 0 0 0 0 0 0 0 0 0 0 0 0 0 0 0 0 0 0 0 0 0 0 0 0 0 0 0 0 0 0 0 0 0 0 0 0 0 0 0 0 0 0 0 0 0 0 0 0 0 0 0 0 0 0 0 0 0 0 0 0 0 0 0 0 0 0
0.203079 0.000146444 6.2516e-05 8.39277e-05 0.573105 0.908208 0 0 0 0 0 0 0 0 0 0 0 0 0 0 0 0 0 0 0 0 0 0 0 0 0 0 0 0 0 0 0 0 0 0 0 0 0 0 0 0 0 0 0 0 0 0 0 0 0 0 0 0 0 0 0 0 0 0 0 0 0 0 0 0 0 0 0 0 0 0 0 0 0 0 0 0 0 0 0 0 0 0
0.213503 0.000146481 6.28751e-05 8.36061e-05 0.570763 0.912275 0 0 0 0 0 0 0 0 0 0 0 0 0 0 0 0 0 0 0 0 0 0 0 0 0 0 0 0 0 0 0 0 0 0 0 0 0 0 0 0 0 0 0 0 0 0 0 0 0 0 0 0 0 0 0 0 0 0 0 0 0 0 0 0 0 0 0 0 0 0 0 0 0 0 0 0 0 0 0 0 0 0
0.224463 0.000146519 6.31758e-05 8.33436e-05 0.568823 0.915644 0 0 0 0 0 0 0 0 0 0 0 0 0 0 0 0 0 0 0 0 0 0 0 0 0 0 0 0 0 0 0 0 0 0 0 0 0 0 0 0 0 0 0 0 0 0 0 0 0 0 0 0 0 0 0 0 0 0 0 0 0 0 0 0 0 0 0 0 0 0 0 0 0 0 0 0 0 0 0 0 0 0
0.235984 0.00014656 6.34142e-05 8.31456e-05 0.567315 0.918267 0 0 0 0 0 0 0 0 0 0 0 0 0 0 0 0 0 0 0 0 0 0 0 0 0 0 0 0 0 0 0 0 0 0 0 0 0 0 0 0 0 0 0 0 0 0 0 0 0 0 0 0 0 0 0 0 0 0 0 0 0 0 0 0 0 0 0 0 0 0 0 0 0 0 0 0 0 0 0 0 0 0
0.248097 0.000146601 6.35986e-05 8.30021e-05 0.566178 0.920243 0 0 0 0 0 0 0 0 0 0 0 0 0 0 0 0 0 0 0 0 0 0 0 0 0 0 0 0 0 0 0 0 0 0 0 0 0 0 0 0 0 0 0 0 0 0 0 0 0 0 0 0 0 0 0 0 0 0 0 0 0 0 0 0 0 0 0 0 0 0 0 0 0 0 0 0 0 0 0 0 0 0
0.260832 0.000146644 6.37505e-05 8.28932e-05 0.565269 0.921824 0 0 0 0 0 0 0 0 0 0 0 0 0 0 0 0 0 0 0 0 0 0 0 0 0 0 0 0 0 0 0 0 0 0 0 0 0 0 0 0 0 0 0 0 0 0 0 0 0 0 0 0 0 0 0 0 0 0 0 0 0 0 0 0 0 0 0 0 0 0 0 0 0 0 0 0 0 0 0 0 0 0
0.274221 0.000146688 6.38816e-05 8.28063e-05 0.564507 0.92315 0 0 0 0 0 0 0 0 0 0 0 0 0 0 0 0 0 0 0 0 0 0 0 0 0 0 0 0 0 0 0 0 0 0 0 0 0 0 0 0 0 0 0 0 0 0 0 0 0 0 0 0 0 0 0 0 0 0 0 0 0 0 0 0 0 0 0 0 0 0 0 0 0 0 0 0 0 0 0 0 0 0
0.288297 0.000146733 6.39947e-05 8.27387e-05 0.563871 0.924251 0 0 0 0 0 0 0 0 0 0 0 0 0 0 0 0 0 0 0 0 0 0 0 0 0 0 0 0 0 0 0 0 0 0 0 0 0 0 0 0 0 0 0 0 0 0 0 0 0 0 0 0 0 0 0 0 0 0 0 0 0 0 0 0 0 0 0 0 0 0 0 0 0 0 0 0 0 0 0 0 0 0
0.303095 0.000146781 6.40932e-05 8.26874e-05 0.56334 0.925169 0 0 0 0 0 0 0 0 0 0 0 0 0 0 0 0 0 0 0 0 0 0 0 0 0 0 0 0 0 0 0 0 0 0 0 0 0 0 0 0 0 0 0 0 0 0 0 0 0 0 0 0 0 0 0 0 0 0 0 0 0 0 0 0 0 0 0 0 0 0 0 0 0 0 0 0 0 0 0 0 0 0
0.318653 0.000146829 6.41821e-05 8.26472e-05 0.56288 0.925962 0 0 0 0 0 0 0 0 0 0 0 0 0 0 0 0 0 0 0 0 0 0 0 0 0 0 0 0 0 0 0 0 0 0 0 0 0 0 0 0 0 0 0 0 0 0 0 0 0 0 0 0 0 0 0 0 0 0 0 0 0 0 0 0 0 0 0 0 0 0 0 0 0 0 0 0 0 0 0 0 0 0
0.335009 0.00014688 6.42616e-05 8.26182e-05 0.562488 0.926635 0 0 0 0 0 0 0 0 0 0 0 0 0 0 0 0 0 0 0 0 0 0 0 0 0 0 0 0 0 0 0 0 0 0 0 0 0 0 0 0 0 0 0 0 0 0 0 0 0 0 0 0 0 0 0 0 0 0 0 0 0 0 0 0 0 0 0 0 0 0 0 0 0 0 0 0 0 0 0 0 0 0
0.352205 0.000146932 6.43354e-05 8.25964e-05 0.562141 0.927226 0 0 0 0 0 0 0 0 0 0 0 0 0 0 0 0 0 0 0 0 0 0 0 0 0 0 0 0 0 0 0 0 0 0 0 0 0 0 0 0 0 0 0 0 0 0 0 0 0 0 0 0 0 0 0 0 0 0 0 0 0 0 0 0 0 0 0 0 0 0 0 0 0 0 0 0 0 0 0 0 0 0
0.370284 0.000146986 6.44041e-05 8.25816e-05 0.561834 0.927745 0 0 0 0 0 0 0 0 0 0 0 0 0 0 0 0 0 0 0 0 0 0 0 0 0 0 0 0 0 0 0 0 0 0 0 0 0 0 0 0 0 0 0 0 0 0 0 0 0 0 0 0 0 0 0 0 0 0 0 0 0 0 0 0 0 0 0 0 0 0 0 0 0 0 0 0 0 0 0 0 0 0
0.389291 0.000147042 6.4466e-05 8.25757e-05 0.56158 0.928171 0 0 0 0 0 0 0 0 0 0 0 0 0 0 0 0 0 0 0 0 0 0 0 0 0 0 0 0 0 0 0 0 0 0 0 0 0 0 0 0 0 0 0 0 0 0 0 0 0 0 0 0 0 0 0 0 0 0 0 0 0 0 0 0 0 0 0 0 0 0 0 0 0 0 0 0 0 0 0 0 0 0
0.409273 0.000147099 6.45238e-05 8.25756e-05 0.561359 0.928533 0 0 0 0 0 0 0 0 0 0 0 0 0 0 0 0 0 0 0 0 0 0 0 0 0 0 0 0 0 0 0 0 0 0 0 0 0 0 0 0 0 0 0 0 0 0 0 0 0 0 0 0 0 0 0 0 0 0 0 0 0 0 0 0 0 0 0 0 0 0 0 0 0 0 0 0 0 0 0 0 0 0
0.430281 0.000147158 6.45808e-05 8.25776e-05 0.561147 0.928873 0 0 0 0 0 0 0 0 0 0 0 0 0 0 0 0 0 0 0 0 0 0 0 0 0 0 0 0 0 0 0 0 0 0 0 0 0 0 0 0 0 0 0 0 0 0 0 0 0 0 0 0 0 0 0 0 0 0 0 0 0 0 0 0 0 0 0 0 0 0 0 0 0 0 0 0 0 0 0 0 0 0
0.452368 0.00014722 6.46323e-05 8.25875e-05 0.560981 0.929132 0 0 0 0 0 0 0 0 0 0 0 0 0 0 0 0 0 0 0 0 0 0 0 0 0 0 0 0 0 0 0 0 0 0 0 0 0 0 0 0 0 0 0 0 0 0 0 0 0 0 0 0 0 0 0 0 0 0 0 0 0 0 0 0 0 0 0 0 0 0 0 0 0 0 0 0 0 0 0 0 0 0
0.475588 0.000147284 6.46828e-05 8.2601e-05 0.560829 0.929365 0 0 0 0 0 0 0 0 0 0 0 0 0 0 0 0 0 0 0 0 0 0 0 0 0 0 0 0 0 0 0 0 0 0 0 0 0 0 0 0 0 0 0 0 0 0 0 0 0 0 0 0 0 0 0 0 0 0 0 0 0 0 0 0 0 0 0 0 0 0 0 0 0 0 0 0 0 0 0 0 0 0
0.5 0.000147349 6.47324e-05 8.2617e-05 0.560688 0.929569 0 0 0 0 0 0 0 0 0 0 0 0 0 0 0 0 0 0 0 0 0 0 0 0 0 0 0 0 0 0 0 0 0 0 0 0 0 0 0 0 0 0 0 0 0 0 0 0 0 0 0 0 0 0 0 0 0 0 0 0 0 0 0 0 0 0 0 0 0 0 0 0 0 0 0 0 0 0 0 0 0 0
0.525665 0.000147417 6.47816e-05 8.26357e-05 0.560556 0.929751 0 0 0 0 0 0 0 0 0 0 0 0 0 0 0 0 0 0 0 0 0 0 0 0 0 0 0 0 0 0 0 0 0 0 0 0 0 0 0 0 0 0 0 0 0 0 0 0 0 0 0 0 0 0 0 0 0 0 0 0 0 0 0 0 0 0 0 0 0 0 0 0 0 0 0 0 0 0 0 0 0 0
0.552648 0.000147487 6.48323e-05 8.26552e-05 0.560422 0.929932 0 0 0 0 0 0 0 0 0 0 0 0 0 0 0 0 0 0 0 0 0 0 0 0 0 0 0 0 0 0 0 0 0 0 0 0 0 0 0 0 0 0 0 0 0 0 0 0 0 0 0 0 0 0 0 0 0 0 0 0 0 0 0 0 0 0 0 0 0 0 0 0 0 0 0 0 0 0 0 0 0 0
0.581015 0.00014756 6.4877e-05 8.2683e-05 0.560335 0.930026 0 0 0 0 0 0 0 0 0 0 0 0 0 0 0 0 0 0 0 0 0 0 0 0 0 0 0 0 0 0 0 0 0 0 0 0 0 0 0 0 0 0 0 0 0 0 0 0 0 0 0 0 0 0 0 0 0 0 0 0 0 0 0 0 0 0 0 0 0 0 0 0 0 0 0 0 0 0 0 0 0 0
0.610839 0.000147635 6.49238e-05 8.27108e-05 0.56024 0.930124 0 0 0 0 0 0 0 0 0 0 0 0 0 0 0 0 0 0 0 0 0 0 0 0 0 0 0 0 0 0 0 0 0 0 0 0 0 0 0 0 0 0 0 0 0 0 0 0 0 0 0 0 0 0 0 0 0 0 0 0 0 0 0 0 0 0 0 0 0 0 0 0 0 0 0 0 0 0 0 0 0 0
0.642193 0.000147712 6.49728e-05 8.27396e-05 0.56014 0.930226 0 0 0 0 0 0 0 0 0 0 0 0 0 0 0 0 0 0 0 0 0 0 0 0 0 0 0 0 0 0 0 0 0 0 0 0 0 0 0 0 0 0 0 0 0 0 0 0 0 0 0 0 0 0 0 0 0 0 0 0 0 0 0 0 0 0 0 0 0 0 0 0 0 0 0 0 0 0 0 0 0 0
0.675157 0.000147792 6.50214e-05 8.27709e-05 0.560049 0.930303 0 0 0 0 0 0 0 0 0 0 0 0 0 0 0 0 0 0 0 0 0 0 0 0 0 0 0 0 0 0 0 0 0 0 0 0 0 0 0 0 0 0 0 0 0 0 0 0 0 0 0 0 0 0 0 0 0 0 0 0 0 0 0 0 0 0 0 0 0 0 0 0 0 0 0 0 0 0 0 0 0 0
0.709813 0.000147875 6.50702e-05 8.28048e-05 0.559965 0.930359 0 0 0 0 0 0 0 0 0 0 0 0 0 0 0 0 0 0 0 0 0 0 0 0 0 0 0 0 0 0 0 0 0 0 0 0 0 0 0 0 0 0 0 0 0 0 0 0 0 0 0 0 0 0 0 0 0 0 0 0 0 0 0 0 0 0 0 0 0 0 0 0 0 0 0 0 0 0 0 0 0 0
0.746248 0.000147961 6.51207e-05 8.28398e-05 0.559878 0.930411 0 0 0 0 0 0 0 0 0 0 0 0 0 0 0 0 0 0 0 0 0 0 0 0 0 0 0 0 0 0 0 0 0 0 0 0 0 0 0 0 0 0 0 0 0 0 0 0 0 0 0 0 0 0 0 0 0 0 0 0 0 0 0 0 0 0 0 0 0 0 0 0 0 0 0 0 0 0 0 0 0 0
0.784553 0.000148049 6.51735e-05 8.28752e-05 0.559784 0.930466 0 0 0 0 0 0 0 0 0 0 0 0 0 0 0 0 0 0 0 0 0 0 0 0 0 0 0 0 0 0 0 0 0 0 0 0 0 0 0 0 0 0 0 0 0 0 0 0 0 0 0 0 0 0 0 0 0 0 0 0 0 0 0 0 0 0 0 0 0 0 0 0 0 0 0 0 0 0 0 0 0 0
0.824824 0.00014814 6.52264e-05 8.29138e-05 0.559698 0.930496 0 0 0 0 0 0 0 0 0 0 0 0 0 0 0 0 0 0 0 0 0 0 0 0 0 0 0 0 0 0 0 0 0 0 0 0 0 0 0 0 0 0 0 0 0 0 0 0 0 0 0 0 0 0 0 0 0 0 0 0 0 0 0 0 0 0 0 0 0 0 0 0 0 0 0 0 0 0 0 0 0 0
0.867162 0.000148235 6.52801e-05 8.29544e-05 0.559616 0.930509 0 0 0 0 0 0 0 0 0 0 0 0 0 0 0 0 0 0 0 0 0 0 0 0 0 0 0 0 0 0 0 0 0 0 0 0 0 0 0 0 0 0 0 0 0 0 0 0 0 0 0 0 0 0 0 0 0 0 0 0 0 0 0 0 0 0 0 0 0 0 0 0 0 0 0 0 0 0 0 0 0 0
0.911674 0.000148332 6.53359e-05 8.29961e-05 0.559529 0.930518 0 0 0 0 0 0 0 0 0 0 0 0 0 0 0 0 0 0 0 0 0 0 0 0 0 0 0 0 0 0 0 0 0 0 0 0 0 0 0 0 0 0 0 0 0 0 0 0 0 0 0 0 0 0 0 0 0 0 0 0 0 0 0 0 0 0 0 0 0 0 0 0 0 0 0 0 0 0 0 0 0 0
0.95847 0.000148433 6.53936e-05 8.30394e-05 0.55944 0.93052 0 0 0 0 0 0 0 0 0 0 0 0 0 0 0 0 0 0 0 0 0 0 0 0 0 0 0 0 0 0 0 0 0 0 0 0 0 0 0 0 0 0 0 0 0 0 0 0 0 0 0 0 0 0 0 0 0 0 0 0 0 0 0 0 0 0 0 0 0 0 0 0 0 0 0 0 0 0 0 0 0 0
1.00767 0.000148537 6.54537e-05 8.30835e-05 0.559344 0.930521 0 0 0 0 0 0 0 0 0 0 0 0 0 0 0 0 0 0 0 0 0 0 0 0 0 0 0 0 0 0 0 0 0 0 0 0 0 0 0 0 0 0 0 0 0 0 0 0 0 0 0 0 0 0 0 0 0 0 0 0 0 0 0 0 0 0 0 0 0 0 0 0 0 0 0 0 0 0 0 0 0 0
1.05939 0.000148644 6.5517e-05 8.31275e-05 0.559237 0.930525 0 0 0 0 0 0 0 0 0 0 0 0 0 0 0 0 0 0 0 0 0 0 0 0 0 0 0 0 0 0 0 0 0 0 0 0 0 0 0 0 0 0 0 0 0 0 0 0 0 0 0 0 0 0 0 0 0 0 0 0 0 0 0 0 0 0 0 0 0 0 0 0 0 0 0 0 0 0 0 0 0 0
1.11377 0.000148756 6.5583e-05 8.3173e-05 0.559124 0.930528 0 0 0 0 0 0 0 0 0 0 0 0 0 0 0 0 0 0 0 0 0 0 0 0 0 0 0 0 0 0 0 0 0 0 0 0 0 0 0 0 0 0 0 0 0 0 0 0 0 0 0 0 0 0 0 0 0 0 0 0 0 0 0 0 0 0 0 0 0 0 0 0 0 0 0 0 0 0 0 0 0 0
1.17094 0.000148871 6.56527e-05 8.32178e-05 0.558995 0.93054 0 0 0 0 0 0 0 0 0 0 0 0 0 0 0 0 0 0 0 0 0 0 0 0 0 0 0 0 0 0 0 0 0 0 0 0 0 0 0 0 0 0 0 0 0 0 0 0 0 0 0 0 0 0 0 0 0 0 0 0 0 0 0 0 0 0 0 0 0 0 0 0 0 0 0 0 0 0 0 0 0 0
1.23105 0.00014899 6.57257e-05 8.32639e-05 0.558857 0.930553 0 0 0 0 0 0 0 0 0 0 0 0 0 0 0 0 0 0 0 0 0 0 0 0 0 0 0 0 0 0 0 0 0 0 0 0 0 0 0 0 0 0 0 0 0 0 0 0 0 0 0 0 0 0 0 0 0 0 0 0 0 0 0 0 0 0 0 0 0 0 0 0 0 0 0 0 0 0 0 0 0 0
1.29424 0.000149112 6.58029e-05 8.33095e-05 0.558703 0.930577 0 0 0 0 0 0 0 0 0 0 0 0 0 0 0 0 0 0 0 0 0 0 0 0 0 0 0 0 0 0 0 0 0 0 0 0 0 0 0 0 0 0 0 0 0 0 0 0 0 0 0 0 0 0 0 0 0 0 0 0 0 0 0 0 0 0 0 0 0 0 0 0 0 0 0 0 0 0 0 0 0 0
1.36067 0.000149239 6.58803e-05 8.3359e-05 0.558559 0.930565 0 0 0 0 0 0 0 0 0 0 0 0 0 0 0 0 0 0 0 0 0 0 0 0 0 0 0 0 0 0 0 0 0 0 0 0 0 0 0 0 0 0 0 0 0 0 0 0 0 0 0 0 0 0 0 0 0 0 0 0 0 0 0 0 0 0 0 0 0 0 0 0 0 0 0 0 0 0 0 0 0 0
1.43051 0.00014937 6.59643e-05 8.34056e-05 0.558383 0.930588 0 0 0 0 0 0 0 0 0 0 0 0 0 0 0 0 0 0 0 0 0 0 0 0 0 0 0 0 0 0 0 0 0 0 0 0 0 0 0 0 0 0 0 0 0 0 0 0 0 0 0 0 0 0 0 0 0 0 0 0 0 0 0 0 0 0 0 0 0 0 0 0 0 0 0 0 0 0 0 0 0 0
1.50394 0.000149506 6.60508e-05 8.34548e-05 0.558205 0.930599 0 0 0 0 0 0 0 0 0 0 0 0 0 0 0 0 0 0 0 0 0 0 0 0 0 0 0 0 0 0 0 0 0 0 0 0 0 0 0 0 0 0 0 0 0 0 0 0 0 0 0 0 0 0 0 0 0 0 0 0 0 0 0 0 0 0 0 0 0 0 0 0 0 0 0 0 0 0 0 0 0 0
1.58114 0.000149645 6.61412e-05 8.35042e-05 0.558014 0.930608 0 0 0 0 0 0 0 0 0 0 0 0 0 0 0 0 0 0 0 0 0 0 0 0 0 0 0 0 0 0 0 0 0 0 0 0 0 0 0 0 0 0 0 0 0 0 0 0 0 0 0 0 0 0 0 0 0 0 0 0 0 0 0 0 0 0 0 0 0 0 0 0 0 0 0 0 0 0 0 0 0 0
1.6623 0.00014979 6.6238e-05 8.35518e-05 0.557794 0.930645 0 0 0 0 0 0 0 0 0 0 0 0 0 0 0 0 0 0 0 0 0 0 0 0 0 0 0 0 0 0 0 0 0 0 0 0 0 0 0 0 0 0 0 0 0 0 0 0 0 0 0 0 0 0 0 0 0 0 0 0 0 0 0 0 0 0 0 0 0 0 0 0 0 0 0 0 0 0 0 0 0 0
1.74763 0.00014994 6.6339e-05 8.36006e-05 0.557562 0.930681 0 0 0 0 0 0 0 0 0 0 0 0 0 0 0 0 0 0 0 0 0 0 0 0 0 0 0 0 0 0 0 0 0 0 0 0 0 0 0 0 0 0 0 0 0 0 0 0 0 0 0 0 0 0 0 0 0 0 0 0 0 0 0 0 0 0 0 0 0 0 0 0 0 0 0 0 0 0 0 0 0 0
1.83733 0.000150094 6.6446e-05 8.36479e-05 0.557304 0.930735 0 0 0 0 0 0 0 0 0 0 0 0 0 0 0 0 0 0 0 0 0 0 0 0 0 0 0 0 0 0 0 0 0 0 0 0 0 0 0 0 0 0 0 0 0 0 0 0 0 0 0 0 0 0 0 0 0 0 0 0 0 0 0 0 0 0 0 0 0 0 0 0 0 0 0 0 0 0 0 0 0 0
1.93164 0.000150253 6.6558e-05 8.36954e-05 0.557028 0.930794 0 0 0 0 0 0 0 0 0 0 0 0 0 0 0 0 0 0 0 0 0 0 0 0 0 0 0 0 0 0 0 0 0 0 0 0 0 0 0 0 0 0 0 0 0 0 0 0 0 0 0 0 0 0 0 0 0 0 0 0 0 0 0 0 0 0 0 0 0 0 0 0 0 0 0 0 0 0 0 0 0 0
2.03079 0.000150419 6.6674e-05 8.37446e-05 0.556744 0.930845 0 0 0 0 0 0 0 0 0 0 0 0 0 0 0 0 0 0 0 0 0 0 0 0 0 0 0 0 0 0 0 0 0 0 0 0 0 0 0 0 0 0 0 0 0 0 0 0 0 0 0 0 0 0 0 0 0 0 0 0 0 0 0 0 0 0 0 0 0 0 0 0 0 0 0 0 0 0 0 0 0 0
2.13503 0.000150589 6.67973e-05 8.37914e-05 0.556426 0.930923 0 0 0 0 0 0 0 0 0 0 0 0 0 0 0 0 0 0 0 0 0 0 0 0 0 0 0 0 0 0 0 0 0 0 0 0 0 0 0 0 0 0 0 0 0 0 0 0 0 0 0 0 0 0 0 0 0 0 0 0 0 0 0 0 0 0 0 0 0 0 0 0 0 0 0 0 0 0 0 0 0 0
2.24463 0.000150765 6.69277e-05 8.3837e-05 0.556079 0.93102 0 0 0 0 0 0 0 0 0 0 0 0 0 0 0 0 0 0 0 0 0 0 0 0 0 0 0 0 0 0 0 0 0 0 0 0 0 0 0 0 0 0 0 0 0 0 0 0 0 0 0 0 0 0 0 0 0 0 0 0 0 0 0 0 0 0 0 0 0 0 0 0 0 0 0 0 0 0 0 0 0 0
2.35984 0.000150947 6.70642e-05 8.38826e-05 0.55571 0.931125 0 0 0 0 0 0 0 0 0 0 0 0 0 0 0 0 0 0 0 0 0 0 0 0 0 0 0 0 0 0 0 0 0 0 0 0 0 0 0 0 0 0 0 0 0 0 0 0 0 0 0 0 0 0 0 0 0 0 0 0 0 0 0 0 0 0 0 0 0 0 0 0 0 0 0 0 0 0 0 0 0 0
2.48097 0.000151134 6.72105e-05 8.39239e-05 0.555293 0.931273 0 0 0 0 0 0 0 0 0 0 0 0 0 0 0 0 0 0 0 0 0 0 0 0 0 0 0 0 0 0 0 0 0 0 0 0 0 0 0 0 0 0 0 0 0 0 0 0 0 0 0 0 0 0 0 0 0 0 0 0 0 0 0 0 0 0 0 0 0 0 0 0 0 0 0 0 0 0 0 0 0 0
2.60832 0.000151329 6.7363e-05 8.39661e-05 0.554858 0.931427 0 0 0 0 0 0 0 0 0 0 0 0 0 0 0 0 0 0 0 0 0 0 0 0 0 0 0 0 0 0 0 0 0 0 0 0 0 0 0 0 0 0 0 0 0 0 0 0 0 0 0 0 0 0 0 0 0 0 0 0 0 0 0 0 0 0 0 0 0 0 0 0 0 0 0 0 0 0 0 0 0 0
2.74221 0.00015153 6.75224e-05 8.40073e-05 0.554395 0.931586 0 0 0 0 0 0 0 0 0 0 0 0 0 0 0 0 0 0 0 0 0 0 0 0 0 0 0 0 0 0 0 0 0 0 0 0 0 0 0 0 0 0 0 0 0 0 0 0 0 0 0 0 0 0 0 0 0 0 0 0 0 0 0 0 0 0 0 0 0 0 0 0 0 0 0 0 0 0 0 0 0 0
2.88297 0.000151736 6.76943e-05 8.40418e-05 0.553868 0.931811 0 0 0 0 0 0 0 0 0 0 0 0 0 0 0 0 0 0 0 0 0 0 0 0 0 0 0 0 0 0 0 0 0 0 0 0 0 0 0 0 0 0 0 0 0 0 0 0 0 0 0 0 0 0 0 0 0 0 0 0 0 0 0 0 0 0 0 0 0 0 0 0 0 0 0 0 0 0 0 0 0 0
3.03095 0.00015195 6.78748e-05 8.40752e-05 0.553308 0.932054 0 0 0 0 0 0 0 0 0 0 0 0 0 0 0 0 0 0 0 0 0 0 0 0 0 0 0 0 0 0 0 0 0 0 0 0 0 0 0 0 0 0 0 0 0 0 0 0 0 0 0 0 0 0 0 0 0 0 0 0 0 0 0 0 0 0 0 0 0 0 0 0 0 0 0 0 0 0 0 0 0 0
3.18653 0.000152171 6.80646e-05 8.41068e-05 0.552711 0.932322 0 0 0 0 0 0 0 0 0 0 0 0 0 0 0 0 0 0 0 0 0 0 0 0 0 0 0 0 0 0 0 0 0 0 0 0 0 0 0 0 0 0 0 0 0 0 0 0 0 0 0 0 0 0 0 0 0 0 0 0 0 0 0 0 0 0 0 0 0 0 0 0 0 0 0 0 0 0 0 0 0 0
3.35009 0.000152401 6.82659e-05 8.4135e-05 0.552064 0.932633 0 0 0 0 0 0 0 0 0 0 0 0 0 0 0 0 0 0 0 0 0 0 0 0 0 0 0 0 0 0 0 0 0 0 0 0 0 0 0 0 0 0 0 0 0 0 0 0 0 0 0 0 0 0 0 0 0 0 0 0 0 0 0 0 0 0 0 0 0 0 0 0 0 0 0 0 0 0 0 0 0 0
3.52205 0.000152638 6.84813e-05 8.41565e-05 0.551348 0.933008 0 0 0 0 0 0 0 0 0 0 0 0 0 0 0 0 0 0 0 0 0 0 0 0 0 0 0 0 0 0 0 0 0 0 0 0 0 0 0 0 0 0 0 0 0 0 0 0 0 0 0 0 0 0 0 0 0 0 0 0 0 0 0 0 0 0 0 0 0 0 0 0 0 0 0 0 0 0 0 0 0 0
3.70284 0.000152883 6.87096e-05 8.41735e-05 0.550574 0.933435 0 0 0 0 0 0 0 0 0 0 0 0 0 0 0 0 0 0 0 0 0 0 0 0 0 0 0 0 0 0 0 0 0 0 0 0 0 0 0 0 0 0 0 0 0 0 0 0 0 0 0 0 0 0 0 0 0 0 0 0 0 0 0 0 0 0 0 0 0 0 0 0 0 0 0 0 0 0 0 0 0 0
3.89291 0.000153135 6.89538e-05 8.41807e-05 0.549718 0.933935 0 0 0 0 0 0 0 0 0 0 0 0 0 0 0 0 0 0 0 0 0 0 0 0 0 0 0 0 0 0 0 0 0 0 0 0 0 0 0 0 0 0 0 0 0 0 0 0 0 0 0 0 0 0 0 0 0 0 0 0 0 0 0 0 0 0 0 0 0 0 0 0 0 0 0 0 0 0 0 0 0 0
4.09273 0.000153392 6.92167e-05 8.41752e-05 0.548759 0.934533 0 0 0 0 0 0 0 0 0 0 0 0 0 0 0 0 0 0 0 0 0 0 0 0 0 0 0 0 0 0 0 0 0 0 0 0 0 0 0 0 0 0 0 0 0 0 0 0 0 0 0 0 0 0 0 0 0 0 0 0 0 0 0 0 0 0 0 0 0 0 0 0 0 0 0 0 0 0 0 0 0 0
4.30281 0.000153657 6.95004e-05 8.41566e-05 0.547691 0.935244 0 0 0 0 0 0 0 0 0 0 0 0 0 0 0 0 0 0 0 0 0 0 0 0 0 0 0 0 0 0 0 0 0 0 0 0 0 0 0 0 0 0 0 0 0 0 0 0 0 0 0 0 0 0 0 0 0 0 0 0 0 0 0 0 0 0 0 0 0 0 0 0 0 0 0 0 0 0 0 0 0 0
4.52368 0.000153939 6.98067e-05 8.41319e-05 0.546529 0.936085 0 0 0 0 0 0 0 0 0 0 0 0 0 0 0 0 0 0 0 0 0 0 0 0 0 0 0 0 0 0 0 0 0 0 0 0 0 0 0 0 0 0 0 0 0 0 0 0 0 0 0 0 0 0 0 0 0 0 0 0 0 0 0 0 0 0 0 0 0 0 0 0 0 0 0 0 0 0 0 0 0 0
4.75588 0.000154241 7.01382e-05 8.41025e-05 0.545268 0.937081 0 0 0 0 0 0 0 0 0 0 0 0 0 0 0 0 0 0 0 0 0 0 0 0 0 0 0 0 0 0 0 0 0 0 0 0 0 0 0 0 0 0 0 0 0 0 0 0 0 0 0 0 0 0 0 0 0 0 0 0 0 0 0 0 0 0 0 0 0 0 0 0 0 0 0 0 0 0 0 0 0 0
5 0.000154561 7.05041e-05 8.4057e-05 0.543843 0.938308 0 0 0 0 0 0 0 0 0 0 0 0 0 0 0 0 0 0 0 0 0 0 0 0 0 0 0 0 0 0 0 0 0 0 0 0 0 0 0 0 0 0 0 0 0 0 0 0 0 0 0 0 0 0 0 0 0 0 0 0 0 0 0 0 0 0 0 0 0 0 0 0 0 0 0 0 0 0 0 0 0 0
5.25665 0.000154873 7.09078e-05 8.39647e-05 0.542154 0.939772 0 0 0 0 0 0 0 0 0 0 0 0 0 0 0 0 0 0 0 0 0 0 0 0 0 0 0 0 0 0 0 0 0 0 0 0 0 0 0 0 0 0 0 0 0 0 0 0 0 0 0 0 0 0 0 0 0 0 0 0 0 0 0 0 0 0 0 0 0 0 0 0 0 0 0 0 0 0 0 0 0 0
5.52648 0.000155162 7.13485e-05 8.38137e-05 0.540168 0.941432 0 0 0 0 0 0 0 0 0 0 0 0 0 0 0 0 0 0 0 0 0 0 0 0 0 0 0 0 0 0 0 0 0 0 0 0 0 0 0 0 0 0 0 0 0 0 0 0 0 0 0 0 0 0 0 0 0 0 0 0 0 0 0 0 0 0 0 0 0 0 0 0 0 0 0 0 0 0 0 0 0 0
5.81015 0.000155465 7.18453e-05 8.36198e-05 0.537869 0.943492 0 0 0 0 0 0 0 0 0 0 0 0 0 0 0 0 0 0 0 0 0 0 0 0 0 0 0 0 0 0 0 0 0 0 0 0 0 0 0 0 0 0 0 0 0 0 0 0 0 0 0 0 0 0 0 0 0 0 0 0 0 0 0 0 0 0 0 0 0 0 0 0 0 0 0 0 0 0 0 0 0 0
6.10839 0.000155816 7.23968e-05 8.34188e-05 0.535369 0.945924 0 0 0 0 0 0 0 0 0 0 0 0 0 0 0 0 0 0 0 0 0 0 0 0 0 0 0 0 0 0 0 0 0 0 0 0 0 0 0 0 0 0 0 0 0 0 0 0 0 0 0 0 0 0 0 0 0 0 0 0 0 0 0 0 0 0 0 0 0 0 0 0 0 0 0 0 0 0 0 0 0 0
6.42193 0.000156207 7.30274e-05 8.31791e-05 0.532495 0.948921 0 0 0 0 0 0 0 0 0 0 0 0 0 0 0 0 0 0 0 0 0 0 0 0 0 0 0 0 0 0 0 0 0 0 0 0 0 0 0 0 0 0 0 0 0 0 0 0 0 0 0 0 0 0 0 0 0 0 0 0 0 0 0 0 0 0 0 0 0 0 0 0 0 0 0 0 0 0 0 0 0 0
6.75157 0.00015659 7.37916e-05 8.27979e-05 0.528758 0.952856 0 0 0 0 0 0 0 0 0 0 0 0 0 0 0 0 0 0 0 0 0 0 0 0 0 0 0 0 0 0 0 0 0 0 0 0 0 0 0 0 0 0 0 0 0 0 0 0 0 0 0 0 0 0 0 0 0 0 0 0 0 0 0 0 0 0 0 0 0 0 0 0 0 0 0 0 0 0 0 0 0 0
7.09813 0.000156966 7.47993e-05 8.21664e-05 0.523467 0.958536 0 0 0 0 0 0 0 0 0 0 0 0 0 0 0 0 0 0 0 0 0 0 0 0 0 0 0 0 0 0 0 0 0 0 0 0 0 0 0 0 0 0 0 0 0 0 0 0 0 0 0 0 0 0 0 0 0 0 0 0 0 0 0 0 0 0 0 0 0 0 0 0 0 0 0 0 0 0 0 0 0 0
7.46248 0.000157086 7.62165e-05 8.087e-05 0.514812 0.967213 0 0 0 0 0 0 0 0 0 0 0 0 0 0 0 0 0 0 0 0 0 0 0 0 0 0 0 0 0 0 0 0 0 0 0 0 0 0 0 0 0 0 0 0 0 0 0 0 0 0 0 0 0 0 0 0 0 0 0 0 0 0 0 0 0 0 0 0 0 0 0 0 0 0 0 0 0 0 0 0 0 0
7.84553 0.000155888 7.69173e-05 7.89706e-05 0.506586 0.97513 0 0 0 0 0 0 0 0 0 0 0 0 0 0 0 0 0 0 0 0 0 0 0 0 0 0 0 0 0 0 0 0 0 0 0 0 0 0 0 0 0 0 0 0 0 0 0 0 0 0 0 0 0 0 0 0 0 0 0 0 0 0 0 0 0 0 0 0 0 0 0 0 0 0 0 0 0 0 0 0 0 0
8.24824 0.000153858 7.39695e-05 7.98889e-05 0.519237 0.964792 0 0 0 0 0 0 0 0 0 0 0 0 0 0 0 0 0 0 0 0 0 0 0 0 0 0 0 0 0 0 0 0 0 0 0 0 0 0 0 0 0 0 0 0 0 0 0 0 0 0 0 0 0 0 0 0 0 0 0 0 0 0 0 0 0 0 0 0 0 0 0 0 0 0 0 0 0 0 0 0 0 0
8.67162 0.000154922 7.09223e-05 8.40001e-05 0.542208 0.94051 0 0 0 0 0 0 0 0 0 0 0 0 0 0 0 0 0 0 0 0 0 0 0 0 0 0 0 0 0 0 0 0 0 0 0 0 0 0 0 0 0 0 0 0 0 0 0 0 0 0 0 0 0 0 0 0 0 0 0 0 0 0 0 0 0 0 0 0 0 0 0 0 0 0 0 0 0 0 0 0 0 0
9.11674 0.000156971 6.71837e-05 8.97871e-05 0.571999 0.900958 0 0 0 0 0 0 0 0 0 0 0 0 0 0 0 0 0 0 0 0 0 0 0 0 0 0 0 0 0 0 0 0 0 0 0 0 0 0 0 0 0 0 0 0 0 0 0 0 0 0 0 0 0 0 0 0 0 0 0 0 0 0 0 0 0 0 0 0 0 0 0 0 0 0 0 0 0 0 0 0 0 0
9.5847 0.000159226 6.54608e-05 9.37649e-05 0.58888 0.869083 0 0 0 0 0 0 0 0 0 0 0 0 0 0 0 0 0 0 0 0 0 0 0 0 0 0 0 0 0 0 0 0 0 0 0 0 0 0 0 0 0 0 0 0 0 0 0 0 0 0 0 0 0 0 0 0 0 0 0 0 0 0 0 0 0 0 0 0 0 0 0 0 0 0 0 0 0 0 0 0 0 0
10.0767 0.000160551 6.54044e-05 9.51466e-05 0.592625 0.856062 0 0 0 0 0 0 0 0 0 0 0 0 0 0 0 0 0 0 0 0 0 0 0 0 0 0 0 0 0 0 0 0 0 0 0 0 0 0 0 0 0 0 0 0 0 0 0 0 0 0 0 0 0 0 0 0 0 0 0 0 0 0 0 0 0 0 0 0 0 0 0 0 0 0 0 0 0 0 0 0 0 0
10.5939 0.000161649 6.52753e-05 9.63736e-05 0.596191 0.843781 0 0 0 0 0 0 0 0 0 0 0 0 0 0 0 0 0 0 0 0 0 0 0 0 0 0 0 0 0 0 0 0 0 0 0 0 0 0 0 0 0 0 0 0 0 0 0 0 0 0 0 0 0 0 0 0 0 0 0 0 0 0 0 0 0 0 0 0 0 0 0 0 0 0 0 0 0 0 0 0 0 0
11.1377 0.000162134 6.60508e-05 9.60836e-05 0.592617 0.842862 0 0 0 0 0 0 0 0 0 0 0 0 0 0 0 0 0 0 0 0 0 0 0 0 0 0 0 0 0 0 0 0 0 0 0 0 0 0 0 0 0 0 0 0 0 0 0 0 0 0 0 0 0 0 0 0 0 0 0 0 0 0 0 0 0 0 0 0 0 0 0 0 0 0 0 0 0 0 0 0 0 0
11.7094 0.000162473 6.67921e-05 9.56814e-05 0.588905 0.843567 0 0 0 0 0 0 0 0 0 0 0 0 0 0 0 0 0 0 0 0 0 0 0 0 0 0 0 0 0 0 0 0 0 0 0 0 0 0 0 0 0 0 0 0 0 0 0 0 0 0 0 0 0 0 0 0 0 0 0 0 0 0 0 0 0 0 0 0 0 0 0 0 0 0 0 0 0 0 0 0 0 0
12.3105 0.000162685 6.77536e-05 9.49316e-05 0.58353 0.847365 0 0 0 0 0 0 0 0 0 0 0 0 0 0 0 0 0 0 0 0 0 0 0 0 0 0 0 0 0 0 0 0 0 0 0 0 0 0 0 0 0 0 0 0 0 0 0 0 0 0 0 0 0 0 0 0 0 0 0 0 0 0 0 0 0 0 0 0 0 0 0 0 0 0 0 0 0 0 0 0 0 0
12.9424 0.000162871 6.90297e-05 9.38411e-05 0.576169 0.854972 0 0 0 0 0 0 0 0 0 0 0 0 0 0 0 0 0 0 0 0 0 0 0 0 0 0 0 0 0 0 0 0 0 0 0 0 0 0 0 0 0 0 0 0 0 0 0 0 0 0 0 0 0 0 0 0 0 0 0 0 0 0 0 0 0 0 0 0 0 0 0 0 0 0 0 0 0 0 0 0 0 0
13.6067 0.00016312 7.07268e-05 9.23936e-05 0.566413 0.866975 0 0 0 0 0 0 0 0 0 0 0 0 0 0 0 0 0 0 0 0 0 0 0 0 0 0 0 0 0 0 0 0 0 0 0 0 0 0 0 0 0 0 0 0 0 0 0 0 0 0 0 0 0 0 0 0 0 0 0 0 0 0 0 0 0 0 0 0 0 0 0 0 0 0 0 0 0 0 0 0 0 0
14.3051 0.000163488 7.27389e-05 9.07487e-05 0.55508 0.88216 0 0 0 0 0 0 0 0 0 0 0 0 0 0 0 0 0 0 0 0 0 0 0 0 0 0 0 0 0 0 0 0 0 0 0 0 0 0 0 0 0 0 0 0 0 0 0 0 0 0 0 0 0 0 0 0 0 0 0 0 0 0 0 0 0 0 0 0 0 0 0 0 0 0 0 0 0 0 0 0 0 0
15.0394 0.000163941 7.3935e-05 9.00055e-05 0.549013 0.889645 0 0 0 0 0 0 0 0 0 0 0 0 0 0 0 0 0 0 0 0 0 0 0 0 0 0 0 0 0 0 0 0 0 0 0 0 0 0 0 0 0 0 0 0 0 0 0 0 0 0 0 0 0 0 0 0 0 0 0 0 0 0 0 0 0 0 0 0 0 0 0 0 0 0 0 0 0 0 0 0 0 0
15.8114 0.000164472 7.42677e-05 9.02039e-05 0.548446 0.888875 0 0 0 0 0 0 0 0 0 0 0 0 0 0 0 0 0 0 0 0 0 0 0 0 0 0 0 0 0 0 0 0 0 0 0 0 0 0 0 0 0 0 0 0 0 0 0 0 0 0 0 0 0 0 0 0 0 0 0 0 0 0 0 0 0 0 0 0 0 0 0 0 0 0 0 0 0 0 0 0 0 0
16.623 0.000165233 7.39e-05 9.13333e-05 0.552754 0.880899 0 0 0 0 0 0 0 0 0 0 0 0 0 0 0 0 0 0 0 0 0 0 0 0 0 0 0 0 0 0 0 0 0 0 0 0 0 0 0 0 0 0 0 0 0 0 0 0 0 0 0 0 0 0 0 0 0 0 0 0 1.4013e-45 0 1.4013e-45 0 2.8026e-45 0 4.2039e-45 0 7.00649e-45 0 1.26117e-44 0 1.96182e-44 0 3.22299e-44 0 5.32493e-44 0 8.26766e-44 0 1.34525e-43 0
17.4762 0.000166345 7.30647e-05 9.32805e-05 0.560765 0.867089 0 0 0 0 0 0 0 0 0 0 0 0 0 0 0 0 0 0 0 0 0 0 0 0 0 0 0 0 0 0 0 0 0 0 0 0 0 0 0 0 0 0 0 0 0 0 1.4013e-45 0 2.8026e-45 0 7.00649e-45 0 1.26117e-44 0 2.38221e-44 0 4.62428e-44 0 8.54792e-44 0 1.54143e-43 0 2.74654e-43 0 4.68034e-43 0 7.94536e-43 0 1.33964e-42 0 2.24768e-42 0 3.60834e-42 0 5.76634e-42 0 9.18131e-42 0 1.40102e-41 0 2.21307e-41 0
18.3733 0.000167714 7.20868e-05 9.56272e-05 0.57018 0.850492 0 0 0 0 0 0 0 0 0 0 0 0 0 0 0 0 0 0 0 0 0 0 0 0 0 0 0 0 0 0 0 0 0 0 1.4013e-45 0 4.2039e-45 0 1.12104e-44 0 2.8026e-44 0 6.16571e-44 0 1.37327e-43 0 2.92871e-43 0 5.92749e-43 0 1.1911e-42 0 2.27291e-42 0 4.30199e-42 0 7.92154e-42 0 1.41994e-41 0 2.47904e-41 0 4.30269e-41 0 7.14242e-41 0 1.17978e-40 0 1.93931e-40 0 3.17257e-40 0 4.97632e-40 0 7.77464e-40 0 1.2099e-39 0 1.80858e-39 0 2.79387e-39 0
19.3164 0.000169058 7.12873e-05 9.77712e-05 0.578328 0.834966 0 0 0 0 0 0 0 0 0 0 0 0 0 0 0 0 0 0 0 0 0 0 0 0 1.4013e-45 0 4.2039e-45 0 1.4013e-44 0 4.2039e-44 0 1.23314e-43 0 3.33509e-43 0 8.49187e-43 0 2.03749e-42 0 4.82467e-42 0 1.03528e-41 0 2.19752e-41 0 4.52129e-41 0 8.8457e-41 0 1.71567e-40 0 3.17199e-40 0 5.82148e-40 0 1.04049e-39 0 1.81252e-39 0 3.07959e-39 0 5.20316e-39 0 8.426e-39 0 1.35812e-38 0 2.17893e-38 0 3.47992e-38 0 5.33975e-38 0 8.16268e-38 0 1.24315e-37 0 1.82217e-37 0 2.75573e-37 0
20.3079 0.000170081 7.0963e-05 9.91184e-05 0.58277 0.824277 0 0 0 0 0 0 0 0 0 0 0 0 0 0 0 0 0 0 2.8026e-45 0 1.12104e-44 0 5.32493e-44 0 2.08793e-43 0 7.58102e-43 0 2.43826e-42 0 7.15223e-42 0 1.96546e-41 0 5.0762e-41 0 1.23566e-40 0 2.84253e-40 0 6.45134e-40 0 1.33384e-39 0 2.72913e-39 0 5.42068e-39 0 1.02633e-38 0 1.92727e-38 0 3.4579e-38 0 6.16082e-38 0 1.07035e-37 0 1.8147e-37 0 3.00453e-37 0 4.94799e-37 0 7.8264e-37 0 1.23241e-36 0 1.93214e-36 0 3.01603e-36 0 4.53221e-36 0 6.78614e-36 0 1.0125e-35 0 1.45663e-35 0 2.15887e-35 0
21.3503 0.000170909 7.09773e-05 9.99312e-05 0.584706 0.817414 0 0 0 0 0 0 0 0 0 0 0 0 1.4013e-45 0 8.40779e-45 0 6.44597e-44 0 4.07778e-43 0 2.00946e-42 0 8.80296e-42 0 3.2356e-41 0 1.10205e-40 0 3.34626e-40 0 9.31178e-40 0 2.43554e-39 0 6.00532e-39 0 1.39971e-38 0 3.09158e-38 0 6.74133e-38 0 1.34524e-37 0 2.6579e-37 0 5.10523e-37 0 9.36947e-37 0 1.70612e-36 0 2.97497e-36 0 5.15303e-36 0 8.71444e-36 0 1.43987e-35 0 2.32596e-35 0 3.73833e-35 0 5.78213e-35 0 8.90541e-35 0 1.36585e-34 0 2.08621e-34 0 3.07323e-34 0 4.51179e-34 0 6.60142e-34 0 9.32998e-34 0 1.35648e-33 0
22.4463 0.000171687 7.10299e-05 0.000100657 0.586283 0.811172 0 0 0 0 0 0 0 0 0 0 8.40779e-45 0 1.42932e-43 0 1.46436e-42 0 1.04551e-41 0 6.04282e-41 0 2.75058e-40 0 1.12134e-39 0 3.8675e-39 0 1.24079e-38 0 3.56866e-38 0 9.44664e-38 0 2.3575e-37 0 5.56234e-37 0 1.24399e-36 0 2.64336e-36 0 5.5487e-36 0 1.07052e-35 0 2.04595e-35 0 3.80655e-35 0 6.78197e-35 0 1.19934e-34 0 2.03529e-34 0 3.43208e-34 0 5.65709e-34 0 9.12071e-34 0 1.43926e-33 0 2.26023e-33 0 3.42228e-33 0 5.16088e-33 0 7.7518e-33 0 1.15979e-32 0 1.67649e-32 0 2.41553e-32 0 3.46921e-32 0 4.82102e-32 0 6.88236e-32 0
23.5984 0.000172401 7.12379e-05 0.000101163 0.58679 0.806463 0 0 0 0 0 0 1.4013e-45 0 6.02558e-44 0 1.59047e-42 0 2.20088e-41 0 2.01556e-40 0 1.30738e-39 0 6.93633e-39 0 2.9321e-38 0 1.11608e-37 0 3.62357e-37 0 1.09821e-36 0 2.9998e-36 0 7.57221e-36 0 1.8072e-35 0 4.08893e-35 0 8.79229e-35 0 1.80077e-34 0 3.64562e-34 0 6.81145e-34 0 1.26126e-33 0 2.27656e-33 0 3.94327e-33 0 6.78193e-33 0 1.12156e-32 0 1.84364e-32 0 2.96562e-32 0 4.67114e-32 0 7.20878e-32 0 1.1074e-31 0 1.64313e-31 0 2.42867e-31 0 3.57619e-31 0 5.2463e-31 0 7.44841e-31 0 1.05422e-30 0 1.48756e-30 0 2.03425e-30 0 2.854e-30 0
24.8097 0.000173124 7.14165e-05 0.000101708 0.587484 0.801538 0 0 0 0 0 0 1.70958e-43 0 9.67036e-42 0 2.15392e-40 0 2.62103e-39 0 2.15436e-38 0 1.27549e-37 0 6.23766e-37 0 2.45757e-36 0 8.76351e-36 0 2.68626e-35 0 7.71234e-35 0 2.00579e-34 0 4.83931e-34 0 1.10693e-33 0 2.40664e-33 0 4.98506e-33 0 9.85885e-33 0 1.92834e-32 0 3.4946e-32 0 6.27913e-32 0 1.10116e-31 0 1.85686e-31 0 3.11013e-31 0 5.0186e-31 0 8.05185e-31 0 1.26548e-30 0 1.94953e-30 0 2.94557e-30 0 4.43108e-30 0 6.44924e-30 0 9.35235e-30 0 1.35135e-29 0 1.94569e-29 0 2.71552e-29 0 3.77881e-29 0 5.2432e-29 0 7.06139e-29 0 9.74452e-29 0
26.0832 0.000173804 7.17058e-05 0.000102098 0.587434 0.797545 0 0 0 0 9.80909e-44 0 2.54644e-41 0 1.18618e-39 0 2.2707e-38 0 2.44577e-37 0 1.81382e-36 0 9.84567e-36 0 4.45587e-35 0 1.64188e-34 0 5.50244e-34 0 1.59689e-33 0 4.3546e-33 0 1.08089e-32 0 2.49807e-32 0 5.4878e-32 0 1.14874e-31 0 2.29635e-31 0 4.39273e-31 0 8.31507e-31 0 1.46377e-30 0 2.55593e-30 0 4.36103e-30 0 7.16869e-30 0 1.17085e-29 0 1.8457e-29 0 2.89367e-29 0 4.44859e-29 0 6.71017e-29 0 9.93621e-29 0 1.46522e-28 0 2.09384e-28 0 2.98178e-28 0 4.23173e-28 0 5.98543e-28 0 8.21875e-28 0 1.12538e-27 0 1.53673e-27 0 2.03976e-27 0 2.77089e-27 0
27.4221 0.000174475 7.19911e-05 0.000102484 0.587385 0.793481 0 0 1.4013e-45 0 1.49645e-41 0 2.94362e-39 0 1.13672e-37 0 1.88396e-36 0 1.80687e-35 0 1.21513e-34 0 6.073e-34 0 2.55316e-33 0 8.82739e-33 0 2.78871e-32 0 7.68298e-32 0 1.99495e-31 0 4.73684e-31 0 1.05087e-30 0 2.22154e-30 0 4.48551e-30 0 8.66848e-30 0 1.60652e-29 0 2.94772e-29 0 5.04779e-29 0 8.57747e-29 0 1.42584e-28 0 2.28761e-28 0 3.64789e-28 0 5.62405e-28 0 8.62587e-28 0 1.29854e-27 0 1.91978e-27 0 2.78879e-27 0 4.03517e-27 0 5.66675e-27 0 7.93175e-27 0 1.1066e-26 0 1.53891e-26 0 2.08066e-26 0 2.80564e-26 0 3.77331e-26 0 4.93968e-26 0 6.61066e-26 0
28.8297 0.000175158 7.22925e-05 0.000102865 0.587272 0.789459 0 0 2.36819e-43 0 1.75442e-39 0 2.66672e-37 0 8.61544e-36 0 1.24497e-34 0 1.06924e-33 0 6.55177e-33 0 3.02707e-32 0 1.18644e-31 0 3.86098e-31 0 1.15313e-30 0 3.02354e-30 0 7.49351e-30 0 1.70571e-29 0 3.63972e-29 0 7.41825e-29 0 1.44731e-28 0 2.70845e-28 0 4.87059e-28 0 8.67587e-28 0 1.44718e-27 0 2.39628e-27 0 3.88573e-27 0 6.092e-27 0 9.49566e-27 0 1.43335e-26 0 2.15297e-26 0 3.17701e-26 0 4.60812e-26 0 6.57309e-26 0 9.34076e-26 0 1.29019e-25 0 1.77647e-25 0 2.43847e-25 0 3.33695e-25 0 4.44572e-25 0 5.90791e-25 0 7.83143e-25 0 1.01183e-24 0 1.33498e-24 0
30.3095 0.000175843 7.26022e-05 0.000103241 0.587119 0.785377 4.2039e-45 0 3.36634e-41 0 1.61074e-37 0 1.91577e-35 0 5.22339e-34 0 6.62526e-33 0 5.123e-32 0 2.87321e-31 0 1.23192e-30 0 4.51691e-30 0 1.38763e-29 0 3.92873e-29 0 9.82767e-29 0 2.3301e-28 0 5.09512e-28 0 1.04772e-27 0 2.06244e-27 0 3.89466e-27 0 7.06874e-27 0 1.23526e-26 0 2.13918e-26 0 3.48023e-26 0 5.62252e-26 0 8.90462e-26 0 1.36574e-25 0 2.08316e-25 0 3.0819e-25 0 4.53814e-25 0 6.57064e-25 0 9.35896e-25 0 1.31203e-24 0 1.83275e-24 0 2.49188e-24 0 3.37793e-24 0 4.56555e-24 0 6.15281e-24 0 8.08318e-24 0 1.05936e-23 0 1.38508e-23 0 1.7673e-23 0 2.30038e-23 0
31.8653 0.00017653 7.30022e-05 0.000103528 0.586461 0.781856 7.95938e-43 0 3.70854e-39 0 1.17327e-35 0 1.10507e-33 0 2.56394e-32 0 2.87271e-31 0 2.01021e-30 0 1.03639e-29 0 4.13876e-29 0 1.42423e-28 0 4.14203e-28 0 1.11462e-27 0 2.66614e-27 0 6.06041e-27 0 1.27553e-26 0 2.53219e-26 0 4.82249e-26 0 8.82835e-26 0 1.55637e-25 0 2.64664e-25 0 4.4621e-25 0 7.08892e-25 0 1.11875e-24 0 1.73247e-24 0 2.60226e-24 0 3.88823e-24 0 5.64344e-24 0 8.1545e-24 0 1.15952e-23 0 1.6233e-23 0 2.23847e-23 0 3.07628e-23 0 4.12035e-23 0 5.50309e-23 0 7.32927e-23 0 9.73453e-23 0 1.26194e-22 0 1.63217e-22 0 2.10626e-22 0 2.65569e-22 0 3.41254e-22 0
33.5009 0.000177222 7.33887e-05 0.000103834 0.585895 0.778042 1.04053e-40 0 3.20815e-37 0 6.84787e-34 0 5.16617e-32 0 1.02806e-30 0 1.02369e-29 0 6.51422e-29 0 3.10005e-28 0 1.15705e-27 0 3.74853e-27 0 1.0348e-26 0 2.65325e-26 0 6.08195e-26 0 1.32816e-25 0 2.69564e-25 0 5.17519e-25 0 9.55083e-25 0 1.69757e-24 0 2.91098e-24 0 4.8235e-24 0 7.92743e-24 0 1.23128e-23 0 1.90035e-23 0 2.88069e-23 0 4.24183e-23 0 6.21498e-23 0 8.85794e-23 0 1.25713e-22 0 1.75711e-22 0 2.41983e-22 0 3.28491e-22 0 4.44484e-22 0 5.86906e-22 0 7.72868e-22 0 1.01504e-21 0 1.3296e-21 0 1.70192e-21 0 2.17376e-21 0 2.77045e-21 0 3.45384e-21 0 4.38415e-21 0
35.2205 0.000177958 7.38664e-05 0.000104092 0.584924 0.774661 1.06027e-38 0 2.20833e-35 0 3.24201e-32 0 1.98041e-30 0 3.40555e-29 0 3.03113e-28 0 1.76222e-27 0 7.77118e-27 0 2.71986e-26 0 8.32008e-26 0 2.18571e-25 0 5.35241e-25 0 1.17821e-24 0 2.47669e-24 0 4.85592e-24 0 9.0304e-24 0 1.61744e-23 0 2.79525e-23 0 4.6687e-23 0 7.54764e-23 0 1.21073e-22 0 1.8405e-22 0 2.78105e-22 0 4.13096e-22 0 5.96902e-22 0 8.58401e-22 0 1.20246e-21 0 1.67762e-21 0 2.30681e-21 0 3.12761e-21 0 4.18283e-21 0 5.57687e-21 0 7.26455e-21 0 9.43864e-21 0 1.22323e-20 0 1.58132e-20 0 1.99988e-20 0 2.52399e-20 0 3.17896e-20 0 3.92067e-20 0 4.91911e-20 0
37.0284 0.000178708 7.43484e-05 0.000104359 0.583967 0.771035 8.51844e-37 0 1.22174e-33 0 1.25637e-30 0 6.27856e-29 0 9.39667e-28 0 7.51685e-27 0 4.01022e-26 0 1.64487e-25 0 5.41537e-25 0 1.56856e-24 0 3.93085e-24 0 9.21409e-24 0 1.95163e-23 0 3.95631e-23 0 7.50612e-23 0 1.35424e-22 0 2.35754e-22 0 3.96689e-22 0 6.46174e-22 0 1.02042e-21 0 1.59953e-21 0 2.38233e-21 0 3.52796e-21 0 5.14014e-21 0 7.29494e-21 0 1.03064e-20 0 1.42016e-20 0 1.9494e-20 0 2.63917e-20 0 3.52543e-20 0 4.64842e-20 0 6.1112e-20 0 7.85849e-20 0 1.00806e-19 0 1.29e-19 0 1.64686e-19 0 2.05903e-19 0 2.56928e-19 0 3.19974e-19 0 3.90611e-19 0 4.84685e-19 0
38.9291 0.000179453 7.47982e-05 0.000104655 0.583187 0.767044 5.45661e-35 0 5.48811e-32 0 4.02249e-29 0 1.66073e-27 0 2.17791e-26 0 1.57402e-25 0 7.73824e-25 0 2.96264e-24 0 9.20255e-24 0 2.53064e-23 0 6.06368e-23 0 1.36345e-22 0 2.784e-22 0 5.45229e-22 0 1.00259e-21 0 1.75749e-21 0 2.97784e-21 0 4.88493e-21 0 7.76983e-21 0 1.19992e-20 0 1.84008e-20 0 2.68781e-20 0 3.90476e-20 0 5.58554e-20 0 7.79271e-20 0 1.08254e-19 0 1.46852e-19 0 1.98484e-19 0 2.64769e-19 0 3.48717e-19 0 4.53632e-19 0 5.88469e-19 0 7.47488e-19 0 9.47268e-19 0 1.19769e-18 0 1.51089e-18 0 1.86854e-18 0 2.30652e-18 0 2.8419e-18 0 3.43564e-18 0 4.2184e-18 0
40.9273 0.000180219 7.52483e-05 0.000104971 0.582463 0.762761 2.81896e-33 0 2.023e-30 0 1.07444e-27 0 3.69912e-26 0 4.27825e-25 0 2.80736e-24 0 1.27691e-23 0 4.57859e-23 0 1.34564e-22 0 3.5221e-22 0 8.08682e-22 0 1.74783e-21 0 3.44662e-21 0 6.53207e-21 0 1.16595e-20 0 1.98859e-20 0 3.28377e-20 0 5.25818e-20 0 8.17614e-20 0 1.23616e-19 0 1.85649e-19 0 2.66207e-19 0 3.79749e-19 0 5.33797e-19 0 7.32722e-19 0 1.00167e-18 0 1.33873e-18 0 1.783e-18 0 2.34522e-18 0 3.04754e-18 0 3.91384e-18 0 5.01308e-18 0 6.29381e-18 0 7.88424e-18 0 9.85503e-18 0 1.2292e-17 0 1.50448e-17 0 1.83812e-17 0 2.24181e-17 0 2.6852e-17 0 3.2641e-17 0
43.0281 0.000180978 7.57578e-05 0.00010522 0.581398 0.758633 1.18784e-31 0 6.18341e-29 0 2.41747e-26 0 7.00226e-25 0 7.18617e-24 0 4.30169e-23 0 1.81711e-22 0 6.12176e-22 0 1.70692e-21 0 4.2627e-21 0 9.39803e-21 0 1.95621e-20 0 3.73174e-20 0 6.85508e-20 0 1.18948e-19 0 1.97652e-19 0 3.18489e-19 0 4.98395e-19 0 7.58449e-19 0 1.1238e-18 0 1.65456e-18 0 2.33113e-18 0 3.26822e-18 0 4.51826e-18 0 6.10685e-18 0 8.22193e-18 0 1.08341e-17 0 1.4229e-17 0 1.84669e-17 0 2.36922e-17 0 3.00575e-17 0 3.8037e-17 0 4.72271e-17 0 5.85141e-17 0 7.23481e-17 0 8.927e-17 0 1.08189e-16 0 1.30896e-16 0 1.58104e-16 0 1.87712e-16 0 2.26016e-16 0
45.2368 0.000181766 7.6289e-05 0.000105477 0.580291 0.754412 4.1214e-30 0 1.58083e-27 0 4.61807e-25 0 1.13491e-23 0 1.03956e-22 0 5.70225e-22 0 2.24511e-21 0 7.12816e-21 0 1.89048e-20 0 4.51478e-20 0 9.5769e-20 0 1.92336e-19 0 3.55517e-19 0 6.33968e-19 0 1.07084e-18 0 1.73581e-18 0 2.73262e-18 0 4.18372e-18 0 6.23753e-18 0 9.06643e-18 0 1.30987e-17 0 1.81486e-17 0 2.50279e-17 0 3.40578e-17 0 4.53601e-17 0 6.01901e-17 0 7.82516e-17 0 1.01413e-16 0 1.29953e-16 0 1.64708e-16 0 2.06546e-16 0 2.58392e-16 0 3.17449e-16 0 3.89224e-16 0 4.76285e-16 0 5.81685e-16 0 6.98379e-16 0 8.37131e-16 0 1.00185e-15 0 1.17954e-15 0 1.40742e-15 0
47.5588 0.00018259 7.69184e-05 0.000105672 0.578737 0.750337 1.18989e-28 0 3.41344e-26 0 7.55767e-24 0 1.58854e-22 0 1.30594e-21 0 6.59219e-21 0 2.42751e-20 0 7.28458e-20 0 1.84212e-19 0 4.21622e-19 0 8.62117e-19 0 1.67346e-18 0 3.00185e-18 0 5.20393e-18 0 8.5679e-18 0 1.35647e-17 0 2.08864e-17 0 3.13196e-17 0 4.57928e-17 0 6.53568e-17 0 9.27431e-17 0 1.26469e-16 0 1.71691e-16 0 2.30148e-16 0 3.02266e-16 0 3.95587e-16 0 5.07745e-16 0 6.49755e-16 0 8.22591e-16 0 1.03059e-15 0 1.27817e-15 0 1.58162e-15 0 1.92368e-15 0 2.33526e-15 0 2.82958e-15 0 3.4222e-15 0 4.07222e-15 0 4.83828e-15 0 5.73975e-15 0 6.70411e-15 0 7.93061e-15 0
50 0.000183388 7.75065e-05 0.000105881 0.577363 0.745799 2.87914e-27 0 6.26549e-25 0 1.06573e-22 0 1.93057e-21 0 1.43198e-20 0 6.67909e-20 0 2.30786e-19 0 6.56373e-19 0 1.58632e-18 0 3.48691e-18 0 6.88519e-18 0 1.2939e-17 0 2.25572e-17 0 3.80681e-17 0 6.11691e-17 0 9.46946e-17 0 1.42767e-16 0 2.09889e-16 0 3.01241e-16 0 4.22538e-16 0 5.89434e-16 0 7.91698e-16 0 1.05887e-15 0 1.39923e-15 0 1.81339e-15 0 2.34228e-15 0 2.96995e-15 0 3.75513e-15 0 4.69956e-15 0 5.82345e-15 0 7.1469e-15 0 8.75212e-15 0 1.05437e-14 0 1.2679e-14 0 1.52195e-14 0 1.82369e-14 0 2.15174e-14 0 2.53509e-14 0 2.98245e-14 0 3.45723e-14 0 4.05631e-14 0
52.5665 0.000184269 7.81929e-05 0.000106076 0.57566 0.741476 5.8999e-26 0 9.87191e-24 0 1.30672e-21 0 2.05493e-20 0 1.38217e-19 0 5.9798e-19 0 1.94485e-18 0 5.25611e-18 0 1.21673e-17 0 2.57361e-17 0 4.91578e-17 0 8.95778e-17 0 1.51984e-16 0 2.50022e-16 0 3.92548e-16 0 5.94866e-16 0 8.79054e-16 0 1.26825e-15 0 1.78842e-15 0 2.46744e-15 0 3.38655e-15 0 4.48359e-15 0 5.91212e-15 0 7.70691e-15 0 9.86244e-15 0 1.25807e-14 0 1.57682e-14 0 1.97098e-14 0 2.43982e-14 0 2.99182e-14 0 3.63521e-14 0 4.40787e-14 0 5.26211e-14 0 6.27106e-14 0 7.46078e-14 0 8.86134e-14 0 1.03712e-13 0 1.21216e-13 0 1.41479e-13 0 1.62823e-13 0 1.89552e-13 0
55.2648 0.000185177 7.89507e-05 0.000106226 0.573647 0.737003 1.03186e-24 0 1.34467e-22 0 1.40218e-20 0 1.9275e-19 0 1.18125e-18 0 4.75785e-18 0 1.46084e-17 0 3.76097e-17 0 8.35664e-17 0 1.7041e-16 0 3.15372e-16 0 5.58093e-16 0 9.22775e-16 0 1.48156e-15 0 2.27546e-15 0 3.37895e-15 0 4.89889e-15 0 6.9425e-15 0 9.62703e-15 0 1.30751e-14 0 1.76702e-14 0 2.3076e-14 0 3.00201e-14 0 3.86303e-14 0 4.8843e-14 0 6.15689e-14 0 7.6322e-14 0 9.43669e-14 0 1.15603e-13 0 1.40353e-13 0 1.68922e-13 0 2.02908e-13 0 2.40145e-13 0 2.8375e-13 0 3.34731e-13 0 3.94242e-13 0 4.57887e-13 0 5.31104e-13 0 6.15227e-13 0 7.032e-13 0 8.12587e-13 0
58.1015 0.000186048 7.96925e-05 0.000106356 0.571657 0.732076 1.55057e-23 0 1.59303e-21 0 1.32396e-19 0 1.60138e-18 0 8.98258e-18 0 3.38008e-17 0 9.82501e-17 0 2.41534e-16 0 5.16156e-16 0 1.01657e-15 0 1.82562e-15 0 3.1419e-15 0 5.06896e-15 0 7.9525e-15 0 1.19606e-14 0 1.74214e-14 0 2.48041e-14 0 3.4558e-14 0 4.71621e-14 0 6.31035e-14 0 8.40359e-14 0 1.08324e-13 0 1.39123e-13 0 1.76834e-13 0 2.21038e-13 0 2.75497e-13 0 3.37948e-13 0 4.13543e-13 0 5.01611e-13 0 6.03261e-13 0 7.19518e-13 0 8.56578e-13 0 1.00547e-12 0 1.1784e-12 0 1.37895e-12 0 1.61119e-12 0 1.85767e-12 0 2.13917e-12 0 2.46027e-12 0 2.79378e-12 0 3.20566e-12 0
61.0839 0.000187008 8.05051e-05 0.000106502 0.569509 0.727176 2.01901e-22 0 1.65443e-20 0 1.10809e-18 0 1.18669e-17 0 6.11898e-17 0 2.15827e-16 0 5.95506e-16 0 1.40107e-15 0 2.88509e-15 0 5.49721e-15 0 9.59407e-15 0 1.60795e-14 0 2.53429e-14 0 3.88949e-14 0 5.73441e-14 0 8.20056e-14 0 1.1476e-13 0 1.5732e-13 0 2.11464e-13 0 2.78948e-13 0 3.66319e-13 0 4.66375e-13 0 5.91703e-13 0 7.43338e-13 0 9.19086e-13 0 1.13327e-12 0 1.37637e-12 0 1.66773e-12 0 2.00392e-12 0 2.38839e-12 0 2.82426e-12 0 3.33375e-12 0 3.88272e-12 0 4.51539e-12 0 5.24347e-12 0 6.08017e-12 0 6.96176e-12 0 7.96166e-12 0 9.09444e-12 0 1.02634e-11 0 1.16977e-11 0
64.2193 0.000188055 8.14377e-05 0.000106617 0.566947 0.722278 2.29545e-21 0 1.51689e-19 0 8.2743e-18 0 7.89252e-17 0 3.75646e-16 0 1.24588e-15 0 3.27143e-15 0 7.38189e-15 0 1.46741e-14 0 2.70935e-14 0 4.60169e-14 0 7.52034e-14 0 1.15924e-13 0 1.74232e-13 0 2.52053e-13 0 3.54211e-13 0 4.87623e-13 0 6.58248e-13 0 8.72106e-13 0 1.13496e-12 0 1.47076e-12 0 1.85053e-12 0 2.3207e-12 0 2.88313e-12 0 3.52804e-12 0 4.30596e-12 0 5.18025e-12 0 6.21826e-12 0 7.40506e-12 0 8.75049e-12 0 1.02631e-11 0 1.20168e-11 0 1.38919e-11 0 1.60368e-11 0 1.84872e-11 0 2.12829e-11 0 2.42082e-11 0 2.75043e-11 0 3.12142e-11 0 3.50189e-11 0 3.96587e-11 0
67.5157 0.000189056 8.23799e-05 0.000106676 0.564256 0.716785 2.29078e-20 0 1.23369e-18 0 5.53587e-17 0 4.72985e-16 0 2.08607e-15 0 6.52538e-15 0 1.63454e-14 0 3.54462e-14 0 6.81376e-14 0 1.22095e-13 0 2.02077e-13 0 3.2242e-13 0 4.86613e-13 0 7.16963e-13 0 1.01867e-12 0 1.40795e-12 0 1.90823e-12 0 2.53848e-12 0 3.31733e-12 0 4.26202e-12 0 5.45355e-12 0 6.78523e-12 0 8.41561e-12 0 1.0345e-11 0 1.25348e-11 0 1.51506e-11 0 1.8063e-11 0 2.149e-11 0 2.53742e-11 0 2.9741e-11 0 3.46115e-11 0 4.02149e-11 0 4.61619e-11 0 5.29172e-11 0 6.05809e-11 0 6.92641e-11 0 7.82906e-11 0 8.83978e-11 0 9.97034e-11 0 1.1123e-10 0 1.25204e-10 0
70.9813 0.000190103 8.32948e-05 0.000106808 0.561844 0.710845 2.01862e-19 0 8.94853e-18 0 3.33485e-16 0 2.56597e-15 0 1.05261e-14 0 3.11431e-14 0 7.459e-14 0 1.55755e-13 0 2.90002e-13 0 5.05062e-13 0 8.15606e-13 0 1.27198e-12 0 1.88154e-12 0 2.72024e-12 0 3.79923e-12 0 5.16878e-12 0 6.90217e-12 0 9.05477e-12 0 1.16793e-11 0 1.48228e-11 0 1.87399e-11 0 2.30685e-11 0 2.83123e-11 0 3.44542e-11 0 4.1358e-11 0 4.95282e-11 0 5.85444e-11 0 6.90633e-11 0 8.08873e-11 0 9.40756e-11 0 1.08674e-10 0 1.25346e-10 0 1.42917e-10 0 1.62742e-10 0 1.85085e-10 0 2.10234e-10 0 2.36215e-10 0 2.65133e-10 0 2.97291e-10 0 3.29893e-10 0 3.69199e-10 0
74.6248 0.000191386 8.43317e-05 0.000107055 0.559364 0.705424 1.58304e-18 0 5.83161e-17 0 1.82136e-15 0 1.26854e-14 0 4.85722e-14 0 1.36296e-13 0 3.12811e-13 0 6.30132e-13 0 1.13818e-12 0 1.92925e-12 0 3.04343e-12 0 4.6445e-12 0 6.74016e-12 0 9.57083e-12 0 1.31508e-11 0 1.76246e-11 0 2.32051e-11 0 3.00413e-11 0 3.82704e-11 0 4.8009e-11 0 6.00049e-11 0 7.31194e-11 0 8.88474e-11 0 1.0709e-10 0 1.27407e-10 0 1.51239e-10 0 1.77317e-10 0 2.07496e-10 0 2.41152e-10 0 2.7841e-10 0 3.19355e-10 0 3.65791e-10 0 4.14404e-10 0 4.68907e-10 0 5.29944e-10 0 5.98219e-10 0 6.68333e-10 0 7.45936e-10 0 8.31747e-10 0 9.18282e-10 0 1.02206e-09 0
78.4553 0.000192778 8.54911e-05 0.000107287 0.55653 0.700321 1.11113e-17 0 3.43234e-16 0 9.06201e-15 0 5.74088e-14 0 2.05871e-13 0 5.49303e-13 0 1.21059e-12 0 2.35665e-12 0 4.13558e-12 0 6.83166e-12 0 1.05399e-11 0 1.5756e-11 0 2.24534e-11 0 3.1342e-11 0 4.24026e-11 0 5.60208e-11 0 7.27749e-11 0 9.30342e-11 0 1.17126e-10 0 1.45313e-10 0 1.79655e-10 0 2.16818e-10 0 2.60961e-10 0 3.11687e-10 0 3.67689e-10 0 4.32828e-10 0 5.03534e-10 0 5.84729e-10 0 6.74604e-10 0 7.73387e-10 0 8.81205e-10 0 1.00267e-09 0 1.12902e-09 0 1.26983e-09 0 1.42657e-09 0 1.60086e-09 0 1.77884e-09 0 1.97477e-09 0 2.19027e-09 0 2.40649e-09 0 2.66449e-09 0
82.4824 0.000194089 8.67376e-05 0.000107352 0.553105 0.694656 7.01556e-17 0 1.83294e-15 0 4.12451e-14 0 2.38771e-13 0 8.04487e-13 0 2.0461e-12 0 4.33865e-12 0 8.17578e-12 0 1.39587e-11 0 2.25005e-11 0 3.39865e-11 0 4.98189e-11 0 6.9778e-11 0 9.58276e-11 0 1.27746e-10 0 1.66494e-10 0 2.13542e-10 0 2.69734e-10 0 3.35787e-10 0 4.12234e-10 0 5.04406e-10 0 6.03181e-10 0 7.19448e-10 0 8.51877e-10 0 9.96861e-10 0 1.16416e-09 0 1.34436e-09 0 1.54979e-09 0 1.77556e-09 0 2.02202e-09 0 2.28927e-09 0 2.58845e-09 0 2.8978e-09 0 3.24055e-09 0 3.61992e-09 0 4.03939e-09 0 4.46543e-09 0 4.93204e-09 0 5.44266e-09 0 5.95253e-09 0 6.55802e-09 0
86.7162 0.000195103 8.80651e-05 0.000107038 0.548622 0.687529 4.00492e-16 0 8.92261e-15 0 1.72463e-13 0 9.16369e-13 0 2.90973e-12 0 7.07076e-12 0 1.44529e-11 0 2.64056e-11 0 4.39208e-11 0 6.91661e-11 0 1.02391e-10 0 1.47313e-10 0 2.02965e-10 0 2.74452e-10 0 3.60768e-10 0 4.64153e-10 0 5.88124e-10 0 7.34461e-10 0 9.04589e-10 0 1.09947e-09 0 1.33211e-09 0 1.57912e-09 0 1.86737e-09 0 2.19293e-09 0 2.54653e-09 0 2.95146e-09 0 3.38446e-09 0 3.87463e-09 0 4.4097e-09 0 4.99003e-09 0 5.61544e-09 0 6.31134e-09 0 7.02678e-09 0 7.81514e-09 0 8.68299e-09 0 9.63743e-09 0 1.06019e-08 0 1.1653e-08 0 1.27978e-08 0 1.39356e-08 0 1.52807e-08 0
91.1674 0.000195391 8.9276e-05 0.000106115 0.543092 0.677549 2.07272e-15 0 3.96852e-14 0 6.63795e-13 0 3.25083e-12 0 9.7561e-12 0 2.27019e-11 0 4.48119e-11 0 7.94976e-11 0 1.28985e-10 0 1.98671e-10 0 2.88526e-10 0 4.07802e-10 0 5.5314e-10 0 7.37025e-10 0 9.55972e-10 0 1.21489e-09 0 1.52168e-09 0 1.8798e-09 0 2.2918e-09 0 2.75912e-09 0 3.31176e-09 0 3.89338e-09 0 4.56653e-09 0 5.32076e-09 0 6.13379e-09 0 7.05808e-09 0 8.03964e-09 0 9.14344e-09 0 1.03406e-08 0 1.1631e-08 0 1.30135e-08 0 1.4543e-08 0 1.61069e-08 0 1.78213e-08 0 1.96988e-08 0 2.1753e-08 0 2.38187e-08 0 2.60597e-08 0 2.84891e-08 0 3.08933e-08 0 3.37231e-08 0
95.847 0.000195417 9.0411e-05 0.000105006 0.537344 0.663525 9.77612e-15 0 1.62053e-13 0 2.36228e-12 0 1.07054e-11 0 3.04498e-11 0 6.79928e-11 0 1.2983e-10 0 2.23965e-10 0 3.54898e-10 0 5.35227e-10 0 7.63268e-10 0 1.06073e-09 0 1.41751e-09 0 1.86247e-09 0 2.38526e-09 0 2.99602e-09 0 3.71158e-09 0 4.53801e-09 0 5.47933e-09 0 6.53713e-09 0 7.77685e-09 0 9.07072e-09 0 1.05565e-08 0 1.22086e-08 0 1.39767e-08 0 1.5973e-08 0 1.80791e-08 0 2.04325e-08 0 2.29693e-08 0 2.56878e-08 0 2.8584e-08 0 3.17707e-08 0 3.50121e-08 0 3.85478e-08 0 4.24009e-08 0 4.65964e-08 0 5.07959e-08 0 5.53316e-08 0 6.02271e-08 0 6.50518e-08 0 7.07073e-08 0
100.767 0.000196857 9.19744e-05 0.000104883 0.532786 0.648718 4.24448e-14 0 6.13444e-13 0 7.84574e-12 0 3.30267e-11 0 8.92647e-11 0 1.91657e-10 0 3.54585e-10 0 5.95613e-10 0 9.2284e-10 0 1.36411e-09 0 1.91189e-09 0 2.61465e-09 0 3.44498e-09 0 4.46642e-09 0 5.65146e-09 0 7.01997e-09 0 8.60612e-09 0 1.04196e-08 0 1.24657e-08 0 1.47446e-08 0 1.73928e-08 0 2.01346e-08 0 2.32597e-08 0 2.67096e-08 0 3.03766e-08 0 3.44897e-08 0 3.88019e-08 0 4.35916e-08 0 4.87246e-08 0 5.41946e-08 0 5.9991e-08 0 6.63359e-08 0 7.2758e-08 0 7.973e-08 0 8.72927e-08 0 9.54892e-08 0 1.03657e-07 0 1.12443e-07 0 1.21886e-07 0 1.31155e-07 0 1.41979e-07 0
105.939 0.000199543 9.38078e-05 0.000105735 0.529887 0.639242 1.70033e-13 0 2.15701e-12 0 2.43595e-11 0 9.55921e-11 0 2.46124e-10 0 5.09092e-10 0 9.14002e-10 0 1.4969e-09 0 2.27023e-09 0 3.29236e-09 0 4.53902e-09 0 6.11328e-09 0 7.94695e-09 0 1.01734e-08 0 1.27256e-08 0 1.56407e-08 0 1.89849e-08 0 2.27718e-08 0 2.70061e-08 0 3.16824e-08 0 3.70723e-08 0 4.26109e-08 0 4.8879e-08 0 5.5751e-08 0 6.30082e-08 0 7.10976e-08 0 7.9528e-08 0 8.88387e-08 0 9.87614e-08 0 1.09279e-07 0 1.20369e-07 0 1.32448e-07 0 1.44616e-07 0 1.57768e-07 0 1.7197e-07 0 1.87295e-07 0 2.02503e-07 0 2.18795e-07 0 2.36238e-07 0 2.53296e-07 0 2.73139e-07 0
111.377 0.000202064 9.49484e-05 0.000107115 0.530107 0.630089 6.24597e-13 0 6.99921e-12 0 7.02204e-11 0 2.57767e-10 0 6.33732e-10 0 1.26514e-09 0 2.20739e-09 0 3.52911e-09 0 5.2446e-09 0 7.46907e-09 0 1.01371e-08 0 1.34559e-08 0 1.72693e-08 0 2.18426e-08 0 2.70253e-08 0 3.28831e-08 0 3.95383e-08 0 4.70057e-08 0 5.52839e-08 0 6.43529e-08 0 7.47256e-08 0 8.53076e-08 0 9.72029e-08 0 1.10159e-07 0 1.23757e-07 0 1.38825e-07 0 1.54439e-07 0 1.71589e-07 0 1.89771e-07 0 2.08947e-07 0 2.29067e-07 0 2.50879e-07 0 2.72756e-07 0 2.96298e-07 0 3.21615e-07 0 3.48818e-07 0 3.75707e-07 0 4.04403e-07 0 4.3501e-07 0 4.64837e-07 0 4.9941e-07 0
117.094 0.000205514 9.46311e-05 0.000110882 0.539538 0.612051 2.0957e-12 0 2.08708e-11 0 1.87094e-10 0 6.44541e-10 0 1.51654e-09 0 2.92703e-09 0 4.97012e-09 0 7.7661e-09 0 1.13201e-08 0 1.58455e-08 0 2.11874e-08 0 2.77377e-08 0 3.51676e-08 0 4.39735e-08 0 5.38446e-08 0 6.48911e-08 0 7.73252e-08 0 9.11561e-08 0 1.06364e-07 0 1.22898e-07 0 1.41669e-07 0 1.60689e-07 0 1.81932e-07 0 2.04926e-07 0 2.28917e-07 0 2.55352e-07 0 2.82597e-07 0 3.1237e-07 0 3.43775e-07 0 3.76737e-07 0 4.11164e-07 0 4.48322e-07 0 4.85429e-07 0 5.25201e-07 0 5.67798e-07 0 6.13388e-07 0 6.5828e-07 0 7.06018e-07 0 7.56752e-07 0 8.06025e-07 0 8.62946e-07 0
123.105 0.000211261 9.39129e-05 0.000117348 0.555465 0.598029 6.51857e-12 0 5.80265e-11 0 4.67349e-10 0 1.51567e-09 0 3.4203e-09 0 6.39286e-09 0 1.05781e-08 0 1.61726e-08 0 2.31439e-08 0 3.18686e-08 0 4.2012e-08 0 5.42818e-08 0 6.80291e-08 0 8.41404e-08 0 1.02014e-07 0 1.21828e-07 0 1.43935e-07 0 1.68322e-07 0 1.9493e-07 0 2.23647e-07 0 2.56025e-07 0 2.88616e-07 0 3.24797e-07 0 3.63727e-07 0 4.0412e-07 0 4.48387e-07 0 4.93779e-07 0 5.43138e-07 0 5.94954e-07 0 6.49092e-07 0 7.0539e-07 0 7.65895e-07 0 8.26074e-07 0 8.90326e-07 0 9.58879e-07 0 1.03197e-06 0 1.10369e-06 0 1.17969e-06 0 1.26018e-06 0 1.3381e-06 0 1.42784e-06 0
129.424 0.000217796 9.5191e-05 0.000122605 0.562936 0.60254 1.93477e-11 0 1.54791e-10 0 1.12597e-09 0 3.44779e-09 0 7.47729e-09 0 1.35554e-08 0 2.1885e-08 0 3.27731e-08 0 4.60865e-08 0 6.24766e-08 0 8.12583e-08 0 1.03685e-07 0 1.2852e-07 0 1.57316e-07 0 1.88949e-07 0 2.23701e-07 0 2.6215e-07 0 3.04233e-07 0 3.4981e-07 0 3.9866e-07 0 4.53372e-07 0 5.08104e-07 0 5.68511e-07 0 6.33145e-07 0 6.99849e-07 0 7.7258e-07 0 8.46795e-07 0 9.27119e-07 0 1.01106e-06 0 1.09838e-06 0 1.18881e-06 0 1.2856e-06 0 1.38151e-06 0 1.48352e-06 0 1.59198e-06 0 1.70719e-06 0 1.81985e-06 0 1.93885e-06 0 2.06448e-06 0 2.18573e-06 0 2.32492e-06 0
136.067 0.000221015 9.74033e-05 0.000123612 0.559291 0.608343 5.43401e-11 0 3.92775e-10 0 2.59327e-09 0 7.51855e-09 0 1.57008e-08 0 2.76488e-08 0 4.36067e-08 0 6.40268e-08 0 8.85503e-08 0 1.18272e-07 0 1.51865e-07 0 1.91487e-07 0 2.34876e-07 0 2.84679e-07 0 3.38878e-07 0 3.97911e-07 0 4.62706e-07 0 5.33096e-07 0 6.08794e-07 0 6.89397e-07 0 7.79102e-07 0 8.68312e-07 0 9.6623e-07 0 1.07044e-06 0 1.17744e-06 0 1.29354e-06 0 1.41147e-06 0 1.53853e-06 0 1.67074e-06 0 1.80771e-06 0 1.949e-06 0 2.09965e-06 0 2.24837e-06 0 2.40601e-06 0 2.57302e-06 0 2.74985e-06 0 2.92218e-06 0 3.10365e-06 0 3.29464e-06 0 3.47842e-06 0 3.68881e-06 0
143.051 0.000217669 9.71499e-05 0.000120519 0.553681 0.588393 1.39891e-10 0 9.1806e-10 0 5.52782e-09 0 1.52149e-08 0 3.0651e-08 0 5.25048e-08 0 8.0987e-08 0 1.16702e-07 0 1.58866e-07 0 2.09212e-07 0 2.65377e-07 0 3.30847e-07 0 4.01788e-07 0 4.82432e-07 0 5.69413e-07 0 6.63384e-07 0 7.65748e-07 0 8.76159e-07 0 9.94106e-07 0 1.11891e-06 0 1.25697e-06 0 1.39351e-06 0 1.54258e-06 0 1.70042e-06 0 1.86172e-06 0 2.03593e-06 0 2.21209e-06 0 2.4011e-06 0 2.59697e-06 0 2.79908e-06 0 3.00677e-06 0 3.22743e-06 0 3.44451e-06 0 3.67385e-06 0 3.91601e-06 0 4.17157e-06 0 4.41986e-06 0 4.68055e-06 0 4.95411e-06 0 5.21663e-06 0 5.5163e-06 0
150.394 0.00021055 9.55412e-05 0.000115009 0.546231 0.554979 3.34906e-10 0 2.00499e-09 0 1.10593e-08 0 2.89717e-08 0 5.64024e-08 0 9.41109e-08 0 1.42124e-07 0 2.0118e-07 0 2.69772e-07 0 3.50521e-07 0 4.39489e-07 0 5.42047e-07 0 6.5206e-07 0 7.75975e-07 0 9.08499e-07 0 1.05057e-06 0 1.20421e-06 0 1.36881e-06 0 1.54353e-06 0 1.72731e-06 0 1.92945e-06 0 2.12828e-06 0 2.3443e-06 0 2.57192e-06 0 2.80345e-06 0 3.05242e-06 0 3.30312e-06 0 3.57103e-06 0 3.84757e-06 0 4.13187e-06 0 4.42298e-06 0 4.73118e-06 0 5.03337e-06 0 5.35163e-06 0 5.68664e-06 0 6.03908e-06 0 6.38049e-06 0 6.73794e-06 0 7.112e-06 0 7.47001e-06 0 7.87761e-06 0
158.114 0.000199556 9.46503e-05 0.000104906 0.525696 0.527693 7.63958e-10 0 4.19095e-09 0 2.12677e-08 0 5.31552e-08 0 1.00171e-07 0 1.63016e-07 0 2.41277e-07 0 3.35788e-07 0 4.43871e-07 0 5.69406e-07 0 7.06089e-07 0 8.61988e-07 0 1.02762e-06 0 1.21256e-06 0 1.40876e-06 0 1.61754e-06 0 1.84179e-06 0 2.08049e-06 0 2.33233e-06 0 2.59573e-06 0 2.88387e-06 0 3.16587e-06 0 3.47078e-06 0 3.79058e-06 0 4.11447e-06 0 4.4613e-06 0 4.80915e-06 0 5.17946e-06 0 5.56026e-06 0 5.95036e-06 0 6.34846e-06 0 6.76854e-06 0 7.17912e-06 0 7.61025e-06 0 8.0627e-06 0 8.5373e-06 0 8.99577e-06 0 9.47448e-06 0 9.97412e-06 0 1.04511e-05 0 1.09928e-05 0
166.23 0.000188317 9.84148e-05 8.99026e-05 0.477399 0.501417 1.73471e-09 0 8.75746e-09 0 4.1053e-08 0 9.81177e-08 0 1.79271e-07 0 2.84885e-07 0 4.13659e-07 0 5.66478e-07 0 7.38681e-07 0 9.36142e-07 0 1.14873e-06 0 1.38877e-06 0 1.64148e-06 0 1.92131e-06 0 2.2159e-06 0 2.52719e-06 0 2.85936e-06 0 3.21078e-06 0 3.57941e-06 0 3.9629e-06 0 4.38024e-06 0 4.7867e-06 0 5.22422e-06 0 5.68108e-06 0 6.14186e-06 0 6.63334e-06 0 7.12438e-06 0 7.64522e-06 0 8.17894e-06 0 8.72384e-06 0 9.2781e-06 0 9.86115e-06 0 1.04293e-05 0 1.10242e-05 0 1.16467e-05 0 1.22979e-05 0 1.29253e-05 0 1.35787e-05 0 1.42589e-05 0 1.49068e-05 0 1.56409e-05 0
174.763 0.000185292 0.000106888 7.84041e-05 0.423139 0.44143 3.91246e-09 0 1.82503e-08 0 7.93371e-08 0 1.81721e-07 0 3.22393e-07 0 5.0087e-07 0 7.14149e-07 0 9.63081e-07 0 1.23968e-06 0 1.553e-06 0 1.88672e-06 0 2.25993e-06 0 2.64945e-06 0 3.07737e-06 0 3.52459e-06 0 3.99401e-06 0 4.49182e-06 0 5.0154e-06 0 5.56164e-06 0 6.12697e-06 0 6.7392e-06 0 7.33272e-06 0 7.96884e-06 0 8.63033e-06 0 9.29487e-06 0 1.0001e-05 0 1.07039e-05 0 1.1447e-05 0 1.22058e-05 0 1.29781e-05 0 1.37612e-05 0 1.45825e-05 0 1.53806e-05 0 1.62139e-05 0 1.70836e-05 0 1.7991e-05 0 1.88629e-05 0 1.97688e-05 0 2.07097e-05 0 2.16038e-05 0 2.26145e-05 0
183.733 0.000197497 0.000116788 8.07089e-05 0.408659 0.371306 8.46199e-09 0 3.66132e-08 0 1.48144e-07 0 3.25867e-07 0 5.62167e-07 0 8.54796e-07 0 1.19786e-06 0 1.59198e-06 0 2.0241e-06 0 2.50792e-06 0 3.01803e-06 0 3.58331e-06 0 4.16844e-06 0 4.80644e-06 0 5.4686e-06 0 6.15921e-06 0 6.88728e-06 0 7.6488e-06 0 8.43915e-06 0 9.25314e-06 0 1.01305e-05 0 1.09774e-05 0 1.18814e-05 0 1.28176e-05 0 1.37547e-05 0 1.47468e-05 0 1.57311e-05 0 1.67681e-05 0 1.78238e-05 0 1.88948e-05 0 1.99777e-05 0 2.11102e-05 0 2.22077e-05 0 2.33507e-05 0 2.45406e-05 0 2.57788e-05 0 2.69658e-05 0 2.81962e-05 0 2.94712e-05 0 3.06802e-05 0 3.20439e-05 0
193.164 0.000204509 0.000114653 8.98555e-05 0.439372 0.349066 1.57118e-08 0 6.32896e-08 0 2.39189e-07 0 5.06268e-07 0 8.50439e-07 0 1.26694e-06 0 1.7464e-06 0 2.28899e-06 0 2.87638e-06 0 3.52683e-06 0 4.20599e-06 0 4.9521e-06 0 5.71836e-06 0 6.5479e-06 0 7.40317e-06 0 8.28984e-06 0 9.21933e-06 0 1.01864e-05 0 1.11852e-05 0 1.2209e-05 0 1.33077e-05 0 1.43638e-05 0 1.54867e-05 0 1.66453e-05 0 1.78008e-05 0 1.902e-05 0 2.02256e-05 0 2.14918e-05 0 2.27769e-05 0 2.40768e-05 0 2.53876e-05 0 2.67547e-05 0 2.80761e-05 0 2.94489e-05 0 3.08746e-05 0 3.23545e-05 0 3.37701e-05 0 3.52342e-05 0 3.67481e-05 0 3.81806e-05 0 3.97932e-05 0
203.079 0.000180019 9.65965e-05 8.34226e-05 0.46341 0.326295 2.39743e-08 0 9.02211e-08 0 3.19541e-07 0 6.52029e-07 0 1.0679e-06 0 1.56024e-06 0 2.11726e-06 0 2.73867e-06 0 3.40328e-06 0 4.13156e-06 0 4.885e-06 0 5.70588e-06 0 6.54267e-06 0 7.44241e-06 0 8.36424e-06 0 9.31444e-06 0 1.03052e-05 0 1.13309e-05 0 1.23852e-05 0 1.34612e-05 0 1.4611e-05 0 1.57119e-05 0 1.6878e-05 0 1.8077e-05 0 1.92686e-05 0 2.05219e-05 0 2.17574e-05 0 2.30511e-05 0 2.43602e-05 0 2.56809e-05 0 2.70091e-05 0 2.83907e-05 0 2.97229e-05 0 3.11038e-05 0 3.25344e-05 0 3.40161e-05 0 3.54302e-05 0 3.68899e-05 0 3.8396e-05 0 3.98184e-05 0 4.14165e-05 0
213.503 0.000166921 9.3818e-05 7.31029e-05 0.437949 0.336716 4.04685e-08 0 1.42751e-07 0 4.75314e-07 0 9.36697e-07 0 1.49762e-06 0 2.14795e-06 0 2.87167e-06 0 3.66812e-06 0 4.51019e-06 0 5.42376e-06 0 6.36062e-06 0 7.37335e-06 0 8.39839e-06 0 9.49344e-06 0 1.06087e-05 0 1.1752e-05 0 1.2938e-05 0 1.41601e-05 0 1.54105e-05 0 1.66814e-05 0 1.8034e-05 0 1.93241e-05 0 2.0686e-05 0 2.20814e-05 0 2.34638e-05 0 2.49133e-05 0 2.63379e-05 0 2.78254e-05 0 2.93266e-05 0 3.0837e-05 0 3.23521e-05 0 3.39245e-05 0 3.5437e-05 0 3.70012e-05 0 3.86184e-05 0 4.02895e-05 0 4.18812e-05 0 4.35208e-05 0 4.52094e-05 0 4.68011e-05 0 4.85861e-05 0
224.463 0.00019296 0.000113541 7.94186e-05 0.411581 0.391042 8.1847e-08 0 2.71478e-07 0 8.52378e-07 0 1.62505e-06 0 2.53934e-06 0 3.57846e-06 0 4.71682e-06 0 5.95346e-06 0 7.2467e-06 0 8.63646e-06 0 1.00498e-05 0 1.15662e-05 0 1.30907e-05 0 1.47093e-05 0 1.63484e-05 0 1.80201e-05 0 1.97459e-05 0 2.1516e-05 0 2.33196e-05 0 2.51453e-05 0 2.7081e-05 0 2.89207e-05 0 3.08562e-05 0 3.28329e-05 0 3.47853e-05 0 3.68263e-05 0 3.88266e-05 0 4.09097e-05 0 4.30065e-05 0 4.51109e-05 0 4.72168e-05 0 4.93971e-05 0 5.14899e-05 0 5.36496e-05 0 5.58777e-05 0 5.81755e-05 0 6.03596e-05 0 6.26054e-05 0 6.49139e-05 0 6.70861e-05 0 6.9518e-05 0
235.984 0.000256283 0.000142776 0.000113508 0.442899 0.356673 1.65702e-07 0 5.18364e-07 0 1.53912e-06 0 2.84332e-06 0 4.34727e-06 0 6.02448e-06 0 7.83462e-06 0 9.77691e-06 0 1.17871e-05 0 1.39278e-05 0 1.60876e-05 0 1.83886e-05 0 2.06869e-05 0 2.3113e-05 0 2.55565e-05 0 2.80362e-05 0 3.05845e-05 0 3.31869e-05 0 3.58279e-05 0 3.84912e-05 0 4.13046e-05 0 4.39694e-05 0 4.6764e-05 0 4.96095e-05 0 5.24116e-05 0 5.53328e-05 0 5.81882e-05 0 6.11541e-05 0 6.41321e-05 0 6.71138e-05 0 7.00908e-05 0 7.31663e-05 0 7.6112e-05 0 7.91459e-05 0 8.22697e-05 0 8.54848e-05 0 8.85352e-05 0 9.1666e-05 0 9.48787e-05 0 9.78965e-05 0 0.000101269 0
248.097 0.000296401 0.000127389 0.000169012 0.570214 0.242868 2.29732e-07 0 6.79746e-07 0 1.91386e-06 0 3.43124e-06 0 5.13856e-06 0 7.00855e-06 0 8.99824e-06 0 1.11083e-05 0 1.32706e-05 0 1.55536e-05 0 1.78396e-05 0 2.02586e-05 0 2.26601e-05 0 2.5181e-05 0 2.7707e-05 0 3.02584e-05 0 3.2869e-05 0 3.55241e-05 0 3.82082e-05 0 4.09052e-05 0 4.37444e-05 0 4.64249e-05 0 4.92276e-05 0 5.20728e-05 0 5.48671e-05 0 5.77723e-05 0 6.06049e-05 0 6.35399e-05 0 6.648e-05 0 6.9417e-05 0 7.23432e-05 0 7.53598e-05 0 7.82434e-05 0 8.12076e-05 0 8.42539e-05 0 8.73834e-05 0 9.03472e-05 0 9.33841e-05 0 9.64951e-05 0 9.94129e-05 0 0.000102669 0
260.832 0.000325938 9.63183e-05 0.00022962 0.704489 0.159215 2.60955e-07 0 7.323e-07 0 1.96022e-06 0 3.41563e-06 0 5.01534e-06 0 6.73766e-06 0 8.5456e-06 0 1.04417e-05 0 1.23664e-05 0 1.43821e-05 0 1.63859e-05 0 1.84928e-05 0 2.05723e-05 0 2.27437e-05 0 2.49089e-05 0 2.70861e-05 0 2.93046e-05 0 3.15521e-05 0 3.38159e-05 0 3.60828e-05 0 3.84613e-05 0 4.07001e-05 0 4.30342e-05 0 4.53971e-05 0 4.77116e-05 0 5.0112e-05 0 5.24467e-05 0 5.48602e-05 0 5.72725e-05 0 5.96772e-05 0 6.2068e-05 0 6.45279e-05 0 6.68747e-05 0 6.92829e-05 0 7.17533e-05 0 7.42867e-05 0 7.66819e-05 0 7.91323e-05 0 8.16385e-05 0 8.39854e-05 0 8.66004e-05 0
274.221 0.000342247 7.63595e-05 0.000265888 0.776888 0.0916523 3.00988e-07 0 8.03148e-07 0 2.04898e-06 0 3.47482e-06 0 5.0075e-06 0 6.63093e-06 0 8.31328e-06 0 1.0059e-05 0 1.18153e-05 0 1.36404e-05 0 1.54424e-05 0 1.73255e-05 0 1.9174e-05 0 2.10944e-05 0 2.30005e-05 0 2.49091e-05 0 2.68462e-05 0 2.88013e-05 0 3.07638e-05 0 3.27227e-05 0 3.47716e-05 0 3.66944e-05 0 3.86937e-05 0 4.07124e-05 0 4.26847e-05 0 4.47253e-05 0 4.67056e-05 0 4.87483e-05 0 5.07855e-05 0 5.28122e-05 0 5.48233e-05 0 5.68886e-05 0 5.88555e-05 0 6.08703e-05 0 6.29336e-05 0 6.5046e-05 0 6.704e-05 0 6.90768e-05 0 7.11569e-05 0 7.31019e-05 0 7.52661e-05 0
288.297 0.000340572 6.72568e-05 0.000273316 0.802518 0.0381263 3.74105e-07 0 9.51551e-07 0 2.31911e-06 0 3.83285e-06 0 5.42587e-06 0 7.08721e-06 0 8.78791e-06 0 1.0535e-05 0 1.22777e-05 0 1.40754e-05 0 1.58389e-05 0 1.7671e-05 0 1.94601e-05 0 2.13099e-05 0 2.31379e-05 0 2.49608e-05 0 2.68042e-05 0 2.86582e-05 0 3.0513e-05 0 3.23587e-05 0 3.42834e-05 0 3.60848e-05 0 3.7953e-05 0 3.98346e-05 0 4.16686e-05 0 4.35618e-05 0 4.5395e-05 0 4.72821e-05 0 4.91604e-05 0 5.10254e-05 0 5.28726e-05 0 5.47662e-05 0 5.65664e-05 0 5.84076e-05 0 6.029e-05 0 6.22142e-05 0 6.40277e-05 0 6.58775e-05 0 6.77639e-05 0 6.95255e-05 0 7.14828e-05 0
303.095 0.000341058 7.0706e-05 0.000270352 0.792686 0.00981873 5.39112e-07 0 1.31017e-06 0 3.05728e-06 0 4.93051e-06 0 6.86243e-06 0 8.84768e-06 0 1.08565e-05 0 1.29003e-05 0 1.49227e-05 0 1.69942e-05 0 1.90139e-05 0 2.11006e-05 0 2.31282e-05 0 2.52152e-05 0 2.72689e-05 0 2.93091e-05 0 3.13649e-05 0 3.34256e-05 0 3.54809e-05 0 3.752e-05 0 3.96405e-05 0 4.162e-05 0 4.36678e-05 0 4.57253e-05 0 4.77263e-05 0 4.97875e-05 0 5.17793e-05 0 5.38256e-05 0 5.58585e-05 0 5.78732e-05 0 5.98653e-05 0 6.19039e-05 0 6.3839e-05 0 6.58149e-05 0 6.78321e-05 0 6.98909e-05 0 7.18285e-05 0 7.38021e-05 0 7.58121e-05 0 7.76867e-05 0 7.97669e-05 0
318.653 0.000369082 9.28225e-05 0.000276259 0.748504 0.0371043 9.4373e-07 0 2.1962e-06 0 4.91731e-06 0 7.74753e-06 0 1.06109e-05 0 1.35123e-05 0 1.64157e-05 0 1.93431e-05 0 2.22176e-05 0 2.51424e-05 0 2.79773e-05 0 3.08912e-05 0 3.37091e-05 0 3.65971e-05 0 3.94277e-05 0 4.22297e-05 0 4.50435e-05 0 4.78552e-05 0 5.06511e-05 0 5.34174e-05 0 5.62865e-05 0 5.89579e-05 0 6.17153e-05 0 6.44796e-05 0 6.71622e-05 0 6.99199e-05 0 7.25795e-05 0 7.53069e-05 0 7.80113e-05 0 8.06871e-05 0 8.33285e-05 0 8.60271e-05 0 8.85848e-05 0 9.11927e-05 0 9.38512e-05 0 9.65606e-05 0 9.91072e-05 0 0.000101698 0 0.000104333 0 0.000106787 0 0.000109507 0
335.009 0.000431621 0.000135728 0.000295893 0.685538 0.162782 1.79239e-06 0 4.00274e-06 0 8.61667e-06 0 1.32786e-05 0 1.79098e-05 0 2.25402e-05 0 2.71256e-05 0 3.1709e-05 0 3.61769e-05 0 4.06943e-05 0 4.50487e-05 0 4.95022e-05 0 5.37898e-05 0 5.81661e-05 0 6.24395e-05 0 6.66551e-05 0 7.08749e-05 0 7.50791e-05 0 7.92478e-05 0 8.33616e-05 0 8.76176e-05 0 9.15711e-05 0 9.56428e-05 0 9.97159e-05 0 0.000103661 0 0.000107708 0 0.000111605 0 0.000115593 0 0.000119542 0 0.000123442 0 0.000127285 0 0.000131207 0 0.000134918 0 0.000138697 0 0.000142543 0 0.000146459 0 0.000150134 0 0.000153868 0 0.000157661 0 0.000161191 0 0.000165098 0
352.205 0.00040298 0.000143619 0.000259361 0.643608 0.362 2.40266e-06 0 5.15936e-06 0 1.06991e-05 0 1.61442e-05 0 2.14601e-05 0 2.67083e-05 0 3.18539e-05 0 3.69552e-05 0 4.18937e-05 0 4.68571e-05 0 5.16163e-05 0 5.64611e-05 0 6.11056e-05 0 6.58279e-05 0 7.04228e-05 0 7.49409e-05 0 7.94499e-05 0 8.39293e-05 0 8.83593e-05 0 9.272e-05 0 9.72207e-05 0 0.000101392 0 0.00010568 0 0.00010996 0 0.000114097 0 0.000118335 0 0.000122407 0 0.000126569 0 0.000130682 0 0.000134738 0 0.00013873 0 0.000142797 0 0.00014664 0 0.000150548 0 0.000154522 0 0.000158561 0 0.000162348 0 0.000166191 0 0.000170091 0 0.000173715 0 0.000177724 0
370.284 0.000248128 8.72708e-05 0.000160857 0.648283 0.481405 1.80616e-06 0 3.73658e-06 0 7.4782e-06 0 1.10605e-05 0 1.45006e-05 0 1.78563e-05 0 2.11154e-05 0 2.43214e-05 0 2.74048e-05 0 3.04863e-05 0 3.34263e-05 0 3.64058e-05 0 3.92507e-05 0 4.21328e-05 0 4.49277e-05 0 4.76674e-05 0 5.03938e-05 0 5.30951e-05 0 5.57599e-05 0 5.83768e-05 0 6.10717e-05 0 6.35643e-05 0 6.6121e-05 0 6.86686e-05 0 7.11269e-05 0 7.36402e-05 0 7.60516e-05 0 7.85119e-05 0 8.09399e-05 0 8.33309e-05 0 8.56808e-05 0 8.80713e-05 0 9.03277e-05 0 9.26195e-05 0 9.49467e-05 0 9.73094e-05 0 9.9522e-05 0 0.000101765 0 0.000104039 0 0.00010615 0 0.000108482 0
389.291 0.000145467 4.62441e-05 9.92224e-05 0.682098 0.480226 1.15755e-06 0 2.31139e-06 0 4.47232e-06 0 6.49015e-06 0 8.39776e-06 0 1.02374e-05 0 1.20082e-05 0 1.37373e-05 0 1.53901e-05 0 1.7033e-05 0 1.8593e-05 0 2.01675e-05 0 2.1665e-05 0 2.3177e-05 0 2.46385e-05 0 2.6067e-05 0 2.74847e-05 0 2.88858e-05 0 3.02648e-05 0 3.16159e-05 0 3.30044e-05 0 3.42861e-05 0 3.55983e-05 0 3.69035e-05 0 3.81609e-05 0 3.94443e-05 0 4.06737e-05 0 4.19262e-05 0 4.31605e-05 0 4.43744e-05 0 4.55657e-05 0 4.67762e-05 0 4.79174e-05 0 4.90751e-05 0 5.02493e-05 0 5.14402e-05 0 5.25542e-05 0 5.36823e-05 0 5.48247e-05 0 5.58844e-05 0 5.7054e-05 0
409.273 9.41362e-05 2.66264e-05 6.75098e-05 0.71715 0.427059 7.88988e-07 0 1.52327e-06 0 2.85433e-06 0 4.06805e-06 0 5.19853e-06 0 6.27701e-06 0 7.30635e-06 0 8.30451e-06 0 9.253e-06 0 1.0191e-05 0 1.10778e-05 0 1.19692e-05 0 1.28141e-05 0 1.36642e-05 0 1.44836e-05 0 1.52823e-05 0 1.60729e-05 0 1.68524e-05 0 1.76179e-05 0 1.83664e-05 0 1.9134e-05 0 1.98412e-05 0 2.0564e-05 0 2.12818e-05 0 2.19721e-05 0 2.26757e-05 0 2.33487e-05 0 2.40334e-05 0 2.47072e-05 0 2.5369e-05 0 2.60177e-05 0 2.66761e-05 0 2.7296e-05 0 2.79243e-05 0 2.85608e-05 0 2.92057e-05 0 2.98083e-05 0 3.04181e-05 0 3.10349e-05 0 3.16065e-05 0 3.22369e-05 0
430.281 6.61855e-05 1.7004e-05 4.91815e-05 0.743086 0.367469 5.84409e-07 0 1.09276e-06 0 1.98619e-06 0 2.78265e-06 0 3.51412e-06 0 4.20483e-06 0 4.85879e-06 0 5.48879e-06 0 6.08412e-06 0 6.67005e-06 0 7.22168e-06 0 7.77409e-06 0 8.2959e-06 0 8.81938e-06 0 9.32246e-06 0 9.81157e-06 0 1.02946e-05 0 1.07698e-05 0 1.12354e-05 0 1.16898e-05 0 1.21549e-05 0 1.25827e-05 0 1.30192e-05 0 1.3452e-05 0 1.38676e-05 0 1.42906e-05 0 1.46946e-05 0 1.51051e-05 0 1.55086e-05 0 1.59044e-05 0 1.6292e-05 0 1.66848e-05 0 1.70544e-05 0 1.74285e-05 0 1.78072e-05 0 1.81904e-05 0 1.85482e-05 0 1.89099e-05 0 1.92754e-05 0 1.96139e-05 0 1.99869e-05 0
452.368 4.87731e-05 1.1645e-05 3.71281e-05 0.761242 0.315038 4.55291e-07 0 8.25835e-07 0 1.45823e-06 0 2.01003e-06 0 2.51007e-06 0 2.97771e-06 0 3.41712e-06 0 3.83781e-06 0 4.23327e-06 0 4.62073e-06 0 4.98406e-06 0 5.34664e-06 0 5.68803e-06 0 6.02953e-06 0 6.35685e-06 0 6.6743e-06 0 6.98711e-06 0 7.29418e-06 0 7.59447e-06 0 7.887e-06 0 8.1859e-06 0 8.46036e-06 0 8.73998e-06 0 9.01679e-06 0 9.28225e-06 0 9.55205e-06 0 9.80943e-06 0 1.00706e-05 0 1.0327e-05 0 1.05783e-05 0 1.08241e-05 0 1.10729e-05 0 1.13067e-05 0 1.15433e-05 0 1.17824e-05 0 1.20242e-05 0 1.22498e-05 0 1.24777e-05 0 1.27077e-05 0 1.29206e-05 0 1.3155e-05 0
475.588 3.70705e-05 8.47791e-06 2.85926e-05 0.771303 0.271412 3.70185e-07 0 6.52353e-07 0 1.12071e-06 0 1.52114e-06 0 1.87947e-06 0 2.21153e-06 0 2.52132e-06 0 2.81617e-06 0 3.09198e-06 0 3.36107e-06 0 3.61245e-06 0 3.86248e-06 0 4.0972e-06 0 4.33136e-06 0 4.55523e-06 0 4.77186e-06 0 4.98486e-06 0 5.19355e-06 0 5.39725e-06 0 5.59534e-06 0 5.79742e-06 0 5.98268e-06 0 6.17116e-06 0 6.35748e-06 0 6.53592e-06 0 6.71705e-06 0 6.88964e-06 0 7.06459e-06 0 7.23614e-06 0 7.40406e-06 0 7.56814e-06 0 7.73412e-06 0 7.88994e-06 0 8.0474e-06 0 8.2065e-06 0 8.36722e-06 0 8.51701e-06 0 8.66818e-06 0 8.82073e-06 0 8.96177e-06 0 9.11695e-06 0
500 2.86836e-05 6.39305e-06 2.22905e-05 0.777118 0.235386 3.06349e-07 0 5.25261e-07 0 8.79172e-07 0 1.17599e-06 0 1.43845e-06 0 1.67958e-06 0 1.90302e-06 0 2.11452e-06 0 2.31145e-06 0 2.5028e-06 0 2.68095e-06 0 2.85758e-06 0 3.02293e-06 0 3.18746e-06 0 3.3444e-06 0 3.49594e-06 0 3.64464e-06 0 3.79006e-06 0 3.93177e-06 0 4.06934e-06 0 4.20946e-06 0 4.33774e-06 0 4.46807e-06 0 4.59674e-06 0 4.71982e-06 0 4.8446e-06 0 4.96337e-06 0 5.08364e-06 0 5.20144e-06 0 5.31663e-06 0 5.42908e-06 0 5.54274e-06 0 5.64934e-06 0 5.75698e-06 0 5.86564e-06 0 5.97532e-06 0 6.07747e-06 0 6.18048e-06 0 6.28435e-06 0 6.38033e-06 0 6.48584e-06 0
525.665 2.25538e-05 5.013e-06 1.75408e-05 0.777731 0.205612 2.59277e-07 0 4.33138e-07 0 7.07297e-07 0 9.3308e-07 0 1.13049e-06 0 1.31039e-06 0 1.47605e-06 0 1.63203e-06 0 1.77664e-06 0 1.91663e-06 0 2.04653e-06 0 2.17494e-06 0 2.29484e-06 0 2.41386e-06 0 2.52714e-06 0 2.6363e-06 0 2.74322e-06 0 2.8476e-06 0 2.94915e-06 0 3.04759e-06 0 3.1477e-06 0 3.23923e-06 0 3.33211e-06 0 3.42369e-06 0 3.51119e-06 0 3.5998e-06 0 3.68406e-06 0 3.76929e-06 0 3.85269e-06 0 3.93418e-06 0 4.01365e-06 0 4.0939e-06 0 4.16912e-06 0 4.245e-06 0 4.32155e-06 0 4.39876e-06 0 4.47061e-06 0 4.54302e-06 0 4.61599e-06 0 4.68336e-06 0 4.75739e-06 0
552.648 1.78901e-05 4.01136e-06 1.38788e-05 0.775778 0.180583 2.20428e-07 0 3.59265e-07 0 5.73101e-07 0 7.46201e-07 0 8.95955e-07 0 1.03139e-06 0 1.15535e-06 0 1.27152e-06 0 1.37876e-06 0 1.48222e-06 0 1.57793e-06 0 1.67229e-06 0 1.76017e-06 0 1.84721e-06 0 1.92988e-06 0 2.0094e-06 0 2.08716e-06 0 2.16294e-06 0 2.23655e-06 0 2.30781e-06 0 2.38018e-06 0 2.44627e-06 0 2.51325e-06 0 2.57922e-06 0 2.64218e-06 0 2.70588e-06 0 2.76638e-06 0 2.82753e-06 0 2.88732e-06 0 2.94567e-06 0 3.00254e-06 0 3.05993e-06 0 3.11367e-06 0 3.16785e-06 0 3.22246e-06 0 3.2775e-06 0 3.3287e-06 0 3.38026e-06 0 3.43218e-06 0 3.48009e-06 0 3.53271e-06 0
581.015 1.43109e-05 3.28377e-06 1.10271e-05 0.770541 0.159329 1.88868e-07 0 3.00711e-07 0 4.69187e-07 0 6.03372e-07 0 7.18309e-07 0 8.21511e-07 0 9.1545e-07 0 1.00307e-06 0 1.08367e-06 0 1.16115e-06 0 1.23263e-06 0 1.30292e-06 0 1.36823e-06 0 1.43279e-06 0 1.49398e-06 0 1.55274e-06 0 1.6101e-06 0 1.66593e-06 0 1.72007e-06 0 1.77242e-06 0 1.82552e-06 0 1.87395e-06 0 1.92298e-06 0 1.97122e-06 0 2.01722e-06 0 2.06371e-06 0 2.10782e-06 0 2.15237e-06 0 2.19589e-06 0 2.23834e-06 0 2.27967e-06 0 2.32134e-06 0 2.36034e-06 0 2.39964e-06 0 2.43922e-06 0 2.47909e-06 0 2.51614e-06 0 2.55344e-06 0 2.59098e-06 0 2.6256e-06 0 2.6636e-06 0
610.839 1.15232e-05 2.72678e-06 8.79643e-06 0.763366 0.141161 1.61839e-07 0 2.52031e-07 0 3.85077e-07 0 4.89437e-07 0 5.77996e-07 0 6.56979e-07 0 7.28497e-07 0 7.94925e-07 0 8.55803e-07 0 9.14156e-07 0 9.67837e-07 0 1.0205e-06 0 1.06933e-06 0 1.1175e-06 0 1.16308e-06 0 1.20678e-06 0 1.24937e-06 0 1.29077e-06 0 1.33086e-06 0 1.36958e-06 0 1.40881e-06 0 1.44454e-06 0 1.48069e-06 0 1.51621e-06 0 1.55006e-06 0 1.58423e-06 0 1.61664e-06 0 1.64933e-06 0 1.68125e-06 0 1.71235e-06 0 1.74262e-06 0 1.77311e-06 0 1.80163e-06 0 1.83035e-06 0 1.85926e-06 0 1.88836e-06 0 1.91539e-06 0 1.94259e-06 0 1.96995e-06 0 1.99516e-06 0 2.02282e-06 0
642.193 9.34062e-06 2.29956e-06 7.04105e-06 0.75381 0.125508 1.3896e-07 0 2.1191e-07 0 3.17423e-07 0 3.99006e-07 0 4.67632e-07 0 5.28454e-07 0 5.8326e-07 0 6.33961e-07 0 6.80272e-07 0 7.24535e-07 0 7.65152e-07 0 8.04911e-07 0 8.41702e-07 0 8.77931e-07 0 9.12156e-07 0 9.44916e-07 0 9.76804e-07 0 1.00775e-06 0 1.0377e-06 0 1.06657e-06 0 1.0958e-06 0 1.1224e-06 0 1.14928e-06 0 1.17568e-06 0 1.2008e-06 0 1.22615e-06 0 1.25016e-06 0 1.27438e-06 0 1.298e-06 0 1.321e-06 0 1.34337e-06 0 1.36589e-06 0 1.38694e-06 0 1.40813e-06 0 1.42944e-06 0 1.45089e-06 0 1.4708e-06 0 1.49082e-06 0 1.51094e-06 0 1.52949e-06 0 1.54982e-06 0
675.157 7.6104e-06 1.96206e-06 5.64834e-06 0.742187 0.111872 1.1919e-07 0 1.78191e-07 0 2.61962e-07 0 3.25868e-07 0 3.79185e-07 0 4.26162e-07 0 4.683e-07 0 5.07137e-07 0 5.42501e-07 0 5.76212e-07 0 6.07073e-07 0 6.3722e-07 0 6.65065e-07 0 6.92438e-07 0 7.18258e-07 0 7.42937e-07 0 7.66929e-07 0 7.90185e-07 0 8.1266e-07 0 8.34314e-07 0 8.56208e-07 0 8.76115e-07 0 8.96212e-07 0 9.15931e-07 0 9.34684e-07 0 9.53592e-07 0 9.71493e-07 0 9.89529e-07 0 1.00711e-06 0 1.02422e-06 0 1.04085e-06 0 1.05758e-06 0 1.07322e-06 0 1.08894e-06 0 1.10475e-06 0 1.12065e-06 0 1.13541e-06 0 1.15023e-06 0 1.16513e-06 0 1.17886e-06 0 1.1939e-06 0
709.813 6.23109e-06 1.69145e-06 4.53964e-06 0.728547 0.099926 1.02055e-07 0 1.4974e-07 0 2.16278e-07 0 2.66401e-07 0 3.07899e-07 0 3.44263e-07 0 3.76743e-07 0 4.06575e-07 0 4.33661e-07 0 4.59417e-07 0 4.82945e-07 0 5.05883e-07 0 5.27035e-07 0 5.47795e-07 0 5.67349e-07 0 5.86016e-07 0 6.0414e-07 0 6.21688e-07 0 6.38631e-07 0 6.54938e-07 0 6.7141e-07 0 6.86374e-07 0 7.01469e-07 0 7.16268e-07 0 7.30332e-07 0 7.44502e-07 0 7.5791e-07 0 7.71408e-07 0 7.84558e-07 0 7.9735e-07 0 8.09774e-07 0 8.22271e-07 0 8.33939e-07 0 8.45668e-07 0 8.57457e-07 0 8.69306e-07 0 8.80297e-07 0 8.91337e-07 0 9.02428e-07 0 9.12638e-07 0 9.23823e-07 0
746.248 5.1284e-06 1.47059e-06 3.65781e-06 0.713246 0.0894364 8.71312e-08 0 1.25597e-07 0 1.78407e-07 0 2.17721e-07 0 2.50039e-07 0 2.78215e-07 0 3.03281e-07 0 3.2623e-07 0 3.47012e-07 0 3.66727e-07 0 3.847e-07 0 4.02193e-07 0 4.18296e-07 0 4.34079e-07 0 4.48926e-07 0 4.63081e-07 0 4.7681e-07 0 4.90089e-07 0 5.02897e-07 0 5.15214e-07 0 5.27644e-07 0 5.38928e-07 0 5.50301e-07 0 5.61444e-07 0 5.72026e-07 0 5.82681e-07 0 5.92757e-07 0 6.02894e-07 0 6.12765e-07 0 6.22361e-07 0 6.31677e-07 0 6.41042e-07 0 6.49782e-07 0 6.58564e-07 0 6.67387e-07 0 6.76251e-07 0 6.84469e-07 0 6.92722e-07 0 7.01008e-07 0 7.08634e-07 0 7.16985e-07 0
784.553 4.24005e-06 1.28816e-06 2.95189e-06 0.696193 0.0801667 7.4145e-08 0 1.05105e-07 0 1.46969e-07 0 1.77794e-07 0 2.02965e-07 0 2.24806e-07 0 2.44165e-07 0 2.61837e-07 0 2.77799e-07 0 2.92911e-07 0 3.06662e-07 0 3.20023e-07 0 3.32304e-07 0 3.44326e-07 0 3.5562e-07 0 3.66377e-07 0 3.76798e-07 0 3.86869e-07 0 3.96574e-07 0 4.05898e-07 0 4.15302e-07 0 4.23831e-07 0 4.32423e-07 0 4.40834e-07 0 4.48818e-07 0 4.56851e-07 0 4.64443e-07 0 4.72078e-07 0 4.79508e-07 0 4.86728e-07 0 4.93733e-07 0 5.00773e-07 0 5.07339e-07 0 5.13935e-07 0 5.20558e-07 0 5.2721e-07 0 5.33374e-07 0 5.39562e-07 0 5.45774e-07 0 5.51488e-07 0 5.57743e-07 0
824.824 3.52068e-06 1.13548e-06 2.3852e-06 0.677483 0.0719526 6.28507e-08 0 8.77005e-08 0 1.20829e-07 0 1.44972e-07 0 1.64566e-07 0 1.81492e-07 0 1.96445e-07 0 2.10057e-07 0 2.22324e-07 0 2.33914e-07 0 2.44442e-07 0 2.54657e-07 0 2.64033e-07 0 2.732e-07 0 2.81802e-07 0 2.89986e-07 0 2.97909e-07 0 3.05557e-07 0 3.12922e-07 0 3.19992e-07 0 3.27117e-07 0 3.33576e-07 0 3.40077e-07 0 3.46438e-07 0 3.52472e-07 0 3.58541e-07 0 3.64273e-07 0 3.70035e-07 0 3.75639e-07 0 3.81082e-07 0 3.86362e-07 0 3.91664e-07 0 3.96609e-07 0 4.01573e-07 0 4.06556e-07 0 4.11559e-07 0 4.16194e-07 0 4.20845e-07 0 4.25512e-07 0 4.29804e-07 0 4.34501e-07 0
867.163 2.93443e-06 1.00476e-06 1.92967e-06 0.657597 0.0646517 5.29724e-08 0 7.28255e-08 0 9.8945e-08 0 1.178e-07 0 1.33014e-07 0 1.46104e-07 0 1.57631e-07 0 1.68098e-07 0 1.7751e-07 0 1.86387e-07 0 1.94438e-07 0 2.02238e-07 0 2.09389e-07 0 2.16373e-07 0 2.22919e-07 0 2.29142e-07 0 2.3516e-07 0 2.40965e-07 0 2.4655e-07 0 2.51909e-07 0 2.57306e-07 0 2.62194e-07 0 2.67112e-07 0 2.71922e-07 0 2.76482e-07 0 2.81065e-07 0 2.85392e-07 0 2.8974e-07 0 2.93967e-07 0 2.9807e-07 0 3.02049e-07 0 3.06044e-07 0 3.09767e-07 0 3.13504e-07 0 3.17254e-07 0 3.21017e-07 0 3.24503e-07 0 3.27999e-07 0 3.31507e-07 0 3.34731e-07 0 3.38259e-07 0
911.674 2.4561e-06 8.92074e-07 1.56402e-06 0.636792 0.0581601 4.43934e-08 0 6.01824e-08 0 8.07013e-08 0 9.53824e-08 0 1.07166e-07 0 1.17267e-07 0 1.26136e-07 0 1.34169e-07 0 1.4138e-07 0 1.48169e-07 0 1.54317e-07 0 1.60266e-07 0 1.65714e-07 0 1.71028e-07 0 1.76005e-07 0 1.80732e-07 0 1.853e-07 0 1.89703e-07 0 1.93936e-07 0 1.97995e-07 0 2.0208e-07 0 2.05778e-07 0 2.09497e-07 0 2.13132e-07 0 2.16576e-07 0 2.20037e-07 0 2.23302e-07 0 2.26582e-07 0 2.29769e-07 0 2.32862e-07 0 2.3586e-07 0 2.38869e-07 0 2.41672e-07 0 2.44485e-07 0 2.47307e-07 0 2.50138e-07 0 2.52759e-07 0 2.55388e-07 0 2.58024e-07 0 2.60447e-07 0 2.63097e-07 0
958.471 2.06476e-06 7.96032e-07 1.26873e-06 0.614468 0.0523655 3.70749e-08 0 4.96027e-08 0 6.56987e-08 0 7.71212e-08 0 8.62446e-08 0 9.40375e-08 0 1.00862e-07 0 1.0703e-07 0 1.12557e-07 0 1.17752e-07 0 1.22451e-07 0 1.26991e-07 0 1.31145e-07 0 1.35194e-07 0 1.38982e-07 0 1.42576e-07 0 1.46047e-07 0 1.49391e-07 0 1.52604e-07 0 1.55682e-07 0 1.58779e-07 0 1.61581e-07 0 1.64397e-07 0 1.67148e-07 0 1.69754e-07 0 1.72371e-07 0 1.74839e-07 0 1.77318e-07 0 1.79725e-07 0 1.82061e-07 0 1.84324e-07 0 1.86594e-07 0 1.88709e-07 0 1.9083e-07 0 1.92958e-07 0 1.95092e-07 0 1.97067e-07 0 1.99047e-07 0 2.01032e-07 0 2.02856e-07 0 2.04851e-07 0
1007.67 1.74145e-06 7.11624e-07 1.02983e-06 0.591362 0.0471739 3.07716e-08 0 4.06621e-08 0 5.3236e-08 0 6.20914e-08 0 6.91325e-08 0 7.51275e-08 0 8.03645e-08 0 8.50887e-08 0 8.93141e-08 0 9.32807e-08 0 9.68638e-08 0 1.00323e-07 0 1.03484e-07 0 1.06562e-07 0 1.0944e-07 0 1.12169e-07 0 1.14802e-07 0 1.17337e-07 0 1.19771e-07 0 1.22103e-07 0 1.24447e-07 0 1.26566e-07 0 1.28696e-07 0 1.30775e-07 0 1.32744e-07 0 1.34721e-07 0 1.36585e-07 0 1.38455e-07 0 1.40271e-07 0 1.42033e-07 0 1.43739e-07 0 1.45451e-07 0 1.47044e-07 0 1.48642e-07 0 1.50245e-07 0 1.51851e-07 0 1.53338e-07 0 1.54828e-07 0 1.56322e-07 0 1.57694e-07 0 1.59195e-07 0
1059.39 1.47721e-06 6.40469e-07 8.36737e-07 0.566432 0.0425164 2.55195e-08 0 3.3331e-08 0 4.31651e-08 0 5.00425e-08 0 5.5488e-08 0 6.01109e-08 0 6.414e-08 0 6.7768e-08 0 7.10081e-08 0 7.40456e-08 0 7.67864e-08 0 7.94295e-08 0 8.1843e-08 0 8.4191e-08 0 8.63848e-08 0 8.84636e-08 0 9.04684e-08 0 9.23973e-08 0 9.42485e-08 0 9.60206e-08 0 9.78012e-08 0 9.9411e-08 0 1.01027e-07 0 1.02605e-07 0 1.04099e-07 0 1.05597e-07 0 1.0701e-07 0 1.08427e-07 0 1.09803e-07 0 1.11137e-07 0 1.12429e-07 0 1.13724e-07 0 1.1493e-07 0 1.16139e-07 0 1.1735e-07 0 1.18565e-07 0 1.19689e-07 0 1.20815e-07 0 1.21944e-07 0 1.22981e-07 0 1.24114e-07 0
1113.77 1.25723e-06 5.7671e-07 6.80519e-07 0.541285 0.0383406 2.10245e-08 0 2.71609e-08 0 3.48166e-08 0 4.0136e-08 0 4.43317e-08 0 4.7884e-08 0 5.09735e-08 0 5.37508e-08 0 5.62276e-08 0 5.85469e-08 0 6.06374e-08 0 6.26516e-08 0 6.44892e-08 0 6.62757e-08 0 6.79437e-08 0 6.95233e-08 0 7.10458e-08 0 7.25099e-08 0 7.39144e-08 0 7.52582e-08 0 7.66079e-08 0 7.78276e-08 0 7.90519e-08 0 8.02465e-08 0 8.13768e-08 0 8.25107e-08 0 8.35792e-08 0 8.46509e-08 0 8.5691e-08 0 8.66991e-08 0 8.7675e-08 0 8.86534e-08 0 8.9564e-08 0 9.04767e-08 0 9.13913e-08 0 9.2308e-08 0 9.3156e-08 0 9.40056e-08 0 9.48569e-08 0 9.56386e-08 0 9.6493e-08 0
1170.94 1.07285e-06 5.19183e-07 5.53665e-07 0.51607 0.0345864 1.72024e-08 0 2.19956e-08 0 2.7926e-08 0 3.20221e-08 0 3.52416e-08 0 3.79605e-08 0 4.03208e-08 0 4.24392e-08 0 4.4326e-08 0 4.60908e-08 0 4.76801e-08 0 4.92101e-08 0 5.06049e-08 0 5.19599e-08 0 5.32243e-08 0 5.44211e-08 0 5.5574e-08 0 5.66821e-08 0 5.77446e-08 0 5.87608e-08 0 5.9781e-08 0 6.07026e-08 0 6.16274e-08 0 6.25295e-08 0 6.33827e-08 0 6.42384e-08 0 6.50445e-08 0 6.58528e-08 0 6.66371e-08 0 6.73971e-08 0 6.81326e-08 0 6.88697e-08 0 6.95557e-08 0 7.02431e-08 0 7.09319e-08 0 7.16221e-08 0 7.22604e-08 0 7.28998e-08 0 7.35403e-08 0 7.41285e-08 0 7.47711e-08 0
1231.05 9.1898e-07 4.68293e-07 4.50687e-07 0.490421 0.0312167 1.40141e-08 0 1.77467e-08 0 2.23295e-08 0 2.54775e-08 0 2.79437e-08 0 3.00217e-08 0 3.18225e-08 0 3.34365e-08 0 3.48723e-08 0 3.62139e-08 0 3.74211e-08 0 3.85823e-08 0 3.96402e-08 0 4.06673e-08 0 4.16251e-08 0 4.25313e-08 0 4.34038e-08 0 4.4242e-08 0 4.50455e-08 0 4.58135e-08 0 4.65844e-08 0 4.72806e-08 0 4.79789e-08 0 4.86598e-08 0 4.93037e-08 0 4.99493e-08 0 5.05574e-08 0 5.11669e-08 0 5.17581e-08 0 5.23309e-08 0 5.28852e-08 0 5.34406e-08 0 5.39573e-08 0 5.4475e-08 0 5.49937e-08 0 5.55133e-08 0 5.59937e-08 0 5.64749e-08 0 5.69569e-08 0 5.73994e-08 0 5.78828e-08 0
1294.24 7.92582e-07 4.25331e-07 3.67251e-07 0.46336 0.028186 1.14288e-08 0 1.43422e-08 0 1.7894e-08 0 2.03215e-08 0 2.22176e-08 0 2.38119e-08 0 2.51913e-08 0 2.6426e-08 0 2.75232e-08 0 2.85476e-08 0 2.94685e-08 0 3.03537e-08 0 3.11597e-08 0 3.19417e-08 0 3.26707e-08 0 3.336e-08 0 3.40234e-08 0 3.46605e-08 0 3.52709e-08 0 3.58543e-08 0 3.64396e-08 0 3.6968e-08 0 3.74979e-08 0 3.80144e-08 0 3.85027e-08 0 3.89922e-08 0 3.94531e-08 0 3.99151e-08 0 4.0363e-08 0 4.0797e-08 0 4.12168e-08 0 4.16373e-08 0 4.20286e-08 0 4.24204e-08 0 4.2813e-08 0 4.32062e-08 0 4.35697e-08 0 4.39337e-08 0 4.42983e-08 0 4.46329e-08 0 4.49985e-08 0
1360.67 6.85801e-07 3.86445e-07 2.99356e-07 0.436505 0.0254544 9.27239e-09 0 1.15375e-08 0 1.4281e-08 0 1.61475e-08 0 1.76015e-08 0 1.88216e-08 0 1.98757e-08 0 2.08182e-08 0 2.16549e-08 0 2.24353e-08 0 2.31365e-08 0 2.381e-08 0 2.44229e-08 0 2.50173e-08 0 2.55711e-08 0 2.60945e-08 0 2.65981e-08 0 2.70815e-08 0 2.75445e-08 0 2.79869e-08 0 2.84305e-08 0 2.8831e-08 0 2.92324e-08 0 2.96237e-08 0 2.99935e-08 0 3.03641e-08 0 3.0713e-08 0 3.10625e-08 0 3.14015e-08 0 3.17298e-08 0 3.20473e-08 0 3.23653e-08 0 3.26611e-08 0 3.29574e-08 0 3.32541e-08 0 3.35512e-08 0 3.38259e-08 0 3.41009e-08 0 3.43763e-08 0 3.46291e-08 0 3.49052e-08 0
1430.51 5.9485e-07 3.50793e-07 2.44057e-07 0.410283 0.0229917 7.47713e-09 0 9.22974e-09 0 1.13399e-08 0 1.27694e-08 0 1.38802e-08 0 1.48107e-08 0 1.56136e-08 0 1.63306e-08 0 1.69666e-08 0 1.75593e-08 0 1.80915e-08 0 1.86025e-08 0 1.90671e-08 0 1.95176e-08 0 1.99371e-08 0 2.03334e-08 0 2.07146e-08 0 2.10804e-08 0 2.14307e-08 0 2.17652e-08 0 2.21006e-08 0 2.24033e-08 0 2.27066e-08 0 2.30022e-08 0 2.32815e-08 0 2.35614e-08 0 2.38248e-08 0 2.40887e-08 0 2.43445e-08 0 2.45922e-08 0 2.48318e-08 0 2.50717e-08 0 2.52948e-08 0 2.55182e-08 0 2.57419e-08 0 2.5966e-08 0 2.6173e-08 0 2.63804e-08 0 2.65879e-08 0 2.67784e-08 0 2.69864e-08 0
1503.94 5.17276e-07 3.1824e-07 1.99036e-07 0.384777 0.0207715 5.99667e-09 0 7.34707e-09 0 8.96411e-09 0 1.00553e-08 0 1.09013e-08 0 1.16089e-08 0 1.22186e-08 0 1.27626e-08 0 1.32447e-08 0 1.36938e-08 0 1.40967e-08 0 1.44833e-08 0 1.48347e-08 0 1.51753e-08 0 1.54923e-08 0 1.57917e-08 0 1.60796e-08 0 1.63558e-08 0 1.66201e-08 0 1.68725e-08 0 1.71256e-08 0 1.73538e-08 0 1.75826e-08 0 1.78054e-08 0 1.80159e-08 0 1.82268e-08 0 1.84253e-08 0 1.86241e-08 0 1.88168e-08 0 1.90033e-08 0 1.91837e-08 0 1.93643e-08 0 1.95323e-08 0 1.97004e-08 0 1.98688e-08 0 2.00374e-08 0 2.01932e-08 0 2.03491e-08 0 2.05053e-08 0 2.06485e-08 0 2.0805e-08 0
1581.14 4.53978e-07 2.91516e-07 1.62462e-07 0.357862 0.0187705 4.83404e-09 0 5.88121e-09 0 7.12888e-09 0 7.96784e-09 0 8.61691e-09 0 9.159e-09 0 9.62559e-09 0 1.00415e-08 0 1.04099e-08 0 1.07527e-08 0 1.10602e-08 0 1.13551e-08 0 1.1623e-08 0 1.18826e-08 0 1.21241e-08 0 1.23521e-08 0 1.25713e-08 0 1.27815e-08 0 1.29826e-08 0 1.31747e-08 0 1.33671e-08 0 1.35407e-08 0 1.37146e-08 0 1.3884e-08 0 1.4044e-08 0 1.42043e-08 0 1.4355e-08 0 1.45061e-08 0 1.46524e-08 0 1.47941e-08 0 1.4931e-08 0 1.50682e-08 0 1.51957e-08 0 1.53233e-08 0 1.54511e-08 0 1.5579e-08 0 1.56972e-08 0 1.58155e-08 0 1.5934e-08 0 1.60427e-08 0 1.61613e-08 0
1662.3 3.99439e-07 2.66827e-07 1.32612e-07 0.331996 0.0169639 3.87717e-09 0 4.68611e-09 0 5.64554e-09 0 6.28858e-09 0 6.78514e-09 0 7.1993e-09 0 7.55543e-09 0 7.87261e-09 0 8.15333e-09 0 8.41447e-09 0 8.64853e-09 0 8.87293e-09 0 9.07674e-09 0 9.27408e-09 0 9.45766e-09 0 9.63093e-09 0 9.79743e-09 0 9.95708e-09 0 1.01098e-08 0 1.02556e-08 0 1.04017e-08 0 1.05334e-08 0 1.06653e-08 0 1.07938e-08 0 1.09152e-08 0 1.10367e-08 0 1.1151e-08 0 1.12655e-08 0 1.13765e-08 0 1.14838e-08 0 1.15876e-08 0 1.16915e-08 0 1.17881e-08 0 1.18848e-08 0 1.19816e-08 0 1.20785e-08 0 1.2168e-08 0 1.22576e-08 0 1.23473e-08 0 1.24296e-08 0 1.25194e-08 0
1747.63 3.52178e-07 2.43929e-07 1.08249e-07 0.307369 0.0153323 3.09347e-09 0 3.7159e-09 0 4.45103e-09 0 4.94229e-09 0 5.32098e-09 0 5.63645e-09 0 5.90745e-09 0 6.14865e-09 0 6.36198e-09 0 6.56034e-09 0 6.73804e-09 0 6.90833e-09 0 7.06295e-09 0 7.21262e-09 0 7.3518e-09 0 7.48313e-09 0 7.6093e-09 0 7.73025e-09 0 7.84594e-09 0 7.95634e-09 0 8.06694e-09 0 8.16665e-09 0 8.26652e-09 0 8.36376e-09 0 8.45558e-09 0 8.54753e-09 0 8.63401e-09 0 8.7206e-09 0 8.80449e-09 0 8.88569e-09 0 8.96416e-09 0 9.04272e-09 0 9.11574e-09 0 9.18883e-09 0 9.26198e-09 0 9.33521e-09 0 9.40286e-09 0 9.47056e-09 0 9.53832e-09 0 9.60048e-09 0 9.66834e-09 0
1837.33 3.11082e-07 2.22674e-07 8.84084e-08 0.284196 0.0138607 2.45537e-09 0 2.93238e-09 0 3.49363e-09 0 3.86767e-09 0 4.15555e-09 0 4.39511e-09 0 4.60072e-09 0 4.7836e-09 0 4.94526e-09 0 5.09549e-09 0 5.23003e-09 0 5.35891e-09 0 5.47589e-09 0 5.58909e-09 0 5.69433e-09 0 5.79361e-09 0 5.88897e-09 0 5.98036e-09 0 6.06777e-09 0 6.15116e-09 0 6.23469e-09 0 6.30998e-09 0 6.38538e-09 0 6.45879e-09 0 6.52809e-09 0 6.59748e-09 0 6.66273e-09 0 6.72807e-09 0 6.79136e-09 0 6.85261e-09 0 6.9118e-09 0 6.97105e-09 0 7.02611e-09 0 7.08123e-09 0 7.13639e-09 0 7.19159e-09 0 7.24259e-09 0 7.29362e-09 0 7.3447e-09 0 7.39155e-09 0 7.44269e-09 0
1931.64 2.75133e-07 2.02895e-07 7.22379e-08 0.262557 0.012533 1.93844e-09 0 2.3025e-09 0 2.72936e-09 0 3.01314e-09 0 3.23123e-09 0 3.41253e-09 0 3.56803e-09 0 3.70624e-09 0 3.82835e-09 0 3.94179e-09 0 4.04333e-09 0 4.14058e-09 0 4.22882e-09 0 4.31418e-09 0 4.39352e-09 0 4.46836e-09 0 4.54021e-09 0 4.60908e-09 0 4.67492e-09 0 4.73773e-09 0 4.80063e-09 0 4.85732e-09 0 4.91409e-09 0 4.96935e-09 0 5.02151e-09 0 5.07373e-09 0 5.12284e-09 0 5.172e-09 0 5.21961e-09 0 5.26569e-09 0 5.31021e-09 0 5.35478e-09 0 5.39619e-09 0 5.43764e-09 0 5.47911e-09 0 5.52062e-09 0 5.55897e-09 0 5.59733e-09 0 5.63573e-09 0 5.67094e-09 0 5.70939e-09 0
2030.79 2.44184e-07 1.85165e-07 5.90189e-08 0.241699 0.0113321 1.52771e-09 0 1.80542e-09 0 2.13e-09 0 2.34529e-09 0 2.51054e-09 0 2.64778e-09 0 2.76541e-09 0 2.86991e-09 0 2.96219e-09 0 3.04787e-09 0 3.12455e-09 0 3.19796e-09 0 3.26456e-09 0 3.32896e-09 0 3.38882e-09 0 3.44526e-09 0 3.49944e-09 0 3.55136e-09 0 3.60099e-09 0 3.64833e-09 0 3.69573e-09 0 3.73845e-09 0 3.78122e-09 0 3.82284e-09 0 3.86213e-09 0 3.90146e-09 0 3.93844e-09 0 3.97546e-09 0 4.01131e-09 0 4.046e-09 0 4.07952e-09 0 4.11306e-09 0 4.14424e-09 0 4.17543e-09 0 4.20664e-09 0 4.23788e-09 0 4.26673e-09 0 4.2956e-09 0 4.32449e-09 0 4.35098e-09 0 4.3799e-09 0
2135.03 2.18431e-07 1.70219e-07 4.82122e-08 0.22072 0.0102452 1.20906e-09 0 1.42203e-09 0 1.67023e-09 0 1.83453e-09 0 1.96049e-09 0 2.06501e-09 0 2.15453e-09 0 2.23402e-09 0 2.30419e-09 0 2.36932e-09 0 2.42759e-09 0 2.48336e-09 0 2.53394e-09 0 2.58284e-09 0 2.62828e-09 0 2.67112e-09 0 2.71224e-09 0 2.75163e-09 0 2.78929e-09 0 2.8252e-09 0 2.86115e-09 0 2.89355e-09 0 2.92598e-09 0 2.95754e-09 0 2.98732e-09 0 3.01714e-09 0 3.04517e-09 0 3.07323e-09 0 3.1004e-09 0 3.12669e-09 0 3.15208e-09 0 3.1775e-09 0 3.20112e-09 0 3.22475e-09 0 3.2484e-09 0 3.27206e-09 0 3.29391e-09 0 3.31578e-09 0 3.33765e-09 0 3.35772e-09 0 3.37962e-09 0
2244.63 1.95667e-07 1.56252e-07 3.94149e-08 0.201438 0.00926515 9.52702e-10 0 1.11551e-09 0 1.30475e-09 0 1.42979e-09 0 1.52554e-09 0 1.60493e-09 0 1.6729e-09 0 1.73322e-09 0 1.78645e-09 0 1.83584e-09 0 1.88001e-09 0 1.92227e-09 0 1.96059e-09 0 1.99764e-09 0 2.03206e-09 0 2.0645e-09 0 2.09564e-09 0 2.12546e-09 0 2.15397e-09 0 2.18115e-09 0 2.20836e-09 0 2.23287e-09 0 2.25741e-09 0 2.28129e-09 0 2.30382e-09 0 2.32637e-09 0 2.34758e-09 0 2.3688e-09 0 2.38934e-09 0 2.40922e-09 0 2.42843e-09 0 2.44765e-09 0 2.4655e-09 0 2.48337e-09 0 2.50124e-09 0 2.51913e-09 0 2.53565e-09 0 2.55217e-09 0 2.56871e-09 0 2.58387e-09 0 2.60043e-09 0
2359.84 1.75381e-07 1.43157e-07 3.22235e-08 0.183734 0.00837918 7.47228e-10 0 8.71255e-10 0 1.01507e-09 0 1.10993e-09 0 1.1825e-09 0 1.24263e-09 0 1.29408e-09 0 1.33973e-09 0 1.37999e-09 0 1.41734e-09 0 1.45073e-09 0 1.48268e-09 0 1.51164e-09 0 1.53963e-09 0 1.56563e-09 0 1.59013e-09 0 1.61364e-09 0 1.63616e-09 0 1.65769e-09 0 1.6782e-09 0 1.69874e-09 0 1.71725e-09 0 1.73576e-09 0 1.75378e-09 0 1.77079e-09 0 1.7878e-09 0 1.8038e-09 0 1.81981e-09 0 1.83531e-09 0 1.8503e-09 0 1.86479e-09 0 1.87928e-09 0 1.89275e-09 0 1.90622e-09 0 1.9197e-09 0 1.93319e-09 0 1.94565e-09 0 1.95811e-09 0 1.97057e-09 0 1.98201e-09 0 1.99448e-09 0
2480.97 1.57262e-07 1.30921e-07 2.63408e-08 0.167497 0.0075779 5.83505e-10 0 6.77678e-10 0 7.86633e-10 0 8.58393e-10 0 9.13242e-10 0 9.58663e-10 0 9.97507e-10 0 1.03195e-09 0 1.06233e-09 0 1.0905e-09 0 1.11568e-09 0 1.13976e-09 0 1.16159e-09 0 1.18268e-09 0 1.20227e-09 0 1.22074e-09 0 1.23845e-09 0 1.25541e-09 0 1.27162e-09 0 1.28707e-09 0 1.30254e-09 0 1.31647e-09 0 1.33041e-09 0 1.34398e-09 0 1.35678e-09 0 1.36959e-09 0 1.38163e-09 0 1.39368e-09 0 1.40534e-09 0 1.41662e-09 0 1.42752e-09 0 1.43843e-09 0 1.44856e-09 0 1.4587e-09 0 1.46884e-09 0 1.47899e-09 0 1.48836e-09 0 1.49773e-09 0 1.50711e-09 0 1.51571e-09 0 1.52509e-09 0
2608.32 1.42102e-07 1.20567e-07 2.15349e-08 0.151546 0.0068542 4.57739e-10 0 5.29648e-10 0 6.1268e-10 0 6.6729e-10 0 7.08997e-10 0 7.43515e-10 0 7.73022e-10 0 7.99179e-10 0 8.22237e-10 0 8.43617e-10 0 8.62724e-10 0 8.80995e-10 0 8.97553e-10 0 9.13552e-10 0 9.28408e-10 0 9.42406e-10 0 9.55836e-10 0 9.68695e-10 0 9.80981e-10 0 9.92692e-10 0 1.00441e-09 0 1.01497e-09 0 1.02553e-09 0 1.03581e-09 0 1.04551e-09 0 1.05521e-09 0 1.06433e-09 0 1.07346e-09 0 1.0823e-09 0 1.09084e-09 0 1.0991e-09 0 1.10736e-09 0 1.11503e-09 0 1.12271e-09 0 1.13038e-09 0 1.13807e-09 0 1.14516e-09 0 1.15226e-09 0 1.15936e-09 0 1.16587e-09 0 1.17297e-09 0
2742.21 1.28502e-07 1.10885e-07 1.76172e-08 0.137096 0.006201 3.57799e-10 0 4.1257e-10 0 4.75699e-10 0 5.17165e-10 0 5.48811e-10 0 5.74989e-10 0 5.97358e-10 0 6.1718e-10 0 6.3465e-10 0 6.50845e-10 0 6.65315e-10 0 6.7915e-10 0 6.91686e-10 0 7.03797e-10 0 7.15042e-10 0 7.25636e-10 0 7.35798e-10 0 7.45528e-10 0 7.54823e-10 0 7.63683e-10 0 7.7255e-10 0 7.80535e-10 0 7.88526e-10 0 7.963e-10 0 8.03633e-10 0 8.10971e-10 0 8.17868e-10 0 8.24768e-10 0 8.31449e-10 0 8.37911e-10 0 8.44152e-10 0 8.50396e-10 0 8.56196e-10 0 8.61999e-10 0 8.67804e-10 0 8.73611e-10 0 8.78973e-10 0 8.84337e-10 0 8.89702e-10 0 8.94623e-10 0 8.99992e-10 0
2882.97 1.16175e-07 1.01765e-07 1.44099e-08 0.124036 0.00560998 2.78497e-10 0 3.2008e-10 0 3.67931e-10 0 3.99326e-10 0 4.23269e-10 0 4.43067e-10 0 4.59977e-10 0 4.74958e-10 0 4.88158e-10 0 5.00392e-10 0 5.11321e-10 0 5.2177e-10 0 5.31235e-10 0 5.40379e-10 0 5.48867e-10 0 5.56864e-10 0 5.64534e-10 0 5.71877e-10 0 5.78892e-10 0 5.85577e-10 0 5.92267e-10 0 5.98292e-10 0 6.04321e-10 0 6.10185e-10 0 6.15717e-10 0 6.21252e-10 0 6.26454e-10 0 6.31658e-10 0 6.36697e-10 0 6.4157e-10 0 6.46277e-10 0 6.50985e-10 0 6.55359e-10 0 6.59734e-10 0 6.64111e-10 0 6.6849e-10 0 6.72532e-10 0 6.76576e-10 0 6.80622e-10 0 6.84331e-10 0 6.88379e-10 0
3030.95 1.05172e-07 9.33879e-08 1.17843e-08 0.112048 0.00507497 2.16324e-10 0 2.47862e-10 0 2.84098e-10 0 3.07849e-10 0 3.25951e-10 0 3.40912e-10 0 3.53687e-10 0 3.65002e-10 0 3.74969e-10 0 3.84206e-10 0 3.92456e-10 0 4.00342e-10 0 4.07485e-10 0 4.14385e-10 0 4.20789e-10 0 4.26822e-10 0 4.32608e-10 0 4.38147e-10 0 4.43438e-10 0 4.4848e-10 0 4.53525e-10 0 4.58069e-10 0 4.62615e-10 0 4.67036e-10 0 4.71208e-10 0 4.75381e-10 0 4.79302e-10 0 4.83226e-10 0 4.87024e-10 0 4.90698e-10 0 4.94245e-10 0 4.97795e-10 0 5.01091e-10 0 5.04389e-10 0 5.07688e-10 0 5.10988e-10 0 5.14034e-10 0 5.17082e-10 0 5.20131e-10 0 5.22926e-10 0 5.25976e-10 0
3186.53 9.59657e-08 8.63259e-08 9.63974e-09 0.10045 0.00459091 1.68942e-10 0 1.93013e-10 0 2.20634e-10 0 2.3872e-10 0 2.52497e-10 0 2.6388e-10 0 2.73596e-10 0 2.822e-10 0 2.89778e-10 0 2.96799e-10 0 3.03069e-10 0 3.09062e-10 0 3.1449e-10 0 3.19732e-10 0 3.24597e-10 0 3.2918e-10 0 3.33575e-10 0 3.37782e-10 0 3.418e-10 0 3.45629e-10 0 3.4946e-10 0 3.5291e-10 0 3.56362e-10 0 3.59719e-10 0 3.62886e-10 0 3.66054e-10 0 3.69031e-10 0 3.7201e-10 0 3.74893e-10 0 3.77681e-10 0 3.80374e-10 0 3.83068e-10 0 3.8557e-10 0 3.88073e-10 0 3.90577e-10 0 3.93081e-10 0 3.95393e-10 0 3.97706e-10 0 4.0002e-10 0 4.02141e-10 0 4.04455e-10 0
3350.09 8.7551e-08 7.96635e-08 7.8875e-09 0.0900904 0.00415342 1.31484e-10 0 1.49811e-10 0 1.70814e-10 0 1.84556e-10 0 1.95018e-10 0 2.03659e-10 0 2.11033e-10 0 2.17561e-10 0 2.2331e-10 0 2.28635e-10 0 2.33391e-10 0 2.37935e-10 0 2.42051e-10 0 2.46025e-10 0 2.49714e-10 0 2.53188e-10 0 2.56519e-10 0 2.59708e-10 0 2.62753e-10 0 2.65655e-10 0 2.68559e-10 0 2.71173e-10 0 2.73789e-10 0 2.76332e-10 0 2.78732e-10 0 2.81132e-10 0 2.83388e-10 0 2.85644e-10 0 2.87829e-10 0 2.89941e-10 0 2.91981e-10 0 2.94022e-10 0 2.95917e-10 0 2.97813e-10 0 2.99709e-10 0 3.01606e-10 0 3.03358e-10 0 3.05109e-10 0 3.06861e-10 0 3.08468e-10 0 3.10221e-10 0
3522.05 7.98189e-08 7.33663e-08 6.4526e-09 0.0808405 0.0037575 1.01956e-10 0 1.1587e-10 0 1.318e-10 0 1.42213e-10 0 1.50138e-10 0 1.56681e-10 0 1.62264e-10 0 1.67205e-10 0 1.71556e-10 0 1.75585e-10 0 1.79183e-10 0 1.82621e-10 0 1.85734e-10 0 1.88741e-10 0 1.9153e-10 0 1.94158e-10 0 1.96677e-10 0 1.99088e-10 0 2.01391e-10 0 2.03585e-10 0 2.0578e-10 0 2.07757e-10 0 2.09734e-10 0 2.11657e-10 0 2.13471e-10 0 2.15286e-10 0 2.16991e-10 0 2.18696e-10 0 2.20347e-10 0 2.21944e-10 0 2.23486e-10 0 2.25028e-10 0 2.2646e-10 0 2.27893e-10 0 2.29326e-10 0 2.3076e-10 0 2.32083e-10 0 2.33407e-10 0 2.34731e-10 0 2.35945e-10 0 2.37269e-10 0
3702.84 7.26891e-08 6.74115e-08 5.27764e-09 0.0726057 0.00339917 7.87542e-11 0 8.92877e-11 0 1.01334e-10 0 1.09203e-10 0 1.1519e-10 0 1.20131e-10 0 1.24346e-10 0 1.28076e-10 0 1.3136e-10 0 1.34401e-10 0 1.37116e-10 0 1.3971e-10 0 1.42058e-10 0 1.44326e-10 0 1.46431e-10 0 1.48412e-10 0 1.50313e-10 0 1.52131e-10 0 1.53868e-10 0 1.55523e-10 0 1.57178e-10 0 1.58669e-10 0 1.6016e-10 0 1.6161e-10 0 1.62977e-10 0 1.64345e-10 0 1.65631e-10 0 1.66917e-10 0 1.68162e-10 0 1.69365e-10 0 1.70528e-10 0 1.7169e-10 0 1.7277e-10 0 1.7385e-10 0 1.7493e-10 0 1.76011e-10 0 1.77009e-10 0 1.78006e-10 0 1.79004e-10 0 1.79919e-10 0 1.80918e-10 0
3892.91 6.61064e-08 6.17869e-08 4.31951e-09 0.0653418 0.00307567 6.05938e-11 0 6.85431e-11 0 7.76258e-11 0 8.35553e-11 0 8.80643e-11 0 9.1785e-11 0 9.49583e-11 0 9.77661e-11 0 1.00238e-10 0 1.02526e-10 0 1.04569e-10 0 1.06521e-10 0 1.08288e-10 0 1.09994e-10 0 1.11577e-10 0 1.13068e-10 0 1.14498e-10 0 1.15865e-10 0 1.17172e-10 0 1.18416e-10 0 1.19661e-10 0 1.20782e-10 0 1.21903e-10 0 1.22994e-10 0 1.24022e-10 0 1.25051e-10 0 1.26017e-10 0 1.26984e-10 0 1.2792e-10 0 1.28825e-10 0 1.29699e-10 0 1.30573e-10 0 1.31385e-10 0 1.32197e-10 0 1.33009e-10 0 1.33821e-10 0 1.34571e-10 0 1.35321e-10 0 1.36072e-10 0 1.36759e-10 0 1.3751e-10 0
4092.73 6.03411e-08 5.68062e-08 3.53491e-09 0.058582 0.00278282 4.67005e-11 0 5.27147e-11 0 5.95807e-11 0 6.40605e-11 0 6.74659e-11 0 7.02753e-11 0 7.26709e-11 0 7.47904e-11 0 7.66557e-11 0 7.83828e-11 0 7.99245e-11 0 8.13971e-11 0 8.27304e-11 0 8.40177e-11 0 8.5212e-11 0 8.63365e-11 0 8.74147e-11 0 8.84465e-11 0 8.94317e-11 0 9.03704e-11 0 9.13094e-11 0 9.21547e-11 0 9.30003e-11 0 9.38227e-11 0 9.45982e-11 0 9.5374e-11 0 9.61029e-11 0 9.6832e-11 0 9.75377e-11 0 9.822e-11 0 9.8879e-11 0 9.9538e-11 0 1.0015e-10 0 1.00762e-10 0 1.01375e-10 0 1.01987e-10 0 1.02552e-10 0 1.03118e-10 0 1.03684e-10 0 1.04202e-10 0 1.04768e-10 0
4302.81 5.53734e-08 5.24813e-08 2.8921e-09 0.052229 0.00251761 3.61212e-11 0 4.06913e-11 0 4.59047e-11 0 4.93044e-11 0 5.1888e-11 0 5.4019e-11 0 5.58358e-11 0 5.74429e-11 0 5.88572e-11 0 6.01666e-11 0 6.13353e-11 0 6.24517e-11 0 6.34623e-11 0 6.44379e-11 0 6.53431e-11 0 6.61954e-11 0 6.70125e-11 0 6.77943e-11 0 6.85409e-11 0 6.92522e-11 0 6.99637e-11 0 7.06042e-11 0 7.12449e-11 0 7.18679e-11 0 7.24555e-11 0 7.30433e-11 0 7.35955e-11 0 7.41478e-11 0 7.46825e-11 0 7.51994e-11 0 7.56985e-11 0 7.61978e-11 0 7.66615e-11 0 7.71252e-11 0 7.75891e-11 0 7.80529e-11 0 7.84812e-11 0 7.89095e-11 0 7.93379e-11 0 7.97307e-11 0 8.01592e-11 0
4523.68 5.07512e-08 4.8385e-08 2.36618e-09 0.0466232 0.00227769 2.78465e-11 0 3.13104e-11 0 3.52592e-11 0 3.7833e-11 0 3.97885e-11 0 4.14011e-11 0 4.27757e-11 0 4.39915e-11 0 4.50613e-11 0 4.60517e-11 0 4.69357e-11 0 4.77799e-11 0 4.85442e-11 0 4.9282e-11 0 4.99664e-11 0 5.06108e-11 0 5.12287e-11 0 5.18198e-11 0 5.23843e-11 0 5.2922e-11 0 5.34599e-11 0 5.39441e-11 0 5.44285e-11 0 5.48995e-11 0 5.53436e-11 0 5.57879e-11 0 5.62053e-11 0 5.66229e-11 0 5.7027e-11 0 5.74177e-11 0 5.7795e-11 0 5.81723e-11 0 5.85228e-11 0 5.88733e-11 0 5.92239e-11 0 5.95745e-11 0 5.98981e-11 0 6.02219e-11 0 6.05456e-11 0 6.08424e-11 0 6.11663e-11 0
4755.88 4.64451e-08 4.45081e-08 1.93696e-09 0.0417043 0.00206101 2.13945e-11 0 2.4013e-11 0 2.69962e-11 0 2.89399e-11 0 3.04161e-11 0 3.16333e-11 0 3.26708e-11 0 3.35883e-11 0 3.43956e-11 0 3.51429e-11 0 3.58098e-11 0 3.64467e-11 0 3.70232e-11 0 3.75798e-11 0 3.80961e-11 0 3.85822e-11 0 3.90482e-11 0 3.94941e-11 0 3.99198e-11 0 4.03254e-11 0 4.0731e-11 0 4.10962e-11 0 4.14615e-11 0 4.18167e-11 0 4.21516e-11 0 4.24866e-11 0 4.28014e-11 0 4.31163e-11 0 4.3421e-11 0 4.37156e-11 0 4.40001e-11 0 4.42846e-11 0 4.45489e-11 0 4.48132e-11 0 4.50775e-11 0 4.53418e-11 0 4.55859e-11 0 4.58299e-11 0 4.6074e-11 0 4.62978e-11 0 4.6542e-11 0
5000 4.24453e-08 4.08601e-08 1.58522e-09 0.0373474 0.00186482 1.63868e-11 0 1.83615e-11 0 2.06101e-11 0 2.20745e-11 0 2.31865e-11 0 2.41032e-11 0 2.48844e-11 0 2.55753e-11 0 2.61831e-11 0 2.67457e-11 0 2.72478e-11 0 2.77272e-11 0 2.81612e-11 0 2.85802e-11 0 2.89688e-11 0 2.93346e-11 0 2.96854e-11 0 3.00209e-11 0 3.03413e-11 0 3.06465e-11 0 3.09518e-11 0 3.12266e-11 0 3.15015e-11 0 3.17688e-11 0 3.20209e-11 0 3.2273e-11 0 3.25098e-11 0 3.27467e-11 0 3.2976e-11 0 3.31977e-11 0 3.34117e-11 0 3.36258e-11 0 3.38246e-11 0 3.40235e-11 0 3.42224e-11 0 3.44213e-11 0 3.46049e-11 0 3.47885e-11 0 3.49721e-11 0 3.51405e-11 0 3.53242e-11 0
