# 0.00533964 2 114 : grain size, compostion index, size index
# Heating and cooling timescale: 4.62936e-08 inf
# Ratio of heating to cooling to determine stochastic cutoff: 100
# Equilibrium emission is recorded even for those grains in the stochastic regime.
# Emission spectrum was computed for: 
# Type: ISRF
# Scales: 0.25 0.5 1 1.5 2 2.5 3 3.5 4 4.5 5 5.5 6 6.5 7 7.5 8 8.5 9 9.5 10 10.5 11 11.5 12 12.5 13 13.5 14 14.5 15 15.5 16 16.5 17 17.5 18 18.5 19 19.5 20
# StochasticallyHeated: 0 0 0 0 0 0 0 0 0 0 0 0 0 0 0 0 0 0 0 0 0 0 0 0 0 0 0 0 0 0 0 0 0 0 0 0 0 0 0 0 0
# Temperature: -1
# Wavelength  CExt  CAbs  CSca  Albedo G EqEm1 StEm1 EqEm2 StEm2 EqEm3 StEm3 EqEm4 StEm4 EqEm5 StEm5 EqEm6 StEm6 EqEm7 StEm7 EqEm8 StEm8 EqEm9 StEm9 EqEm10 StEm10 EqEm11 StEm11 EqEm12 StEm12 EqEm13 StEm13 EqEm14 StEm14 EqEm15 StEm15 EqEm16 StEm16 EqEm17 StEm17 EqEm18 StEm18 EqEm19 StEm19 EqEm20 StEm20 EqEm21 StEm21 EqEm22 StEm22 EqEm23 StEm23 EqEm24 StEm24 EqEm25 StEm25 EqEm26 StEm26 EqEm27 StEm27 EqEm28 StEm28 EqEm29 StEm29 EqEm30 StEm30 EqEm31 StEm31 EqEm32 StEm32 EqEm33 StEm33 EqEm34 StEm34 EqEm35 StEm35 EqEm36 StEm36 EqEm37 StEm37 EqEm38 StEm38 EqEm39 StEm39 EqEm40 StEm40 EqEm41 StEm41
0.05 0.000179612 7.6046e-05 0.000103566 0.57661 0.931588 0 0 0 0 0 0 0 0 0 0 0 0 0 0 0 0 0 0 0 0 0 0 0 0 0 0 0 0 0 0 0 0 0 0 0 0 0 0 0 0 0 0 0 0 0 0 0 0 0 0 0 0 0 0 0 0 0 0 0 0 0 0 0 0 0 0 0 0 0 0 0 0 0 0 0 0 0 0 0 0 0 0
0.0525665 0.00017963 7.53809e-05 0.000104249 0.580355 0.92576 0 0 0 0 0 0 0 0 0 0 0 0 0 0 0 0 0 0 0 0 0 0 0 0 0 0 0 0 0 0 0 0 0 0 0 0 0 0 0 0 0 0 0 0 0 0 0 0 0 0 0 0 0 0 0 0 0 0 0 0 0 0 0 0 0 0 0 0 0 0 0 0 0 0 0 0 0 0 0 0 0 0
0.0552647 0.000179649 7.42784e-05 0.000105371 0.586536 0.916842 0 0 0 0 0 0 0 0 0 0 0 0 0 0 0 0 0 0 0 0 0 0 0 0 0 0 0 0 0 0 0 0 0 0 0 0 0 0 0 0 0 0 0 0 0 0 0 0 0 0 0 0 0 0 0 0 0 0 0 0 0 0 0 0 0 0 0 0 0 0 0 0 0 0 0 0 0 0 0 0 0 0
0.0581015 0.000179671 7.26071e-05 0.000107064 0.595888 0.902976 0 0 0 0 0 0 0 0 0 0 0 0 0 0 0 0 0 0 0 0 0 0 0 0 0 0 0 0 0 0 0 0 0 0 0 0 0 0 0 0 0 0 0 0 0 0 0 0 0 0 0 0 0 0 0 0 0 0 0 0 0 0 0 0 0 0 0 0 0 0 0 0 0 0 0 0 0 0 0 0 0 0
0.0610839 0.000179694 7.09198e-05 0.000108775 0.605331 0.887428 0 0 0 0 0 0 0 0 0 0 0 0 0 0 0 0 0 0 0 0 0 0 0 0 0 0 0 0 0 0 0 0 0 0 0 0 0 0 0 0 0 0 0 0 0 0 0 0 0 0 0 0 0 0 0 0 0 0 0 0 0 0 0 0 0 0 0 0 0 0 0 0 0 0 0 0 0 0 0 0 0 0
0.0642193 0.000179719 6.97359e-05 0.000109983 0.611973 0.87478 0 0 0 0 0 0 0 0 0 0 0 0 0 0 0 0 0 0 0 0 0 0 0 0 0 0 0 0 0 0 0 0 0 0 0 0 0 0 0 0 0 0 0 0 0 0 0 0 0 0 0 0 0 0 0 0 0 0 0 0 0 0 0 0 0 0 0 0 0 0 0 0 0 0 0 0 0 0 0 0 0 0
0.0675157 0.000179745 6.90614e-05 0.000110683 0.615781 0.865852 0 0 0 0 0 0 0 0 0 0 0 0 0 0 0 0 0 0 0 0 0 0 0 0 0 0 0 0 0 0 0 0 0 0 0 0 0 0 0 0 0 0 0 0 0 0 0 0 0 0 0 0 0 0 0 0 0 0 0 0 0 0 0 0 0 0 0 0 0 0 0 0 0 0 0 0 0 0 0 0 0 0
0.0709813 0.000179771 6.88022e-05 0.000110969 0.61728 0.860218 0 0 0 0 0 0 0 0 0 0 0 0 0 0 0 0 0 0 0 0 0 0 0 0 0 0 0 0 0 0 0 0 0 0 0 0 0 0 0 0 0 0 0 0 0 0 0 0 0 0 0 0 0 0 0 0 0 0 0 0 0 0 0 0 0 0 0 0 0 0 0 0 0 0 0 0 0 0 0 0 0 0
0.0746248 0.000179798 6.88885e-05 0.000110909 0.616855 0.857469 0 0 0 0 0 0 0 0 0 0 0 0 0 0 0 0 0 0 0 0 0 0 0 0 0 0 0 0 0 0 0 0 0 0 0 0 0 0 0 0 0 0 0 0 0 0 0 0 0 0 0 0 0 0 0 0 0 0 0 0 0 0 0 0 0 0 0 0 0 0 0 0 0 0 0 0 0 0 0 0 0 0
0.0784553 0.000179825 6.93663e-05 0.000110459 0.614256 0.858105 0 0 0 0 0 0 0 0 0 0 0 0 0 0 0 0 0 0 0 0 0 0 0 0 0 0 0 0 0 0 0 0 0 0 0 0 0 0 0 0 0 0 0 0 0 0 0 0 0 0 0 0 0 0 0 0 0 0 0 0 0 0 0 0 0 0 0 0 0 0 0 0 0 0 0 0 0 0 0 0 0 0
0.0824824 0.00017985 7.04002e-05 0.00010945 0.608562 0.863672 0 0 0 0 0 0 0 0 0 0 0 0 0 0 0 0 0 0 0 0 0 0 0 0 0 0 0 0 0 0 0 0 0 0 0 0 0 0 0 0 0 0 0 0 0 0 0 0 0 0 0 0 0 0 0 0 0 0 0 0 0 0 0 0 0 0 0 0 0 0 0 0 0 0 0 0 0 0 0 0 0 0
0.0867162 0.000179875 7.08315e-05 0.000109043 0.606218 0.866655 0 0 0 0 0 0 0 0 0 0 0 0 0 0 0 0 0 0 0 0 0 0 0 0 0 0 0 0 0 0 0 0 0 0 0 0 0 0 0 0 0 0 0 0 0 0 0 0 0 0 0 0 0 0 0 0 0 0 0 0 0 0 0 0 0 0 0 0 0 0 0 0 0 0 0 0 0 0 0 0 0 0
0.0911674 0.000179903 7.01858e-05 0.000109717 0.609869 0.86009 0 0 0 0 0 0 0 0 0 0 0 0 0 0 0 0 0 0 0 0 0 0 0 0 0 0 0 0 0 0 0 0 0 0 0 0 0 0 0 0 0 0 0 0 0 0 0 0 0 0 0 0 0 0 0 0 0 0 0 0 0 0 0 0 0 0 0 0 0 0 0 0 0 0 0 0 0 0 0 0 0 0
0.095847 0.000179933 7.00826e-05 0.000109851 0.610508 0.85677 0 0 0 0 0 0 0 0 0 0 0 0 0 0 0 0 0 0 0 0 0 0 0 0 0 0 0 0 0 0 0 0 0 0 0 0 0 0 0 0 0 0 0 0 0 0 0 0 0 0 0 0 0 0 0 0 0 0 0 0 0 0 0 0 0 0 0 0 0 0 0 0 0 0 0 0 0 0 0 0 0 0
0.100767 0.000179963 7.02796e-05 0.000109684 0.609479 0.856293 0 0 0 0 0 0 0 0 0 0 0 0 0 0 0 0 0 0 0 0 0 0 0 0 0 0 0 0 0 0 0 0 0 0 0 0 0 0 0 0 0 0 0 0 0 0 0 0 0 0 0 0 0 0 0 0 0 0 0 0 0 0 0 0 0 0 0 0 0 0 0 0 0 0 0 0 0 0 0 0 0 0
0.105939 0.000179992 7.09792e-05 0.000109013 0.605653 0.860233 0 0 0 0 0 0 0 0 0 0 0 0 0 0 0 0 0 0 0 0 0 0 0 0 0 0 0 0 0 0 0 0 0 0 0 0 0 0 0 0 0 0 0 0 0 0 0 0 0 0 0 0 0 0 0 0 0 0 0 0 0 0 0 0 0 0 0 0 0 0 0 0 0 0 0 0 0 0 0 0 0 0
0.111377 0.000180019 7.17046e-05 0.000108314 0.601682 0.865329 0 0 0 0 0 0 0 0 0 0 0 0 0 0 0 0 0 0 0 0 0 0 0 0 0 0 0 0 0 0 0 0 0 0 0 0 0 0 0 0 0 0 0 0 0 0 0 0 0 0 0 0 0 0 0 0 0 0 0 0 0 0 0 0 0 0 0 0 0 0 0 0 0 0 0 0 0 0 0 0 0 0
0.117094 0.000180047 7.21754e-05 0.000107872 0.59913 0.868521 0 0 0 0 0 0 0 0 0 0 0 0 0 0 0 0 0 0 0 0 0 0 0 0 0 0 0 0 0 0 0 0 0 0 0 0 0 0 0 0 0 0 0 0 0 0 0 0 0 0 0 0 0 0 0 0 0 0 0 0 0 0 0 0 0 0 0 0 0 0 0 0 0 0 0 0 0 0 0 0 0 0
0.123105 0.000180077 7.24937e-05 0.000107583 0.597429 0.87053 0 0 0 0 0 0 0 0 0 0 0 0 0 0 0 0 0 0 0 0 0 0 0 0 0 0 0 0 0 0 0 0 0 0 0 0 0 0 0 0 0 0 0 0 0 0 0 0 0 0 0 0 0 0 0 0 0 0 0 0 0 0 0 0 0 0 0 0 0 0 0 0 0 0 0 0 0 0 0 0 0 0
0.129424 0.000180108 7.26861e-05 0.000107422 0.59643 0.871505 0 0 0 0 0 0 0 0 0 0 0 0 0 0 0 0 0 0 0 0 0 0 0 0 0 0 0 0 0 0 0 0 0 0 0 0 0 0 0 0 0 0 0 0 0 0 0 0 0 0 0 0 0 0 0 0 0 0 0 0 0 0 0 0 0 0 0 0 0 0 0 0 0 0 0 0 0 0 0 0 0 0
0.136067 0.00018014 7.27388e-05 0.000107401 0.596209 0.871256 0 0 0 0 0 0 0 0 0 0 0 0 0 0 0 0 0 0 0 0 0 0 0 0 0 0 0 0 0 0 0 0 0 0 0 0 0 0 0 0 0 0 0 0 0 0 0 0 0 0 0 0 0 0 0 0 0 0 0 0 0 0 0 0 0 0 0 0 0 0 0 0 0 0 0 0 0 0 0 0 0 0
0.143051 0.000180173 7.25709e-05 0.000107602 0.597215 0.868908 0 0 0 0 0 0 0 0 0 0 0 0 0 0 0 0 0 0 0 0 0 0 0 0 0 0 0 0 0 0 0 0 0 0 0 0 0 0 0 0 0 0 0 0 0 0 0 0 0 0 0 0 0 0 0 0 0 0 0 0 0 0 0 0 0 0 0 0 0 0 0 0 0 0 0 0 0 0 0 0 0 0
0.150394 0.000180204 7.28166e-05 0.000107387 0.59592 0.870149 0 0 0 0 0 0 0 0 0 0 0 0 0 0 0 0 0 0 0 0 0 0 0 0 0 0 0 0 0 0 0 0 0 0 0 0 0 0 0 0 0 0 0 0 0 0 0 0 0 0 0 0 0 0 0 0 0 0 0 0 0 0 0 0 0 0 0 0 0 0 0 0 0 0 0 0 0 0 0 0 0 0
0.158114 0.000180233 7.35892e-05 0.000106644 0.591699 0.876646 0 0 0 0 0 0 0 0 0 0 0 0 0 0 0 0 0 0 0 0 0 0 0 0 0 0 0 0 0 0 0 0 0 0 0 0 0 0 0 0 0 0 0 0 0 0 0 0 0 0 0 0 0 0 0 0 0 0 0 0 0 0 0 0 0 0 0 0 0 0 0 0 0 0 0 0 0 0 0 0 0 0
0.16623 0.000180265 7.44682e-05 0.000105797 0.586897 0.884536 0 0 0 0 0 0 0 0 0 0 0 0 0 0 0 0 0 0 0 0 0 0 0 0 0 0 0 0 0 0 0 0 0 0 0 0 0 0 0 0 0 0 0 0 0 0 0 0 0 0 0 0 0 0 0 0 0 0 0 0 0 0 0 0 0 0 0 0 0 0 0 0 0 0 0 0 0 0 0 0 0 0
0.174762 0.000180301 7.52472e-05 0.000105053 0.582657 0.891699 0 0 0 0 0 0 0 0 0 0 0 0 0 0 0 0 0 0 0 0 0 0 0 0 0 0 0 0 0 0 0 0 0 0 0 0 0 0 0 0 0 0 0 0 0 0 0 0 0 0 0 0 0 0 0 0 0 0 0 0 0 0 0 0 0 0 0 0 0 0 0 0 0 0 0 0 0 0 0 0 0 0
0.183733 0.000180338 7.59378e-05 0.0001044 0.578913 0.898105 0 0 0 0 0 0 0 0 0 0 0 0 0 0 0 0 0 0 0 0 0 0 0 0 0 0 0 0 0 0 0 0 0 0 0 0 0 0 0 0 0 0 0 0 0 0 0 0 0 0 0 0 0 0 0 0 0 0 0 0 0 0 0 0 0 0 0 0 0 0 0 0 0 0 0 0 0 0 0 0 0 0
0.193164 0.000180377 7.65229e-05 0.000103855 0.575762 0.903545 0 0 0 0 0 0 0 0 0 0 0 0 0 0 0 0 0 0 0 0 0 0 0 0 0 0 0 0 0 0 0 0 0 0 0 0 0 0 0 0 0 0 0 0 0 0 0 0 0 0 0 0 0 0 0 0 0 0 0 0 0 0 0 0 0 0 0 0 0 0 0 0 0 0 0 0 0 0 0 0 0 0
0.203079 0.000180418 7.70217e-05 0.000103396 0.573093 0.90817 0 0 0 0 0 0 0 0 0 0 0 0 0 0 0 0 0 0 0 0 0 0 0 0 0 0 0 0 0 0 0 0 0 0 0 0 0 0 0 0 0 0 0 0 0 0 0 0 0 0 0 0 0 0 0 0 0 0 0 0 0 0 0 0 0 0 0 0 0 0 0 0 0 0 0 0 0 0 0 0 0 0
0.213503 0.000180461 7.74626e-05 0.000102998 0.570751 0.912239 0 0 0 0 0 0 0 0 0 0 0 0 0 0 0 0 0 0 0 0 0 0 0 0 0 0 0 0 0 0 0 0 0 0 0 0 0 0 0 0 0 0 0 0 0 0 0 0 0 0 0 0 0 0 0 0 0 0 0 0 0 0 0 0 0 0 0 0 0 0 0 0 0 0 0 0 0 0 0 0 0 0
0.224463 0.000180505 7.78314e-05 0.000102674 0.568813 0.915609 0 0 0 0 0 0 0 0 0 0 0 0 0 0 0 0 0 0 0 0 0 0 0 0 0 0 0 0 0 0 0 0 0 0 0 0 0 0 0 0 0 0 0 0 0 0 0 0 0 0 0 0 0 0 0 0 0 0 0 0 0 0 0 0 0 0 0 0 0 0 0 0 0 0 0 0 0 0 0 0 0 0
0.235984 0.000180551 7.81234e-05 0.000102428 0.567307 0.918232 0 0 0 0 0 0 0 0 0 0 0 0 0 0 0 0 0 0 0 0 0 0 0 0 0 0 0 0 0 0 0 0 0 0 0 0 0 0 0 0 0 0 0 0 0 0 0 0 0 0 0 0 0 0 0 0 0 0 0 0 0 0 0 0 0 0 0 0 0 0 0 0 0 0 0 0 0 0 0 0 0 0
0.248097 0.000180599 7.83487e-05 0.00010225 0.566173 0.920209 0 0 0 0 0 0 0 0 0 0 0 0 0 0 0 0 0 0 0 0 0 0 0 0 0 0 0 0 0 0 0 0 0 0 0 0 0 0 0 0 0 0 0 0 0 0 0 0 0 0 0 0 0 0 0 0 0 0 0 0 0 0 0 0 0 0 0 0 0 0 0 0 0 0 0 0 0 0 0 0 0 0
0.260832 0.000180648 7.85339e-05 0.000102114 0.565265 0.921791 0 0 0 0 0 0 0 0 0 0 0 0 0 0 0 0 0 0 0 0 0 0 0 0 0 0 0 0 0 0 0 0 0 0 0 0 0 0 0 0 0 0 0 0 0 0 0 0 0 0 0 0 0 0 0 0 0 0 0 0 0 0 0 0 0 0 0 0 0 0 0 0 0 0 0 0 0 0 0 0 0 0
0.274221 0.000180699 7.86933e-05 0.000102005 0.564505 0.923117 0 0 0 0 0 0 0 0 0 0 0 0 0 0 0 0 0 0 0 0 0 0 0 0 0 0 0 0 0 0 0 0 0 0 0 0 0 0 0 0 0 0 0 0 0 0 0 0 0 0 0 0 0 0 0 0 0 0 0 0 0 0 0 0 0 0 0 0 0 0 0 0 0 0 0 0 0 0 0 0 0 0
0.288297 0.000180751 7.88303e-05 0.000101921 0.563874 0.924218 0 0 0 0 0 0 0 0 0 0 0 0 0 0 0 0 0 0 0 0 0 0 0 0 0 0 0 0 0 0 0 0 0 0 0 0 0 0 0 0 0 0 0 0 0 0 0 0 0 0 0 0 0 0 0 0 0 0 0 0 0 0 0 0 0 0 0 0 0 0 0 0 0 0 0 0 0 0 0 0 0 0
0.303095 0.000180806 7.89494e-05 0.000101856 0.563347 0.925137 0 0 0 0 0 0 0 0 0 0 0 0 0 0 0 0 0 0 0 0 0 0 0 0 0 0 0 0 0 0 0 0 0 0 0 0 0 0 0 0 0 0 0 0 0 0 0 0 0 0 0 0 0 0 0 0 0 0 0 0 0 0 0 0 0 0 0 0 0 0 0 0 0 0 0 0 0 0 0 0 0 0
0.318653 0.000180862 7.90565e-05 0.000101805 0.56289 0.92593 0 0 0 0 0 0 0 0 0 0 0 0 0 0 0 0 0 0 0 0 0 0 0 0 0 0 0 0 0 0 0 0 0 0 0 0 0 0 0 0 0 0 0 0 0 0 0 0 0 0 0 0 0 0 0 0 0 0 0 0 0 0 0 0 0 0 0 0 0 0 0 0 0 0 0 0 0 0 0 0 0 0
0.335009 0.00018092 7.9152e-05 0.000101768 0.562502 0.926603 0 0 0 0 0 0 0 0 0 0 0 0 0 0 0 0 0 0 0 0 0 0 0 0 0 0 0 0 0 0 0 0 0 0 0 0 0 0 0 0 0 0 0 0 0 0 0 0 0 0 0 0 0 0 0 0 0 0 0 0 0 0 0 0 0 0 0 0 0 0 0 0 0 0 0 0 0 0 0 0 0 0
0.352205 0.00018098 7.92403e-05 0.000101739 0.562159 0.927194 0 0 0 0 0 0 0 0 0 0 0 0 0 0 0 0 0 0 0 0 0 0 0 0 0 0 0 0 0 0 0 0 0 0 0 0 0 0 0 0 0 0 0 0 0 0 0 0 0 0 0 0 0 0 0 0 0 0 0 0 0 0 0 0 0 0 0 0 0 0 0 0 0 0 0 0 0 0 0 0 0 0
0.370284 0.000181041 7.93221e-05 0.000101719 0.561856 0.927713 0 0 0 0 0 0 0 0 0 0 0 0 0 0 0 0 0 0 0 0 0 0 0 0 0 0 0 0 0 0 0 0 0 0 0 0 0 0 0 0 0 0 0 0 0 0 0 0 0 0 0 0 0 0 0 0 0 0 0 0 0 0 0 0 0 0 0 0 0 0 0 0 0 0 0 0 0 0 0 0 0 0
0.389291 0.000181106 7.93956e-05 0.00010171 0.561606 0.92814 0 0 0 0 0 0 0 0 0 0 0 0 0 0 0 0 0 0 0 0 0 0 0 0 0 0 0 0 0 0 0 0 0 0 0 0 0 0 0 0 0 0 0 0 0 0 0 0 0 0 0 0 0 0 0 0 0 0 0 0 0 0 0 0 0 0 0 0 0 0 0 0 0 0 0 0 0 0 0 0 0 0
0.409273 0.000181172 7.94637e-05 0.000101708 0.561391 0.928503 0 0 0 0 0 0 0 0 0 0 0 0 0 0 0 0 0 0 0 0 0 0 0 0 0 0 0 0 0 0 0 0 0 0 0 0 0 0 0 0 0 0 0 0 0 0 0 0 0 0 0 0 0 0 0 0 0 0 0 0 0 0 0 0 0 0 0 0 0 0 0 0 0 0 0 0 0 0 0 0 0 0
0.430281 0.00018124 7.9531e-05 0.000101709 0.561185 0.928843 0 0 0 0 0 0 0 0 0 0 0 0 0 0 0 0 0 0 0 0 0 0 0 0 0 0 0 0 0 0 0 0 0 0 0 0 0 0 0 0 0 0 0 0 0 0 0 0 0 0 0 0 0 0 0 0 0 0 0 0 0 0 0 0 0 0 0 0 0 0 0 0 0 0 0 0 0 0 0 0 0 0
0.452368 0.000181311 7.9591e-05 0.00010172 0.561025 0.929102 0 0 0 0 0 0 0 0 0 0 0 0 0 0 0 0 0 0 0 0 0 0 0 0 0 0 0 0 0 0 0 0 0 0 0 0 0 0 0 0 0 0 0 0 0 0 0 0 0 0 0 0 0 0 0 0 0 0 0 0 0 0 0 0 0 0 0 0 0 0 0 0 0 0 0 0 0 0 0 0 0 0
0.475588 0.000181384 7.96499e-05 0.000101734 0.560877 0.929335 0 0 0 0 0 0 0 0 0 0 0 0 0 0 0 0 0 0 0 0 0 0 0 0 0 0 0 0 0 0 0 0 0 0 0 0 0 0 0 0 0 0 0 0 0 0 0 0 0 0 0 0 0 0 0 0 0 0 0 0 0 0 0 0 0 0 0 0 0 0 0 0 0 0 0 0 0 0 0 0 0 0
0.5 0.00018146 7.97074e-05 0.000101752 0.560744 0.92954 0 0 0 0 0 0 0 0 0 0 0 0 0 0 0 0 0 0 0 0 0 0 0 0 0 0 0 0 0 0 0 0 0 0 0 0 0 0 0 0 0 0 0 0 0 0 0 0 0 0 0 0 0 0 0 0 0 0 0 0 0 0 0 0 0 0 0 0 0 0 0 0 0 0 0 0 0 0 0 0 0 0
0.525665 0.000181538 7.97643e-05 0.000101773 0.560618 0.929723 0 0 0 0 0 0 0 0 0 0 0 0 0 0 0 0 0 0 0 0 0 0 0 0 0 0 0 0 0 0 0 0 0 0 0 0 0 0 0 0 0 0 0 0 0 0 0 0 0 0 0 0 0 0 0 0 0 0 0 0 0 0 0 0 0 0 0 0 0 0 0 0 0 0 0 0 0 0 0 0 0 0
0.552648 0.000181619 7.98228e-05 0.000101796 0.560492 0.929904 0 0 0 0 0 0 0 0 0 0 0 0 0 0 0 0 0 0 0 0 0 0 0 0 0 0 0 0 0 0 0 0 0 0 0 0 0 0 0 0 0 0 0 0 0 0 0 0 0 0 0 0 0 0 0 0 0 0 0 0 0 0 0 0 0 0 0 0 0 0 0 0 0 0 0 0 0 0 0 0 0 0
0.581015 0.000181702 7.9874e-05 0.000101828 0.560413 0.929999 0 0 0 0 0 0 0 0 0 0 0 0 0 0 0 0 0 0 0 0 0 0 0 0 0 0 0 0 0 0 0 0 0 0 0 0 0 0 0 0 0 0 0 0 0 0 0 0 0 0 0 0 0 0 0 0 0 0 0 0 0 0 0 0 0 0 0 0 0 0 0 0 0 0 0 0 0 0 0 0 0 0
0.610839 0.000181788 7.99274e-05 0.000101861 0.560326 0.930098 0 0 0 0 0 0 0 0 0 0 0 0 0 0 0 0 0 0 0 0 0 0 0 0 0 0 0 0 0 0 0 0 0 0 0 0 0 0 0 0 0 0 0 0 0 0 0 0 0 0 0 0 0 0 0 0 0 0 0 0 0 0 0 0 0 0 0 0 0 0 0 0 0 0 0 0 0 0 0 0 0 0
0.642193 0.000181877 7.99833e-05 0.000101894 0.560235 0.9302 0 0 0 0 0 0 0 0 0 0 0 0 0 0 0 0 0 0 0 0 0 0 0 0 0 0 0 0 0 0 0 0 0 0 0 0 0 0 0 0 0 0 0 0 0 0 0 0 0 0 0 0 0 0 0 0 0 0 0 0 0 0 0 0 0 0 0 0 0 0 0 0 0 0 0 0 0 0 0 0 0 0
0.675157 0.00018197 8.00387e-05 0.000101931 0.560154 0.930278 0 0 0 0 0 0 0 0 0 0 0 0 0 0 0 0 0 0 0 0 0 0 0 0 0 0 0 0 0 0 0 0 0 0 0 0 0 0 0 0 0 0 0 0 0 0 0 0 0 0 0 0 0 0 0 0 0 0 0 0 0 0 0 0 0 0 0 0 0 0 0 0 0 0 0 0 0 0 0 0 0 0
0.709813 0.000182065 8.0094e-05 0.000101971 0.56008 0.930335 0 0 0 0 0 0 0 0 0 0 0 0 0 0 0 0 0 0 0 0 0 0 0 0 0 0 0 0 0 0 0 0 0 0 0 0 0 0 0 0 0 0 0 0 0 0 0 0 0 0 0 0 0 0 0 0 0 0 0 0 0 0 0 0 0 0 0 0 0 0 0 0 0 0 0 0 0 0 0 0 0 0
0.746248 0.000182163 8.01513e-05 0.000102012 0.560002 0.930388 0 0 0 0 0 0 0 0 0 0 0 0 0 0 0 0 0 0 0 0 0 0 0 0 0 0 0 0 0 0 0 0 0 0 0 0 0 0 0 0 0 0 0 0 0 0 0 0 0 0 0 0 0 0 0 0 0 0 0 0 0 0 0 0 0 0 0 0 0 0 0 0 0 0 0 0 0 0 0 0 0 0
0.784553 0.000182264 8.02112e-05 0.000102053 0.559919 0.930444 0 0 0 0 0 0 0 0 0 0 0 0 0 0 0 0 0 0 0 0 0 0 0 0 0 0 0 0 0 0 0 0 0 0 0 0 0 0 0 0 0 0 0 0 0 0 0 0 0 0 0 0 0 0 0 0 0 0 0 0 0 0 0 0 0 0 0 0 0 0 0 0 0 0 0 0 0 0 0 0 0 0
0.824824 0.00018237 8.02708e-05 0.000102099 0.559846 0.930475 0 0 0 0 0 0 0 0 0 0 0 0 0 0 0 0 0 0 0 0 0 0 0 0 0 0 0 0 0 0 0 0 0 0 0 0 0 0 0 0 0 0 0 0 0 0 0 0 0 0 0 0 0 0 0 0 0 0 0 0 0 0 0 0 0 0 0 0 0 0 0 0 0 0 0 0 0 0 0 0 0 0
0.867162 0.000182478 8.03314e-05 0.000102147 0.559776 0.93049 0 0 0 0 0 0 0 0 0 0 0 0 0 0 0 0 0 0 0 0 0 0 0 0 0 0 0 0 0 0 0 0 0 0 0 0 0 0 0 0 0 0 0 0 0 0 0 0 0 0 0 0 0 0 0 0 0 0 0 0 0 0 0 0 0 0 0 0 0 0 0 0 0 0 0 0 0 0 0 0 0 0
0.911674 0.00018259 8.03943e-05 0.000102196 0.559701 0.930501 0 0 0 0 0 0 0 0 0 0 0 0 0 0 0 0 0 0 0 0 0 0 0 0 0 0 0 0 0 0 0 0 0 0 0 0 0 0 0 0 0 0 0 0 0 0 0 0 0 0 0 0 0 0 0 0 0 0 0 0 0 0 0 0 0 0 0 0 0 0 0 0 0 0 0 0 0 0 0 0 0 0
0.95847 0.000182707 8.04592e-05 0.000102248 0.559627 0.930504 0 0 0 0 0 0 0 0 0 0 0 0 0 0 0 0 0 0 0 0 0 0 0 0 0 0 0 0 0 0 0 0 0 0 0 0 0 0 0 0 0 0 0 0 0 0 0 0 0 0 0 0 0 0 0 0 0 0 0 0 0 0 0 0 0 0 0 0 0 0 0 0 0 0 0 0 0 0 0 0 0 0
1.00767 0.000182826 8.0527e-05 0.000102299 0.559544 0.930507 0 0 0 0 0 0 0 0 0 0 0 0 0 0 0 0 0 0 0 0 0 0 0 0 0 0 0 0 0 0 0 0 0 0 0 0 0 0 0 0 0 0 0 0 0 0 0 0 0 0 0 0 0 0 0 0 0 0 0 0 0 0 0 0 0 0 0 0 0 0 0 0 0 0 0 0 0 0 0 0 0 0
1.05939 0.00018295 8.05983e-05 0.000102352 0.559452 0.930513 0 0 0 0 0 0 0 0 0 0 0 0 0 0 0 0 0 0 0 0 0 0 0 0 0 0 0 0 0 0 0 0 0 0 0 0 0 0 0 0 0 0 0 0 0 0 0 0 0 0 0 0 0 0 0 0 0 0 0 0 0 0 0 0 0 0 0 0 0 0 0 0 0 0 0 0 0 0 0 0 0 0
1.11377 0.000183078 8.06727e-05 0.000102406 0.559354 0.930519 0 0 0 0 0 0 0 0 0 0 0 0 0 0 0 0 0 0 0 0 0 0 0 0 0 0 0 0 0 0 0 0 0 0 0 0 0 0 0 0 0 0 0 0 0 0 0 0 0 0 0 0 0 0 0 0 0 0 0 0 0 0 0 0 0 0 0 0 0 0 0 0 0 0 0 0 0 0 0 0 0 0
1.17094 0.000183211 8.07514e-05 0.00010246 0.559244 0.930532 0 0 0 0 0 0 0 0 0 0 0 0 0 0 0 0 0 0 0 0 0 0 0 0 0 0 0 0 0 0 0 0 0 0 0 0 0 0 0 0 0 0 0 0 0 0 0 0 0 0 0 0 0 0 0 0 0 0 0 0 0 0 0 0 0 0 0 0 0 0 0 0 0 0 0 0 0 0 0 0 0 0
1.23105 0.000183347 8.08338e-05 0.000102514 0.559122 0.930548 0 0 0 0 0 0 0 0 0 0 0 0 0 0 0 0 0 0 0 0 0 0 0 0 0 0 0 0 0 0 0 0 0 0 0 0 0 0 0 0 0 0 0 0 0 0 0 0 0 0 0 0 0 0 0 0 0 0 0 0 0 0 0 0 0 0 0 0 0 0 0 0 0 0 0 0 0 0 0 0 0 0
1.29424 0.000183489 8.09211e-05 0.000102568 0.558986 0.930575 0 0 0 0 0 0 0 0 0 0 0 0 0 0 0 0 0 0 0 0 0 0 0 0 0 0 0 0 0 0 0 0 0 0 0 0 0 0 0 0 0 0 0 0 0 0 0 0 0 0 0 0 0 0 0 0 0 0 0 0 0 0 0 0 0 0 0 0 0 0 0 0 0 0 0 0 0 0 0 0 0 0
1.36067 0.000183635 8.10082e-05 0.000102626 0.558862 0.930566 0 0 0 0 0 0 0 0 0 0 0 0 0 0 0 0 0 0 0 0 0 0 0 0 0 0 0 0 0 0 0 0 0 0 0 0 0 0 0 0 0 0 0 0 0 0 0 0 0 0 0 0 0 0 0 0 0 0 0 0 0 0 0 0 0 0 0 0 0 0 0 0 0 0 0 0 0 0 0 0 0 0
1.43051 0.000183785 8.11033e-05 0.000102682 0.558707 0.930592 0 0 0 0 0 0 0 0 0 0 0 0 0 0 0 0 0 0 0 0 0 0 0 0 0 0 0 0 0 0 0 0 0 0 0 0 0 0 0 0 0 0 0 0 0 0 0 0 0 0 0 0 0 0 0 0 0 0 0 0 0 0 0 0 0 0 0 0 0 0 0 0 0 0 0 0 0 0 0 0 0 0
1.50394 0.000183941 8.12011e-05 0.00010274 0.558549 0.930606 0 0 0 0 0 0 0 0 0 0 0 0 0 0 0 0 0 0 0 0 0 0 0 0 0 0 0 0 0 0 0 0 0 0 0 0 0 0 0 0 0 0 0 0 0 0 0 0 0 0 0 0 0 0 0 0 0 0 0 0 0 0 0 0 0 0 0 0 0 0 0 0 0 0 0 0 0 0 0 0 0 0
1.58114 0.000184102 8.13032e-05 0.000102799 0.55838 0.93062 0 0 0 0 0 0 0 0 0 0 0 0 0 0 0 0 0 0 0 0 0 0 0 0 0 0 0 0 0 0 0 0 0 0 0 0 0 0 0 0 0 0 0 0 0 0 0 0 0 0 0 0 0 0 0 0 0 0 0 0 0 0 0 0 0 0 0 0 0 0 0 0 0 0 0 0 0 0 0 0 0 0
1.6623 0.000184269 8.14129e-05 0.000102856 0.558184 0.93066 0 0 0 0 0 0 0 0 0 0 0 0 0 0 0 0 0 0 0 0 0 0 0 0 0 0 0 0 0 0 0 0 0 0 0 0 0 0 0 0 0 0 0 0 0 0 0 0 0 0 0 0 0 0 0 0 0 0 0 0 0 0 0 0 0 0 0 0 0 0 0 0 0 0 0 0 0 0 0 0 0 0
1.74763 0.000184441 8.15274e-05 0.000102913 0.557975 0.930701 0 0 0 0 0 0 0 0 0 0 0 0 0 0 0 0 0 0 0 0 0 0 0 0 0 0 0 0 0 0 0 0 0 0 0 0 0 0 0 0 0 0 0 0 0 0 0 0 0 0 0 0 0 0 0 0 0 0 0 0 0 0 0 0 0 0 0 0 0 0 0 0 0 0 0 0 0 0 0 0 0 0
1.83733 0.000184618 8.16487e-05 0.000102969 0.557743 0.93076 0 0 0 0 0 0 0 0 0 0 0 0 0 0 0 0 0 0 0 0 0 0 0 0 0 0 0 0 0 0 0 0 0 0 0 0 0 0 0 0 0 0 0 0 0 0 0 0 0 0 0 0 0 0 0 0 0 0 0 0 0 0 0 0 0 0 0 0 0 0 0 0 0 0 0 0 0 0 0 0 0 0
1.93164 0.000184802 8.17758e-05 0.000103026 0.557495 0.930825 0 0 0 0 0 0 0 0 0 0 0 0 0 0 0 0 0 0 0 0 0 0 0 0 0 0 0 0 0 0 0 0 0 0 0 0 0 0 0 0 0 0 0 0 0 0 0 0 0 0 0 0 0 0 0 0 0 0 0 0 0 0 0 0 0 0 0 0 0 0 0 0 0 0 0 0 0 0 0 0 0 0
2.03079 0.000184991 8.19075e-05 0.000103084 0.557236 0.93088 0 0 0 0 0 0 0 0 0 0 0 0 0 0 0 0 0 0 0 0 0 0 0 0 0 0 0 0 0 0 0 0 0 0 0 0 0 0 0 0 0 0 0 0 0 0 0 0 0 0 0 0 0 0 0 0 0 0 0 0 0 0 0 0 0 0 0 0 0 0 0 0 0 0 0 0 0 0 0 0 0 0
2.13503 0.000185188 8.20477e-05 0.00010314 0.556948 0.930964 0 0 0 0 0 0 0 0 0 0 0 0 0 0 0 0 0 0 0 0 0 0 0 0 0 0 0 0 0 0 0 0 0 0 0 0 0 0 0 0 0 0 0 0 0 0 0 0 0 0 0 0 0 0 0 0 0 0 0 0 0 0 0 0 0 0 0 0 0 0 0 0 0 0 0 0 0 0 0 0 0 0
2.24463 0.00018539 8.21961e-05 0.000103194 0.556631 0.931068 0 0 0 0 0 0 0 0 0 0 0 0 0 0 0 0 0 0 0 0 0 0 0 0 0 0 0 0 0 0 0 0 0 0 0 0 0 0 0 0 0 0 0 0 0 0 0 0 0 0 0 0 0 0 0 0 0 0 0 0 0 0 0 0 0 0 0 0 0 0 0 0 0 0 0 0 0 0 0 0 0 0
2.35984 0.0001856 8.23516e-05 0.000103248 0.556295 0.93118 0 0 0 0 0 0 0 0 0 0 0 0 0 0 0 0 0 0 0 0 0 0 0 0 0 0 0 0 0 0 0 0 0 0 0 0 0 0 0 0 0 0 0 0 0 0 0 0 0 0 0 0 0 0 0 0 0 0 0 0 0 0 0 0 0 0 0 0 0 0 0 0 0 0 0 0 0 0 0 0 0 0
2.48097 0.000185816 8.25184e-05 0.000103298 0.555913 0.931336 0 0 0 0 0 0 0 0 0 0 0 0 0 0 0 0 0 0 0 0 0 0 0 0 0 0 0 0 0 0 0 0 0 0 0 0 0 0 0 0 0 0 0 0 0 0 0 0 0 0 0 0 0 0 0 0 0 0 0 0 0 0 0 0 0 0 0 0 0 0 0 0 0 0 0 0 0 0 0 0 0 0
2.60832 0.000186039 8.26926e-05 0.000103347 0.55551 0.931496 0 0 0 0 0 0 0 0 0 0 0 0 0 0 0 0 0 0 0 0 0 0 0 0 0 0 0 0 0 0 0 0 0 0 0 0 0 0 0 0 0 0 0 0 0 0 0 0 0 0 0 0 0 0 0 0 0 0 0 0 0 0 0 0 0 0 0 0 0 0 0 0 0 0 0 0 0 0 0 0 0 0
2.74221 0.00018627 8.28745e-05 0.000103396 0.555084 0.931664 0 0 0 0 0 0 0 0 0 0 0 0 0 0 0 0 0 0 0 0 0 0 0 0 0 0 0 0 0 0 0 0 0 0 0 0 0 0 0 0 0 0 0 0 0 0 0 0 0 0 0 0 0 0 0 0 0 0 0 0 0 0 0 0 0 0 0 0 0 0 0 0 0 0 0 0 0 0 0 0 0 0
2.88297 0.00018651 8.30713e-05 0.000103438 0.554601 0.931899 0 0 0 0 0 0 0 0 0 0 0 0 0 0 0 0 0 0 0 0 0 0 0 0 0 0 0 0 0 0 0 0 0 0 0 0 0 0 0 0 0 0 0 0 0 0 0 0 0 0 0 0 0 0 0 0 0 0 0 0 0 0 0 0 0 0 0 0 0 0 0 0 0 0 0 0 0 0 0 0 0 0
3.03095 0.000186756 8.3278e-05 0.000103478 0.554081 0.932152 0 0 0 0 0 0 0 0 0 0 0 0 0 0 0 0 0 0 0 0 0 0 0 0 0 0 0 0 0 0 0 0 0 0 0 0 0 0 0 0 0 0 0 0 0 0 0 0 0 0 0 0 0 0 0 0 0 0 0 0 0 0 0 0 0 0 0 0 0 0 0 0 0 0 0 0 0 0 0 0 0 0
3.18653 0.00018701 8.34956e-05 0.000103514 0.553523 0.93243 0 0 0 0 0 0 0 0 0 0 0 0 0 0 0 0 0 0 0 0 0 0 0 0 0 0 0 0 0 0 0 0 0 0 0 0 0 0 0 0 0 0 0 0 0 0 0 0 0 0 0 0 0 0 0 0 0 0 0 0 0 0 0 0 0 0 0 0 0 0 0 0 0 0 0 0 0 0 0 0 0 0
3.35009 0.000187273 8.37266e-05 0.000103547 0.552918 0.932752 0 0 0 0 0 0 0 0 0 0 0 0 0 0 0 0 0 0 0 0 0 0 0 0 0 0 0 0 0 0 0 0 0 0 0 0 0 0 0 0 0 0 0 0 0 0 0 0 0 0 0 0 0 0 0 0 0 0 0 0 0 0 0 0 0 0 0 0 0 0 0 0 0 0 0 0 0 0 0 0 0 0
3.52205 0.000187547 8.39741e-05 0.000103573 0.55225 0.933139 0 0 0 0 0 0 0 0 0 0 0 0 0 0 0 0 0 0 0 0 0 0 0 0 0 0 0 0 0 0 0 0 0 0 0 0 0 0 0 0 0 0 0 0 0 0 0 0 0 0 0 0 0 0 0 0 0 0 0 0 0 0 0 0 0 0 0 0 0 0 0 0 0 0 0 0 0 0 0 0 0 0
3.70284 0.00018783 8.4237e-05 0.000103593 0.551525 0.93358 0 0 0 0 0 0 0 0 0 0 0 0 0 0 0 0 0 0 0 0 0 0 0 0 0 0 0 0 0 0 0 0 0 0 0 0 0 0 0 0 0 0 0 0 0 0 0 0 0 0 0 0 0 0 0 0 0 0 0 0 0 0 0 0 0 0 0 0 0 0 0 0 0 0 0 0 0 0 0 0 0 0
3.89291 0.000188121 8.45185e-05 0.000103603 0.550723 0.934095 0 0 0 0 0 0 0 0 0 0 0 0 0 0 0 0 0 0 0 0 0 0 0 0 0 0 0 0 0 0 0 0 0 0 0 0 0 0 0 0 0 0 0 0 0 0 0 0 0 0 0 0 0 0 0 0 0 0 0 0 0 0 0 0 0 0 0 0 0 0 0 0 0 0 0 0 0 0 0 0 0 0
4.09273 0.000188424 8.48224e-05 0.000103602 0.549832 0.934712 0 0 0 0 0 0 0 0 0 0 0 0 0 0 0 0 0 0 0 0 0 0 0 0 0 0 0 0 0 0 0 0 0 0 0 0 0 0 0 0 0 0 0 0 0 0 0 0 0 0 0 0 0 0 0 0 0 0 0 0 0 0 0 0 0 0 0 0 0 0 0 0 0 0 0 0 0 0 0 0 0 0
4.30281 0.000188738 8.51509e-05 0.000103587 0.548841 0.935446 0 0 0 0 0 0 0 0 0 0 0 0 0 0 0 0 0 0 0 0 0 0 0 0 0 0 0 0 0 0 0 0 0 0 0 0 0 0 0 0 0 0 0 0 0 0 0 0 0 0 0 0 0 0 0 0 0 0 0 0 0 0 0 0 0 0 0 0 0 0 0 0 0 0 0 0 0 0 0 0 0 0
4.52368 0.00018906 8.55064e-05 0.000103554 0.547729 0.936305 0 0 0 0 0 0 0 0 0 0 0 0 0 0 0 0 0 0 0 0 0 0 0 0 0 0 0 0 0 0 0 0 0 0 0 0 0 0 0 0 0 0 0 0 0 0 0 0 0 0 0 0 0 0 0 0 0 0 0 0 0 0 0 0 0 0 0 0 0 0 0 0 0 0 0 0 0 0 0 0 0 0
4.75588 0.000189393 8.58921e-05 0.000103501 0.546487 0.937312 0 0 0 0 0 0 0 0 0 0 0 0 0 0 0 0 0 0 0 0 0 0 0 0 0 0 0 0 0 0 0 0 0 0 0 0 0 0 0 0 0 0 0 0 0 0 0 0 0 0 0 0 0 0 0 0 0 0 0 0 0 0 0 0 0 0 0 0 0 0 0 0 0 0 0 0 0 0 0 0 0 0
5 0.000189734 8.63188e-05 0.000103415 0.545054 0.938544 0 0 0 0 0 0 0 0 0 0 0 0 0 0 0 0 0 0 0 0 0 0 0 0 0 0 0 0 0 0 0 0 0 0 0 0 0 0 0 0 0 0 0 0 0 0 0 0 0 0 0 0 0 0 0 0 0 0 0 0 0 0 0 0 0 0 0 0 0 0 0 0 0 0 0 0 0 0 0 0 0 0
5.25665 0.000190083 8.67908e-05 0.000103293 0.543406 0.940025 0 0 0 0 0 0 0 0 0 0 0 0 0 0 0 0 0 0 0 0 0 0 0 0 0 0 0 0 0 0 0 0 0 0 0 0 0 0 0 0 0 0 0 0 0 0 0 0 0 0 0 0 0 0 0 0 0 0 0 0 0 0 0 0 0 0 0 0 0 0 0 0 0 0 0 0 0 0 0 0 0 0
5.52648 0.000190441 8.73068e-05 0.000103134 0.541555 0.941729 0 0 0 0 0 0 0 0 0 0 0 0 0 0 0 0 0 0 0 0 0 0 0 0 0 0 0 0 0 0 0 0 0 0 0 0 0 0 0 0 0 0 0 0 0 0 0 0 0 0 0 0 0 0 0 0 0 0 0 0 0 0 0 0 0 0 0 0 0 0 0 0 0 0 0 0 0 0 0 0 0 0
5.81015 0.000190813 8.78893e-05 0.000102923 0.539395 0.943821 0 0 0 0 0 0 0 0 0 0 0 0 0 0 0 0 0 0 0 0 0 0 0 0 0 0 0 0 0 0 0 0 0 0 0 0 0 0 0 0 0 0 0 0 0 0 0 0 0 0 0 0 0 0 0 0 0 0 0 0 0 0 0 0 0 0 0 0 0 0 0 0 0 0 0 0 0 0 0 0 0 0
6.10839 0.000191199 8.8538e-05 0.000102661 0.536933 0.946278 0 0 0 0 0 0 0 0 0 0 0 0 0 0 0 0 0 0 0 0 0 0 0 0 0 0 0 0 0 0 0 0 0 0 0 0 0 0 0 0 0 0 0 0 0 0 0 0 0 0 0 0 0 0 0 0 0 0 0 0 0 0 0 0 0 0 0 0 0 0 0 0 0 0 0 0 0 0 0 0 0 0
6.42193 0.00019161 8.92802e-05 0.000102329 0.534052 0.949269 0 0 0 0 0 0 0 0 0 0 0 0 0 0 0 0 0 0 0 0 0 0 0 0 0 0 0 0 0 0 0 0 0 0 0 0 0 0 0 0 0 0 0 0 0 0 0 0 0 0 0 0 0 0 0 0 0 0 0 0 0 0 0 0 0 0 0 0 0 0 0 0 0 0 0 0 0 0 0 0 0 0
6.75157 0.000192025 9.01884e-05 0.000101836 0.530329 0.953247 0 0 0 0 0 0 0 0 0 0 0 0 0 0 0 0 0 0 0 0 0 0 0 0 0 0 0 0 0 0 0 0 0 0 0 0 0 0 0 0 0 0 0 0 0 0 0 0 0 0 0 0 0 0 0 0 0 0 0 0 0 0 0 0 0 0 0 0 0 0 0 0 0 0 0 0 0 0 0 0 0 0
7.09813 0.000192414 9.13859e-05 0.000101028 0.525057 0.958948 0 0 0 0 0 0 0 0 0 0 0 0 0 0 0 0 0 0 0 0 0 0 0 0 0 0 0 0 0 0 0 0 0 0 0 0 0 0 0 0 0 0 0 0 0 0 0 0 0 0 0 0 0 0 0 0 0 0 0 0 0 0 0 0 0 0 0 0 0 0 0 0 0 0 0 0 0 0 0 0 0 0
7.46248 0.000192711 9.30733e-05 9.96374e-05 0.517031 0.967671 0 0 0 0 0 0 0 0 0 0 0 0 0 0 0 0 0 0 0 0 0 0 0 0 0 0 0 0 0 0 0 0 0 0 0 0 0 0 0 0 0 0 0 0 0 0 0 0 0 0 0 0 0 0 0 0 0 0 0 0 0 0 0 0 0 0 0 0 0 0 0 0 0 0 0 0 0 0 0 0 0 0
7.84553 0.000191337 9.39801e-05 9.73573e-05 0.508825 0.975586 0 0 0 0 0 0 0 0 0 0 0 0 0 0 0 0 0 0 0 0 0 0 0 0 0 0 0 0 0 0 0 0 0 0 0 0 0 0 0 0 0 0 0 0 0 0 0 0 0 0 0 0 0 0 0 0 0 0 0 0 0 0 0 0 0 0 0 0 0 0 0 0 0 0 0 0 0 0 0 0 0 0
8.24824 0.000189163 9.05142e-05 9.86489e-05 0.521502 0.965316 0 0 0 0 0 0 0 0 0 0 0 0 0 0 0 0 0 0 0 0 0 0 0 0 0 0 0 0 0 0 0 0 0 0 0 0 0 0 0 0 0 0 0 0 0 0 0 0 0 0 0 0 0 0 0 0 0 0 0 0 0 0 0 0 0 0 0 0 0 0 0 0 0 0 0 0 0 0 0 0 0 0
8.67162 0.000190366 8.67533e-05 0.000103613 0.544282 0.94107 0 0 0 0 0 0 0 0 0 0 0 0 0 0 0 0 0 0 0 0 0 0 0 0 0 0 0 0 0 0 0 0 0 0 0 0 0 0 0 0 0 0 0 0 0 0 0 0 0 0 0 0 0 0 0 0 0 0 0 0 0 0 0 0 0 0 0 0 0 0 0 0 0 0 0 0 0 0 0 0 0 0
9.11674 0.000192658 8.2081e-05 0.000110577 0.573955 0.901471 0 0 0 0 0 0 0 0 0 0 0 0 0 0 0 0 0 0 0 0 0 0 0 0 0 0 0 0 0 0 0 0 0 0 0 0 0 0 0 0 0 0 0 0 0 0 0 0 0 0 0 0 0 0 0 0 0 0 0 0 0 0 0 0 0 0 0 0 0 0 0 0 0 0 0 0 0 0 0 0 0 0
9.5847 0.000195189 7.98371e-05 0.000115352 0.590975 0.869516 0 0 0 0 0 0 0 0 0 0 0 0 0 0 0 0 0 0 0 0 0 0 0 0 0 0 0 0 0 0 0 0 0 0 0 0 0 0 0 0 0 0 0 0 0 0 0 0 0 0 0 0 0 0 0 0 0 0 0 0 0 0 0 0 0 0 0 0 0 0 0 0 0 0 0 0 0 0 0 0 0 0
10.0767 0.000196696 7.96884e-05 0.000117007 0.594865 0.856485 0 0 0 0 0 0 0 0 0 0 0 0 0 0 0 0 0 0 0 0 0 0 0 0 0 0 0 0 0 0 0 0 0 0 0 0 0 0 0 0 0 0 0 0 0 0 0 0 0 0 0 0 0 0 0 0 0 0 0 0 0 0 0 0 0 0 0 0 0 0 0 0 0 0 0 0 0 0 0 0 0 0
10.5939 0.000197956 7.94725e-05 0.000118483 0.598534 0.844207 0 0 0 0 0 0 0 0 0 0 0 0 0 0 0 0 0 0 0 0 0 0 0 0 0 0 0 0 0 0 0 0 0 0 0 0 0 0 0 0 0 0 0 0 0 0 0 0 0 0 0 0 0 0 0 0 0 0 0 0 0 0 0 0 0 0 0 0 0 0 0 0 0 0 0 0 0 0 0 0 0 0
11.1377 0.000198527 8.0397e-05 0.00011813 0.595032 0.843355 0 0 0 0 0 0 0 0 0 0 0 0 0 0 0 0 0 0 0 0 0 0 0 0 0 0 0 0 0 0 0 0 0 0 0 0 0 0 0 0 0 0 0 0 0 0 0 0 0 0 0 0 0 0 0 0 0 0 0 0 0 0 0 0 0 0 0 0 0 0 0 0 0 0 0 0 0 0 0 0 0 0
11.7094 0.000198928 8.12853e-05 0.000117643 0.591383 0.844137 0 0 0 0 0 0 0 0 0 0 0 0 0 0 0 0 0 0 0 0 0 0 0 0 0 0 0 0 0 0 0 0 0 0 0 0 0 0 0 0 0 0 0 0 0 0 0 0 0 0 0 0 0 0 0 0 0 0 0 0 0 0 0 0 0 0 0 0 0 0 0 0 0 0 0 0 0 0 0 0 0 0
12.3105 0.000199178 8.24449e-05 0.000116734 0.586075 0.848027 0 0 0 0 0 0 0 0 0 0 0 0 0 0 0 0 0 0 0 0 0 0 0 0 0 0 0 0 0 0 0 0 0 0 0 0 0 0 0 0 0 0 0 0 0 0 0 0 0 0 0 0 0 0 0 0 0 0 0 0 0 0 0 0 0 0 0 0 0 0 0 0 0 0 0 0 0 0 0 0 0 0
12.9424 0.000199395 8.39838e-05 0.000115411 0.578807 0.855734 0 0 0 0 0 0 0 0 0 0 0 0 0 0 0 0 0 0 0 0 0 0 0 0 0 0 0 0 0 0 0 0 0 0 0 0 0 0 0 0 0 0 0 0 0 0 0 0 0 0 0 0 0 0 0 0 0 0 0 0 0 0 0 0 0 0 0 0 0 0 0 0 0 0 0 0 0 0 0 0 0 0
13.6067 0.000199679 8.60264e-05 0.000113653 0.569177 0.86784 0 0 0 0 0 0 0 0 0 0 0 0 0 0 0 0 0 0 0 0 0 0 0 0 0 0 0 0 0 0 0 0 0 0 0 0 0 0 0 0 0 0 0 0 0 0 0 0 0 0 0 0 0 0 0 0 0 0 0 0 0 0 0 0 0 0 0 0 0 0 0 0 0 0 0 0 0 0 0 0 0 0
14.3051 0.000200099 8.84417e-05 0.000111657 0.55801 0.883122 0 0 0 0 0 0 0 0 0 0 0 0 0 0 0 0 0 0 0 0 0 0 0 0 0 0 0 0 0 0 0 0 0 0 0 0 0 0 0 0 0 0 0 0 0 0 0 0 0 0 0 0 0 0 0 0 0 0 0 0 0 0 0 0 0 0 0 0 0 0 0 0 0 0 0 0 0 0 0 0 0 0
15.0394 0.000200632 8.98615e-05 0.00011077 0.552107 0.890689 0 0 0 0 0 0 0 0 0 0 0 0 0 0 0 0 0 0 0 0 0 0 0 0 0 0 0 0 0 0 0 0 0 0 0 0 0 0 0 0 0 0 0 0 0 0 0 0 0 0 0 0 0 0 0 0 0 0 0 0 0 0 0 0 0 0 0 0 0 0 0 0 0 0 0 0 0 0 0 0 0 0
15.8114 0.000201262 9.02292e-05 0.000111032 0.551682 0.889994 0 0 0 0 0 0 0 0 0 0 0 0 0 0 0 0 0 0 0 0 0 0 0 0 0 0 0 0 0 0 0 0 0 0 0 0 0 0 0 0 0 0 0 0 0 0 0 0 0 0 0 0 0 0 0 0 0 0 0 0 0 0 0 0 0 0 0 0 0 0 0 0 0 0 0 0 0 0 0 0 0 0
16.623 0.000202157 8.97367e-05 0.00011242 0.556104 0.882085 0 0 0 0 0 0 0 0 0 0 0 0 0 0 0 0 0 0 0 0 0 0 0 0 0 0 0 0 0 0 0 0 0 0 0 0 0 0 0 0 0 0 0 0 0 0 0 0 0 0 0 0 0 0 0 0 0 0 0 0 0 0 0 0 0 0 0 0 0 0 0 0 1.4013e-45 0 1.4013e-45 0 2.8026e-45 0 5.60519e-45 0 8.40779e-45 0
17.4762 0.000203448 8.86618e-05 0.000114786 0.564204 0.868324 0 0 0 0 0 0 0 0 0 0 0 0 0 0 0 0 0 0 0 0 0 0 0 0 0 0 0 0 0 0 0 0 0 0 0 0 0 0 0 0 0 0 0 0 0 0 0 0 0 0 0 0 0 0 1.4013e-45 0 2.8026e-45 0 4.2039e-45 0 8.40779e-45 0 1.54143e-44 0 2.8026e-44 0 5.04467e-44 0 8.82818e-44 0 1.45735e-43 0 2.49431e-43 0 4.1058e-43 0 6.69821e-43 0 1.04537e-42 0 1.69137e-42 0
18.3733 0.000205029 8.7407e-05 0.000117622 0.573685 0.851767 0 0 0 0 0 0 0 0 0 0 0 0 0 0 0 0 0 0 0 0 0 0 0 0 0 0 0 0 0 0 0 0 0 0 0 0 0 0 0 0 1.4013e-45 0 2.8026e-45 0 5.60519e-45 0 1.4013e-44 0 3.08286e-44 0 6.30584e-44 0 1.27518e-43 0 2.46629e-43 0 4.69435e-43 0 8.89825e-43 0 1.60309e-42 0 2.87126e-42 0 4.90595e-42 0 8.68104e-42 0 1.4666e-41 0 2.36904e-41 0 3.96301e-41 0 6.34382e-41 0 1.01118e-40 0 1.54468e-40 0 2.44262e-40 0
19.3164 0.000206585 8.63779e-05 0.000120207 0.581876 0.836291 0 0 0 0 0 0 0 0 0 0 0 0 0 0 0 0 0 0 0 0 0 0 0 0 0 0 0 0 0 0 1.4013e-45 0 4.2039e-45 0 1.4013e-44 0 3.64338e-44 0 9.3887e-44 0 2.24208e-43 0 5.2829e-43 0 1.17429e-42 0 2.52374e-42 0 5.25207e-42 0 1.05966e-41 0 2.07434e-41 0 3.8638e-41 0 7.14382e-41 0 1.31129e-40 0 2.29662e-40 0 3.9979e-40 0 6.65339e-40 0 1.14497e-39 0 1.88558e-39 0 2.97525e-39 0 4.8537e-39 0 7.59314e-39 0 1.18309e-38 0 1.77028e-38 0 2.73744e-38 0
20.3079 0.000207776 8.5945e-05 0.000121831 0.586358 0.825687 0 0 0 0 0 0 0 0 0 0 0 0 0 0 0 0 0 0 0 0 0 0 1.4013e-45 0 7.00649e-45 0 2.66247e-44 0 9.24857e-44 0 2.98477e-43 0 8.77213e-43 0 2.40883e-42 0 6.34368e-42 0 1.53764e-41 0 3.51684e-41 0 7.93962e-41 0 1.69722e-40 0 3.51451e-40 0 7.05768e-40 0 1.3759e-39 0 2.60658e-39 0 4.70981e-39 0 8.45061e-39 0 1.50584e-38 0 2.56618e-38 0 4.34785e-38 0 7.05806e-38 0 1.18284e-37 0 1.90107e-37 0 2.93364e-37 0 4.67282e-37 0 7.15218e-37 0 1.09051e-36 0 1.59997e-36 0 2.42198e-36 0
21.3503 0.000208744 8.593e-05 0.000122814 0.588347 0.818936 0 0 0 0 0 0 0 0 0 0 0 0 0 0 0 0 1.4013e-45 0 1.12104e-44 0 6.44597e-44 0 3.0268e-43 0 1.24435e-42 0 4.60467e-42 0 1.50598e-41 0 4.58589e-41 0 1.27671e-40 0 3.33602e-40 0 8.38216e-40 0 1.94565e-39 0 4.27396e-39 0 9.27289e-39 0 1.91006e-38 0 3.81713e-38 0 7.40885e-38 0 1.39805e-37 0 2.56718e-37 0 4.50656e-37 0 7.85838e-37 0 1.36136e-36 0 2.26037e-36 0 3.73239e-36 0 5.91732e-36 0 9.66981e-36 0 1.51855e-35 0 2.29423e-35 0 3.57223e-35 0 5.35517e-35 0 7.99873e-35 0 1.15179e-34 0 1.7086e-34 0
22.4463 0.000209656 8.59631e-05 0.000123693 0.58998 0.81282 0 0 0 0 0 0 0 0 0 0 0 0 2.8026e-45 0 3.64338e-44 0 3.05483e-43 0 1.95902e-42 0 1.04285e-41 0 4.5786e-41 0 1.75981e-40 0 6.10886e-40 0 1.88547e-39 0 5.43765e-39 0 1.44002e-38 0 3.59037e-38 0 8.62442e-38 0 1.92125e-37 0 4.06128e-37 0 8.48445e-37 0 1.68707e-36 0 3.25944e-36 0 6.12483e-36 0 1.12047e-35 0 1.99733e-35 0 3.41119e-35 0 5.789e-35 0 9.7632e-35 0 1.58142e-34 0 2.54812e-34 0 3.9499e-34 0 6.30182e-34 0 9.68069e-34 0 1.43339e-33 0 2.18413e-33 0 3.21016e-33 0 4.70184e-33 0 6.65102e-33 0 9.67818e-33 0
23.5984 0.000210493 8.61855e-05 0.000124308 0.590555 0.808252 0 0 0 0 0 0 0 0 1.4013e-45 0 3.50325e-44 0 5.70328e-43 0 6.00877e-42 0 4.58869e-41 0 2.68193e-40 0 1.31608e-39 0 5.37531e-39 0 1.93458e-38 0 6.31968e-38 0 1.8461e-37 0 5.0558e-37 0 1.27673e-36 0 3.04435e-36 0 7.00655e-36 0 1.50098e-35 0 3.05902e-35 0 6.16483e-35 0 1.18537e-34 0 2.21769e-34 0 4.04089e-34 0 7.17756e-34 0 1.24385e-33 0 2.06955e-33 0 3.42262e-33 0 5.62685e-33 0 8.90211e-33 0 1.40137e-32 0 2.12629e-32 0 3.31587e-32 0 4.9881e-32 0 7.24555e-32 0 1.08157e-31 0 1.56005e-31 0 2.24277e-31 0 3.11927e-31 0 4.4566e-31 0
24.8097 0.000211341 8.63729e-05 0.000124968 0.591311 0.80348 0 0 0 0 0 0 2.8026e-45 0 2.00386e-43 0 5.69908e-42 0 8.18554e-41 0 7.69325e-40 0 5.31973e-39 0 2.85238e-38 0 1.29513e-37 0 4.93852e-37 0 1.66965e-36 0 5.14792e-36 0 1.42713e-35 0 3.72078e-35 0 8.98049e-35 0 2.05244e-34 0 4.5353e-34 0 9.36098e-34 0 1.8426e-33 0 3.58849e-33 0 6.68319e-33 0 1.21268e-32 0 2.14586e-32 0 3.70611e-32 0 6.25248e-32 0 1.01476e-31 0 1.63749e-31 0 2.62751e-31 0 4.06486e-31 0 6.25868e-31 0 9.30494e-31 0 1.41993e-30 0 2.09385e-30 0 2.98652e-30 0 4.37173e-30 0 6.19398e-30 0 8.74825e-30 0 1.19727e-29 0 1.68104e-29 0
26.0832 0.000212138 8.6694e-05 0.000125444 0.591333 0.799658 0 0 0 0 1.4013e-45 0 4.83448e-43 0 2.99612e-41 0 7.2382e-40 0 9.12804e-39 0 7.69012e-38 0 4.8385e-37 0 2.39013e-36 0 1.00796e-35 0 3.60037e-35 0 1.14696e-34 0 3.34717e-34 0 8.82852e-34 0 2.19655e-33 0 5.07835e-33 0 1.11472e-32 0 2.36968e-32 0 4.72107e-32 0 8.99065e-32 0 1.69487e-31 0 3.06213e-31 0 5.397e-31 0 9.28764e-31 0 1.56184e-30 0 2.5685e-30 0 4.0712e-30 0 6.4179e-30 0 1.00631e-29 0 1.52398e-29 0 2.29755e-29 0 3.35033e-29 0 5.00816e-29 0 7.24639e-29 0 1.01581e-28 0 1.45956e-28 0 2.03305e-28 0 2.82344e-28 0 3.80538e-28 0 5.25518e-28 0
27.4221 0.000212923 8.70081e-05 0.000125915 0.591363 0.795774 0 0 0 0 2.32616e-43 0 6.84857e-41 0 3.46692e-39 0 7.16934e-38 0 7.98883e-37 0 6.06526e-36 0 3.48841e-35 0 1.59393e-34 0 6.26578e-34 0 2.10321e-33 0 6.33161e-33 0 1.75362e-32 0 4.41144e-32 0 1.0498e-31 0 2.32979e-31 0 4.92143e-31 0 1.00838e-30 0 1.94248e-30 0 3.58468e-30 0 6.55168e-30 0 1.15e-29 0 1.97155e-29 0 3.30408e-29 0 5.41703e-29 0 8.69474e-29 0 1.34751e-28 0 2.07755e-28 0 3.18678e-28 0 4.72934e-28 0 6.98846e-28 0 1.00047e-27 0 1.46646e-27 0 2.08392e-27 0 2.87349e-27 0 4.05633e-27 0 5.55948e-27 0 7.59802e-27 0 1.00923e-26 0 1.37194e-26 0
28.8297 0.000213723 8.7344e-05 0.000126379 0.591322 0.791948 0 0 2.8026e-45 0 3.37222e-41 0 7.5217e-39 0 3.14374e-37 0 5.60728e-36 0 5.5544e-35 0 3.81962e-34 0 2.01699e-33 0 8.55713e-33 0 3.14636e-32 0 9.95495e-32 0 2.83989e-31 0 7.48381e-31 0 1.79973e-30 0 4.10533e-30 0 8.76307e-30 0 1.78473e-29 0 3.53098e-29 0 6.5876e-29 0 1.17985e-28 0 2.09384e-28 0 3.57567e-28 0 5.9709e-28 0 9.75739e-28 0 1.56157e-27 0 2.44919e-27 0 3.71543e-27 0 5.60851e-27 0 8.42514e-27 0 1.22646e-26 0 1.7781e-26 0 2.50134e-26 0 3.59857e-26 0 5.02678e-26 0 6.82348e-26 0 9.47149e-26 0 1.27831e-25 0 1.72059e-25 0 2.25397e-25 0 3.01845e-25 0
30.3095 0.000214524 8.76854e-05 0.000126838 0.591255 0.788079 0 0 4.27396e-43 0 3.78832e-39 0 6.48918e-37 0 2.26032e-35 0 3.50253e-34 0 3.10202e-33 0 1.94153e-32 0 9.45239e-32 0 3.737e-31 0 1.28942e-30 0 3.85658e-30 0 1.04529e-29 0 2.62731e-29 0 6.05326e-29 0 1.32631e-28 0 2.72819e-28 0 5.36673e-28 0 1.02698e-27 0 1.85855e-27 0 3.23532e-27 0 5.58303e-27 0 9.28829e-27 0 1.51268e-26 0 2.41338e-26 0 3.77469e-26 0 5.79163e-26 0 8.60895e-26 0 1.27367e-25 0 1.87568e-25 0 2.68086e-25 0 3.8168e-25 0 5.28055e-25 0 7.4632e-25 0 1.02565e-24 0 1.37162e-24 0 1.87367e-24 0 2.49203e-24 0 3.30594e-24 0 4.27405e-24 0 5.64264e-24 0
31.8653 0.000215326 8.81365e-05 0.00012719 0.590684 0.784782 7.00649e-45 0 5.872e-41 0 3.34332e-37 0 4.45513e-35 0 1.30484e-33 0 1.76871e-32 0 1.40822e-31 0 8.05898e-31 0 3.63176e-30 0 1.34261e-29 0 4.36076e-29 0 1.23634e-28 0 3.19176e-28 0 7.66942e-28 0 1.69646e-27 0 3.57739e-27 0 7.104e-27 0 1.35205e-26 0 2.50659e-26 0 4.40673e-26 0 7.4663e-26 0 1.25455e-25 0 2.03593e-25 0 3.23766e-25 0 5.049e-25 0 7.72639e-25 0 1.16096e-24 0 1.69263e-24 0 2.45677e-24 0 3.55025e-24 0 4.98655e-24 0 6.97808e-24 0 9.50236e-24 0 1.32051e-23 0 1.78679e-23 0 2.35584e-23 0 3.16951e-23 0 4.15723e-23 0 5.43943e-23 0 6.94468e-23 0 9.04492e-23 0
33.5009 0.000216134 8.85687e-05 0.000127566 0.590215 0.781218 1.14626e-42 0 6.27436e-39 0 2.3421e-35 0 2.45783e-33 0 6.10432e-32 0 7.28559e-31 0 5.24187e-30 0 2.75491e-29 0 1.15351e-28 0 4.00066e-28 0 1.22677e-27 0 3.30555e-27 0 8.14752e-27 0 1.87572e-26 0 3.99131e-26 0 8.11556e-26 0 1.55851e-25 0 2.87443e-25 0 5.17077e-25 0 8.84348e-25 0 1.46027e-24 0 2.39228e-24 0 3.79157e-24 0 5.89455e-24 0 8.99505e-24 0 1.3482e-23 0 1.98592e-23 0 2.84257e-23 0 4.05148e-23 0 5.75043e-23 0 7.94399e-23 0 1.09358e-22 0 1.46689e-22 0 2.006e-22 0 2.67454e-22 0 3.47904e-22 0 4.61334e-22 0 5.97139e-22 0 7.71124e-22 0 9.72844e-22 0 1.25081e-21 0
35.2205 0.000216993 8.91101e-05 0.000127883 0.58934 0.778099 1.46902e-40 0 5.27981e-37 0 1.31903e-33 0 1.10288e-31 0 2.34154e-30 0 2.47601e-29 0 1.61782e-28 0 7.84095e-28 0 3.06139e-27 0 9.99214e-27 0 2.90089e-26 0 7.4472e-26 0 1.75649e-25 0 3.88247e-25 0 7.96239e-25 0 1.56386e-24 0 2.90906e-24 0 5.20734e-24 0 9.10268e-24 0 1.51656e-23 0 2.44362e-23 0 3.90792e-23 0 6.05602e-23 0 9.21432e-23 0 1.37738e-22 0 2.02406e-22 0 2.92562e-22 0 4.11495e-22 0 5.76437e-22 0 8.04292e-22 0 1.0937e-21 0 1.48229e-21 0 1.95999e-21 0 2.63968e-21 0 3.47033e-21 0 4.45661e-21 0 5.82876e-21 0 7.45015e-21 0 9.5015e-21 0 1.18518e-20 0 1.50523e-20 0
37.0284 0.000217864 8.96516e-05 0.000128212 0.588497 0.774753 1.46721e-38 0 3.53577e-35 0 6.02882e-32 0 4.06121e-30 0 7.42743e-29 0 6.99976e-28 0 4.17312e-27 0 1.87255e-26 0 6.8407e-26 0 2.10745e-25 0 5.80805e-25 0 1.42397e-24 0 3.22078e-24 0 6.84864e-24 0 1.35615e-23 0 2.57722e-23 0 4.65099e-23 0 8.09213e-23 0 1.37649e-22 0 2.23686e-22 0 3.52126e-22 0 5.50371e-22 0 8.3485e-22 0 1.24447e-21 0 1.82411e-21 0 2.63062e-21 0 3.73459e-21 0 5.16601e-21 0 7.11862e-21 0 9.77224e-21 0 1.30907e-20 0 1.74803e-20 0 2.28007e-20 0 3.02643e-20 0 3.92599e-20 0 4.98058e-20 0 6.42925e-20 0 8.11979e-20 0 1.02333e-19 0 1.26276e-19 0 1.58515e-19 0
38.9291 0.000218736 9.01611e-05 0.000128575 0.587809 0.771082 1.15607e-36 0 1.90482e-33 0 2.25847e-30 0 1.2387e-28 0 1.96574e-27 0 1.66036e-26 0 9.07245e-26 0 3.78324e-25 0 1.29736e-24 0 3.7832e-24 0 9.92286e-24 0 2.32858e-23 0 5.0611e-23 0 1.03727e-22 0 1.9866e-22 0 3.6588e-22 0 6.41526e-22 0 1.0864e-21 0 1.80067e-21 0 2.85762e-21 0 4.39991e-21 0 6.72869e-21 0 1.00011e-20 0 1.46204e-20 0 2.10339e-20 0 2.97964e-20 0 4.15831e-20 0 5.66173e-20 0 7.68053e-20 0 1.03818e-19 0 1.37101e-19 0 1.80508e-19 0 2.32413e-19 0 3.04256e-19 0 3.89708e-19 0 4.88681e-19 0 6.23005e-19 0 7.77904e-19 0 9.69373e-19 0 1.18396e-18 0 1.46983e-18 0
40.9273 0.000219621 9.066e-05 0.000128961 0.587198 0.767102 7.27164e-35 0 8.34526e-32 0 7.00355e-29 0 3.15906e-27 0 4.38027e-26 0 3.33376e-25 0 1.67667e-24 0 6.52092e-24 0 2.10559e-23 0 5.82747e-23 0 1.45818e-22 0 3.2823e-22 0 6.86864e-22 0 1.35926e-21 0 2.52198e-21 0 4.50838e-21 0 7.6911e-21 0 1.26938e-20 0 2.0527e-20 0 3.18495e-20 0 4.80164e-20 0 7.19233e-20 0 1.04854e-19 0 1.50468e-19 0 2.12662e-19 0 2.96176e-19 0 4.06664e-19 0 5.45412e-19 0 7.28955e-19 0 9.70937e-19 0 1.26492e-18 0 1.64319e-18 0 2.08974e-18 0 2.69997e-18 0 3.41673e-18 0 4.23739e-18 0 5.33845e-18 0 6.59389e-18 0 8.12906e-18 0 9.83212e-18 0 1.20779e-17 0
43.0281 0.000220508 9.12319e-05 0.000129276 0.586265 0.763355 3.69494e-33 0 3.00624e-30 0 1.81613e-27 0 6.80173e-26 0 8.29484e-25 0 5.7175e-24 0 2.65747e-23 0 9.67231e-23 0 2.94945e-22 0 7.76715e-22 0 1.85842e-21 0 4.02076e-21 0 8.11602e-21 0 1.55346e-20 0 2.79663e-20 0 4.85955e-20 0 8.07678e-20 0 1.30082e-19 0 2.05475e-19 0 3.12049e-19 0 4.6111e-19 0 6.77201e-19 0 9.69257e-19 0 1.3666e-18 0 1.89911e-18 0 2.60248e-18 0 3.51844e-18 0 4.65173e-18 0 6.12971e-18 0 8.05104e-18 0 1.03542e-17 0 1.32798e-17 0 1.66916e-17 0 2.12978e-17 0 2.66436e-17 0 3.26976e-17 0 4.0732e-17 0 4.97947e-17 0 6.07637e-17 0 7.28145e-17 0 8.85522e-17 0
45.2368 0.000221428 9.18427e-05 0.000129585 0.585225 0.759518 1.53209e-31 0 8.98671e-29 0 3.97135e-26 0 1.2462e-24 0 1.34507e-23 0 8.4374e-23 0 3.63824e-22 0 1.24326e-21 0 3.5903e-21 0 9.0182e-21 0 2.06778e-20 0 4.30828e-20 0 8.40321e-20 0 1.55825e-19 0 2.72586e-19 0 4.61052e-19 0 7.47514e-19 0 1.17624e-18 0 1.81694e-18 0 2.70362e-18 0 3.91965e-18 0 5.64951e-18 0 7.94564e-18 0 1.10166e-17 0 1.50653e-17 0 2.03298e-17 0 2.70834e-17 0 3.53221e-17 0 4.59221e-17 0 5.95186e-17 0 7.56106e-17 0 9.58035e-17 0 1.1908e-16 0 1.50144e-16 0 1.85788e-16 0 2.25735e-16 0 2.78202e-16 0 3.36781e-16 0 4.06994e-16 0 4.8342e-16 0 5.82315e-16 0
47.5588 0.000222358 9.25291e-05 0.000129829 0.583874 0.755786 5.23782e-30 0 2.25065e-27 0 7.38734e-25 0 1.95914e-23 0 1.88269e-22 0 1.07971e-21 0 4.33514e-21 0 1.39514e-20 0 3.8256e-20 0 9.1867e-20 0 2.02278e-19 0 4.06614e-19 0 7.67641e-19 0 1.3812e-18 0 2.35107e-18 0 3.87585e-18 0 6.13748e-18 0 9.4461e-18 0 1.4285e-17 0 2.08476e-17 0 2.96813e-17 0 4.20237e-17 0 5.81274e-17 0 7.93175e-17 0 1.06823e-16 0 1.42058e-16 0 1.86618e-16 0 2.40251e-16 0 3.08372e-16 0 3.94645e-16 0 4.95522e-16 0 6.20644e-16 0 7.63289e-16 0 9.51572e-16 0 1.16529e-15 0 1.40245e-15 0 1.71087e-15 0 2.05188e-15 0 2.45684e-15 0 2.89378e-15 0 3.45423e-15 0
50 0.000223318 9.32121e-05 0.000130105 0.582603 0.751813 1.48913e-28 0 4.75915e-26 0 1.17723e-23 0 2.66032e-22 0 2.28911e-21 0 1.20548e-20 0 4.52254e-20 0 1.37471e-19 0 3.58844e-19 0 8.25639e-19 0 1.74921e-18 0 3.39838e-18 0 6.21976e-18 0 1.08747e-17 0 1.80363e-17 0 2.90168e-17 0 4.49289e-17 0 6.77088e-17 0 1.00346e-16 0 1.43768e-16 0 2.01186e-16 0 2.80051e-16 0 3.81281e-16 0 5.12439e-16 0 6.80184e-16 0 8.92035e-16 0 1.15634e-15 0 1.47041e-15 0 1.86448e-15 0 2.35753e-15 0 2.92744e-15 0 3.62654e-15 0 4.41523e-15 0 5.44541e-15 0 6.60281e-15 0 7.87502e-15 0 9.51406e-15 0 1.13096e-14 0 1.34231e-14 0 1.56845e-14 0 1.85611e-14 0
52.5665 0.000224327 9.40036e-05 0.000130324 0.580953 0.747913 3.55694e-27 0 8.57802e-25 0 1.62131e-22 0 3.14649e-21 0 2.43737e-20 0 1.18356e-19 0 4.1627e-19 0 1.19848e-18 0 2.98525e-18 0 6.59471e-18 0 1.34688e-17 0 2.53324e-17 0 4.50154e-17 0 7.65873e-17 0 1.23925e-16 0 1.94795e-16 0 2.95247e-16 0 4.36122e-16 0 6.34049e-16 0 8.92604e-16 0 1.22877e-15 0 1.68304e-15 0 2.25715e-15 0 2.99012e-15 0 3.91442e-15 0 5.06611e-15 0 6.48446e-15 0 8.14956e-15 0 1.02145e-14 0 1.27686e-14 0 1.56885e-14 0 1.92329e-14 0 2.31917e-14 0 2.83116e-14 0 3.40076e-14 0 4.02127e-14 0 4.81358e-14 0 5.67393e-14 0 6.67816e-14 0 7.74413e-14 0 9.08938e-14 0
55.2648 0.000225328 9.48059e-05 0.000130522 0.579253 0.743796 7.19141e-26 0 1.32682e-23 0 1.94152e-21 0 3.26002e-20 0 2.28511e-19 0 1.02723e-18 0 3.39771e-18 0 9.29007e-18 0 2.21318e-17 0 4.70356e-17 0 9.27722e-17 0 1.69188e-16 0 2.92324e-16 0 4.8461e-16 0 7.65931e-16 0 1.17766e-15 0 1.74907e-15 0 2.53489e-15 0 3.61859e-15 0 5.00983e-15 0 6.7898e-15 0 9.15823e-15 0 1.21075e-14 0 1.58205e-14 0 2.04403e-14 0 2.61231e-14 0 3.30362e-14 0 4.10586e-14 0 5.08977e-14 0 6.2935e-14 0 7.65532e-14 0 9.292e-14 0 1.11027e-13 0 1.34224e-13 0 1.59791e-13 0 1.87407e-13 0 2.22371e-13 0 2.60021e-13 0 3.03616e-13 0 3.49543e-13 0 4.07067e-13 0
58.1015 0.000226416 9.56853e-05 0.000130731 0.577392 0.739708 1.24163e-24 0 1.77564e-22 0 2.03688e-20 0 2.9801e-19 0 1.89945e-18 0 7.93448e-18 0 2.47555e-17 0 6.44431e-17 0 1.47153e-16 0 3.01434e-16 0 5.75149e-16 0 1.01857e-15 0 1.71353e-15 0 2.77141e-15 0 4.28343e-15 0 6.44912e-15 0 9.39509e-15 0 1.33716e-14 0 1.87593e-14 0 2.55625e-14 0 3.41342e-14 0 4.53733e-14 0 5.91728e-14 0 7.63161e-14 0 9.73759e-14 0 1.22967e-13 0 1.53736e-13 0 1.89051e-13 0 2.31909e-13 0 2.83799e-13 0 3.41923e-13 0 4.11117e-13 0 4.86978e-13 0 5.83294e-13 0 6.88517e-13 0 8.0125e-13 0 9.42828e-13 0 1.09407e-12 0 1.26787e-12 0 1.44966e-12 0 1.67571e-12 0
61.0839 0.000227555 9.66672e-05 0.000130888 0.575193 0.735529 1.84536e-23 0 2.07114e-21 0 1.88479e-19 0 2.41899e-18 0 1.4085e-17 0 5.48698e-17 0 1.61942e-16 0 4.02326e-16 0 8.82392e-16 0 1.74534e-15 0 3.22678e-15 0 5.55729e-15 0 9.11449e-15 0 1.43995e-14 0 2.17874e-14 0 3.21542e-14 0 4.59897e-14 0 6.43369e-14 0 8.87799e-14 0 1.19162e-13 0 1.5689e-13 0 2.05669e-13 0 2.64765e-13 0 3.37256e-13 0 4.25234e-13 0 5.30905e-13 0 6.56552e-13 0 7.99261e-13 0 9.70722e-13 0 1.17627e-12 0 1.40434e-12 0 1.67341e-12 0 1.96587e-12 0 2.33403e-12 0 2.73286e-12 0 3.15686e-12 0 3.68527e-12 0 4.24549e-12 0 4.88463e-12 0 5.54856e-12 0 6.36857e-12 0
64.2193 0.000228656 9.76369e-05 0.000131019 0.572997 0.730893 2.37549e-22 0 2.11732e-20 0 1.54593e-18 0 1.75165e-17 0 9.35865e-17 0 3.41158e-16 0 9.55066e-16 0 2.26964e-15 0 4.79056e-15 0 9.16522e-15 0 1.64438e-14 0 2.75783e-14 0 4.41516e-14 0 6.82124e-14 0 1.01144e-13 0 1.4646e-13 0 2.05852e-13 0 2.83293e-13 0 3.84824e-13 0 5.0915e-13 0 6.61407e-13 0 8.55663e-13 0 1.08803e-12 0 1.36964e-12 0 1.7075e-12 0 2.10883e-12 0 2.58101e-12 0 3.112e-12 0 3.7439e-12 0 4.49431e-12 0 5.31952e-12 0 6.28471e-12 0 7.32525e-12 0 8.6245e-12 0 1.00207e-11 0 1.14942e-11 0 1.33172e-11 0 1.5236e-11 0 1.74101e-11 0 1.96538e-11 0 2.24071e-11 0
67.5157 0.000229845 9.86732e-05 0.000131172 0.570696 0.726164 2.66933e-21 0 1.91085e-19 0 1.13149e-17 0 1.13877e-16 0 5.60621e-16 0 1.9186e-15 0 5.10781e-15 0 1.1636e-14 0 2.36807e-14 0 4.38929e-14 0 7.65346e-14 0 1.25158e-13 0 1.95821e-13 0 2.96178e-13 0 4.30803e-13 0 6.12643e-13 0 8.46885e-13 0 1.14745e-12 0 1.53556e-12 0 2.00407e-12 0 2.57033e-12 0 3.28369e-12 0 4.12672e-12 0 5.13679e-12 0 6.33533e-12 0 7.74419e-12 0 9.38512e-12 0 1.1213e-11 0 1.33686e-11 0 1.59057e-11 0 1.86718e-11 0 2.18808e-11 0 2.53135e-11 0 2.95667e-11 0 3.41025e-11 0 3.88559e-11 0 4.4696e-11 0 5.0801e-11 0 5.76732e-11 0 6.47216e-11 0 7.33177e-11 0
70.9813 0.000231142 9.98645e-05 0.000131277 0.567952 0.721418 2.63814e-20 0 1.53307e-18 0 7.4379e-17 0 6.68766e-16 0 3.04586e-15 0 9.8161e-15 0 2.4913e-14 0 5.45176e-14 0 1.07167e-13 0 1.92742e-13 0 3.27077e-13 0 5.22184e-13 0 7.99341e-13 0 1.18482e-12 0 1.69213e-12 0 2.36535e-12 0 3.21845e-12 0 4.29651e-12 0 5.66851e-12 0 7.30247e-12 0 9.25271e-12 0 1.16802e-11 0 1.4516e-11 0 1.78768e-11 0 2.18234e-11 0 2.64162e-11 0 3.17146e-11 0 3.75637e-11 0 4.44023e-11 0 5.23824e-11 0 6.10127e-11 0 7.09471e-11 0 8.14955e-11 0 9.44691e-11 0 1.08205e-10 0 1.22504e-10 0 1.39957e-10 0 1.58082e-10 0 1.78359e-10 0 1.99033e-10 0 2.24099e-10 0
74.6248 0.000232369 0.000101073 0.000131296 0.565034 0.716033 2.30451e-19 0 1.09826e-17 0 4.40839e-16 0 3.56069e-15 0 1.50599e-14 0 4.58392e-14 0 1.11167e-13 0 2.34143e-13 0 4.45321e-13 0 7.78292e-13 0 1.28707e-12 0 2.00843e-12 0 3.01119e-12 0 4.37837e-12 0 6.1452e-12 0 8.45077e-12 0 1.13271e-11 0 1.49094e-11 0 1.94061e-11 0 2.46927e-11 0 3.09278e-11 0 3.86002e-11 0 4.74654e-11 0 5.78636e-11 0 6.99531e-11 0 8.38891e-11 0 9.98201e-11 0 1.17257e-10 0 1.37477e-10 0 1.60881e-10 0 1.85997e-10 0 2.14695e-10 0 2.44952e-10 0 2.81906e-10 0 3.20763e-10 0 3.60957e-10 0 4.09707e-10 0 4.60024e-10 0 5.1598e-10 0 5.72714e-10 0 6.41118e-10 0
78.4553 0.000233661 0.000102219 0.000131441 0.562531 0.710099 1.78864e-18 0 7.05857e-17 0 2.36592e-15 0 1.72567e-14 0 6.80251e-14 0 1.96102e-13 0 4.55445e-13 0 9.25009e-13 0 1.70493e-12 0 2.8996e-12 0 4.67879e-12 0 7.14416e-12 0 1.05013e-11 0 1.49928e-11 0 2.06975e-11 0 2.80235e-11 0 3.70282e-11 0 4.80893e-11 0 6.17927e-11 0 7.77068e-11 0 9.62642e-11 0 1.18852e-10 0 1.44681e-10 0 1.74678e-10 0 2.09227e-10 0 2.48693e-10 0 2.9342e-10 0 3.41976e-10 0 3.97844e-10 0 4.62014e-10 0 5.30372e-10 0 6.0793e-10 0 6.89156e-10 0 7.87702e-10 0 8.90642e-10 0 9.96487e-10 0 1.1241e-09 0 1.25503e-09 0 1.39982e-09 0 1.54584e-09 0 1.72097e-09 0
82.4824 0.000235349 0.000103512 0.000131837 0.560175 0.704906 1.24311e-17 0 4.09989e-16 0 1.15767e-14 0 7.66319e-14 0 2.82511e-13 0 7.73389e-13 0 1.72379e-12 0 3.38198e-12 0 6.05016e-12 0 1.00262e-11 0 1.58047e-11 0 2.36391e-11 0 3.41001e-11 0 4.78458e-11 0 6.50192e-11 0 8.67404e-11 0 1.13064e-10 0 1.44976e-10 0 1.84022e-10 0 2.2884e-10 0 2.80541e-10 0 3.42822e-10 0 4.13336e-10 0 4.94466e-10 0 5.87067e-10 0 6.91943e-10 0 8.09821e-10 0 9.36803e-10 0 1.08182e-09 0 1.24718e-09 0 1.42209e-09 0 1.61922e-09 0 1.82437e-09 0 2.07168e-09 0 2.32841e-09 0 2.59088e-09 0 2.90552e-09 0 3.22654e-09 0 3.57966e-09 0 3.93396e-09 0 4.35675e-09 0
86.7162 0.000237234 0.00010495 0.000132284 0.557609 0.700403 7.77823e-17 0 2.16279e-15 0 5.18791e-14 0 3.13142e-13 0 1.08318e-12 0 2.823e-12 0 6.05066e-12 0 1.14868e-11 0 1.99739e-11 0 3.2294e-11 0 4.97877e-11 0 7.30178e-11 0 1.03463e-10 0 1.42788e-10 0 1.91155e-10 0 2.51451e-10 0 3.23546e-10 0 4.09862e-10 0 5.14225e-10 0 6.32694e-10 0 7.67962e-10 0 9.2931e-10 0 1.11027e-09 0 1.31662e-09 0 1.55015e-09 0 1.81247e-09 0 2.10501e-09 0 2.41782e-09 0 2.77256e-09 0 3.17422e-09 0 3.59628e-09 0 4.06893e-09 0 4.5578e-09 0 5.14364e-09 0 5.74818e-09 0 6.36287e-09 0 7.09577e-09 0 7.83955e-09 0 8.65352e-09 0 9.46631e-09 0 1.04315e-08 0
91.1674 0.000239015 0.000106471 0.000132544 0.554544 0.695526 4.40161e-16 0 1.04049e-14 0 2.13717e-13 0 1.18159e-12 0 3.84694e-12 0 9.56781e-12 0 1.97578e-11 0 3.63532e-11 0 6.15284e-11 0 9.71734e-11 0 1.46679e-10 0 2.11133e-10 0 2.94118e-10 0 3.99574e-10 0 5.27359e-10 0 6.8448e-10 0 8.69955e-10 0 1.08939e-09 0 1.35173e-09 0 1.6464e-09 0 1.97958e-09 0 2.37329e-09 0 2.8109e-09 0 3.3057e-09 0 3.86112e-09 0 4.48018e-09 0 5.16543e-09 0 5.89303e-09 0 6.71263e-09 0 7.63448e-09 0 8.59704e-09 0 9.66846e-09 0 1.07703e-08 0 1.20831e-08 0 1.34302e-08 0 1.47928e-08 0 1.64091e-08 0 1.80411e-08 0 1.98185e-08 0 2.15851e-08 0 2.36735e-08 0
95.847 0.000240436 0.000108185 0.000132251 0.550045 0.6892 2.2661e-15 0 4.59027e-14 0 8.13493e-13 0 4.13738e-12 0 1.27158e-11 0 3.02497e-11 0 6.02936e-11 0 1.07683e-10 0 1.77632e-10 0 2.74349e-10 0 4.05876e-10 0 5.73927e-10 0 7.86673e-10 0 1.05286e-09 0 1.37087e-09 0 1.7568e-09 0 2.20686e-09 0 2.73334e-09 0 3.35601e-09 0 4.04843e-09 0 4.8241e-09 0 5.73254e-09 0 6.73371e-09 0 7.8566e-09 0 9.10733e-09 0 1.04911e-08 0 1.20119e-08 0 1.36161e-08 0 1.54115e-08 0 1.74182e-08 0 1.95009e-08 0 2.18058e-08 0 2.41631e-08 0 2.69566e-08 0 2.98076e-08 0 3.26774e-08 0 3.60648e-08 0 3.94685e-08 0 4.31584e-08 0 4.681e-08 0 5.11081e-08 0
100.767 0.000240612 0.000109809 0.000130803 0.543626 0.679721 1.06356e-14 0 1.86008e-13 0 2.86477e-12 0 1.34578e-11 0 3.91546e-11 0 8.92862e-11 0 1.72072e-10 0 2.98736e-10 0 4.80893e-10 0 7.27132e-10 0 1.05536e-09 0 1.46729e-09 0 1.98047e-09 0 2.61316e-09 0 3.35888e-09 0 4.25266e-09 0 5.28294e-09 0 6.47527e-09 0 7.87112e-09 0 9.40854e-09 0 1.11157e-08 0 1.30981e-08 0 1.52652e-08 0 1.76771e-08 0 2.0344e-08 0 2.32737e-08 0 2.64721e-08 0 2.98242e-08 0 3.35533e-08 0 3.76962e-08 0 4.19715e-08 0 4.6677e-08 0 5.14645e-08 0 5.71084e-08 0 6.28392e-08 0 6.85806e-08 0 7.53262e-08 0 8.20732e-08 0 8.93554e-08 0 9.65322e-08 0 1.04945e-07 0
105.939 0.000239819 0.000111186 0.000128633 0.536376 0.664562 4.56476e-14 0 6.94237e-13 0 9.35588e-12 0 4.07534e-11 0 1.12546e-10 0 2.46519e-10 0 4.60114e-10 0 7.77581e-10 0 1.22296e-09 0 1.81222e-09 0 2.58283e-09 0 3.53367e-09 0 4.70022e-09 0 6.1184e-09 0 7.76862e-09 0 9.72313e-09 0 1.19515e-08 0 1.4504e-08 0 1.74634e-08 0 2.06933e-08 0 2.42498e-08 0 2.83466e-08 0 3.27905e-08 0 3.77005e-08 0 4.30915e-08 0 4.89744e-08 0 5.53555e-08 0 6.20031e-08 0 6.93556e-08 0 7.74775e-08 0 8.58133e-08 0 9.49402e-08 0 1.0418e-07 0 1.15019e-07 0 1.25972e-07 0 1.36896e-07 0 1.49674e-07 0 1.62398e-07 0 1.76075e-07 0 1.89501e-07 0 2.05177e-07 0
111.377 0.000240963 0.000113032 0.000127931 0.530914 0.646058 1.81082e-13 0 2.4113e-12 0 2.86205e-11 0 1.16026e-10 0 3.04916e-10 0 6.42802e-10 0 1.16375e-09 0 1.91696e-09 0 2.94902e-09 0 4.28684e-09 0 6.00496e-09 0 8.09083e-09 0 1.0613e-08 0 1.36385e-08 0 1.71162e-08 0 2.11891e-08 0 2.57841e-08 0 3.09966e-08 0 3.69842e-08 0 4.34631e-08 0 5.054e-08 0 5.86297e-08 0 6.73407e-08 0 7.68986e-08 0 8.7323e-08 0 9.86262e-08 0 1.10812e-07 0 1.23434e-07 0 1.37318e-07 0 1.52571e-07 0 1.68145e-07 0 1.85113e-07 0 2.0221e-07 0 2.22172e-07 0 2.4225e-07 0 2.62191e-07 0 2.85417e-07 0 3.08451e-07 0 3.33111e-07 0 3.57227e-07 0 3.85279e-07 0
117.094 0.000244443 0.000115316 0.000129127 0.528251 0.634447 6.66339e-13 0 7.81942e-12 0 8.22513e-11 0 3.11416e-10 0 7.8069e-10 0 1.58694e-09 0 2.79098e-09 0 4.48672e-09 0 6.75865e-09 0 9.64688e-09 0 1.32927e-08 0 1.76512e-08 0 2.28489e-08 0 2.90051e-08 0 3.59999e-08 0 4.41041e-08 0 5.31566e-08 0 6.33309e-08 0 7.49157e-08 0 8.73483e-08 0 1.00825e-07 0 1.16119e-07 0 1.32473e-07 0 1.50298e-07 0 1.69617e-07 0 1.90437e-07 0 2.12753e-07 0 2.35741e-07 0 2.60896e-07 0 2.8839e-07 0 3.16323e-07 0 3.46613e-07 0 3.76996e-07 0 4.12314e-07 0 4.4768e-07 0 4.82663e-07 0 5.23247e-07 0 5.63336e-07 0 6.06093e-07 0 6.47757e-07 0 6.9605e-07 0
123.105 0.000247812 0.000116845 0.000130967 0.528492 0.62687 2.25963e-12 0 2.35126e-11 0 2.20481e-10 0 7.8224e-10 0 1.87495e-09 0 3.68156e-09 0 6.29877e-09 0 9.89376e-09 0 1.46085e-08 0 2.04922e-08 0 2.77982e-08 0 3.64053e-08 0 4.65352e-08 0 5.83893e-08 0 7.17098e-08 0 8.69864e-08 0 1.03889e-07 0 1.2272e-07 0 1.43983e-07 0 1.66624e-07 0 1.9099e-07 0 2.18449e-07 0 2.47616e-07 0 2.79208e-07 0 3.13242e-07 0 3.49709e-07 0 3.88581e-07 0 4.28417e-07 0 4.7179e-07 0 5.18964e-07 0 5.66667e-07 0 6.18163e-07 0 6.69596e-07 0 7.2913e-07 0 7.88496e-07 0 8.46994e-07 0 9.14601e-07 0 9.81131e-07 0 1.05183e-06 0 1.1205e-06 0 1.19981e-06 0
129.424 0.000252634 0.000116252 0.000136382 0.539841 0.607951 7.00695e-12 0 6.50317e-11 0 5.46684e-10 0 1.82328e-09 0 4.18762e-09 0 7.9561e-09 0 1.32598e-08 0 2.03736e-08 0 2.95155e-08 0 4.07245e-08 0 5.44275e-08 0 7.03473e-08 0 8.88503e-08 0 1.10255e-07 0 1.34056e-07 0 1.61088e-07 0 1.9073e-07 0 2.23476e-07 0 2.60159e-07 0 2.98929e-07 0 3.40367e-07 0 3.86757e-07 0 4.35722e-07 0 4.88442e-07 0 5.44911e-07 0 6.05087e-07 0 6.68895e-07 0 7.33961e-07 0 8.04471e-07 0 8.80801e-07 0 9.57643e-07 0 1.04024e-06 0 1.12241e-06 0 1.21713e-06 0 1.31121e-06 0 1.40357e-06 0 1.50993e-06 0 1.61422e-06 0 1.72468e-06 0 1.8316e-06 0 1.95472e-06 0
136.067 0.000260689 0.000114363 0.000146326 0.561304 0.590556 2.00773e-11 0 1.67132e-10 0 1.26627e-09 0 3.98202e-09 0 8.78186e-09 0 1.61701e-08 0 2.62856e-08 0 3.95496e-08 0 5.62682e-08 0 7.64263e-08 0 1.00706e-07 0 1.28542e-07 0 1.60511e-07 0 1.97091e-07 0 2.37362e-07 0 2.82679e-07 0 3.31946e-07 0 3.8594e-07 0 4.45968e-07 0 5.08965e-07 0 5.75857e-07 0 6.50275e-07 0 7.2835e-07 0 8.11936e-07 0 9.00978e-07 0 9.95372e-07 0 1.09496e-06 0 1.19604e-06 0 1.30509e-06 0 1.4226e-06 0 1.54041e-06 0 1.66653e-06 0 1.7915e-06 0 1.93502e-06 0 2.07702e-06 0 2.21595e-06 0 2.37539e-06 0 2.53119e-06 0 2.69567e-06 0 2.85439e-06 0 3.0366e-06 0
143.051 0.000270361 0.000115575 0.000154786 0.572516 0.598394 5.54114e-11 0 4.15927e-10 0 2.85461e-09 0 8.48846e-09 0 1.80111e-08 0 3.219e-08 0 5.11006e-08 0 7.5368e-08 0 1.05398e-07 0 1.41033e-07 0 1.83351e-07 0 2.31258e-07 0 2.85659e-07 0 3.47262e-07 0 4.14437e-07 0 4.89368e-07 0 5.70167e-07 0 6.58051e-07 0 7.55055e-07 0 8.56171e-07 0 9.62872e-07 0 1.08087e-06 0 1.20396e-06 0 1.33503e-06 0 1.47393e-06 0 1.62045e-06 0 1.7743e-06 0 1.92976e-06 0 2.09674e-06 0 2.27595e-06 0 2.45487e-06 0 2.64567e-06 0 2.83404e-06 0 3.04958e-06 0 3.26208e-06 0 3.46929e-06 0 3.70631e-06 0 3.93718e-06 0 4.18015e-06 0 4.41394e-06 0 4.68153e-06 0
150.394 0.000275587 0.000118764 0.000156823 0.56905 0.610948 1.4626e-10 0 9.94951e-10 0 6.21567e-09 0 1.75252e-08 0 3.58446e-08 0 6.22718e-08 0 9.66489e-08 0 1.39868e-07 0 1.92421e-07 0 2.53843e-07 0 3.25809e-07 0 4.06308e-07 0 4.96737e-07 0 5.98129e-07 0 7.07696e-07 0 8.28897e-07 0 9.58576e-07 0 1.09861e-06 0 1.25212e-06 0 1.41112e-06 0 1.57791e-06 0 1.76131e-06 0 1.95159e-06 0 2.15316e-06 0 2.36572e-06 0 2.58888e-06 0 2.82216e-06 0 3.05686e-06 0 3.30794e-06 0 3.57631e-06 0 3.84323e-06 0 4.12684e-06 0 4.40585e-06 0 4.72399e-06 0 5.03658e-06 0 5.34043e-06 0 5.68691e-06 0 6.02335e-06 0 6.37639e-06 0 6.71514e-06 0 7.10181e-06 0
158.114 0.000270829 0.000118111 0.000152718 0.563892 0.590794 3.52472e-10 0 2.18347e-09 0 1.24734e-08 0 3.34333e-08 0 6.60341e-08 0 1.11667e-07 0 1.69633e-07 0 2.41098e-07 0 3.2656e-07 0 4.25012e-07 0 5.389e-07 0 6.64841e-07 0 8.04874e-07 0 9.60414e-07 0 1.12705e-06 0 1.30992e-06 0 1.50414e-06 0 1.71244e-06 0 1.9393e-06 0 2.17284e-06 0 2.41644e-06 0 2.68287e-06 0 2.95785e-06 0 3.24773e-06 0 3.55198e-06 0 3.86997e-06 0 4.20095e-06 0 4.53261e-06 0 4.88604e-06 0 5.26236e-06 0 5.63528e-06 0 6.03013e-06 0 6.41729e-06 0 6.85729e-06 0 7.2882e-06 0 7.70583e-06 0 8.18062e-06 0 8.64032e-06 0 9.12134e-06 0 9.58167e-06 0 1.01057e-05 0
166.23 0.000261462 0.000115524 0.000145939 0.558164 0.5525 7.90355e-10 0 4.47894e-09 0 2.34996e-08 0 6.00275e-08 0 1.14685e-07 0 1.89027e-07 0 2.81348e-07 0 3.93073e-07 0 5.24577e-07 0 6.74e-07 0 8.44759e-07 0 1.03155e-06 0 1.23722e-06 0 1.46363e-06 0 1.70421e-06 0 1.96624e-06 0 2.24259e-06 0 2.53703e-06 0 2.85574e-06 0 3.18192e-06 0 3.52035e-06 0 3.88857e-06 0 4.26676e-06 0 4.66358e-06 0 5.07822e-06 0 5.50974e-06 0 5.95704e-06 0 6.40353e-06 0 6.87759e-06 0 7.38052e-06 0 7.87717e-06 0 8.40128e-06 0 8.91356e-06 0 9.49394e-06 0 1.00606e-05 0 1.06081e-05 0 1.12289e-05 0 1.18283e-05 0 1.24538e-05 0 1.3051e-05 0 1.3729e-05 0
174.763 0.000246861 0.000113251 0.000133611 0.541238 0.524259 1.68506e-09 0 8.77376e-09 0 4.24545e-08 0 1.03592e-07 0 1.9176e-07 0 3.08446e-07 0 4.50261e-07 0 6.18876e-07 0 8.14368e-07 0 1.03361e-06 0 1.28127e-06 0 1.54939e-06 0 1.84189e-06 0 2.16115e-06 0 2.49776e-06 0 2.86175e-06 0 3.24307e-06 0 3.64684e-06 0 4.08131e-06 0 4.52353e-06 0 4.98002e-06 0 5.47427e-06 0 5.97952e-06 0 6.50731e-06 0 7.05648e-06 0 7.62568e-06 0 8.2134e-06 0 8.79792e-06 0 9.41634e-06 0 1.00702e-05 0 1.07137e-05 0 1.13906e-05 0 1.20503e-05 0 1.27955e-05 0 1.35208e-05 0 1.42199e-05 0 1.50104e-05 0 1.57715e-05 0 1.65638e-05 0 1.73184e-05 0 1.81732e-05 0
183.733 0.000229837 0.000117151 0.000112686 0.490287 0.501666 3.60544e-09 0 1.73198e-08 0 7.75979e-08 0 1.81276e-07 0 3.25621e-07 0 5.11747e-07 0 7.33365e-07 0 9.92464e-07 0 1.28858e-06 0 1.61656e-06 0 1.983e-06 0 2.37582e-06 0 2.80059e-06 0 3.26048e-06 0 3.74178e-06 0 4.25868e-06 0 4.79675e-06 0 5.36315e-06 0 5.9692e-06 0 6.58283e-06 0 7.21319e-06 0 7.89254e-06 0 8.58392e-06 0 9.30309e-06 0 1.00484e-05 0 1.08179e-05 0 1.16095e-05 0 1.2394e-05 0 1.32213e-05 0 1.4093e-05 0 1.49484e-05 0 1.58454e-05 0 1.67171e-05 0 1.7699e-05 0 1.8652e-05 0 1.95682e-05 0 2.06014e-05 0 2.15939e-05 0 2.26245e-05 0 2.36037e-05 0 2.47106e-05 0
193.164 0.000222438 0.000127757 9.4681e-05 0.425652 0.440084 7.75386e-09 0 3.45005e-08 0 1.43659e-07 0 3.21981e-07 0 5.62062e-07 0 8.64054e-07 0 1.21668e-06 0 1.62239e-06 0 2.07978e-06 0 2.58042e-06 0 3.13392e-06 0 3.72175e-06 0 4.35207e-06 0 5.02925e-06 0 5.73298e-06 0 6.48386e-06 0 7.26078e-06 0 8.07402e-06 0 8.93956e-06 0 9.81157e-06 0 1.07032e-05 0 1.16599e-05 0 1.26294e-05 0 1.36339e-05 0 1.46708e-05 0 1.57375e-05 0 1.6831e-05 0 1.79111e-05 0 1.90465e-05 0 2.02392e-05 0 2.14059e-05 0 2.2626e-05 0 2.38084e-05 0 2.51366e-05 0 2.64224e-05 0 2.76555e-05 0 2.90427e-05 0 3.0372e-05 0 3.17493e-05 0 3.3055e-05 0 3.45278e-05 0
203.079 0.000238578 0.000142027 9.65519e-05 0.404697 0.351546 1.6245e-08 0 6.72006e-08 0 2.60996e-07 0 5.62366e-07 0 9.55344e-07 0 1.43813e-06 0 1.99149e-06 0 2.61852e-06 0 3.31627e-06 0 4.07146e-06 0 4.8981e-06 0 5.76823e-06 0 6.69381e-06 0 7.68096e-06 0 8.69993e-06 0 9.78047e-06 0 1.08921e-05 0 1.20494e-05 0 1.3275e-05 0 1.45038e-05 0 1.57549e-05 0 1.70915e-05 0 1.84406e-05 0 1.98331e-05 0 2.12653e-05 0 2.27334e-05 0 2.42334e-05 0 2.57104e-05 0 2.72583e-05 0 2.88795e-05 0 3.04608e-05 0 3.21101e-05 0 3.37042e-05 0 3.54903e-05 0 3.72151e-05 0 3.88652e-05 0 4.07174e-05 0 4.24881e-05 0 4.43188e-05 0 4.60509e-05 0 4.80005e-05 0
213.503 0.000253912 0.000141904 0.000112008 0.441129 0.331108 2.92965e-08 0 1.13074e-07 0 4.11011e-07 0 8.53026e-07 0 1.4121e-06 0 2.08369e-06 0 2.83994e-06 0 3.68454e-06 0 4.61285e-06 0 5.60686e-06 0 6.68465e-06 0 7.80956e-06 0 8.9971e-06 0 1.02548e-05 0 1.15448e-05 0 1.29048e-05 0 1.42961e-05 0 1.57374e-05 0 1.72563e-05 0 1.87724e-05 0 2.03095e-05 0 2.19452e-05 0 2.35898e-05 0 2.52811e-05 0 2.70146e-05 0 2.87858e-05 0 3.05896e-05 0 3.23604e-05 0 3.42109e-05 0 3.61436e-05 0 3.80237e-05 0 3.99795e-05 0 4.18652e-05 0 4.39728e-05 0 4.60032e-05 0 4.79414e-05 0 5.01122e-05 0 5.2183e-05 0 5.43196e-05 0 5.63371e-05 0 5.86035e-05 0
224.463 0.000221227 0.000116002 0.000105225 0.475644 0.311671 4.14886e-08 0 1.49913e-07 0 5.1164e-07 0 1.02469e-06 0 1.65504e-06 0 2.39621e-06 0 3.21689e-06 0 4.12089e-06 0 5.10285e-06 0 6.14364e-06 0 7.26202e-06 0 8.41993e-06 0 9.6335e-06 0 1.09103e-05 0 1.22119e-05 0 1.35764e-05 0 1.49653e-05 0 1.6397e-05 0 1.78989e-05 0 1.93916e-05 0 2.08989e-05 0 2.24969e-05 0 2.40978e-05 0 2.57384e-05 0 2.74144e-05 0 2.91214e-05 0 3.08547e-05 0 3.25514e-05 0 3.43196e-05 0 3.61613e-05 0 3.79484e-05 0 3.98028e-05 0 4.15866e-05 0 4.35758e-05 0 4.54876e-05 0 4.73088e-05 0 4.93443e-05 0 5.1282e-05 0 5.32774e-05 0 5.5158e-05 0 5.72667e-05 0
235.984 0.000197006 0.000108095 8.89103e-05 0.451308 0.318846 6.44104e-08 0 2.18588e-07 0 7.02623e-07 0 1.36026e-06 0 2.14622e-06 0 3.05173e-06 0 4.03844e-06 0 5.11114e-06 0 6.26338e-06 0 7.47287e-06 0 8.76141e-06 0 1.00853e-05 0 1.14633e-05 0 1.2904e-05 0 1.43643e-05 0 1.5887e-05 0 1.74292e-05 0 1.90117e-05 0 2.06645e-05 0 2.23006e-05 0 2.39465e-05 0 2.5685e-05 0 2.74206e-05 0 2.91935e-05 0 3.09991e-05 0 3.28324e-05 0 3.46886e-05 0 3.65008e-05 0 3.83844e-05 0 4.03413e-05 0 4.22355e-05 0 4.41966e-05 0 4.60787e-05 0 4.81729e-05 0 5.01813e-05 0 5.20907e-05 0 5.42205e-05 0 5.62441e-05 0 5.83239e-05 0 6.02807e-05 0 6.24711e-05 0
248.097 0.000224657 0.000131101 9.35562e-05 0.416441 0.389585 1.25402e-07 0 4.00929e-07 0 1.21732e-06 0 2.28192e-06 0 3.52115e-06 0 4.92145e-06 0 6.42424e-06 0 8.03772e-06 0 9.75248e-06 0 1.15359e-05 0 1.34205e-05 0 1.53427e-05 0 1.73304e-05 0 1.93961e-05 0 2.14785e-05 0 2.36388e-05 0 2.58166e-05 0 2.80415e-05 0 3.03557e-05 0 3.26376e-05 0 3.49249e-05 0 3.73327e-05 0 3.97286e-05 0 4.21683e-05 0 4.46455e-05 0 4.71537e-05 0 4.96862e-05 0 5.21523e-05 0 5.47094e-05 0 5.73595e-05 0 5.99187e-05 0 6.25623e-05 0 6.50942e-05 0 6.79055e-05 0 7.0596e-05 0 7.31491e-05 0 7.59915e-05 0 7.86871e-05 0 8.14528e-05 0 8.40505e-05 0 8.69533e-05 0
260.832 0.000311199 0.000174309 0.000136889 0.439878 0.372728 2.58365e-07 0 7.8046e-07 0 2.24461e-06 0 4.08051e-06 0 6.16456e-06 0 8.47645e-06 0 1.09218e-05 0 1.35163e-05 0 1.62458e-05 0 1.90599e-05 0 2.20105e-05 0 2.49993e-05 0 2.80708e-05 0 3.12447e-05 0 3.44275e-05 0 3.77137e-05 0 4.10115e-05 0 4.43668e-05 0 4.78431e-05 0 5.12582e-05 0 5.46697e-05 0 5.82493e-05 0 6.18e-05 0 6.54049e-05 0 6.90549e-05 0 7.27406e-05 0 7.64524e-05 0 8.00579e-05 0 8.37878e-05 0 8.76444e-05 0 9.13605e-05 0 9.51912e-05 0 9.88526e-05 0 0.00010291 0 0.000106785 0 0.000110456 0 0.000114536 0 0.000118398 0 0.000122354 0 0.000126063 0 0.000130202 0
274.221 0.000368763 0.000157864 0.0002109 0.571911 0.24741 3.50602e-07 0 1.00344e-06 0 2.74085e-06 0 4.83935e-06 0 7.16522e-06 0 9.70045e-06 0 1.23453e-05 0 1.51199e-05 0 1.80109e-05 0 2.09668e-05 0 2.40432e-05 0 2.71391e-05 0 3.03019e-05 0 3.35524e-05 0 3.67959e-05 0 4.01295e-05 0 4.34607e-05 0 4.68367e-05 0 5.03213e-05 0 5.37325e-05 0 5.71293e-05 0 6.06823e-05 0 6.41961e-05 0 6.77536e-05 0 7.1346e-05 0 7.49642e-05 0 7.85989e-05 0 8.21214e-05 0 8.57573e-05 0 8.95086e-05 0 9.31156e-05 0 9.68264e-05 0 0.000100367 0 0.000104282 0 0.000108015 0 0.000111545 0 0.000115461 0 0.000119162 0 0.000122947 0 0.000126491 0 0.00013044 0
288.297 0.000405146 0.000113122 0.000292024 0.720788 0.159323 3.64597e-07 0 9.91277e-07 0 2.57802e-06 0 4.4273e-06 0 6.43079e-06 0 8.57845e-06 0 1.07898e-05 0 1.30847e-05 0 1.54543e-05 0 1.78577e-05 0 2.03418e-05 0 2.2826e-05 0 2.53496e-05 0 2.793e-05 0 3.04926e-05 0 3.31151e-05 0 3.57251e-05 0 3.83603e-05 0 4.10707e-05 0 4.37152e-05 0 4.63403e-05 0 4.90781e-05 0 5.17782e-05 0 5.45045e-05 0 5.72505e-05 0 6.00095e-05 0 6.27746e-05 0 6.54485e-05 0 6.82026e-05 0 7.10383e-05 0 7.37594e-05 0 7.65536e-05 0 7.92144e-05 0 8.21521e-05 0 8.49479e-05 0 8.75873e-05 0 9.0511e-05 0 9.32697e-05 0 9.60866e-05 0 9.87204e-05 0 0.00010165 0
303.095 0.000425583 8.7131e-05 0.000338452 0.795267 0.0890468 3.95344e-07 0 1.02365e-06 0 2.54087e-06 0 4.24987e-06 0 6.06168e-06 0 7.97324e-06 0 9.91703e-06 0 1.19139e-05 0 1.39577e-05 0 1.60153e-05 0 1.81278e-05 0 2.02278e-05 0 2.23498e-05 0 2.45089e-05 0 2.66437e-05 0 2.88193e-05 0 3.09763e-05 0 3.31464e-05 0 3.53709e-05 0 3.75344e-05 0 3.96759e-05 0 4.19031e-05 0 4.40937e-05 0 4.63e-05 0 4.85168e-05 0 5.0739e-05 0 5.29612e-05 0 5.51055e-05 0 5.73099e-05 0 5.9575e-05 0 6.17445e-05 0 6.39683e-05 0 6.60824e-05 0 6.84124e-05 0 7.06262e-05 0 7.2713e-05 0 7.50209e-05 0 7.71954e-05 0 7.94126e-05 0 8.14828e-05 0 8.37828e-05 0
318.653 0.00042163 7.56358e-05 0.000345994 0.820611 0.0327131 4.69359e-07 0 1.16015e-06 0 2.75472e-06 0 4.49338e-06 0 6.299e-06 0 8.17544e-06 0 1.0061e-05 0 1.19794e-05 0 1.39267e-05 0 1.58731e-05 0 1.78589e-05 0 1.98218e-05 0 2.17954e-05 0 2.37941e-05 0 2.57619e-05 0 2.77595e-05 0 2.97329e-05 0 3.17115e-05 0 3.37333e-05 0 3.56938e-05 0 3.76289e-05 0 3.96362e-05 0 4.16055e-05 0 4.35842e-05 0 4.55678e-05 0 4.75517e-05 0 4.95315e-05 0 5.14383e-05 0 5.33946e-05 0 5.54011e-05 0 5.73196e-05 0 5.92826e-05 0 6.11458e-05 0 6.31961e-05 0 6.51409e-05 0 6.69715e-05 0 6.89932e-05 0 7.08954e-05 0 7.28322e-05 0 7.46383e-05 0 7.66423e-05 0
335.009 0.000419733 7.85536e-05 0.000341179 0.812849 -0.000407976 6.486e-07 0 1.53392e-06 0 3.49177e-06 0 5.56136e-06 0 7.66885e-06 0 9.82778e-06 0 1.19729e-05 0 1.41353e-05 0 1.63132e-05 0 1.84753e-05 0 2.0668e-05 0 2.28238e-05 0 2.49809e-05 0 2.71559e-05 0 2.92888e-05 0 3.14459e-05 0 3.35695e-05 0 3.56919e-05 0 3.78541e-05 0 3.99448e-05 0 4.20031e-05 0 4.41328e-05 0 4.62171e-05 0 4.83066e-05 0 5.03968e-05 0 5.2483e-05 0 5.45607e-05 0 5.6558e-05 0 5.86036e-05 0 6.06979e-05 0 6.2697e-05 0 6.47392e-05 0 6.66745e-05 0 6.8801e-05 0 7.08151e-05 0 7.27083e-05 0 7.47963e-05 0 7.67582e-05 0 7.87533e-05 0 8.06114e-05 0 8.26707e-05 0
352.205 0.000453437 0.000102796 0.000350641 0.773297 0.0188327 1.10017e-06 0 2.49485e-06 0 5.45588e-06 0 8.49476e-06 0 1.1532e-05 0 1.46013e-05 0 1.76184e-05 0 2.06333e-05 0 2.36473e-05 0 2.66202e-05 0 2.96181e-05 0 3.25506e-05 0 3.54716e-05 0 3.84046e-05 0 4.12697e-05 0 4.41573e-05 0 4.69908e-05 0 4.98142e-05 0 5.26821e-05 0 5.54479e-05 0 5.81641e-05 0 6.09677e-05 0 6.37054e-05 0 6.64441e-05 0 6.9178e-05 0 7.19014e-05 0 7.46085e-05 0 7.72063e-05 0 7.98624e-05 0 8.25773e-05 0 8.51646e-05 0 8.78037e-05 0 9.0301e-05 0 9.30411e-05 0 9.56327e-05 0 9.80655e-05 0 0.000100745 0 0.00010326 0 0.000105814 0 0.00010819 0 0.000110821 0
370.284 0.000540783 0.000156917 0.000383866 0.709834 0.142171 2.12336e-06 0 4.62661e-06 0 9.73914e-06 0 1.48404e-05 0 1.98493e-05 0 2.48456e-05 0 2.97075e-05 0 3.45256e-05 0 3.93084e-05 0 4.39973e-05 0 4.87001e-05 0 5.32783e-05 0 5.78189e-05 0 6.23602e-05 0 6.67804e-05 0 7.12205e-05 0 7.55639e-05 0 7.98796e-05 0 8.42515e-05 0 8.84569e-05 0 9.25772e-05 0 9.68207e-05 0 0.000100956 0 0.000105083 0 0.000109196 0 0.000113285 0 0.000117343 0 0.00012123 0 0.000125199 0 0.000129248 0 0.000133102 0 0.000137027 0 0.000140736 0 0.0001448 0 0.000148639 0 0.000152238 0 0.000156198 0 0.000159909 0 0.000163674 0 0.000167173 0 0.000171043 0
389.291 0.000521264 0.000174567 0.000346698 0.665109 0.348846 2.91684e-06 0 6.11871e-06 0 1.24215e-05 0 1.8544e-05 0 2.44551e-05 0 3.02793e-05 0 3.58924e-05 0 4.14113e-05 0 4.68533e-05 0 5.21578e-05 0 5.74507e-05 0 6.25801e-05 0 6.76466e-05 0 7.26951e-05 0 7.75922e-05 0 8.24958e-05 0 8.72787e-05 0 9.20183e-05 0 9.68072e-05 0 0.000101403 0 0.000105896 0 0.000110513 0 0.000115003 0 0.000119476 0 0.000123925 0 0.000128341 0 0.000132716 0 0.0001369 0 0.000141165 0 0.000145511 0 0.000149641 0 0.000153841 0 0.000157806 0 0.000162144 0 0.000166237 0 0.00017007 0 0.000174282 0 0.000178225 0 0.000182221 0 0.000185931 0 0.00019003 0
409.273 0.00031654 0.000105022 0.000211518 0.66822 0.483151 2.11865e-06 0 4.28674e-06 0 8.40773e-06 0 1.231e-05 0 1.60177e-05 0 1.96285e-05 0 2.30768e-05 0 2.64421e-05 0 2.97395e-05 0 3.2936e-05 0 3.61102e-05 0 3.91731e-05 0 4.21869e-05 0 4.51793e-05 0 4.80727e-05 0 5.09613e-05 0 5.37711e-05 0 5.65483e-05 0 5.93477e-05 0 6.2028e-05 0 6.46428e-05 0 6.73247e-05 0 6.99277e-05 0 7.25166e-05 0 7.50869e-05 0 7.76338e-05 0 8.01529e-05 0 8.25588e-05 0 8.50076e-05 0 8.74994e-05 0 8.98641e-05 0 9.22664e-05 0 9.45308e-05 0 9.70058e-05 0 9.9338e-05 0 0.00010152 0 0.000103915 0 0.000106154 0 0.000108422 0 0.000110525 0 0.000112846 0
430.281 0.000182113 5.45617e-05 0.000127551 0.700396 0.485961 1.3008e-06 0 2.54316e-06 0 4.82738e-06 0 6.93851e-06 0 8.91414e-06 0 1.0817e-05 0 1.26186e-05 0 1.43644e-05 0 1.60648e-05 0 1.77047e-05 0 1.93257e-05 0 2.08836e-05 0 2.24109e-05 0 2.39223e-05 0 2.53793e-05 0 2.68298e-05 0 2.82371e-05 0 2.96247e-05 0 3.10202e-05 0 3.23535e-05 0 3.36516e-05 0 3.49806e-05 0 3.62681e-05 0 3.75466e-05 0 3.88137e-05 0 4.00674e-05 0 4.13056e-05 0 4.24864e-05 0 4.36868e-05 0 4.49066e-05 0 4.60627e-05 0 4.72358e-05 0 4.83404e-05 0 4.95463e-05 0 5.06813e-05 0 5.1742e-05 0 5.29052e-05 0 5.3992e-05 0 5.50912e-05 0 5.61098e-05 0 5.7233e-05 0
452.368 0.000116969 3.10159e-05 8.59528e-05 0.734836 0.432829 8.5629e-07 0 1.6204e-06 0 2.98167e-06 0 4.21112e-06 0 5.34521e-06 0 6.42615e-06 0 7.44123e-06 0 8.41838e-06 0 9.36473e-06 0 1.0273e-05 0 1.11669e-05 0 1.20227e-05 0 1.28588e-05 0 1.36836e-05 0 1.44765e-05 0 1.52638e-05 0 1.60257e-05 0 1.67753e-05 0 1.75276e-05 0 1.82448e-05 0 1.89419e-05 0 1.96543e-05 0 2.03433e-05 0 2.10263e-05 0 2.17023e-05 0 2.23701e-05 0 2.30287e-05 0 2.36561e-05 0 2.4293e-05 0 2.49394e-05 0 2.55513e-05 0 2.61715e-05 0 2.67549e-05 0 2.73911e-05 0 2.79893e-05 0 2.85478e-05 0 2.91597e-05 0 2.97309e-05 0 3.0308e-05 0 3.08424e-05 0 3.14312e-05 0
475.588 8.18851e-05 1.96668e-05 6.22183e-05 0.759824 0.37234 6.1673e-07 0 1.13147e-06 0 2.02144e-06 0 2.80785e-06 0 3.52344e-06 0 4.19878e-06 0 4.82809e-06 0 5.43008e-06 0 6.01e-06 0 6.56401e-06 0 7.10708e-06 0 7.62512e-06 0 8.12961e-06 0 8.62584e-06 0 9.10154e-06 0 9.57273e-06 0 1.00277e-05 0 1.04743e-05 0 1.09217e-05 0 1.13474e-05 0 1.17604e-05 0 1.21818e-05 0 1.25887e-05 0 1.29915e-05 0 1.33896e-05 0 1.37823e-05 0 1.41691e-05 0 1.45371e-05 0 1.49102e-05 0 1.52885e-05 0 1.56462e-05 0 1.60084e-05 0 1.63487e-05 0 1.67195e-05 0 1.70678e-05 0 1.73927e-05 0 1.77483e-05 0 1.808e-05 0 1.84149e-05 0 1.87247e-05 0 1.90658e-05 0
500 6.02323e-05 1.34169e-05 4.68153e-05 0.777247 0.318904 4.6921e-07 0 8.35867e-07 0 1.45209e-06 0 1.98542e-06 0 2.46451e-06 0 2.91244e-06 0 3.32682e-06 0 3.72087e-06 0 4.09857e-06 0 4.45783e-06 0 4.80866e-06 0 5.14218e-06 0 5.466e-06 0 5.78364e-06 0 6.08736e-06 0 6.3875e-06 0 6.67669e-06 0 6.96002e-06 0 7.24325e-06 0 7.51233e-06 0 7.77296e-06 0 8.03845e-06 0 8.29444e-06 0 8.54749e-06 0 8.79722e-06 0 9.04329e-06 0 9.28535e-06 0 9.51537e-06 0 9.74837e-06 0 9.98432e-06 0 1.02072e-05 0 1.04327e-05 0 1.06443e-05 0 1.08747e-05 0 1.10909e-05 0 1.12924e-05 0 1.15128e-05 0 1.17182e-05 0 1.19254e-05 0 1.21169e-05 0 1.23277e-05 0
525.665 4.58177e-05 9.77744e-06 3.60403e-05 0.786601 0.274686 3.74733e-07 0 6.49177e-07 0 1.0982e-06 0 1.47926e-06 0 1.81743e-06 0 2.13084e-06 0 2.41878e-06 0 2.69108e-06 0 2.95085e-06 0 3.19693e-06 0 3.43637e-06 0 3.66328e-06 0 3.88297e-06 0 4.09789e-06 0 4.30292e-06 0 4.50509e-06 0 4.69949e-06 0 4.88959e-06 0 5.07929e-06 0 5.25922e-06 0 5.43323e-06 0 5.61023e-06 0 5.78066e-06 0 5.94891e-06 0 6.11475e-06 0 6.27795e-06 0 6.43833e-06 0 6.59055e-06 0 6.74459e-06 0 6.90043e-06 0 7.0475e-06 0 7.19612e-06 0 7.33552e-06 0 7.48713e-06 0 7.62928e-06 0 7.76168e-06 0 7.90637e-06 0 8.04109e-06 0 8.17692e-06 0 8.30241e-06 0 8.44036e-06 0
552.648 3.54855e-05 7.39716e-06 2.80884e-05 0.791544 0.238179 3.05602e-07 0 5.1557e-07 0 8.50489e-07 0 1.12949e-06 0 1.37425e-06 0 1.59923e-06 0 1.80459e-06 0 1.99778e-06 0 2.18126e-06 0 2.35442e-06 0 2.52234e-06 0 2.68099e-06 0 2.83418e-06 0 2.98369e-06 0 3.126e-06 0 3.26604e-06 0 3.40044e-06 0 3.53165e-06 0 3.66236e-06 0 3.78614e-06 0 3.90569e-06 0 4.02712e-06 0 4.14389e-06 0 4.25903e-06 0 4.37238e-06 0 4.48382e-06 0 4.5932e-06 0 4.69692e-06 0 4.80178e-06 0 4.90776e-06 0 5.00769e-06 0 5.10859e-06 0 5.20315e-06 0 5.3059e-06 0 5.40218e-06 0 5.49178e-06 0 5.58963e-06 0 5.68068e-06 0 5.77241e-06 0 5.8571e-06 0 5.95015e-06 0
581.015 2.78648e-05 5.79531e-06 2.20695e-05 0.792021 0.207858 2.54062e-07 0 4.17981e-07 0 6.73249e-07 0 8.82198e-07 0 1.06354e-06 0 1.22892e-06 0 1.37898e-06 0 1.51945e-06 0 1.6523e-06 0 1.77723e-06 0 1.89801e-06 0 2.0118e-06 0 2.12139e-06 0 2.22812e-06 0 2.32949e-06 0 2.42905e-06 0 2.52444e-06 0 2.61741e-06 0 2.70988e-06 0 2.79733e-06 0 2.88167e-06 0 2.96724e-06 0 3.04942e-06 0 3.13036e-06 0 3.20996e-06 0 3.28813e-06 0 3.36478e-06 0 3.4374e-06 0 3.51075e-06 0 3.58482e-06 0 3.65461e-06 0 3.72501e-06 0 3.79094e-06 0 3.86254e-06 0 3.92956e-06 0 3.9919e-06 0 4.05994e-06 0 4.1232e-06 0 4.1869e-06 0 4.24567e-06 0 4.31021e-06 0
610.839 2.2101e-05 4.64742e-06 1.74536e-05 0.789719 0.182495 2.12998e-07 0 3.42174e-07 0 5.38835e-07 0 6.97171e-07 0 8.33199e-07 0 9.5635e-07 0 1.06745e-06 0 1.17098e-06 0 1.26852e-06 0 1.35993e-06 0 1.44804e-06 0 1.53085e-06 0 1.61041e-06 0 1.68772e-06 0 1.76102e-06 0 1.83288e-06 0 1.90161e-06 0 1.9685e-06 0 2.03493e-06 0 2.09768e-06 0 2.15811e-06 0 2.21936e-06 0 2.27811e-06 0 2.33592e-06 0 2.39271e-06 0 2.44843e-06 0 2.50302e-06 0 2.55469e-06 0 2.60683e-06 0 2.65945e-06 0 2.70898e-06 0 2.75891e-06 0 2.80564e-06 0 2.85635e-06 0 2.9038e-06 0 2.94789e-06 0 2.99599e-06 0 3.04068e-06 0 3.08566e-06 0 3.12713e-06 0 3.17265e-06 0
642.193 1.76837e-05 3.81009e-06 1.38736e-05 0.784542 0.161055 1.79997e-07 0 2.82707e-07 0 4.35777e-07 0 5.57113e-07 0 6.60364e-07 0 7.53203e-07 0 8.36516e-07 0 9.13814e-07 0 9.86376e-07 0 1.05417e-06 0 1.11933e-06 0 1.18042e-06 0 1.239e-06 0 1.2958e-06 0 1.34955e-06 0 1.40217e-06 0 1.45242e-06 0 1.50125e-06 0 1.54969e-06 0 1.59537e-06 0 1.63933e-06 0 1.68383e-06 0 1.72647e-06 0 1.76839e-06 0 1.80952e-06 0 1.84985e-06 0 1.88932e-06 0 1.92666e-06 0 1.9643e-06 0 2.00226e-06 0 2.03797e-06 0 2.07395e-06 0 2.10759e-06 0 2.14408e-06 0 2.17819e-06 0 2.20988e-06 0 2.24442e-06 0 2.2765e-06 0 2.30877e-06 0 2.33851e-06 0 2.37114e-06 0
675.157 1.42399e-05 3.17539e-06 1.10645e-05 0.777007 0.142676 1.52574e-07 0 2.34572e-07 0 3.54345e-07 0 4.47909e-07 0 5.2682e-07 0 5.97319e-07 0 6.60271e-07 0 7.18444e-07 0 7.72867e-07 0 8.23565e-07 0 8.72175e-07 0 9.17641e-07 0 9.61148e-07 0 1.00326e-06 0 1.04305e-06 0 1.08193e-06 0 1.11901e-06 0 1.155e-06 0 1.19066e-06 0 1.22425e-06 0 1.25653e-06 0 1.28918e-06 0 1.32044e-06 0 1.35113e-06 0 1.38123e-06 0 1.41071e-06 0 1.43955e-06 0 1.4668e-06 0 1.49426e-06 0 1.52193e-06 0 1.54795e-06 0 1.57414e-06 0 1.59861e-06 0 1.62514e-06 0 1.64993e-06 0 1.67295e-06 0 1.69803e-06 0 1.7213e-06 0 1.7447e-06 0 1.76626e-06 0 1.7899e-06 0
709.813 1.15321e-05 2.68379e-06 8.84827e-06 0.767276 0.126793 1.29504e-07 0 1.95119e-07 0 2.89175e-07 0 3.61648e-07 0 4.22261e-07 0 4.7609e-07 0 5.23934e-07 0 5.67981e-07 0 6.0906e-07 0 6.47223e-07 0 6.83727e-07 0 7.17798e-07 0 7.5034e-07 0 7.81787e-07 0 8.11449e-07 0 8.40397e-07 0 8.67968e-07 0 8.94693e-07 0 9.21139e-07 0 9.46028e-07 0 9.69927e-07 0 9.94071e-07 0 1.01717e-06 0 1.03983e-06 0 1.06203e-06 0 1.08376e-06 0 1.105e-06 0 1.12506e-06 0 1.14526e-06 0 1.1656e-06 0 1.18471e-06 0 1.20394e-06 0 1.2219e-06 0 1.24136e-06 0 1.25953e-06 0 1.27639e-06 0 1.29475e-06 0 1.31179e-06 0 1.32891e-06 0 1.34467e-06 0 1.36195e-06 0
746.248 9.3935e-06 2.2946e-06 7.0989e-06 0.755725 0.113008 1.09871e-07 0 1.62408e-07 0 2.36396e-07 0 2.92678e-07 0 3.39384e-07 0 3.80632e-07 0 4.17136e-07 0 4.50626e-07 0 4.81767e-07 0 5.10626e-07 0 5.38169e-07 0 5.63827e-07 0 5.8829e-07 0 6.11892e-07 0 6.34124e-07 0 6.55791e-07 0 6.76402e-07 0 6.96359e-07 0 7.16086e-07 0 7.34634e-07 0 7.52428e-07 0 7.70387e-07 0 7.87554e-07 0 8.04383e-07 0 8.20862e-07 0 8.36977e-07 0 8.52718e-07 0 8.67574e-07 0 8.82526e-07 0 8.97573e-07 0 9.11701e-07 0 9.2591e-07 0 9.39176e-07 0 9.53539e-07 0 9.66946e-07 0 9.79382e-07 0 9.92917e-07 0 1.00547e-06 0 1.01808e-06 0 1.02969e-06 0 1.0424e-06 0
784.553 7.68852e-06 1.98116e-06 5.70736e-06 0.742322 0.10094 9.30712e-08 0 1.35115e-07 0 1.93354e-07 0 2.37126e-07 0 2.73188e-07 0 3.04871e-07 0 3.32797e-07 0 3.58335e-07 0 3.82018e-07 0 4.03913e-07 0 4.24768e-07 0 4.4416e-07 0 4.6262e-07 0 4.80404e-07 0 4.97132e-07 0 5.13417e-07 0 5.2889e-07 0 5.43856e-07 0 5.58636e-07 0 5.72519e-07 0 5.85827e-07 0 5.99248e-07 0 6.12066e-07 0 6.24624e-07 0 6.36912e-07 0 6.48921e-07 0 6.60643e-07 0 6.717e-07 0 6.82822e-07 0 6.94009e-07 0 7.04507e-07 0 7.1506e-07 0 7.24908e-07 0 7.35566e-07 0 7.45509e-07 0 7.54728e-07 0 7.64759e-07 0 7.74058e-07 0 7.83395e-07 0 7.91986e-07 0 8.01394e-07 0
824.824 6.32101e-06 1.72462e-06 4.5964e-06 0.727161 0.0903322 7.86422e-08 0 1.1224e-07 0 1.58065e-07 0 1.92124e-07 0 2.19994e-07 0 2.44361e-07 0 2.6576e-07 0 2.8527e-07 0 3.03317e-07 0 3.19967e-07 0 3.35795e-07 0 3.50488e-07 0 3.64454e-07 0 3.7789e-07 0 3.90514e-07 0 4.02789e-07 0 4.1444e-07 0 4.25698e-07 0 4.36807e-07 0 4.47232e-07 0 4.57218e-07 0 4.67281e-07 0 4.76886e-07 0 4.86289e-07 0 4.95484e-07 0 5.04466e-07 0 5.13227e-07 0 5.21487e-07 0 5.29792e-07 0 5.3814e-07 0 5.45971e-07 0 5.53839e-07 0 5.61179e-07 0 5.69118e-07 0 5.76522e-07 0 5.83384e-07 0 5.90848e-07 0 5.97764e-07 0 6.04706e-07 0 6.11091e-07 0 6.18081e-07 0
867.163 5.21714e-06 1.50949e-06 3.70765e-06 0.710668 0.0809662 6.61403e-08 0 9.28925e-08 0 1.28859e-07 0 1.55312e-07 0 1.76823e-07 0 1.95547e-07 0 2.11933e-07 0 2.26831e-07 0 2.4058e-07 0 2.53239e-07 0 2.65253e-07 0 2.76388e-07 0 2.86957e-07 0 2.97113e-07 0 3.06644e-07 0 3.15902e-07 0 3.24681e-07 0 3.33156e-07 0 3.41512e-07 0 3.49348e-07 0 3.56848e-07 0 3.64401e-07 0 3.71605e-07 0 3.78654e-07 0 3.85543e-07 0 3.92268e-07 0 3.98825e-07 0 4.05003e-07 0 4.11212e-07 0 4.17451e-07 0 4.23301e-07 0 4.29175e-07 0 4.34653e-07 0 4.40576e-07 0 4.46098e-07 0 4.51214e-07 0 4.56776e-07 0 4.61929e-07 0 4.67099e-07 0 4.71853e-07 0 4.77056e-07 0
911.674 4.32475e-06 1.32744e-06 2.99731e-06 0.69306 0.0726856 5.53581e-08 0 7.6581e-08 0 1.04733e-07 0 1.25238e-07 0 1.41816e-07 0 1.56186e-07 0 1.68722e-07 0 1.8009e-07 0 1.90559e-07 0 2.0018e-07 0 2.09296e-07 0 2.17734e-07 0 2.25732e-07 0 2.33409e-07 0 2.40606e-07 0 2.4759e-07 0 2.54207e-07 0 2.6059e-07 0 2.66878e-07 0 2.72771e-07 0 2.78407e-07 0 2.8408e-07 0 2.89487e-07 0 2.94775e-07 0 2.9994e-07 0 3.0498e-07 0 3.09891e-07 0 3.14517e-07 0 3.19163e-07 0 3.2383e-07 0 3.28204e-07 0 3.32595e-07 0 3.36688e-07 0 3.41112e-07 0 3.45235e-07 0 3.49054e-07 0 3.53204e-07 0 3.57048e-07 0 3.60903e-07 0 3.64447e-07 0 3.68325e-07 0
958.471 3.60033e-06 1.17455e-06 2.42578e-06 0.673765 0.0653287 4.62024e-08 0 6.30103e-08 0 8.50287e-08 0 1.00923e-07 0 1.13704e-07 0 1.2474e-07 0 1.34339e-07 0 1.43024e-07 0 1.51006e-07 0 1.58329e-07 0 1.65257e-07 0 1.71661e-07 0 1.77725e-07 0 1.83539e-07 0 1.88984e-07 0 1.94263e-07 0 1.99261e-07 0 2.04079e-07 0 2.08822e-07 0 2.13263e-07 0 2.17509e-07 0 2.2178e-07 0 2.25848e-07 0 2.29825e-07 0 2.33707e-07 0 2.37494e-07 0 2.41182e-07 0 2.44655e-07 0 2.48142e-07 0 2.51642e-07 0 2.54922e-07 0 2.58213e-07 0 2.6128e-07 0 2.64594e-07 0 2.67681e-07 0 2.7054e-07 0 2.73646e-07 0 2.76521e-07 0 2.79405e-07 0 2.82055e-07 0 2.84953e-07 0
1007.67 3.00706e-06 1.04214e-06 1.96492e-06 0.653435 0.0587633 3.83408e-08 0 5.15917e-08 0 6.87503e-08 0 8.10335e-08 0 9.08611e-08 0 9.93175e-08 0 1.06653e-07 0 1.13275e-07 0 1.1935e-07 0 1.24915e-07 0 1.30173e-07 0 1.35027e-07 0 1.39619e-07 0 1.44016e-07 0 1.48132e-07 0 1.52119e-07 0 1.5589e-07 0 1.59523e-07 0 1.63097e-07 0 1.66442e-07 0 1.69638e-07 0 1.72851e-07 0 1.7591e-07 0 1.78899e-07 0 1.81816e-07 0 1.84659e-07 0 1.87428e-07 0 1.90033e-07 0 1.92649e-07 0 1.95273e-07 0 1.97732e-07 0 2.00198e-07 0 2.02495e-07 0 2.04977e-07 0 2.07288e-07 0 2.09427e-07 0 2.11751e-07 0 2.13902e-07 0 2.16059e-07 0 2.1804e-07 0 2.20207e-07 0
1059.39 2.5252e-06 9.31664e-07 1.59354e-06 0.631054 0.052893 3.18034e-08 0 4.22581e-08 0 5.56511e-08 0 6.51649e-08 0 7.27418e-08 0 7.92403e-08 0 8.48634e-08 0 8.99296e-08 0 9.45694e-08 0 9.88135e-08 0 1.02818e-07 0 1.06511e-07 0 1.10001e-07 0 1.13341e-07 0 1.16464e-07 0 1.19487e-07 0 1.22345e-07 0 1.25096e-07 0 1.278e-07 0 1.30331e-07 0 1.32747e-07 0 1.35175e-07 0 1.37485e-07 0 1.39742e-07 0 1.41943e-07 0 1.44088e-07 0 1.46176e-07 0 1.4814e-07 0 1.50111e-07 0 1.52088e-07 0 1.53939e-07 0 1.55796e-07 0 1.57525e-07 0 1.59392e-07 0 1.61131e-07 0 1.6274e-07 0 1.64487e-07 0 1.66104e-07 0 1.67724e-07 0 1.69213e-07 0 1.70841e-07 0
1113.77 2.12779e-06 8.33911e-07 1.29387e-06 0.608085 0.0476451 2.62152e-08 0 3.4422e-08 0 4.48312e-08 0 5.21729e-08 0 5.79952e-08 0 6.29738e-08 0 6.72719e-08 0 7.11373e-08 0 7.46717e-08 0 7.79005e-08 0 8.09438e-08 0 8.37474e-08 0 8.63944e-08 0 8.89254e-08 0 9.12901e-08 0 9.35778e-08 0 9.5739e-08 0 9.78184e-08 0 9.98617e-08 0 1.01772e-07 0 1.03596e-07 0 1.05427e-07 0 1.0717e-07 0 1.08871e-07 0 1.10529e-07 0 1.12145e-07 0 1.13717e-07 0 1.15195e-07 0 1.16678e-07 0 1.18165e-07 0 1.19558e-07 0 1.20954e-07 0 1.22253e-07 0 1.23656e-07 0 1.24963e-07 0 1.26171e-07 0 1.27483e-07 0 1.28697e-07 0 1.29913e-07 0 1.31031e-07 0 1.32252e-07 0
1170.94 1.79783e-06 7.46706e-07 1.05112e-06 0.584662 0.0429384 2.14654e-08 0 2.78726e-08 0 3.5925e-08 0 4.15672e-08 0 4.60243e-08 0 4.9825e-08 0 5.30994e-08 0 5.6039e-08 0 5.87233e-08 0 6.11724e-08 0 6.34783e-08 0 6.56008e-08 0 6.76029e-08 0 6.9516e-08 0 7.13021e-08 0 7.30289e-08 0 7.46594e-08 0 7.62273e-08 0 7.77672e-08 0 7.92064e-08 0 8.05794e-08 0 8.1958e-08 0 8.3269e-08 0 8.45483e-08 0 8.57953e-08 0 8.70095e-08 0 8.81907e-08 0 8.93013e-08 0 9.04149e-08 0 9.15316e-08 0 9.25765e-08 0 9.36241e-08 0 9.4599e-08 0 9.56514e-08 0 9.66309e-08 0 9.75368e-08 0 9.85203e-08 0 9.943e-08 0 1.00341e-07 0 1.01178e-07 0 1.02093e-07 0
1231.05 1.52475e-06 6.7028e-07 8.54469e-07 0.5604 0.0387227 1.75033e-08 0 2.2491e-08 0 2.87066e-08 0 3.30355e-08 0 3.64429e-08 0 3.93411e-08 0 4.18332e-08 0 4.4067e-08 0 4.61041e-08 0 4.79607e-08 0 4.97071e-08 0 5.13132e-08 0 5.28271e-08 0 5.42726e-08 0 5.56213e-08 0 5.69246e-08 0 5.81545e-08 0 5.93367e-08 0 6.04972e-08 0 6.15813e-08 0 6.26152e-08 0 6.36529e-08 0 6.46394e-08 0 6.56017e-08 0 6.65394e-08 0 6.74522e-08 0 6.83399e-08 0 6.91743e-08 0 7.00109e-08 0 7.08495e-08 0 7.1634e-08 0 7.24203e-08 0 7.3152e-08 0 7.39416e-08 0 7.46763e-08 0 7.53558e-08 0 7.60933e-08 0 7.67752e-08 0 7.74584e-08 0 7.80857e-08 0 7.87711e-08 0
1294.24 1.30161e-06 6.06166e-07 6.95446e-07 0.534296 0.0349382 1.42897e-08 0 1.8182e-08 0 2.29948e-08 0 2.63281e-08 0 2.89432e-08 0 3.11624e-08 0 3.30672e-08 0 3.47721e-08 0 3.63252e-08 0 3.77391e-08 0 3.9068e-08 0 4.02891e-08 0 4.14393e-08 0 4.25369e-08 0 4.35605e-08 0 4.45491e-08 0 4.54815e-08 0 4.63773e-08 0 4.72564e-08 0 4.80773e-08 0 4.88599e-08 0 4.96451e-08 0 5.03913e-08 0 5.1119e-08 0 5.18279e-08 0 5.25178e-08 0 5.31885e-08 0 5.38189e-08 0 5.44506e-08 0 5.50838e-08 0 5.56761e-08 0 5.62695e-08 0 5.68216e-08 0 5.74173e-08 0 5.79716e-08 0 5.8484e-08 0 5.90401e-08 0 5.95542e-08 0 6.00692e-08 0 6.0542e-08 0 6.10585e-08 0
1360.67 1.11487e-06 5.48606e-07 5.66263e-07 0.507919 0.0315323 1.1607e-08 0 1.46329e-08 0 1.83477e-08 0 2.09074e-08 0 2.29095e-08 0 2.46049e-08 0 2.60577e-08 0 2.73565e-08 0 2.85382e-08 0 2.96131e-08 0 3.06225e-08 0 3.15494e-08 0 3.24219e-08 0 3.32541e-08 0 3.40297e-08 0 3.47784e-08 0 3.54844e-08 0 3.61623e-08 0 3.68273e-08 0 3.7448e-08 0 3.80397e-08 0 3.86331e-08 0 3.91969e-08 0 3.97465e-08 0 4.02818e-08 0 4.08026e-08 0 4.13089e-08 0 4.17845e-08 0 4.22611e-08 0 4.27387e-08 0 4.31853e-08 0 4.36328e-08 0 4.4049e-08 0 4.4498e-08 0 4.49156e-08 0 4.53017e-08 0 4.57207e-08 0 4.61079e-08 0 4.64958e-08 0 4.68518e-08 0 4.72406e-08 0
1430.51 9.57456e-07 4.96246e-07 4.61209e-07 0.481703 0.028466 9.37127e-09 0 1.17125e-08 0 1.45679e-08 0 1.65261e-08 0 1.80536e-08 0 1.93445e-08 0 2.04491e-08 0 2.14354e-08 0 2.23319e-08 0 2.31467e-08 0 2.39113e-08 0 2.46129e-08 0 2.52731e-08 0 2.59023e-08 0 2.64885e-08 0 2.70541e-08 0 2.75872e-08 0 2.8099e-08 0 2.86008e-08 0 2.90691e-08 0 2.95152e-08 0 2.99626e-08 0 3.03876e-08 0 3.08018e-08 0 3.12051e-08 0 3.15974e-08 0 3.19786e-08 0 3.23367e-08 0 3.26955e-08 0 3.30549e-08 0 3.3391e-08 0 3.37276e-08 0 3.40407e-08 0 3.43784e-08 0 3.46925e-08 0 3.49828e-08 0 3.52977e-08 0 3.55888e-08 0 3.58803e-08 0 3.61478e-08 0 3.644e-08 0
1503.94 8.24569e-07 4.4877e-07 3.758e-07 0.455753 0.0257045 7.52542e-09 0 9.32947e-09 0 1.15163e-08 0 1.30097e-08 0 1.41716e-08 0 1.51518e-08 0 1.59894e-08 0 1.67365e-08 0 1.7415e-08 0 1.80312e-08 0 1.8609e-08 0 1.91389e-08 0 1.96372e-08 0 2.01119e-08 0 2.0554e-08 0 2.09804e-08 0 2.13822e-08 0 2.17677e-08 0 2.21456e-08 0 2.24982e-08 0 2.2834e-08 0 2.31707e-08 0 2.34904e-08 0 2.38019e-08 0 2.41052e-08 0 2.44001e-08 0 2.46867e-08 0 2.49558e-08 0 2.52254e-08 0 2.54955e-08 0 2.57479e-08 0 2.60007e-08 0 2.62358e-08 0 2.64894e-08 0 2.67252e-08 0 2.69431e-08 0 2.71794e-08 0 2.73979e-08 0 2.76166e-08 0 2.78173e-08 0 2.80365e-08 0
1581.14 7.16415e-07 4.09913e-07 3.06502e-07 0.427828 0.0232185 6.07443e-09 0 7.4735e-09 0 9.16006e-09 0 1.03072e-08 0 1.11977e-08 0 1.19478e-08 0 1.25879e-08 0 1.31583e-08 0 1.36759e-08 0 1.41456e-08 0 1.45858e-08 0 1.49893e-08 0 1.53685e-08 0 1.57297e-08 0 1.60659e-08 0 1.639e-08 0 1.66953e-08 0 1.69882e-08 0 1.72752e-08 0 1.75429e-08 0 1.77978e-08 0 1.80533e-08 0 1.82959e-08 0 1.85322e-08 0 1.87622e-08 0 1.89859e-08 0 1.92031e-08 0 1.94071e-08 0 1.96115e-08 0 1.98161e-08 0 2.00074e-08 0 2.01989e-08 0 2.0377e-08 0 2.0569e-08 0 2.07476e-08 0 2.09126e-08 0 2.10915e-08 0 2.12569e-08 0 2.14224e-08 0 2.15743e-08 0 2.17402e-08 0
1662.3 6.24237e-07 3.74227e-07 2.5001e-07 0.400505 0.0209758 4.87852e-09 0 5.95943e-09 0 7.25585e-09 0 8.1345e-09 0 8.8151e-09 0 9.38753e-09 0 9.8755e-09 0 1.03099e-08 0 1.07038e-08 0 1.1061e-08 0 1.13956e-08 0 1.17022e-08 0 1.19902e-08 0 1.22644e-08 0 1.25195e-08 0 1.27654e-08 0 1.29969e-08 0 1.3219e-08 0 1.34365e-08 0 1.36394e-08 0 1.38325e-08 0 1.40261e-08 0 1.42098e-08 0 1.43887e-08 0 1.45628e-08 0 1.47321e-08 0 1.48965e-08 0 1.50509e-08 0 1.52055e-08 0 1.53603e-08 0 1.55049e-08 0 1.56498e-08 0 1.57845e-08 0 1.59296e-08 0 1.60646e-08 0 1.61893e-08 0 1.63246e-08 0 1.64496e-08 0 1.65747e-08 0 1.66895e-08 0 1.68148e-08 0
1747.63 5.45261e-07 3.41314e-07 2.03947e-07 0.374035 0.018952 3.89762e-09 0 4.72942e-09 0 5.72243e-09 0 6.39323e-09 0 6.91183e-09 0 7.34742e-09 0 7.71836e-09 0 8.04832e-09 0 8.34729e-09 0 8.61828e-09 0 8.87198e-09 0 9.1043e-09 0 9.32248e-09 0 9.5301e-09 0 9.72323e-09 0 9.90933e-09 0 1.00845e-08 0 1.02525e-08 0 1.0417e-08 0 1.05704e-08 0 1.07164e-08 0 1.08626e-08 0 1.10015e-08 0 1.11366e-08 0 1.12682e-08 0 1.1396e-08 0 1.15202e-08 0 1.16367e-08 0 1.17534e-08 0 1.18703e-08 0 1.19795e-08 0 1.20888e-08 0 1.21904e-08 0 1.23e-08 0 1.24018e-08 0 1.24959e-08 0 1.25979e-08 0 1.26922e-08 0 1.27865e-08 0 1.28731e-08 0 1.29676e-08 0
1837.33 4.77386e-07 3.10915e-07 1.6647e-07 0.348712 0.017128 3.09777e-09 0 3.73534e-09 0 4.49325e-09 0 5.0037e-09 0 5.39765e-09 0 5.72812e-09 0 6.00928e-09 0 6.25919e-09 0 6.4855e-09 0 6.69051e-09 0 6.88235e-09 0 7.05796e-09 0 7.22282e-09 0 7.37964e-09 0 7.52549e-09 0 7.66598e-09 0 7.79819e-09 0 7.92493e-09 0 8.04905e-09 0 8.16474e-09 0 8.27484e-09 0 8.38512e-09 0 8.48977e-09 0 8.59167e-09 0 8.69079e-09 0 8.78714e-09 0 8.88068e-09 0 8.96849e-09 0 9.05639e-09 0 9.1444e-09 0 9.22663e-09 0 9.30894e-09 0 9.38545e-09 0 9.46792e-09 0 9.54457e-09 0 9.61539e-09 0 9.69218e-09 0 9.76311e-09 0 9.83411e-09 0 9.89923e-09 0 9.97033e-09 0
1931.64 4.18709e-07 2.82759e-07 1.3595e-07 0.324689 0.0154832 2.44885e-09 0 2.93552e-09 0 3.51182e-09 0 3.89889e-09 0 4.19713e-09 0 4.44704e-09 0 4.65948e-09 0 4.84819e-09 0 5.01896e-09 0 5.1736e-09 0 5.31824e-09 0 5.45059e-09 0 5.5748e-09 0 5.69292e-09 0 5.80274e-09 0 5.90851e-09 0 6.00802e-09 0 6.10339e-09 0 6.19678e-09 0 6.2838e-09 0 6.3666e-09 0 6.44953e-09 0 6.52821e-09 0 6.60481e-09 0 6.67932e-09 0 6.75172e-09 0 6.82202e-09 0 6.88799e-09 0 6.95404e-09 0 7.02015e-09 0 7.08192e-09 0 7.14374e-09 0 7.20119e-09 0 7.26313e-09 0 7.32068e-09 0 7.37385e-09 0 7.4315e-09 0 7.48475e-09 0 7.53804e-09 0 7.58692e-09 0 7.64028e-09 0
2030.79 3.68626e-07 2.57605e-07 1.11021e-07 0.301174 0.0139964 1.93249e-09 0 2.30378e-09 0 2.7419e-09 0 3.03543e-09 0 3.26127e-09 0 3.45032e-09 0 3.61089e-09 0 3.75344e-09 0 3.88238e-09 0 3.99908e-09 0 4.10819e-09 0 4.20801e-09 0 4.30165e-09 0 4.39068e-09 0 4.47343e-09 0 4.55311e-09 0 4.62806e-09 0 4.69988e-09 0 4.7702e-09 0 4.83571e-09 0 4.89803e-09 0 4.96044e-09 0 5.01965e-09 0 5.07728e-09 0 5.13333e-09 0 5.1878e-09 0 5.24067e-09 0 5.29028e-09 0 5.33995e-09 0 5.38966e-09 0 5.43609e-09 0 5.48257e-09 0 5.52576e-09 0 5.57231e-09 0 5.61557e-09 0 5.65552e-09 0 5.69884e-09 0 5.73886e-09 0 5.7789e-09 0 5.81562e-09 0 5.85571e-09 0
2135.03 3.27095e-07 2.36442e-07 9.06535e-08 0.277147 0.0126513 1.53135e-09 0 1.81614e-09 0 2.1511e-09 0 2.37501e-09 0 2.54706e-09 0 2.69094e-09 0 2.81307e-09 0 2.92142e-09 0 3.01939e-09 0 3.10802e-09 0 3.19086e-09 0 3.26661e-09 0 3.33766e-09 0 3.4052e-09 0 3.46796e-09 0 3.52838e-09 0 3.5852e-09 0 3.63964e-09 0 3.69293e-09 0 3.74257e-09 0 3.78979e-09 0 3.83707e-09 0 3.88192e-09 0 3.92556e-09 0 3.96801e-09 0 4.00925e-09 0 4.04928e-09 0 4.08684e-09 0 4.12444e-09 0 4.16206e-09 0 4.19721e-09 0 4.23238e-09 0 4.26507e-09 0 4.30029e-09 0 4.33302e-09 0 4.36325e-09 0 4.39603e-09 0 4.4263e-09 0 4.45658e-09 0 4.48436e-09 0 4.51469e-09 0
2244.63 2.90818e-07 2.16735e-07 7.40833e-08 0.254741 0.011439 1.20817e-09 0 1.42592e-09 0 1.68127e-09 0 1.85161e-09 0 1.98233e-09 0 2.09157e-09 0 2.18422e-09 0 2.26639e-09 0 2.34065e-09 0 2.4078e-09 0 2.47055e-09 0 2.52792e-09 0 2.58171e-09 0 2.63283e-09 0 2.68033e-09 0 2.72604e-09 0 2.76903e-09 0 2.8102e-09 0 2.8505e-09 0 2.88804e-09 0 2.92374e-09 0 2.95948e-09 0 2.99338e-09 0 3.02637e-09 0 3.05845e-09 0 3.08962e-09 0 3.11986e-09 0 3.14824e-09 0 3.17664e-09 0 3.20507e-09 0 3.23161e-09 0 3.25818e-09 0 3.28286e-09 0 3.30947e-09 0 3.33418e-09 0 3.35701e-09 0 3.38175e-09 0 3.40461e-09 0 3.42748e-09 0 3.44845e-09 0 3.47134e-09 0
2359.84 2.58862e-07 1.98317e-07 6.05454e-08 0.23389 0.0103435 9.48756e-10 0 1.11465e-09 0 1.30868e-09 0 1.43787e-09 0 1.53691e-09 0 1.6196e-09 0 1.6897e-09 0 1.75183e-09 0 1.80797e-09 0 1.85872e-09 0 1.90612e-09 0 1.94945e-09 0 1.99007e-09 0 2.02866e-09 0 2.06451e-09 0 2.09901e-09 0 2.13144e-09 0 2.16251e-09 0 2.19291e-09 0 2.22122e-09 0 2.24815e-09 0 2.2751e-09 0 2.30066e-09 0 2.32553e-09 0 2.34972e-09 0 2.37321e-09 0 2.39601e-09 0 2.4174e-09 0 2.4388e-09 0 2.46022e-09 0 2.48023e-09 0 2.50024e-09 0 2.51884e-09 0 2.53888e-09 0 2.5575e-09 0 2.5747e-09 0 2.59334e-09 0 2.61055e-09 0 2.62778e-09 0 2.64357e-09 0 2.66081e-09 0
2480.97 2.30632e-07 1.81155e-07 4.94767e-08 0.214527 0.00935299 7.41759e-10 0 8.67739e-10 0 1.01473e-09 0 1.11242e-09 0 1.18725e-09 0 1.24968e-09 0 1.30257e-09 0 1.34944e-09 0 1.39176e-09 0 1.43001e-09 0 1.46574e-09 0 1.49838e-09 0 1.52897e-09 0 1.55804e-09 0 1.58503e-09 0 1.611e-09 0 1.63542e-09 0 1.6588e-09 0 1.68168e-09 0 1.70299e-09 0 1.72324e-09 0 1.74352e-09 0 1.76275e-09 0 1.78146e-09 0 1.79965e-09 0 1.81732e-09 0 1.83446e-09 0 1.85055e-09 0 1.86664e-09 0 1.88275e-09 0 1.89779e-09 0 1.91284e-09 0 1.92682e-09 0 1.94188e-09 0 1.95588e-09 0 1.9688e-09 0 1.98281e-09 0 1.99575e-09 0 2.00869e-09 0 2.02056e-09 0 2.03352e-09 0
2608.32 2.07091e-07 1.66653e-07 4.04381e-08 0.195267 0.00845865 5.82555e-10 0 6.78764e-10 0 7.90768e-10 0 8.65098e-10 0 9.21971e-10 0 9.69395e-10 0 1.00956e-09 0 1.04513e-09 0 1.07724e-09 0 1.10626e-09 0 1.13335e-09 0 1.1581e-09 0 1.18129e-09 0 1.20332e-09 0 1.22378e-09 0 1.24346e-09 0 1.26195e-09 0 1.27967e-09 0 1.297e-09 0 1.31313e-09 0 1.32847e-09 0 1.34383e-09 0 1.35839e-09 0 1.37255e-09 0 1.38632e-09 0 1.3997e-09 0 1.41268e-09 0 1.42485e-09 0 1.43703e-09 0 1.44922e-09 0 1.4606e-09 0 1.47199e-09 0 1.48257e-09 0 1.49397e-09 0 1.50456e-09 0 1.51434e-09 0 1.52494e-09 0 1.53472e-09 0 1.54451e-09 0 1.55349e-09 0 1.56329e-09 0
2742.21 1.86199e-07 1.53126e-07 3.30731e-08 0.177622 0.00765166 4.55873e-10 0 5.29162e-10 0 6.14311e-10 0 6.70739e-10 0 7.13879e-10 0 7.4983e-10 0 7.80265e-10 0 8.07209e-10 0 8.31527e-10 0 8.53494e-10 0 8.74e-10 0 8.9273e-10 0 9.1028e-10 0 9.26946e-10 0 9.4242e-10 0 9.57305e-10 0 9.71294e-10 0 9.84689e-10 0 9.97791e-10 0 1.00999e-09 0 1.02159e-09 0 1.0332e-09 0 1.0442e-09 0 1.05491e-09 0 1.06531e-09 0 1.07542e-09 0 1.08523e-09 0 1.09443e-09 0 1.10363e-09 0 1.11284e-09 0 1.12144e-09 0 1.13004e-09 0 1.13803e-09 0 1.14664e-09 0 1.15464e-09 0 1.16203e-09 0 1.17003e-09 0 1.17743e-09 0 1.18482e-09 0 1.1916e-09 0 1.199e-09 0
2882.97 1.67457e-07 1.40411e-07 2.70458e-08 0.161509 0.00692164 3.5522e-10 0 4.10869e-10 0 4.75406e-10 0 5.18119e-10 0 5.5075e-10 0 5.77929e-10 0 6.00928e-10 0 6.21283e-10 0 6.39649e-10 0 6.56237e-10 0 6.71718e-10 0 6.85855e-10 0 6.991e-10 0 7.11676e-10 0 7.23351e-10 0 7.34581e-10 0 7.45134e-10 0 7.55237e-10 0 7.65119e-10 0 7.74319e-10 0 7.83065e-10 0 7.91817e-10 0 8.00115e-10 0 8.08186e-10 0 8.16032e-10 0 8.23651e-10 0 8.31044e-10 0 8.37977e-10 0 8.44915e-10 0 8.51855e-10 0 8.58335e-10 0 8.64819e-10 0 8.70841e-10 0 8.7733e-10 0 8.83357e-10 0 8.88922e-10 0 8.94954e-10 0 9.00523e-10 0 9.06095e-10 0 9.11203e-10 0 9.16778e-10 0
3030.95 1.50865e-07 1.28752e-07 2.21132e-08 0.146576 0.00626095 2.76207e-10 0 3.18417e-10 0 3.67286e-10 0 3.99593e-10 0 4.24256e-10 0 4.4479e-10 0 4.62159e-10 0 4.77527e-10 0 4.9139e-10 0 5.03908e-10 0 5.15588e-10 0 5.26254e-10 0 5.36245e-10 0 5.4573e-10 0 5.54534e-10 0 5.63002e-10 0 5.70959e-10 0 5.78576e-10 0 5.86025e-10 0 5.9296e-10 0 5.99553e-10 0 6.06149e-10 0 6.12402e-10 0 6.18485e-10 0 6.24398e-10 0 6.30139e-10 0 6.35709e-10 0 6.40933e-10 0 6.4616e-10 0 6.51388e-10 0 6.56271e-10 0 6.61155e-10 0 6.65691e-10 0 6.70579e-10 0 6.75119e-10 0 6.79311e-10 0 6.83854e-10 0 6.88048e-10 0 6.92244e-10 0 6.96092e-10 0 7.0029e-10 0
3186.53 1.37019e-07 1.18933e-07 1.80855e-08 0.131993 0.00566328 2.15928e-10 0 2.48149e-10 0 2.85397e-10 0 3.09995e-10 0 3.28762e-10 0 3.4438e-10 0 3.57586e-10 0 3.69268e-10 0 3.79804e-10 0 3.89316e-10 0 3.9819e-10 0 4.06292e-10 0 4.1388e-10 0 4.21083e-10 0 4.27769e-10 0 4.34199e-10 0 4.40239e-10 0 4.46022e-10 0 4.51677e-10 0 4.56941e-10 0 4.61945e-10 0 4.66951e-10 0 4.71697e-10 0 4.76313e-10 0 4.808e-10 0 4.85156e-10 0 4.89383e-10 0 4.93347e-10 0 4.97312e-10 0 5.01279e-10 0 5.04983e-10 0 5.08688e-10 0 5.1213e-10 0 5.15837e-10 0 5.19281e-10 0 5.22461e-10 0 5.25906e-10 0 5.29088e-10 0 5.32271e-10 0 5.35189e-10 0 5.38373e-10 0
3350.09 1.24479e-07 1.09684e-07 1.47956e-08 0.11886 0.00512322 1.68215e-10 0 1.92749e-10 0 2.21072e-10 0 2.39758e-10 0 2.54006e-10 0 2.65859e-10 0 2.75879e-10 0 2.8474e-10 0 2.9273e-10 0 2.99942e-10 0 3.0667e-10 0 3.12812e-10 0 3.18563e-10 0 3.24023e-10 0 3.29089e-10 0 3.33961e-10 0 3.38538e-10 0 3.42919e-10 0 3.47204e-10 0 3.51191e-10 0 3.54982e-10 0 3.58774e-10 0 3.62369e-10 0 3.65865e-10 0 3.69263e-10 0 3.72562e-10 0 3.75763e-10 0 3.78764e-10 0 3.81767e-10 0 3.84771e-10 0 3.87575e-10 0 3.9038e-10 0 3.92986e-10 0 3.95793e-10 0 3.984e-10 0 4.00808e-10 0 4.03416e-10 0 4.05825e-10 0 4.08234e-10 0 4.10443e-10 0 4.12853e-10 0
3522.05 1.13058e-07 1.00956e-07 1.2102e-08 0.107043 0.00463452 1.30561e-10 0 1.4919e-10 0 1.7067e-10 0 1.84828e-10 0 1.95619e-10 0 2.04593e-10 0 2.12176e-10 0 2.18882e-10 0 2.24927e-10 0 2.30383e-10 0 2.35471e-10 0 2.40116e-10 0 2.44465e-10 0 2.48593e-10 0 2.52424e-10 0 2.56107e-10 0 2.59567e-10 0 2.62879e-10 0 2.66117e-10 0 2.69131e-10 0 2.71996e-10 0 2.74862e-10 0 2.77578e-10 0 2.8022e-10 0 2.82788e-10 0 2.85281e-10 0 2.87699e-10 0 2.89967e-10 0 2.92235e-10 0 2.94505e-10 0 2.96623e-10 0 2.98743e-10 0 3.00711e-10 0 3.02832e-10 0 3.04801e-10 0 3.06619e-10 0 3.0859e-10 0 3.10409e-10 0 3.12229e-10 0 3.13897e-10 0 3.15718e-10 0
3702.84 1.0261e-07 9.27128e-08 9.89695e-09 0.0964523 0.00419229 1.0094e-10 0 1.15044e-10 0 1.31286e-10 0 1.41985e-10 0 1.50134e-10 0 1.56909e-10 0 1.62634e-10 0 1.67694e-10 0 1.72256e-10 0 1.76372e-10 0 1.8021e-10 0 1.83714e-10 0 1.86994e-10 0 1.90107e-10 0 1.92996e-10 0 1.95773e-10 0 1.98382e-10 0 2.00879e-10 0 2.0332e-10 0 2.05593e-10 0 2.07752e-10 0 2.09912e-10 0 2.1196e-10 0 2.13951e-10 0 2.15887e-10 0 2.17766e-10 0 2.19588e-10 0 2.21297e-10 0 2.23007e-10 0 2.24717e-10 0 2.26314e-10 0 2.27911e-10 0 2.29394e-10 0 2.30992e-10 0 2.32476e-10 0 2.33846e-10 0 2.35331e-10 0 2.36701e-10 0 2.38072e-10 0 2.39329e-10 0 2.40701e-10 0
3892.91 9.30364e-08 8.49372e-08 8.09922e-09 0.0870543 0.00379311 7.77316e-11 0 8.83757e-11 0 1.00622e-10 0 1.08682e-10 0 1.1482e-10 0 1.1992e-10 0 1.24229e-10 0 1.28038e-10 0 1.3147e-10 0 1.34567e-10 0 1.37455e-10 0 1.4009e-10 0 1.42557e-10 0 1.44899e-10 0 1.47071e-10 0 1.4916e-10 0 1.51122e-10 0 1.52999e-10 0 1.54835e-10 0 1.56543e-10 0 1.58167e-10 0 1.59791e-10 0 1.6133e-10 0 1.62827e-10 0 1.64282e-10 0 1.65694e-10 0 1.67064e-10 0 1.68349e-10 0 1.69634e-10 0 1.70919e-10 0 1.72119e-10 0 1.73319e-10 0 1.74434e-10 0 1.75635e-10 0 1.7675e-10 0 1.7778e-10 0 1.78895e-10 0 1.79925e-10 0 1.80956e-10 0 1.819e-10 0 1.82931e-10 0
4092.73 8.46843e-08 7.8057e-08 6.6273e-09 0.0782589 0.00343177 5.99588e-11 0 6.80123e-11 0 7.72696e-11 0 8.33584e-11 0 8.79932e-11 0 9.1844e-11 0 9.50963e-11 0 9.79704e-11 0 1.0056e-10 0 1.02897e-10 0 1.05076e-10 0 1.07064e-10 0 1.08925e-10 0 1.10691e-10 0 1.12329e-10 0 1.13904e-10 0 1.15384e-10 0 1.16799e-10 0 1.18184e-10 0 1.19472e-10 0 1.20696e-10 0 1.2192e-10 0 1.23081e-10 0 1.24209e-10 0 1.25306e-10 0 1.26371e-10 0 1.27404e-10 0 1.28372e-10 0 1.29341e-10 0 1.3031e-10 0 1.31214e-10 0 1.32119e-10 0 1.32959e-10 0 1.33864e-10 0 1.34705e-10 0 1.35481e-10 0 1.36322e-10 0 1.37098e-10 0 1.37874e-10 0 1.38586e-10 0 1.39363e-10 0
4302.81 7.75078e-08 7.20862e-08 5.42159e-09 0.0699489 0.00310457 4.64132e-11 0 5.25333e-11 0 5.95622e-11 0 6.41826e-11 0 6.76984e-11 0 7.06189e-11 0 7.3085e-11 0 7.5264e-11 0 7.72273e-11 0 7.89984e-11 0 8.06496e-11 0 8.21563e-11 0 8.35666e-11 0 8.49048e-11 0 8.61463e-11 0 8.73398e-11 0 8.84606e-11 0 8.95332e-11 0 9.05818e-11 0 9.15576e-11 0 9.24849e-11 0 9.34125e-11 0 9.42916e-11 0 9.51465e-11 0 9.59771e-11 0 9.67836e-11 0 9.75658e-11 0 9.82992e-11 0 9.90329e-11 0 9.97666e-11 0 1.00452e-10 0 1.01137e-10 0 1.01773e-10 0 1.02458e-10 0 1.03095e-10 0 1.03683e-10 0 1.04319e-10 0 1.04907e-10 0 1.05495e-10 0 1.06034e-10 0 1.06622e-10 0
4523.68 7.08717e-08 6.64364e-08 4.43529e-09 0.062582 0.00280861 3.58082e-11 0 4.04472e-11 0 4.5771e-11 0 4.92687e-11 0 5.19295e-11 0 5.41391e-11 0 5.60047e-11 0 5.76529e-11 0 5.91377e-11 0 6.04771e-11 0 6.17258e-11 0 6.2865e-11 0 6.39313e-11 0 6.4943e-11 0 6.58816e-11 0 6.67838e-11 0 6.76311e-11 0 6.84419e-11 0 6.92345e-11 0 6.99721e-11 0 7.0673e-11 0 7.1374e-11 0 7.20384e-11 0 7.26845e-11 0 7.33123e-11 0 7.39217e-11 0 7.45128e-11 0 7.50671e-11 0 7.56215e-11 0 7.6176e-11 0 7.66936e-11 0 7.72113e-11 0 7.76921e-11 0 7.821e-11 0 7.86909e-11 0 7.91349e-11 0 7.9616e-11 0 8.00602e-11 0 8.05044e-11 0 8.09117e-11 0 8.1356e-11 0
4755.88 6.47242e-08 6.10938e-08 3.63043e-09 0.0560907 0.00254132 2.75318e-11 0 3.10388e-11 0 3.50607e-11 0 3.77018e-11 0 3.97103e-11 0 4.1378e-11 0 4.27858e-11 0 4.40294e-11 0 4.51497e-11 0 4.61601e-11 0 4.7102e-11 0 4.79613e-11 0 4.87656e-11 0 4.95287e-11 0 5.02365e-11 0 5.09169e-11 0 5.15559e-11 0 5.21673e-11 0 5.27649e-11 0 5.33211e-11 0 5.38496e-11 0 5.43782e-11 0 5.48791e-11 0 5.53662e-11 0 5.58395e-11 0 5.6299e-11 0 5.67447e-11 0 5.71625e-11 0 5.75805e-11 0 5.79985e-11 0 5.83887e-11 0 5.8779e-11 0 5.91414e-11 0 5.95318e-11 0 5.98943e-11 0 6.02291e-11 0 6.05917e-11 0 6.09265e-11 0 6.12613e-11 0 6.15683e-11 0 6.19032e-11 0
5000 5.90412e-08 5.60702e-08 2.97093e-09 0.0503197 0.00229934 2.11025e-11 0 2.37474e-11 0 2.67788e-11 0 2.87685e-11 0 3.02813e-11 0 3.15372e-11 0 3.25972e-11 0 3.35334e-11 0 3.43768e-11 0 3.51374e-11 0 3.58464e-11 0 3.64931e-11 0 3.70984e-11 0 3.76727e-11 0 3.82054e-11 0 3.87174e-11 0 3.91982e-11 0 3.96583e-11 0 4.0108e-11 0 4.05265e-11 0 4.09241e-11 0 4.13218e-11 0 4.16987e-11 0 4.20652e-11 0 4.24213e-11 0 4.2767e-11 0 4.31022e-11 0 4.34166e-11 0 4.3731e-11 0 4.40454e-11 0 4.4339e-11 0 4.46326e-11 0 4.49052e-11 0 4.51989e-11 0 4.54716e-11 0 4.57234e-11 0 4.59961e-11 0 4.6248e-11 0 4.64998e-11 0 4.67307e-11 0 4.69826e-11 0
