# 0.00658175 0 116 : grain size, compostion index, size index
# Heating and cooling timescale: 3.88782e-08 inf
# Ratio of heating to cooling to determine stochastic cutoff: 100
# Equilibrium emission is recorded even for those grains in the stochastic regime.
# Emission spectrum was computed for: 
# Type: ISRF
# Scales: 0.25 0.5 1 1.5 2 2.5 3 3.5 4 4.5 5 5.5 6 6.5 7 7.5 8 8.5 9 9.5 10 10.5 11 11.5 12 12.5 13 13.5 14 14.5 15 15.5 16 16.5 17 17.5 18 18.5 19 19.5 20
# StochasticallyHeated: 0 0 0 0 0 0 0 0 0 0 0 0 0 0 0 0 0 0 0 0 0 0 0 0 0 0 0 0 0 0 0 0 0 0 0 0 0 0 0 0 0
# Temperature: -1
# Wavelength  CExt  CAbs  CSca  Albedo G EqEm1 StEm1 EqEm2 StEm2 EqEm3 StEm3 EqEm4 StEm4 EqEm5 StEm5 EqEm6 StEm6 EqEm7 StEm7 EqEm8 StEm8 EqEm9 StEm9 EqEm10 StEm10 EqEm11 StEm11 EqEm12 StEm12 EqEm13 StEm13 EqEm14 StEm14 EqEm15 StEm15 EqEm16 StEm16 EqEm17 StEm17 EqEm18 StEm18 EqEm19 StEm19 EqEm20 StEm20 EqEm21 StEm21 EqEm22 StEm22 EqEm23 StEm23 EqEm24 StEm24 EqEm25 StEm25 EqEm26 StEm26 EqEm27 StEm27 EqEm28 StEm28 EqEm29 StEm29 EqEm30 StEm30 EqEm31 StEm31 EqEm32 StEm32 EqEm33 StEm33 EqEm34 StEm34 EqEm35 StEm35 EqEm36 StEm36 EqEm37 StEm37 EqEm38 StEm38 EqEm39 StEm39 EqEm40 StEm40 EqEm41 StEm41
0.05 0.000272719 0.000128794 0.000143925 0.527742 0.989928 0 0 0 0 0 0 0 0 0 0 0 0 0 0 0 0 0 0 0 0 0 0 0 0 0 0 0 0 0 0 0 0 0 0 0 0 0 0 0 0 0 0 0 0 0 0 0 0 0 0 0 0 0 0 0 0 0 0 0 0 0 0 0 0 0 0 0 0 0 0 0 0 0 0 0 0 0 0 0 0 0 0
0.0525665 0.000272759 0.000126333 0.000146426 0.536833 0.983235 0 0 0 0 0 0 0 0 0 0 0 0 0 0 0 0 0 0 0 0 0 0 0 0 0 0 0 0 0 0 0 0 0 0 0 0 0 0 0 0 0 0 0 0 0 0 0 0 0 0 0 0 0 0 0 0 0 0 0 0 0 0 0 0 0 0 0 0 0 0 0 0 0 0 0 0 0 0 0 0 0 0
0.0552647 0.00027279 0.000125509 0.000147281 0.539905 0.979612 0 0 0 0 0 0 0 0 0 0 0 0 0 0 0 0 0 0 0 0 0 0 0 0 0 0 0 0 0 0 0 0 0 0 0 0 0 0 0 0 0 0 0 0 0 0 0 0 0 0 0 0 0 0 0 0 0 0 0 0 0 0 0 0 0 0 0 0 0 0 0 0 0 0 0 0 0 0 0 0 0 0
0.0581015 0.000272819 0.000125101 0.000147718 0.541451 0.977105 0 0 0 0 0 0 0 0 0 0 0 0 0 0 0 0 0 0 0 0 0 0 0 0 0 0 0 0 0 0 0 0 0 0 0 0 0 0 0 0 0 0 0 0 0 0 0 0 0 0 0 0 0 0 0 0 0 0 0 0 0 0 0 0 0 0 0 0 0 0 0 0 0 0 0 0 0 0 0 0 0 0
0.0610839 0.000272847 0.000124865 0.000147982 0.542362 0.975236 0 0 0 0 0 0 0 0 0 0 0 0 0 0 0 0 0 0 0 0 0 0 0 0 0 0 0 0 0 0 0 0 0 0 0 0 0 0 0 0 0 0 0 0 0 0 0 0 0 0 0 0 0 0 0 0 0 0 0 0 0 0 0 0 0 0 0 0 0 0 0 0 0 0 0 0 0 0 0 0 0 0
0.0642193 0.000272874 0.000124655 0.000148219 0.543178 0.973599 0 0 0 0 0 0 0 0 0 0 0 0 0 0 0 0 0 0 0 0 0 0 0 0 0 0 0 0 0 0 0 0 0 0 0 0 0 0 0 0 0 0 0 0 0 0 0 0 0 0 0 0 0 0 0 0 0 0 0 0 0 0 0 0 0 0 0 0 0 0 0 0 0 0 0 0 0 0 0 0 0 0
0.0675157 0.000272902 0.000124387 0.000148515 0.544206 0.971876 0 0 0 0 0 0 0 0 0 0 0 0 0 0 0 0 0 0 0 0 0 0 0 0 0 0 0 0 0 0 0 0 0 0 0 0 0 0 0 0 0 0 0 0 0 0 0 0 0 0 0 0 0 0 0 0 0 0 0 0 0 0 0 0 0 0 0 0 0 0 0 0 0 0 0 0 0 0 0 0 0 0
0.0709813 0.000272931 0.000124042 0.000148888 0.545517 0.969896 0 0 0 0 0 0 0 0 0 0 0 0 0 0 0 0 0 0 0 0 0 0 0 0 0 0 0 0 0 0 0 0 0 0 0 0 0 0 0 0 0 0 0 0 0 0 0 0 0 0 0 0 0 0 0 0 0 0 0 0 0 0 0 0 0 0 0 0 0 0 0 0 0 0 0 0 0 0 0 0 0 0
0.0746248 0.00027296 0.000123645 0.000149315 0.54702 0.967653 0 0 0 0 0 0 0 0 0 0 0 0 0 0 0 0 0 0 0 0 0 0 0 0 0 0 0 0 0 0 0 0 0 0 0 0 0 0 0 0 0 0 0 0 0 0 0 0 0 0 0 0 0 0 0 0 0 0 0 0 0 0 0 0 0 0 0 0 0 0 0 0 0 0 0 0 0 0 0 0 0 0
0.0784553 0.000272991 0.000123246 0.000149745 0.548536 0.965311 0 0 0 0 0 0 0 0 0 0 0 0 0 0 0 0 0 0 0 0 0 0 0 0 0 0 0 0 0 0 0 0 0 0 0 0 0 0 0 0 0 0 0 0 0 0 0 0 0 0 0 0 0 0 0 0 0 0 0 0 0 0 0 0 0 0 0 0 0 0 0 0 0 0 0 0 0 0 0 0 0 0
0.0824824 0.000273023 0.000122855 0.000150168 0.550019 0.962929 0 0 0 0 0 0 0 0 0 0 0 0 0 0 0 0 0 0 0 0 0 0 0 0 0 0 0 0 0 0 0 0 0 0 0 0 0 0 0 0 0 0 0 0 0 0 0 0 0 0 0 0 0 0 0 0 0 0 0 0 0 0 0 0 0 0 0 0 0 0 0 0 0 0 0 0 0 0 0 0 0 0
0.0867162 0.000273055 0.000122467 0.000150587 0.551491 0.960497 0 0 0 0 0 0 0 0 0 0 0 0 0 0 0 0 0 0 0 0 0 0 0 0 0 0 0 0 0 0 0 0 0 0 0 0 0 0 0 0 0 0 0 0 0 0 0 0 0 0 0 0 0 0 0 0 0 0 0 0 0 0 0 0 0 0 0 0 0 0 0 0 0 0 0 0 0 0 0 0 0 0
0.0911674 0.000273089 0.000122081 0.000151008 0.552963 0.958003 0 0 0 0 0 0 0 0 0 0 0 0 0 0 0 0 0 0 0 0 0 0 0 0 0 0 0 0 0 0 0 0 0 0 0 0 0 0 0 0 0 0 0 0 0 0 0 0 0 0 0 0 0 0 0 0 0 0 0 0 0 0 0 0 0 0 0 0 0 0 0 0 0 0 0 0 0 0 0 0 0 0
0.095847 0.000273124 0.000121699 0.000151425 0.554417 0.955455 0 0 0 0 0 0 0 0 0 0 0 0 0 0 0 0 0 0 0 0 0 0 0 0 0 0 0 0 0 0 0 0 0 0 0 0 0 0 0 0 0 0 0 0 0 0 0 0 0 0 0 0 0 0 0 0 0 0 0 0 0 0 0 0 0 0 0 0 0 0 0 0 0 0 0 0 0 0 0 0 0 0
0.100767 0.000273162 0.000121337 0.000151824 0.555804 0.952913 0 0 0 0 0 0 0 0 0 0 0 0 0 0 0 0 0 0 0 0 0 0 0 0 0 0 0 0 0 0 0 0 0 0 0 0 0 0 0 0 0 0 0 0 0 0 0 0 0 0 0 0 0 0 0 0 0 0 0 0 0 0 0 0 0 0 0 0 0 0 0 0 0 0 0 0 0 0 0 0 0 0
0.105939 0.000273199 0.00012105 0.000152149 0.556917 0.950583 0 0 0 0 0 0 0 0 0 0 0 0 0 0 0 0 0 0 0 0 0 0 0 0 0 0 0 0 0 0 0 0 0 0 0 0 0 0 0 0 0 0 0 0 0 0 0 0 0 0 0 0 0 0 0 0 0 0 0 0 0 0 0 0 0 0 0 0 0 0 0 0 0 0 0 0 0 0 0 0 0 0
0.111377 0.000273239 0.000120889 0.000152349 0.557568 0.948846 0 0 0 0 0 0 0 0 0 0 0 0 0 0 0 0 0 0 0 0 0 0 0 0 0 0 0 0 0 0 0 0 0 0 0 0 0 0 0 0 0 0 0 0 0 0 0 0 0 0 0 0 0 0 0 0 0 0 0 0 0 0 0 0 0 0 0 0 0 0 0 0 0 0 0 0 0 0 0 0 0 0
0.117094 0.000273278 0.000120817 0.000152461 0.557897 0.947668 0 0 0 0 0 0 0 0 0 0 0 0 0 0 0 0 0 0 0 0 0 0 0 0 0 0 0 0 0 0 0 0 0 0 0 0 0 0 0 0 0 0 0 0 0 0 0 0 0 0 0 0 0 0 0 0 0 0 0 0 0 0 0 0 0 0 0 0 0 0 0 0 0 0 0 0 0 0 0 0 0 0
0.123105 0.000273319 0.000120687 0.000152632 0.558438 0.946276 0 0 0 0 0 0 0 0 0 0 0 0 0 0 0 0 0 0 0 0 0 0 0 0 0 0 0 0 0 0 0 0 0 0 0 0 0 0 0 0 0 0 0 0 0 0 0 0 0 0 0 0 0 0 0 0 0 0 0 0 0 0 0 0 0 0 0 0 0 0 0 0 0 0 0 0 0 0 0 0 0 0
0.129424 0.000273362 0.000120636 0.000152726 0.558695 0.945189 0 0 0 0 0 0 0 0 0 0 0 0 0 0 0 0 0 0 0 0 0 0 0 0 0 0 0 0 0 0 0 0 0 0 0 0 0 0 0 0 0 0 0 0 0 0 0 0 0 0 0 0 0 0 0 0 0 0 0 0 0 0 0 0 0 0 0 0 0 0 0 0 0 0 0 0 0 0 0 0 0 0
0.136067 0.000273404 0.000120801 0.000152603 0.558159 0.945321 0 0 0 0 0 0 0 0 0 0 0 0 0 0 0 0 0 0 0 0 0 0 0 0 0 0 0 0 0 0 0 0 0 0 0 0 0 0 0 0 0 0 0 0 0 0 0 0 0 0 0 0 0 0 0 0 0 0 0 0 0 0 0 0 0 0 0 0 0 0 0 0 0 0 0 0 0 0 0 0 0 0
0.143051 0.000273446 0.000120845 0.000152601 0.558066 0.945046 0 0 0 0 0 0 0 0 0 0 0 0 0 0 0 0 0 0 0 0 0 0 0 0 0 0 0 0 0 0 0 0 0 0 0 0 0 0 0 0 0 0 0 0 0 0 0 0 0 0 0 0 0 0 0 0 0 0 0 0 0 0 0 0 0 0 0 0 0 0 0 0 0 0 0 0 0 0 0 0 0 0
0.150394 0.000273492 0.00012113 0.000152362 0.557098 0.945748 0 0 0 0 0 0 0 0 0 0 0 0 0 0 0 0 0 0 0 0 0 0 0 0 0 0 0 0 0 0 0 0 0 0 0 0 0 0 0 0 0 0 0 0 0 0 0 0 0 0 0 0 0 0 0 0 0 0 0 0 0 0 0 0 0 0 0 0 0 0 0 0 0 0 0 0 0 0 0 0 0 0
0.158114 0.00027353 0.000122079 0.000151452 0.553692 0.950458 0 0 0 0 0 0 0 0 0 0 0 0 0 0 0 0 0 0 0 0 0 0 0 0 0 0 0 0 0 0 0 0 0 0 0 0 0 0 0 0 0 0 0 0 0 0 0 0 0 0 0 0 0 0 0 0 0 0 0 0 0 0 0 0 0 0 0 0 0 0 0 0 0 0 0 0 0 0 0 0 0 0
0.16623 0.000273565 0.000122184 0.000151381 0.553363 0.95196 0 0 0 0 0 0 0 0 0 0 0 0 0 0 0 0 0 0 0 0 0 0 0 0 0 0 0 0 0 0 0 0 0 0 0 0 0 0 0 0 0 0 0 0 0 0 0 0 0 0 0 0 0 0 0 0 0 0 0 0 0 0 0 0 0 0 0 0 0 0 0 0 0 0 0 0 0 0 0 0 0 0
0.174762 0.000273606 0.000121296 0.000152309 0.556674 0.948529 0 0 0 0 0 0 0 0 0 0 0 0 0 0 0 0 0 0 0 0 0 0 0 0 0 0 0 0 0 0 0 0 0 0 0 0 0 0 0 0 0 0 0 0 0 0 0 0 0 0 0 0 0 0 0 0 0 0 0 0 0 0 0 0 0 0 0 0 0 0 0 0 0 0 0 0 0 0 0 0 0 0
0.183733 0.000273654 0.000119904 0.00015375 0.56184 0.942351 0 0 0 0 0 0 0 0 0 0 0 0 0 0 0 0 0 0 0 0 0 0 0 0 0 0 0 0 0 0 0 0 0 0 0 0 0 0 0 0 0 0 0 0 0 0 0 0 0 0 0 0 0 0 0 0 0 0 0 0 0 0 0 0 0 0 0 0 0 0 0 0 0 0 0 0 0 0 0 0 0 0
0.193164 0.000273711 0.000117861 0.000155849 0.569395 0.932556 0 0 0 0 0 0 0 0 0 0 0 0 0 0 0 0 0 0 0 0 0 0 0 0 0 0 0 0 0 0 0 0 0 0 0 0 0 0 0 0 0 0 0 0 0 0 0 0 0 0 0 0 0 0 0 0 0 0 0 0 0 0 0 0 0 0 0 0 0 0 0 0 0 0 0 0 0 0 0 0 0 0
0.203079 0.000273777 0.000115697 0.00015808 0.577405 0.920914 0 0 0 0 0 0 0 0 0 0 0 0 0 0 0 0 0 0 0 0 0 0 0 0 0 0 0 0 0 0 0 0 0 0 0 0 0 0 0 0 0 0 0 0 0 0 0 0 0 0 0 0 0 0 0 0 0 0 0 0 0 0 0 0 0 0 0 0 0 0 0 0 0 0 0 0 0 0 0 0 0 0
0.213503 0.000273846 0.00011401 0.000159836 0.583672 0.911195 0 0 0 0 0 0 0 0 0 0 0 0 0 0 0 0 0 0 0 0 0 0 0 0 0 0 0 0 0 0 0 0 0 0 0 0 0 0 0 0 0 0 0 0 0 0 0 0 0 0 0 0 0 0 0 0 0 0 0 0 0 0 0 0 0 0 0 0 0 0 0 0 0 0 0 0 0 0 0 0 0 0
0.224463 0.000273916 0.000112545 0.000161371 0.589125 0.902455 0 0 0 0 0 0 0 0 0 0 0 0 0 0 0 0 0 0 0 0 0 0 0 0 0 0 0 0 0 0 0 0 0 0 0 0 0 0 0 0 0 0 0 0 0 0 0 0 0 0 0 0 0 0 0 0 0 0 0 0 0 0 0 0 0 0 0 0 0 0 0 0 0 0 0 0 0 0 0 0 0 0
0.235984 0.000273989 0.000111064 0.000162925 0.594641 0.893664 0 0 0 0 0 0 0 0 0 0 0 0 0 0 0 0 0 0 0 0 0 0 0 0 0 0 0 0 0 0 0 0 0 0 0 0 0 0 0 0 0 0 0 0 0 0 0 0 0 0 0 0 0 0 0 0 0 0 0 0 0 0 0 0 0 0 0 0 0 0 0 0 0 0 0 0 0 0 0 0 0 0
0.248097 0.000274067 0.000109321 0.000164746 0.601115 0.883249 0 0 0 0 0 0 0 0 0 0 0 0 0 0 0 0 0 0 0 0 0 0 0 0 0 0 0 0 0 0 0 0 0 0 0 0 0 0 0 0 0 0 0 0 0 0 0 0 0 0 0 0 0 0 0 0 0 0 0 0 0 0 0 0 0 0 0 0 0 0 0 0 0 0 0 0 0 0 0 0 0 0
0.260832 0.000274149 0.000107945 0.000166205 0.606256 0.874401 0 0 0 0 0 0 0 0 0 0 0 0 0 0 0 0 0 0 0 0 0 0 0 0 0 0 0 0 0 0 0 0 0 0 0 0 0 0 0 0 0 0 0 0 0 0 0 0 0 0 0 0 0 0 0 0 0 0 0 0 0 0 0 0 0 0 0 0 0 0 0 0 0 0 0 0 0 0 0 0 0 0
0.274221 0.000274234 0.000106848 0.000167386 0.610376 0.866964 0 0 0 0 0 0 0 0 0 0 0 0 0 0 0 0 0 0 0 0 0 0 0 0 0 0 0 0 0 0 0 0 0 0 0 0 0 0 0 0 0 0 0 0 0 0 0 0 0 0 0 0 0 0 0 0 0 0 0 0 0 0 0 0 0 0 0 0 0 0 0 0 0 0 0 0 0 0 0 0 0 0
0.288297 0.00027432 0.00010597 0.000168351 0.613701 0.860814 0 0 0 0 0 0 0 0 0 0 0 0 0 0 0 0 0 0 0 0 0 0 0 0 0 0 0 0 0 0 0 0 0 0 0 0 0 0 0 0 0 0 0 0 0 0 0 0 0 0 0 0 0 0 0 0 0 0 0 0 0 0 0 0 0 0 0 0 0 0 0 0 0 0 0 0 0 0 0 0 0 0
0.303095 0.000274409 0.000105226 0.000169184 0.616538 0.855363 0 0 0 0 0 0 0 0 0 0 0 0 0 0 0 0 0 0 0 0 0 0 0 0 0 0 0 0 0 0 0 0 0 0 0 0 0 0 0 0 0 0 0 0 0 0 0 0 0 0 0 0 0 0 0 0 0 0 0 0 0 0 0 0 0 0 0 0 0 0 0 0 0 0 0 0 0 0 0 0 0 0
0.318653 0.0002745 0.000104598 0.000169901 0.61895 0.850652 0 0 0 0 0 0 0 0 0 0 0 0 0 0 0 0 0 0 0 0 0 0 0 0 0 0 0 0 0 0 0 0 0 0 0 0 0 0 0 0 0 0 0 0 0 0 0 0 0 0 0 0 0 0 0 0 0 0 0 0 0 0 0 0 0 0 0 0 0 0 0 0 0 0 0 0 0 0 0 0 0 0
0.335009 0.000274593 0.000104036 0.000170558 0.621128 0.846356 0 0 0 0 0 0 0 0 0 0 0 0 0 0 0 0 0 0 0 0 0 0 0 0 0 0 0 0 0 0 0 0 0 0 0 0 0 0 0 0 0 0 0 0 0 0 0 0 0 0 0 0 0 0 0 0 0 0 0 0 0 0 0 0 0 0 0 0 0 0 0 0 0 0 0 0 0 0 0 0 0 0
0.352205 0.00027469 0.000103535 0.000171155 0.623085 0.842445 0 0 0 0 0 0 0 0 0 0 0 0 0 0 0 0 0 0 0 0 0 0 0 0 0 0 0 0 0 0 0 0 0 0 0 0 0 0 0 0 0 0 0 0 0 0 0 0 0 0 0 0 0 0 0 0 0 0 0 0 0 0 0 0 0 0 0 0 0 0 0 0 0 0 0 0 0 0 0 0 0 0
0.370284 0.000274791 0.000103036 0.000171755 0.62504 0.838616 0 0 0 0 0 0 0 0 0 0 0 0 0 0 0 0 0 0 0 0 0 0 0 0 0 0 0 0 0 0 0 0 0 0 0 0 0 0 0 0 0 0 0 0 0 0 0 0 0 0 0 0 0 0 0 0 0 0 0 0 0 0 0 0 0 0 0 0 0 0 0 0 0 0 0 0 0 0 0 0 0 0
0.389291 0.000274894 0.000102554 0.00017234 0.626932 0.834933 0 0 0 0 0 0 0 0 0 0 0 0 0 0 0 0 0 0 0 0 0 0 0 0 0 0 0 0 0 0 0 0 0 0 0 0 0 0 0 0 0 0 0 0 0 0 0 0 0 0 0 0 0 0 0 0 0 0 0 0 0 0 0 0 0 0 0 0 0 0 0 0 0 0 0 0 0 0 0 0 0 0
0.409273 0.000275001 0.000102054 0.000172948 0.628898 0.831198 0 0 0 0 0 0 0 0 0 0 0 0 0 0 0 0 0 0 0 0 0 0 0 0 0 0 0 0 0 0 0 0 0 0 0 0 0 0 0 0 0 0 0 0 0 0 0 0 0 0 0 0 0 0 0 0 0 0 0 0 0 0 0 0 0 0 0 0 0 0 0 0 0 0 0 0 0 0 0 0 0 0
0.430281 0.000275113 0.000101545 0.000173569 0.630898 0.827444 0 0 0 0 0 0 0 0 0 0 0 0 0 0 0 0 0 0 0 0 0 0 0 0 0 0 0 0 0 0 0 0 0 0 0 0 0 0 0 0 0 0 0 0 0 0 0 0 0 0 0 0 0 0 0 0 0 0 0 0 0 0 0 0 0 0 0 0 0 0 0 0 0 0 0 0 0 0 0 0 0 0
0.452368 0.000275229 0.000101064 0.000174164 0.632799 0.823835 0 0 0 0 0 0 0 0 0 0 0 0 0 0 0 0 0 0 0 0 0 0 0 0 0 0 0 0 0 0 0 0 0 0 0 0 0 0 0 0 0 0 0 0 0 0 0 0 0 0 0 0 0 0 0 0 0 0 0 0 0 0 0 0 0 0 0 0 0 0 0 0 0 0 0 0 0 0 0 0 0 0
0.475588 0.000275349 0.000100592 0.000174756 0.634673 0.820278 0 0 0 0 0 0 0 0 0 0 0 0 0 0 0 0 0 0 0 0 0 0 0 0 0 0 0 0 0 0 0 0 0 0 0 0 0 0 0 0 0 0 0 0 0 0 0 0 0 0 0 0 0 0 0 0 0 0 0 0 0 0 0 0 0 0 0 0 0 0 0 0 0 0 0 0 0 0 0 0 0 0
0.5 0.000275472 0.000100198 0.000175274 0.636268 0.817118 0 0 0 0 0 0 0 0 0 0 0 0 0 0 0 0 0 0 0 0 0 0 0 0 0 0 0 0 0 0 0 0 0 0 0 0 0 0 0 0 0 0 0 0 0 0 0 0 0 0 0 0 0 0 0 0 0 0 0 0 0 0 0 0 0 0 0 0 0 0 0 0 0 0 0 0 0 0 0 0 0 0
0.525665 0.000275599 9.98769e-05 0.000175722 0.6376 0.814363 0 0 0 0 0 0 0 0 0 0 0 0 0 0 0 0 0 0 0 0 0 0 0 0 0 0 0 0 0 0 0 0 0 0 0 0 0 0 0 0 0 0 0 0 0 0 0 0 0 0 0 0 0 0 0 0 0 0 0 0 0 0 0 0 0 0 0 0 0 0 0 0 0 0 0 0 0 0 0 0 0 0
0.552648 0.000275728 9.96211e-05 0.000176107 0.638698 0.811985 0 0 0 0 0 0 0 0 0 0 0 0 0 0 0 0 0 0 0 0 0 0 0 0 0 0 0 0 0 0 0 0 0 0 0 0 0 0 0 0 0 0 0 0 0 0 0 0 0 0 0 0 0 0 0 0 0 0 0 0 0 0 0 0 0 0 0 0 0 0 0 0 0 0 0 0 0 0 0 0 0 0
0.581015 0.00027586 9.94061e-05 0.000176454 0.63965 0.80986 0 0 0 0 0 0 0 0 0 0 0 0 0 0 0 0 0 0 0 0 0 0 0 0 0 0 0 0 0 0 0 0 0 0 0 0 0 0 0 0 0 0 0 0 0 0 0 0 0 0 0 0 0 0 0 0 0 0 0 0 0 0 0 0 0 0 0 0 0 0 0 0 0 0 0 0 0 0 0 0 0 0
0.610839 0.000275996 9.92017e-05 0.000176794 0.640569 0.807826 0 0 0 0 0 0 0 0 0 0 0 0 0 0 0 0 0 0 0 0 0 0 0 0 0 0 0 0 0 0 0 0 0 0 0 0 0 0 0 0 0 0 0 0 0 0 0 0 0 0 0 0 0 0 0 0 0 0 0 0 0 0 0 0 0 0 0 0 0 0 0 0 0 0 0 0 0 0 0 0 0 0
0.642193 0.000276135 9.90109e-05 0.000177125 0.641441 0.805899 0 0 0 0 0 0 0 0 0 0 0 0 0 0 0 0 0 0 0 0 0 0 0 0 0 0 0 0 0 0 0 0 0 0 0 0 0 0 0 0 0 0 0 0 0 0 0 0 0 0 0 0 0 0 0 0 0 0 0 0 0 0 0 0 0 0 0 0 0 0 0 0 0 0 0 0 0 0 0 0 0 0
0.675157 0.00027628 9.88185e-05 0.000177462 0.642325 0.803995 0 0 0 0 0 0 0 0 0 0 0 0 0 0 0 0 0 0 0 0 0 0 0 0 0 0 0 0 0 0 0 0 0 0 0 0 0 0 0 0 0 0 0 0 0 0 0 0 0 0 0 0 0 0 0 0 0 0 0 0 0 0 0 0 0 0 0 0 0 0 0 0 0 0 0 0 0 0 0 0 0 0
0.709813 0.000276427 9.86246e-05 0.000177803 0.643217 0.802095 0 0 0 0 0 0 0 0 0 0 0 0 0 0 0 0 0 0 0 0 0 0 0 0 0 0 0 0 0 0 0 0 0 0 0 0 0 0 0 0 0 0 0 0 0 0 0 0 0 0 0 0 0 0 0 0 0 0 0 0 0 0 0 0 0 0 0 0 0 0 0 0 0 0 0 0 0 0 0 0 0 0
0.746248 0.000276579 9.84449e-05 0.000178134 0.644063 0.800281 0 0 0 0 0 0 0 0 0 0 0 0 0 0 0 0 0 0 0 0 0 0 0 0 0 0 0 0 0 0 0 0 0 0 0 0 0 0 0 0 0 0 0 0 0 0 0 0 0 0 0 0 0 0 0 0 0 0 0 0 0 0 0 0 0 0 0 0 0 0 0 0 0 0 0 0 0 0 0 0 0 0
0.784553 0.000276734 9.82914e-05 0.000178442 0.644816 0.798591 0 0 0 0 0 0 0 0 0 0 0 0 0 0 0 0 0 0 0 0 0 0 0 0 0 0 0 0 0 0 0 0 0 0 0 0 0 0 0 0 0 0 0 0 0 0 0 0 0 0 0 0 0 0 0 0 0 0 0 0 0 0 0 0 0 0 0 0 0 0 0 0 0 0 0 0 0 0 0 0 0 0
0.824824 0.00027689 9.82332e-05 0.000178657 0.645227 0.797396 0 0 0 0 0 0 0 0 0 0 0 0 0 0 0 0 0 0 0 0 0 0 0 0 0 0 0 0 0 0 0 0 0 0 0 0 0 0 0 0 0 0 0 0 0 0 0 0 0 0 0 0 0 0 0 0 0 0 0 0 0 0 0 0 0 0 0 0 0 0 0 0 0 0 0 0 0 0 0 0 0 0
0.867162 0.000277048 9.82657e-05 0.000178782 0.645311 0.79673 0 0 0 0 0 0 0 0 0 0 0 0 0 0 0 0 0 0 0 0 0 0 0 0 0 0 0 0 0 0 0 0 0 0 0 0 0 0 0 0 0 0 0 0 0 0 0 0 0 0 0 0 0 0 0 0 0 0 0 0 0 0 0 0 0 0 0 0 0 0 0 0 0 0 0 0 0 0 0 0 0 0
0.911674 0.000277211 9.83052e-05 0.000178906 0.645378 0.796163 0 0 0 0 0 0 0 0 0 0 0 0 0 0 0 0 0 0 0 0 0 0 0 0 0 0 0 0 0 0 0 0 0 0 0 0 0 0 0 0 0 0 0 0 0 0 0 0 0 0 0 0 0 0 0 0 0 0 0 0 0 0 0 0 0 0 0 0 0 0 0 0 0 0 0 0 0 0 0 0 0 0
0.95847 0.000277381 9.82589e-05 0.000179122 0.645762 0.795195 0 0 0 0 0 0 0 0 0 0 0 0 0 0 0 0 0 0 0 0 0 0 0 0 0 0 0 0 0 0 0 0 0 0 0 0 0 0 0 0 0 0 0 0 0 0 0 0 0 0 0 0 0 0 0 0 0 0 0 0 0 0 0 0 0 0 0 0 0 0 0 0 0 0 0 0 0 0 0 0 0 0
1.00767 0.000277558 9.81624e-05 0.000179395 0.646335 0.793955 0 0 0 0 0 0 0 0 0 0 0 0 0 0 0 0 0 0 0 0 0 0 0 0 0 0 0 0 0 0 0 0 0 0 0 0 0 0 0 0 0 0 0 0 0 0 0 0 0 0 0 0 0 0 0 0 0 0 0 0 0 0 0 0 0 0 0 0 0 0 0 0 0 0 0 0 0 0 0 0 0 0
1.05939 0.000277739 9.80776e-05 0.000179662 0.646872 0.792776 0 0 0 0 0 0 0 0 0 0 0 0 0 0 0 0 0 0 0 0 0 0 0 0 0 0 0 0 0 0 0 0 0 0 0 0 0 0 0 0 0 0 0 0 0 0 0 0 0 0 0 0 0 0 0 0 0 0 0 0 0 0 0 0 0 0 0 0 0 0 0 0 0 0 0 0 0 0 0 0 0 0
1.11377 0.000277926 9.79975e-05 0.000179928 0.647397 0.791623 0 0 0 0 0 0 0 0 0 0 0 0 0 0 0 0 0 0 0 0 0 0 0 0 0 0 0 0 0 0 0 0 0 0 0 0 0 0 0 0 0 0 0 0 0 0 0 0 0 0 0 0 0 0 0 0 0 0 0 0 0 0 0 0 0 0 0 0 0 0 0 0 0 0 0 0 0 0 0 0 0 0
1.17094 0.000278117 9.78942e-05 0.000180223 0.648011 0.790348 0 0 0 0 0 0 0 0 0 0 0 0 0 0 0 0 0 0 0 0 0 0 0 0 0 0 0 0 0 0 0 0 0 0 0 0 0 0 0 0 0 0 0 0 0 0 0 0 0 0 0 0 0 0 0 0 0 0 0 0 0 0 0 0 0 0 0 0 0 0 0 0 0 0 0 0 0 0 0 0 0 0
1.23105 0.000278316 9.77901e-05 0.000180526 0.648636 0.789068 0 0 0 0 0 0 0 0 0 0 0 0 0 0 0 0 0 0 0 0 0 0 0 0 0 0 0 0 0 0 0 0 0 0 0 0 0 0 0 0 0 0 0 0 0 0 0 0 0 0 0 0 0 0 0 0 0 0 0 0 0 0 0 0 0 0 0 0 0 0 0 0 0 0 0 0 0 0 0 0 0 0
1.29424 0.000278518 9.77042e-05 0.000180814 0.6492 0.78787 0 0 0 0 0 0 0 0 0 0 0 0 0 0 0 0 0 0 0 0 0 0 0 0 0 0 0 0 0 0 0 0 0 0 0 0 0 0 0 0 0 0 0 0 0 0 0 0 0 0 0 0 0 0 0 0 0 0 0 0 0 0 0 0 0 0 0 0 0 0 0 0 0 0 0 0 0 0 0 0 0 0
1.36067 0.000278724 9.76867e-05 0.000181037 0.649521 0.787023 0 0 0 0 0 0 0 0 0 0 0 0 0 0 0 0 0 0 0 0 0 0 0 0 0 0 0 0 0 0 0 0 0 0 0 0 0 0 0 0 0 0 0 0 0 0 0 0 0 0 0 0 0 0 0 0 0 0 0 0 0 0 0 0 0 0 0 0 0 0 0 0 0 0 0 0 0 0 0 0 0 0
1.43051 0.000278938 9.76704e-05 0.000181268 0.649849 0.786213 0 0 0 0 0 0 0 0 0 0 0 0 0 0 0 0 0 0 0 0 0 0 0 0 0 0 0 0 0 0 0 0 0 0 0 0 0 0 0 0 0 0 0 0 0 0 0 0 0 0 0 0 0 0 0 0 0 0 0 0 0 0 0 0 0 0 0 0 0 0 0 0 0 0 0 0 0 0 0 0 0 0
1.50394 0.000279162 9.757e-05 0.000181592 0.65049 0.784963 0 0 0 0 0 0 0 0 0 0 0 0 0 0 0 0 0 0 0 0 0 0 0 0 0 0 0 0 0 0 0 0 0 0 0 0 0 0 0 0 0 0 0 0 0 0 0 0 0 0 0 0 0 0 0 0 0 0 0 0 0 0 0 0 0 0 0 0 0 0 0 0 0 0 0 0 0 0 0 0 0 0
1.58114 0.000279393 9.74519e-05 0.000181941 0.651202 0.783598 0 0 0 0 0 0 0 0 0 0 0 0 0 0 0 0 0 0 0 0 0 0 0 0 0 0 0 0 0 0 0 0 0 0 0 0 0 0 0 0 0 0 0 0 0 0 0 0 0 0 0 0 0 0 0 0 0 0 0 0 0 0 0 0 0 0 0 0 0 0 0 0 0 0 0 0 0 0 0 0 0 0
1.6623 0.00027963 9.7355e-05 0.000182275 0.651843 0.782321 0 0 0 0 0 0 0 0 0 0 0 0 0 0 0 0 0 0 0 0 0 0 0 0 0 0 0 0 0 0 0 0 0 0 0 0 0 0 0 0 0 0 0 0 0 0 0 0 0 0 0 0 0 0 0 0 0 0 0 0 0 0 0 0 0 0 0 0 0 0 0 0 0 0 0 0 0 0 0 0 0 0
1.74763 0.000279871 9.72932e-05 0.000182578 0.652364 0.781215 0 0 0 0 0 0 0 0 0 0 0 0 0 0 0 0 0 0 0 0 0 0 0 0 0 0 0 0 0 0 0 0 0 0 0 0 0 0 0 0 0 0 0 0 0 0 0 0 0 0 0 0 0 0 0 0 0 0 0 0 0 0 0 0 0 0 0 0 0 0 0 0 0 0 0 0 0 0 0 0 0 0
1.83733 0.000280123 9.72267e-05 0.000182896 0.652914 0.780095 0 0 0 0 0 0 0 0 0 0 0 0 0 0 0 0 0 0 0 0 0 0 0 0 0 0 0 0 0 0 0 0 0 0 0 0 0 0 0 0 0 0 0 0 0 0 0 0 0 0 0 0 0 0 0 0 0 0 0 0 0 0 0 0 0 0 0 0 0 0 0 0 0 0 0 0 0 0 0 0 0 0
1.93164 0.000280384 9.70898e-05 0.000183294 0.653726 0.778587 0 0 0 0 0 0 0 0 0 0 0 0 0 0 0 0 0 0 0 0 0 0 0 0 0 0 0 0 0 0 0 0 0 0 0 0 0 0 0 0 0 0 0 0 0 0 0 0 0 0 0 0 0 0 0 0 0 0 0 0 0 0 0 0 0 0 0 0 0 0 0 0 0 0 0 0 0 0 0 0 0 0
2.03079 0.000280648 9.70004e-05 0.000183648 0.65437 0.777295 0 0 0 0 0 0 0 0 0 0 0 0 0 0 0 0 0 0 0 0 0 0 0 0 0 0 0 0 0 0 0 0 0 0 0 0 0 0 0 0 0 0 0 0 0 0 0 0 0 0 0 0 0 0 0 0 0 0 0 0 0 0 0 0 0 0 0 0 0 0 0 0 0 0 0 0 0 0 0 0 0 0
2.13503 0.00028092 9.69414e-05 0.000183978 0.654914 0.776151 0 0 0 0 0 0 0 0 0 0 0 0 0 0 0 0 0 0 0 0 0 0 0 0 0 0 0 0 0 0 0 0 0 0 0 0 0 0 0 0 0 0 0 0 0 0 0 0 0 0 0 0 0 0 0 0 0 0 0 0 0 0 0 0 0 0 0 0 0 0 0 0 0 0 0 0 0 0 0 0 0 0
2.24463 0.000281202 9.6884e-05 0.000184318 0.655465 0.774999 0 0 0 0 0 0 0 0 0 0 0 0 0 0 0 0 0 0 0 0 0 0 0 0 0 0 0 0 0 0 0 0 0 0 0 0 0 0 0 0 0 0 0 0 0 0 0 0 0 0 0 0 0 0 0 0 0 0 0 0 0 0 0 0 0 0 0 0 0 0 0 0 0 0 0 0 0 0 0 0 0 0
2.35984 0.000281494 9.68257e-05 0.000184668 0.656029 0.773831 0 0 0 0 0 0 0 0 0 0 0 0 0 0 0 0 0 0 0 0 0 0 0 0 0 0 0 0 0 0 0 0 0 0 0 0 0 0 0 0 0 0 0 0 0 0 0 0 0 0 0 0 0 0 0 0 0 0 0 0 0 0 0 0 0 0 0 0 0 0 0 0 0 0 0 0 0 0 0 0 0 0
2.48097 0.000281793 9.67356e-05 0.000185058 0.656714 0.772474 0 0 0 0 0 0 0 0 0 0 0 0 0 0 0 0 0 0 0 0 0 0 0 0 0 0 0 0 0 0 0 0 0 0 0 0 0 0 0 0 0 0 0 0 0 0 0 0 0 0 0 0 0 0 0 0 0 0 0 0 0 0 0 0 0 0 0 0 0 0 0 0 0 0 0 0 0 0 0 0 0 0
2.60832 0.000282097 9.67667e-05 0.000185331 0.656974 0.771708 0 0 0 0 0 0 0 0 0 0 0 0 0 0 0 0 0 0 0 0 0 0 0 0 0 0 0 0 0 0 0 0 0 0 0 0 0 0 0 0 0 0 0 0 0 0 0 0 0 0 0 0 0 0 0 0 0 0 0 0 0 0 0 0 0 0 0 0 0 0 0 0 0 0 0 0 0 0 0 0 0 0
2.74221 0.000282428 9.66756e-05 0.000185752 0.657698 0.770331 0 0 0 0 0 0 0 0 0 0 0 0 0 0 0 0 0 0 0 0 0 0 0 0 0 0 0 0 0 0 0 0 0 0 0 0 0 0 0 0 0 0 0 0 0 0 0 0 0 0 0 0 0 0 0 0 0 0 0 0 0 0 0 0 0 0 0 0 0 0 0 0 0 0 0 0 0 0 0 0 0 0
2.88297 0.000282758 9.65551e-05 0.000186203 0.658524 0.768758 0 0 0 0 0 0 0 0 0 0 0 0 0 0 0 0 0 0 0 0 0 0 0 0 0 0 0 0 0 0 0 0 0 0 0 0 0 0 0 0 0 0 0 0 0 0 0 0 0 0 0 0 0 0 0 0 0 0 0 0 0 0 0 0 0 0 0 0 0 0 0 0 0 0 0 0 0 0 0 0 0 0
3.03095 0.000283101 9.65157e-05 0.000186585 0.659077 0.767577 0 0 0 0 0 0 0 0 0 0 0 0 0 0 0 0 0 0 0 0 0 0 0 0 0 0 0 0 0 0 0 0 0 0 0 0 0 0 0 0 0 0 0 0 0 0 0 0 0 0 0 0 0 0 0 0 0 0 0 0 0 0 0 0 0 0 0 0 0 0 0 0 0 0 0 0 0 0 0 0 0 0
3.18653 0.000283463 9.63521e-05 0.000187111 0.660089 0.765759 0 0 0 0 0 0 0 0 0 0 0 0 0 0 0 0 0 0 0 0 0 0 0 0 0 0 0 0 0 0 0 0 0 0 0 0 0 0 0 0 0 0 0 0 0 0 0 0 0 0 0 0 0 0 0 0 0 0 0 0 0 0 0 0 0 0 0 0 0 0 0 0 0 0 0 0 0 0 0 0 0 0
3.35009 0.000283814 9.61878e-05 0.000187626 0.661089 0.763891 0 0 0 0 0 0 0 0 0 0 0 0 0 0 0 0 0 0 0 0 0 0 0 0 0 0 0 0 0 0 0 0 0 0 0 0 0 0 0 0 0 0 0 0 0 0 0 0 0 0 0 0 0 0 0 0 0 0 0 0 0 0 0 0 0 0 0 0 0 0 0 0 0 0 0 0 0 0 0 0 0 0
3.52205 0.000284192 9.61679e-05 0.000188024 0.661609 0.762731 0 0 0 0 0 0 0 0 0 0 0 0 0 0 0 0 0 0 0 0 0 0 0 0 0 0 0 0 0 0 0 0 0 0 0 0 0 0 0 0 0 0 0 0 0 0 0 0 0 0 0 0 0 0 0 0 0 0 0 0 0 0 0 0 0 0 0 0 0 0 0 0 0 0 0 0 0 0 0 0 0 0
3.70284 0.000284577 9.6045e-05 0.000188532 0.662499 0.761034 0 0 0 0 0 0 0 0 0 0 0 0 0 0 0 0 0 0 0 0 0 0 0 0 0 0 0 0 0 0 0 0 0 0 0 0 0 0 0 0 0 0 0 0 0 0 0 0 0 0 0 0 0 0 0 0 0 0 0 0 0 0 0 0 0 0 0 0 0 0 0 0 0 0 0 0 0 0 0 0 0 0
3.89291 0.000284968 9.58785e-05 0.00018909 0.663546 0.759098 0 0 0 0 0 0 0 0 0 0 0 0 0 0 0 0 0 0 0 0 0 0 0 0 0 0 0 0 0 0 0 0 0 0 0 0 0 0 0 0 0 0 0 0 0 0 0 0 0 0 0 0 0 0 0 0 0 0 0 0 0 0 0 0 0 0 0 0 0 0 0 0 0 0 0 0 0 0 0 0 0 0
4.09273 0.000285375 9.57635e-05 0.000189611 0.664429 0.757392 0 0 0 0 0 0 0 0 0 0 0 0 0 0 0 0 0 0 0 0 0 0 0 0 0 0 0 0 0 0 0 0 0 0 0 0 0 0 0 0 0 0 0 0 0 0 0 0 0 0 0 0 0 0 0 0 0 0 0 0 0 0 0 0 0 0 0 0 0 0 0 0 0 0 0 0 0 0 0 0 0 0
4.30281 0.000285787 9.57608e-05 0.000190026 0.664923 0.756195 0 0 0 0 0 0 0 0 0 0 0 0 0 0 0 0 0 0 0 0 0 0 0 0 0 0 0 0 0 0 0 0 0 0 0 0 0 0 0 0 0 0 0 0 0 0 0 0 0 0 0 0 0 0 0 0 0 0 0 0 0 0 0 0 0 0 0 0 0 0 0 0 0 0 0 0 0 0 0 0 0 0
4.52368 0.000286201 9.57474e-05 0.000190454 0.665454 0.754916 0 0 0 0 0 0 0 0 0 0 0 0 0 0 0 0 0 0 0 0 0 0 0 0 0 0 0 0 0 0 0 0 0 0 0 0 0 0 0 0 0 0 0 0 0 0 0 0 0 0 0 0 0 0 0 0 0 0 0 0 0 0 0 0 0 0 0 0 0 0 0 0 0 0 0 0 0 0 0 0 0 0
4.75588 0.000286634 9.56967e-05 0.000190937 0.666136 0.753433 0 0 0 0 0 0 0 0 0 0 0 0 0 0 0 0 0 0 0 0 0 0 0 0 0 0 0 0 0 0 0 0 0 0 0 0 0 0 0 0 0 0 0 0 0 0 0 0 0 0 0 0 0 0 0 0 0 0 0 0 0 0 0 0 0 0 0 0 0 0 0 0 0 0 0 0 0 0 0 0 0 0
5 0.000287062 9.5667e-05 0.000191395 0.666737 0.752019 0 0 0 0 0 0 0 0 0 0 0 0 0 0 0 0 0 0 0 0 0 0 0 0 0 0 0 0 0 0 0 0 0 0 0 0 0 0 0 0 0 0 0 0 0 0 0 0 0 0 0 0 0 0 0 0 0 0 0 0 0 0 0 0 0 0 0 0 0 0 0 0 0 0 0 0 0 0 0 0 0 0
5.25665 0.000287512 9.58234e-05 0.000191688 0.666715 0.751442 0 0 0 0 0 0 0 0 0 0 0 0 0 0 0 0 0 0 0 0 0 0 0 0 0 0 0 0 0 0 0 0 0 0 0 0 0 0 0 0 0 0 0 0 0 0 0 0 0 0 0 0 0 0 0 0 0 0 0 0 0 0 0 0 0 0 0 0 0 0 0 0 0 0 0 0 0 0 0 0 0 0
5.52648 0.000287987 9.60346e-05 0.000191952 0.666531 0.751075 0 0 0 0 0 0 0 0 0 0 0 0 0 0 0 0 0 0 0 0 0 0 0 0 0 0 0 0 0 0 0 0 0 0 0 0 0 0 0 0 0 0 0 0 0 0 0 0 0 0 0 0 0 0 0 0 0 0 0 0 0 0 0 0 0 0 0 0 0 0 0 0 0 0 0 0 0 0 0 0 0 0
5.81015 0.000288522 9.64764e-05 0.000192046 0.665619 0.751714 0 0 0 0 0 0 0 0 0 0 0 0 0 0 0 0 0 0 0 0 0 0 0 0 0 0 0 0 0 0 0 0 0 0 0 0 0 0 0 0 0 0 0 0 0 0 0 0 0 0 0 0 0 0 0 0 0 0 0 0 0 0 0 0 0 0 0 0 0 0 0 0 0 0 0 0 0 0 0 0 0 0
6.10839 0.000289151 9.65545e-05 0.000192597 0.666076 0.750595 0 0 0 0 0 0 0 0 0 0 0 0 0 0 0 0 0 0 0 0 0 0 0 0 0 0 0 0 0 0 0 0 0 0 0 0 0 0 0 0 0 0 0 0 0 0 0 0 0 0 0 0 0 0 0 0 0 0 0 0 0 0 0 0 0 0 0 0 0 0 0 0 0 0 0 0 0 0 0 0 0 0
6.42193 0.000289763 9.57393e-05 0.000194024 0.669595 0.745382 0 0 0 0 0 0 0 0 0 0 0 0 0 0 0 0 0 0 0 0 0 0 0 0 0 0 0 0 0 0 0 0 0 0 0 0 0 0 0 0 0 0 0 0 0 0 0 0 0 0 0 0 0 0 0 0 0 0 0 0 0 0 0 0 0 0 0 0 0 0 0 0 0 0 0 0 0 0 0 0 0 0
6.75157 0.000290315 9.55478e-05 0.000194767 0.670883 0.743023 0 0 0 0 0 0 0 0 0 0 0 0 0 0 0 0 0 0 0 0 0 0 0 0 0 0 0 0 0 0 0 0 0 0 0 0 0 0 0 0 0 0 0 0 0 0 0 0 0 0 0 0 0 0 0 0 0 0 0 0 0 0 0 0 0 0 0 0 0 0 0 0 0 0 0 0 0 0 0 0 0 0
7.09813 0.000290963 9.54019e-05 0.000195561 0.672116 0.740819 0 0 0 0 0 0 0 0 0 0 0 0 0 0 0 0 0 0 0 0 0 0 0 0 0 0 0 0 0 0 0 0 0 0 0 0 0 0 0 0 0 0 0 0 0 0 0 0 0 0 0 0 0 0 0 0 0 0 0 0 0 0 0 0 0 0 0 0 0 0 0 0 0 0 0 0 0 0 0 0 0 0
7.46248 0.000291606 9.47027e-05 0.000196903 0.675238 0.736193 0 0 0 0 0 0 0 0 0 0 0 0 0 0 0 0 0 0 0 0 0 0 0 0 0 0 0 0 0 0 0 0 0 0 0 0 0 0 0 0 0 0 0 0 0 0 0 0 0 0 0 0 0 0 0 0 0 0 0 0 0 0 0 0 0 0 0 0 0 0 0 0 0 0 0 0 0 0 0 0 0 0
7.84553 0.000292186 9.41478e-05 0.000198039 0.677782 0.732258 0 0 0 0 0 0 0 0 0 0 0 0 0 0 0 0 0 0 0 0 0 0 0 0 0 0 0 0 0 0 0 0 0 0 0 0 0 0 0 0 0 0 0 0 0 0 0 0 0 0 0 0 0 0 0 0 0 0 0 0 0 0 0 0 0 0 0 0 0 0 0 0 0 0 0 0 0 0 0 0 0 0
8.24824 0.000292766 9.34286e-05 0.000199337 0.680876 0.72768 0 0 0 0 0 0 0 0 0 0 0 0 0 0 0 0 0 0 0 0 0 0 0 0 0 0 0 0 0 0 0 0 0 0 0 0 0 0 0 0 0 0 0 0 0 0 0 0 0 0 0 0 0 0 0 0 0 0 0 0 0 0 0 0 0 0 0 0 0 0 0 0 0 0 0 0 0 0 0 0 0 0
8.67162 0.0002933 9.29011e-05 0.000200399 0.683255 0.723976 0 0 0 0 0 0 0 0 0 0 0 0 0 0 0 0 0 0 0 0 0 0 0 0 0 0 0 0 0 0 0 0 0 0 0 0 0 0 0 0 0 0 0 0 0 0 0 0 0 0 0 0 0 0 0 0 0 0 0 0 0 0 0 0 0 0 0 0 0 0 0 0 0 0 0 0 0 0 0 0 0 0
9.11674 0.000293794 9.25391e-05 0.000201255 0.685021 0.720999 0 0 0 0 0 0 0 0 0 0 0 0 0 0 0 0 0 0 0 0 0 0 0 0 0 0 0 0 0 0 0 0 0 0 0 0 0 0 0 0 0 0 0 0 0 0 0 0 0 0 0 0 0 0 0 0 0 0 0 0 0 0 0 0 0 0 0 0 0 0 0 0 0 0 0 0 0 0 0 0 0 0
9.5847 0.000294275 9.23368e-05 0.000201938 0.686222 0.718688 0 0 0 0 0 0 0 0 0 0 0 0 0 0 0 0 0 0 0 0 0 0 0 0 0 0 0 0 0 0 0 0 0 0 0 0 0 0 0 0 0 0 0 0 0 0 0 0 0 0 0 0 0 0 0 0 0 0 0 0 0 0 0 0 0 0 0 0 0 0 0 0 0 0 0 0 0 0 0 0 0 0
10.0767 0.000294785 9.24164e-05 0.000202368 0.686495 0.717471 0 0 0 0 0 0 0 0 0 0 0 0 0 0 0 0 0 0 0 0 0 0 0 0 0 0 0 0 0 0 0 0 0 0 0 0 0 0 0 0 0 0 0 0 0 0 0 0 0 0 0 0 0 0 0 0 0 0 0 0 0 0 0 0 0 0 0 0 0 0 0 0 0 0 0 0 0 0 0 0 0 0
10.5939 0.000295377 9.2786e-05 0.000202591 0.685872 0.717311 0 0 0 0 0 0 0 0 0 0 0 0 0 0 0 0 0 0 0 0 0 0 0 0 0 0 0 0 0 0 0 0 0 0 0 0 0 0 0 0 0 0 0 0 0 0 0 0 0 0 0 0 0 0 0 0 0 0 0 0 0 0 0 0 0 0 0 0 0 0 0 0 0 0 0 0 0 0 0 0 0 0
11.1377 0.000296109 9.28138e-05 0.000203296 0.686556 0.715689 0 0 0 0 0 0 0 0 0 0 0 0 0 0 0 0 0 0 0 0 0 0 0 0 0 0 0 0 0 0 0 0 0 0 0 0 0 0 0 0 0 0 0 0 0 0 0 0 0 0 0 0 0 0 0 0 0 0 0 0 0 0 0 0 0 0 0 0 0 0 0 0 0 0 0 0 0 0 0 0 0 0
11.7094 0.000296736 9.24326e-05 0.000204304 0.688502 0.71255 0 0 0 0 0 0 0 0 0 0 0 0 0 0 0 0 0 0 0 0 0 0 0 0 0 0 0 0 0 0 0 0 0 0 0 0 0 0 0 0 0 0 0 0 0 0 0 0 0 0 0 0 0 0 0 0 0 0 0 0 0 0 0 0 0 0 0 0 0 0 0 0 0 0 0 0 0 0 0 0 0 0
12.3105 0.000297351 9.22645e-05 0.000205087 0.689712 0.710236 0 0 0 0 0 0 0 0 0 0 0 0 0 0 0 0 0 0 0 0 0 0 0 0 0 0 0 0 0 0 0 0 0 0 0 0 0 0 0 0 0 0 0 0 0 0 0 0 0 0 0 0 0 0 0 0 0 0 0 0 0 0 0 0 0 0 0 0 0 0 0 0 0 0 0 0 0 0 0 0 0 0
12.9424 0.000298164 9.24364e-05 0.000205728 0.689982 0.709049 0 0 0 0 0 0 0 0 0 0 0 0 0 0 0 0 0 0 0 0 0 0 0 0 0 0 0 0 0 0 0 0 0 0 0 0 0 0 0 0 0 0 0 0 0 0 0 0 0 0 0 0 0 0 0 0 0 0 0 0 0 0 0 0 0 0 0 0 0 0 0 0 0 0 0 0 0 0 0 0 0 0
13.6067 0.000298644 9.16232e-05 0.000207021 0.693203 0.704443 0 0 0 0 0 0 0 0 0 0 0 0 0 0 0 0 0 0 0 0 0 0 0 0 0 0 0 0 0 0 0 0 0 0 0 0 0 0 0 0 0 0 0 0 0 0 0 0 0 0 0 0 0 0 0 0 0 0 0 0 0 0 0 0 0 0 0 0 0 0 0 0 0 0 0 0 0 0 0 0 0 0
14.3051 0.00029932 9.17089e-05 0.000207611 0.693609 0.702992 0 0 0 0 0 0 0 0 0 0 0 0 0 0 0 0 0 0 0 0 0 0 0 0 0 0 0 0 0 0 0 0 0 0 0 0 0 0 0 0 0 0 0 0 0 0 0 0 0 0 0 0 0 0 0 0 0 0 0 0 0 0 0 0 0 0 0 0 0 0 0 0 0 0 0 0 0 0 0 0 0 0
15.0394 0.000299995 9.18616e-05 0.000208134 0.69379 0.701744 0 0 0 0 0 0 0 0 0 0 0 0 0 0 0 0 0 0 0 0 0 0 0 0 0 0 0 0 0 0 0 0 0 0 0 0 0 0 0 0 0 0 0 0 0 0 0 0 0 0 0 0 0 0 0 0 0 0 0 0 0 0 0 0 0 0 0 0 0 0 0 0 0 0 0 0 0 0 0 0 0 0
15.8114 0.00030067 9.18255e-05 0.000208845 0.694597 0.699798 0 0 0 0 0 0 0 0 0 0 0 0 0 0 0 0 0 0 0 0 0 0 0 0 0 0 0 0 0 0 0 0 0 0 0 0 0 0 0 0 0 0 0 0 0 0 0 0 0 0 0 0 0 0 0 0 0 0 0 0 0 0 0 0 0 0 0 0 0 0 0 0 0 0 0 0 0 0 0 0 0 0
16.623 0.000301455 9.15502e-05 0.000209904 0.696305 0.696943 0 0 0 0 0 0 0 0 0 0 0 0 0 0 0 0 0 0 0 0 0 0 0 0 0 0 0 0 0 0 0 0 0 0 0 0 0 0 0 0 0 0 0 0 0 0 0 0 0 0 0 0 0 0 0 0 0 0 0 0 0 0 0 0 0 0 0 0 0 0 0 0 0 0 0 0 0 0 0 0 0 0
17.4762 0.0003022 9.14178e-05 0.000210782 0.697492 0.694591 0 0 0 0 0 0 0 0 0 0 0 0 0 0 0 0 0 0 0 0 0 0 0 0 0 0 0 0 0 0 0 0 0 0 0 0 0 0 0 0 0 0 0 0 0 0 0 0 0 0 0 0 0 0 0 0 0 0 0 0 0 0 0 0 0 0 0 0 0 0 0 0 0 0 0 0 0 0 0 0 0 0
18.3733 0.000302842 9.11273e-05 0.000211715 0.699093 0.691756 0 0 0 0 0 0 0 0 0 0 0 0 0 0 0 0 0 0 0 0 0 0 0 0 0 0 0 0 0 0 0 0 0 0 0 0 0 0 0 0 0 0 0 0 0 0 0 0 0 0 0 0 0 0 0 0 0 0 0 0 0 0 0 0 0 0 0 0 0 0 1.4013e-45 0 2.8026e-45 0 4.2039e-45 0 8.40779e-45 0 1.68156e-44 0 3.36312e-44 0
19.3164 0.000303509 9.12707e-05 0.000212239 0.699282 0.690312 0 0 0 0 0 0 0 0 0 0 0 0 0 0 0 0 0 0 0 0 0 0 0 0 0 0 0 0 0 0 0 0 0 0 0 0 0 0 0 0 0 0 0 0 0 0 0 0 0 0 0 0 0 0 0 0 1.4013e-45 0 1.4013e-45 0 4.2039e-45 0 1.12104e-44 0 2.38221e-44 0 5.1848e-44 0 1.09301e-43 0 2.2701e-43 0 4.45613e-43 0 8.71608e-43 0 1.68716e-42 0 3.10388e-42 0 5.91768e-42 0
20.3079 0.000304367 9.14556e-05 0.000212911 0.699522 0.688849 0 0 0 0 0 0 0 0 0 0 0 0 0 0 0 0 0 0 0 0 0 0 0 0 0 0 0 0 0 0 0 0 0 0 0 0 0 0 0 0 0 0 0 0 0 0 1.4013e-45 0 4.2039e-45 0 9.80909e-45 0 2.66247e-44 0 6.72623e-44 0 1.66755e-43 0 3.93765e-43 0 9.12245e-43 0 1.99405e-42 0 4.3118e-42 0 8.81837e-42 0 1.7861e-41 0 3.58396e-41 0 6.82755e-41 0 1.2903e-40 0 2.41948e-40 0 4.32054e-40 0 7.98304e-40 0
21.3503 0.000305178 9.09909e-05 0.000214187 0.701843 0.68531 0 0 0 0 0 0 0 0 0 0 0 0 0 0 0 0 0 0 0 0 0 0 0 0 0 0 0 0 0 0 0 0 0 0 0 0 0 0 2.8026e-45 0 7.00649e-45 0 2.52234e-44 0 8.26766e-44 0 2.38221e-43 0 6.68419e-43 0 1.75863e-42 0 4.54441e-42 0 1.10282e-41 0 2.63682e-41 0 5.94263e-41 0 1.32243e-40 0 2.78315e-40 0 5.7945e-40 0 1.14439e-39 0 2.2395e-39 0 4.34341e-39 0 8.0179e-39 0 1.46891e-38 0 2.67112e-38 0 4.63675e-38 0 8.31431e-38 0
22.4463 0.000305927 9.09714e-05 0.000214956 0.702637 0.683183 0 0 0 0 0 0 0 0 0 0 0 0 0 0 0 0 0 0 0 0 0 0 0 0 0 0 0 0 0 0 1.4013e-45 0 5.60519e-45 0 2.8026e-44 0 1.10703e-43 0 4.09179e-43 0 1.38729e-42 0 4.36364e-42 0 1.33894e-41 0 3.65094e-41 0 9.76565e-41 0 2.44978e-40 0 6.04524e-40 0 1.4049e-39 0 3.21932e-39 0 6.97307e-39 0 1.4923e-38 0 3.0286e-38 0 6.08375e-38 0 1.16224e-37 0 2.2011e-37 0 4.13309e-37 0 7.40466e-37 0 1.31705e-36 0 2.32606e-36 0 3.9305e-36 0 6.84979e-36 0
23.5984 0.000306698 9.06671e-05 0.000216031 0.704376 0.68014 0 0 0 0 0 0 0 0 0 0 0 0 0 0 0 0 0 0 0 0 0 0 0 0 1.4013e-45 0 7.00649e-45 0 4.62428e-44 0 2.39622e-43 0 1.13505e-42 0 4.6453e-42 0 1.74237e-41 0 6.02138e-41 0 1.9261e-40 0 5.72742e-40 0 1.66395e-39 0 4.32012e-39 0 1.10137e-38 0 2.64155e-38 0 6.23727e-38 0 1.39106e-37 0 3.06113e-37 0 6.38488e-37 0 1.3166e-36 0 2.58125e-36 0 5.01152e-36 0 9.27619e-36 0 1.70283e-35 0 3.1006e-35 0 5.39899e-35 0 9.33681e-35 0 1.60383e-34 0 2.64156e-34 0 4.48036e-34 0
24.8097 0.000307443 9.05112e-05 0.000216932 0.7056 0.67753 0 0 0 0 0 0 0 0 0 0 0 0 0 0 0 0 0 0 0 0 2.8026e-45 0 2.52234e-44 0 2.0459e-43 0 1.33824e-42 0 7.39745e-42 0 3.58298e-41 0 1.57441e-40 0 6.01422e-40 0 2.11478e-39 0 6.87875e-39 0 2.07894e-38 0 5.86158e-38 0 1.61652e-37 0 4.00596e-37 0 9.75664e-37 0 2.24221e-36 0 5.07684e-36 0 1.08877e-35 0 2.30541e-35 0 4.63909e-35 0 9.23394e-35 0 1.75182e-34 0 3.29276e-34 0 5.91432e-34 0 1.05397e-33 0 1.86378e-33 0 3.15864e-33 0 5.31829e-33 0 8.89733e-33 0 1.43015e-32 0 2.36391e-32 0
26.0832 0.000308234 9.0385e-05 0.000217849 0.706765 0.674952 0 0 0 0 0 0 0 0 0 0 0 0 0 0 0 0 2.8026e-45 0 3.78351e-44 0 4.62428e-43 0 4.13523e-42 0 3.03998e-41 0 1.81926e-40 0 9.25025e-40 0 4.14834e-39 0 1.69573e-38 0 6.06734e-38 0 2.00642e-37 0 6.16108e-37 0 1.76415e-36 0 4.72858e-36 0 1.24104e-35 0 2.94219e-35 0 6.86101e-35 0 1.51398e-34 0 3.29389e-34 0 6.80575e-34 0 1.38925e-33 0 2.70169e-33 0 5.19989e-33 0 9.56133e-33 0 1.74264e-32 0 3.04183e-32 0 5.26994e-32 0 9.06328e-32 0 1.49695e-31 0 2.45714e-31 0 4.00872e-31 0 6.296e-31 0 1.01545e-30 0
27.4221 0.000308993 9.01617e-05 0.000218831 0.708208 0.672063 0 0 0 0 0 0 0 0 0 0 0 0 0 0 1.68156e-44 0 4.02173e-43 0 6.0438e-42 0 6.52529e-41 0 5.2489e-40 0 3.50092e-39 0 1.91983e-38 0 9.01654e-38 0 3.75786e-37 0 1.43406e-36 0 4.82147e-36 0 1.50398e-35 0 4.37208e-35 0 1.18922e-34 0 3.03773e-34 0 7.60582e-34 0 1.72872e-33 0 3.86803e-33 0 8.21184e-33 0 1.72007e-32 0 3.43024e-32 0 6.76235e-32 0 1.27307e-31 0 2.37315e-31 0 4.2358e-31 0 7.49716e-31 0 1.27354e-30 0 2.14798e-30 0 3.5976e-30 0 5.79821e-30 0 9.28986e-30 0 1.47981e-29 0 2.27349e-29 0 3.58221e-29 0
28.8297 0.000309806 9.00855e-05 0.000219721 0.70922 0.669527 0 0 0 0 0 0 0 0 0 0 1.4013e-45 0 8.12753e-44 0 2.83202e-42 0 5.66111e-41 0 7.45037e-40 0 7.16235e-39 0 5.20374e-38 0 3.16368e-37 0 1.59657e-36 0 6.95291e-36 0 2.70272e-35 0 9.66121e-35 0 3.06148e-34 0 9.03386e-34 0 2.49282e-33 0 6.45724e-33 0 1.57561e-32 0 3.77211e-32 0 8.23672e-32 0 1.77191e-31 0 3.62601e-31 0 7.32584e-31 0 1.41254e-30 0 2.6939e-30 0 4.91722e-30 0 8.89178e-30 0 1.54281e-29 0 2.65564e-29 0 4.3959e-29 0 7.2274e-29 0 1.1804e-28 0 1.85862e-28 0 2.91012e-28 0 4.53144e-28 0 6.81737e-28 0 1.05059e-27 0
30.3095 0.000310564 8.98116e-05 0.000220752 0.710811 0.666405 0 0 0 0 0 0 0 0 1.4013e-45 0 1.93379e-43 0 1.22866e-41 0 3.57174e-40 0 6.16725e-39 0 7.15676e-38 0 6.16036e-37 0 4.06271e-36 0 2.26163e-35 0 1.05462e-34 0 4.2744e-34 0 1.55497e-33 0 5.22325e-33 0 1.56453e-32 0 4.37907e-32 0 1.14994e-31 0 2.84349e-31 0 6.64261e-31 0 1.52393e-30 0 3.20312e-30 0 6.63771e-30 0 1.31166e-29 0 2.56058e-29 0 4.78144e-29 0 8.83588e-29 0 1.56614e-28 0 2.7513e-28 0 4.64705e-28 0 7.78964e-28 0 1.25809e-27 0 2.01884e-27 0 3.21919e-27 0 4.95771e-27 0 7.59443e-27 0 1.15726e-26 0 1.70667e-26 0 2.57512e-26 0
31.8653 0.000311333 8.97242e-05 0.000221609 0.711807 0.663729 0 0 0 0 0 0 0 0 1.79366e-43 0 2.74893e-41 0 1.42746e-39 0 3.51999e-38 0 5.28867e-37 0 5.44492e-36 0 4.21926e-35 0 2.53775e-34 0 1.29912e-33 0 5.61923e-33 0 2.12707e-32 0 7.26518e-32 0 2.30024e-31 0 6.53063e-31 0 1.73831e-30 0 4.35464e-30 0 1.03022e-29 0 2.30901e-29 0 5.08679e-29 0 1.0311e-28 0 2.06204e-28 0 3.94147e-28 0 7.44716e-28 0 1.34887e-27 0 2.41902e-27 0 4.16948e-27 0 7.12595e-27 0 1.17319e-26 0 1.91759e-26 0 3.0254e-26 0 4.74402e-26 0 7.39431e-26 0 1.115e-25 0 1.67281e-25 0 2.49718e-25 0 3.61354e-25 0 5.3439e-25 0
33.5009 0.000312158 8.97925e-05 0.000222366 0.712349 0.661385 0 0 0 0 0 0 3.78351e-44 0 2.53355e-41 0 3.0383e-39 0 1.30097e-37 0 2.74337e-36 0 3.61105e-35 0 3.31771e-34 0 2.3263e-33 0 1.28184e-32 0 6.05912e-32 0 2.43996e-31 0 8.65492e-31 0 2.78408e-30 0 8.33241e-30 0 2.24816e-29 0 5.7048e-29 0 1.36644e-28 0 3.09964e-28 0 6.67875e-28 0 1.41568e-27 0 2.77231e-27 0 5.3597e-27 0 9.92578e-27 0 1.81805e-26 0 3.19881e-26 0 5.57536e-26 0 9.35776e-26 0 1.558e-25 0 2.50335e-25 0 3.99476e-25 0 6.16382e-25 0 9.45528e-25 0 1.44217e-24 0 2.1315e-24 0 3.13512e-24 0 4.58946e-24 0 6.52243e-24 0 9.4632e-24 0
35.2205 0.000313062 8.98588e-05 0.000223203 0.712967 0.658918 0 0 0 0 0 0 5.67526e-42 0 2.77734e-39 0 2.63646e-37 0 9.39715e-36 0 1.70753e-34 0 1.98183e-33 0 1.63397e-32 0 1.04178e-31 0 5.28149e-31 0 2.31417e-30 0 8.70626e-30 0 2.90312e-29 0 8.82081e-29 0 2.50238e-28 0 6.43225e-28 0 1.55967e-27 0 3.57983e-27 0 7.80213e-27 0 1.61927e-26 0 3.30872e-26 0 6.27027e-26 0 1.17383e-25 0 2.10943e-25 0 3.75122e-25 0 6.42058e-25 0 1.08913e-24 0 1.78237e-24 0 2.89457e-24 0 4.54446e-24 0 7.08828e-24 0 1.07079e-23 0 1.60863e-23 0 2.40351e-23 0 3.48522e-23 0 5.03058e-23 0 7.22846e-23 0 1.00981e-22 0 1.43872e-22 0
37.0284 0.000313916 8.97736e-05 0.000224142 0.71402 0.655974 0 0 0 0 8.96831e-44 0 6.60012e-40 0 2.38725e-37 0 1.81445e-35 0 5.43185e-34 0 8.56706e-33 0 8.82159e-32 0 6.56133e-31 0 3.82158e-30 0 1.7898e-29 0 7.29654e-29 0 2.57311e-28 0 8.0901e-28 0 2.32827e-27 0 6.27723e-27 0 1.54085e-26 0 3.57806e-26 0 7.88607e-26 0 1.6546e-25 0 3.31373e-25 0 6.5389e-25 0 1.20109e-24 0 2.18072e-24 0 3.80829e-24 0 6.58462e-24 0 1.09784e-23 0 1.81483e-23 0 2.89942e-23 0 4.5985e-23 0 7.06236e-23 0 1.07791e-22 0 1.59587e-22 0 2.35028e-22 0 3.44346e-22 0 4.90344e-22 0 6.95196e-22 0 9.81404e-22 0 1.34882e-21 0 1.8888e-21 0
38.9291 0.000314821 8.98078e-05 0.000225013 0.714734 0.653242 0 0 0 0 1.26089e-41 0 6.01921e-38 0 1.63297e-35 0 1.0046e-33 0 2.54755e-32 0 3.51173e-31 0 3.22694e-30 0 2.17615e-29 0 1.16299e-28 0 5.05126e-28 0 1.92271e-27 0 6.37575e-27 0 1.89556e-26 0 5.18088e-26 0 1.33079e-25 0 3.1265e-25 0 6.96759e-25 0 1.47754e-24 0 2.9899e-24 0 5.78835e-24 0 1.10492e-23 0 1.97019e-23 0 3.47446e-23 0 5.90465e-23 0 9.93997e-23 0 1.61641e-22 0 2.60732e-22 0 4.0713e-22 0 6.31333e-22 0 9.49499e-22 0 1.41959e-21 0 2.06185e-21 0 2.97969e-21 0 4.28496e-21 0 5.99733e-21 0 8.35915e-21 0 1.16036e-20 0 1.5702e-20 0 2.16295e-20 0
40.9273 0.000315742 8.98951e-05 0.000225847 0.715289 0.6505 0 0 0 0 1.37893e-39 0 4.35303e-36 0 8.98296e-34 0 4.51949e-32 0 9.78729e-31 0 1.18695e-29 0 9.78748e-29 0 6.0131e-28 0 2.96107e-27 0 1.1971e-26 0 4.26875e-26 0 1.33506e-25 0 3.76359e-25 0 9.79372e-25 0 2.40242e-24 0 5.41363e-24 0 1.16017e-23 0 2.37158e-23 0 4.63671e-23 0 8.69161e-23 0 1.60756e-22 0 2.78665e-22 0 4.78004e-22 0 7.91579e-22 0 1.2991e-21 0 2.063e-21 0 3.25089e-21 0 4.96698e-21 0 7.53903e-21 0 1.11147e-20 0 1.62944e-20 0 2.32391e-20 0 3.29856e-20 0 4.66012e-20 0 6.41623e-20 0 8.7992e-20 0 1.20204e-19 0 1.60276e-19 0 2.17355e-19 0
43.0281 0.000316738 8.99131e-05 0.000226825 0.716128 0.647496 0 0 4.62428e-44 0 1.18371e-37 0 2.52144e-34 0 4.01113e-32 0 1.66669e-30 0 3.10612e-29 0 3.33483e-28 0 2.48072e-27 0 1.3948e-26 0 6.35417e-26 0 2.39949e-25 0 8.04139e-25 0 2.37877e-24 0 6.37499e-24 0 1.58324e-23 0 3.71724e-23 0 8.05068e-23 0 1.66227e-22 0 3.2814e-22 0 6.2089e-22 0 1.12871e-21 0 2.02586e-21 0 3.41869e-21 0 5.71172e-21 0 9.22857e-21 0 1.47835e-20 0 2.29524e-20 0 3.53743e-20 0 5.29407e-20 0 7.87345e-20 0 1.13898e-19 0 1.63887e-19 0 2.2972e-19 0 3.20537e-19 0 4.4527e-19 0 6.03566e-19 0 8.15063e-19 0 1.09661e-18 0 1.44179e-18 0 1.92638e-18 0
45.2368 0.000317727 9.00111e-05 0.000227716 0.716703 0.644505 0 0 6.50483e-42 0 8.08388e-36 0 1.18445e-32 0 1.4711e-30 0 5.0957e-29 0 8.23274e-28 0 7.87171e-27 0 5.30913e-26 0 2.74374e-25 0 1.16074e-24 0 4.10792e-24 0 1.29775e-23 0 3.64096e-23 0 9.29907e-23 0 2.20911e-22 0 4.97501e-22 0 1.03758e-21 0 2.06784e-21 0 3.94869e-21 0 7.24247e-21 0 1.27873e-20 0 2.23052e-20 0 3.66911e-20 0 5.97839e-20 0 9.4358e-20 0 1.47717e-19 0 2.24467e-19 0 3.3872e-19 0 4.97043e-19 0 7.25025e-19 0 1.03009e-18 0 1.45609e-18 0 2.00762e-18 0 2.75611e-18 0 3.76767e-18 0 5.03182e-18 0 6.69609e-18 0 8.87956e-18 0 1.15196e-17 0 1.51752e-17 0
47.5588 0.000318697 8.99698e-05 0.000228728 0.717695 0.641115 0 0 7.07377e-40 0 4.43078e-34 0 4.54783e-31 0 4.46362e-29 0 1.30041e-27 0 1.83411e-26 0 1.57064e-25 0 9.65068e-25 0 4.60309e-24 0 1.81493e-23 0 6.03875e-23 0 1.80354e-22 0 4.81144e-22 0 1.17386e-21 0 2.6733e-21 0 5.78642e-21 0 1.16426e-20 0 2.24349e-20 0 4.15091e-20 0 7.39121e-20 0 1.26927e-19 0 2.15468e-19 0 3.45927e-19 0 5.50372e-19 0 8.49521e-19 0 1.30113e-18 0 1.93719e-18 0 2.86508e-18 0 4.12627e-18 0 5.90896e-18 0 8.25253e-18 0 1.14699e-17 0 1.55684e-17 0 2.10446e-17 0 2.83326e-17 0 3.73082e-17 0 4.896e-17 0 6.40364e-17 0 8.20264e-17 0 1.06612e-16 0
50 0.000319698 9.00556e-05 0.000229643 0.718311 0.6378 2.52234e-44 0 6.0524e-38 0 1.97575e-32 0 1.44555e-29 0 1.13413e-27 0 2.80259e-26 0 3.47367e-25 0 2.67858e-24 0 1.50622e-23 0 6.65662e-23 0 2.45457e-22 0 7.70144e-22 0 2.18047e-21 0 5.54489e-21 0 1.29516e-20 0 2.83337e-20 0 5.90598e-20 0 1.14844e-19 0 2.14325e-19 0 3.84809e-19 0 6.66167e-19 0 1.11418e-18 0 1.84316e-18 0 2.89153e-18 0 4.49731e-18 0 6.79619e-18 0 1.01947e-17 0 1.48862e-17 0 2.15998e-17 0 3.05588e-17 0 4.30008e-17 0 5.90839e-17 0 8.08094e-17 0 1.0806e-16 0 1.43937e-16 0 1.90992e-16 0 2.48139e-16 0 3.21344e-16 0 4.14824e-16 0 5.24977e-16 0 6.73651e-16 0
52.5665 0.000320773 9.01174e-05 0.000230656 0.719062 0.634317 3.51726e-42 0 4.11599e-36 0 7.2289e-31 0 3.83287e-28 0 2.43025e-26 0 5.135e-25 0 5.6285e-24 0 3.92822e-23 0 2.03031e-22 0 8.34485e-22 0 2.88715e-21 0 8.56684e-21 0 2.30532e-20 0 5.60123e-20 0 1.25524e-19 0 2.64305e-19 0 5.31521e-19 0 1.00054e-18 0 1.81122e-18 0 3.16033e-18 0 5.32641e-18 0 8.68764e-18 0 1.40228e-17 0 2.15204e-17 0 3.27575e-17 0 4.85142e-17 0 7.13474e-17 0 1.02273e-16 0 1.45725e-16 0 2.02705e-16 0 2.80518e-16 0 3.79504e-16 0 5.11174e-16 0 6.73926e-16 0 8.85195e-16 0 1.15846e-15 0 1.48598e-15 0 1.90023e-15 0 2.42262e-15 0 3.03088e-15 0 3.84217e-15 0
55.2648 0.000321886 9.02335e-05 0.000231653 0.719673 0.630772 3.80621e-40 0 2.25168e-34 0 2.19301e-29 0 8.56002e-27 0 4.43215e-25 0 8.06896e-24 0 7.86865e-23 0 4.99465e-22 0 2.38256e-21 0 9.13961e-21 0 2.97619e-20 0 8.37431e-20 0 2.14719e-19 0 4.99572e-19 0 1.07629e-18 0 2.18535e-18 0 4.24739e-18 0 7.75218e-18 0 1.36325e-17 0 2.31491e-17 0 3.80336e-17 0 6.05706e-17 0 9.55088e-17 0 1.43541e-16 0 2.14056e-16 0 3.10999e-16 0 4.48838e-16 0 6.32176e-16 0 8.85325e-16 0 1.21181e-15 0 1.6506e-15 0 2.20034e-15 0 2.92097e-15 0 3.79934e-15 0 4.9244e-15 0 6.36052e-15 0 8.06017e-15 0 1.01841e-14 0 1.28308e-14 0 1.58776e-14 0 1.98959e-14 0
58.1015 0.000322909 9.01928e-05 0.000232717 0.720687 0.626624 3.2318e-38 0 9.99183e-33 0 5.55418e-28 0 1.62005e-25 0 6.91796e-24 0 1.09308e-22 0 9.53772e-22 0 5.53176e-21 0 2.44496e-20 0 8.78313e-20 0 2.6999e-19 0 7.22272e-19 0 1.76871e-18 0 3.94893e-18 0 8.19477e-18 0 1.60735e-17 0 3.02427e-17 0 5.35999e-17 0 9.16953e-17 0 1.51732e-16 0 2.43323e-16 0 3.788e-16 0 5.84165e-16 0 8.60656e-16 0 1.25866e-15 0 1.79563e-15 0 2.54548e-15 0 3.52578e-15 0 4.85712e-15 0 6.54718e-15 0 8.78435e-15 0 1.15468e-14 0 1.51179e-14 0 1.94133e-14 0 2.48453e-14 0 3.16925e-14 0 3.96997e-14 0 4.95914e-14 0 6.17784e-14 0 7.56576e-14 0 9.37662e-14 0
61.0839 0.000324141 9.0418e-05 0.000233723 0.721053 0.622993 2.18867e-36 0 3.65029e-31 0 1.19024e-26 0 2.63146e-24 0 9.35491e-23 0 1.29179e-21 0 1.01403e-20 0 5.39752e-20 0 2.21867e-19 0 7.48778e-19 0 2.17892e-18 0 5.55557e-18 0 1.30225e-17 0 2.79567e-17 0 5.59839e-17 0 1.06256e-16 0 1.93847e-16 0 3.34094e-16 0 5.56757e-16 0 8.98914e-16 0 1.40867e-15 0 2.1461e-15 0 3.24034e-15 0 4.68455e-15 0 6.72491e-15 0 9.42893e-15 0 1.31406e-14 0 1.7914e-14 0 2.42954e-14 0 3.22751e-14 0 4.26865e-14 0 5.53661e-14 0 7.15419e-14 0 9.07538e-14 0 1.14757e-13 0 1.44654e-13 0 1.79219e-13 0 2.21455e-13 0 2.72934e-13 0 3.3096e-13 0 4.05901e-13 0
64.2193 0.000325204 9.02427e-05 0.000234962 0.722505 0.618185 1.18673e-34 0 1.10036e-29 0 2.16014e-25 0 3.66922e-23 0 1.09572e-21 0 1.33101e-20 0 9.44824e-20 0 4.63493e-19 0 1.77815e-18 0 5.65506e-18 0 1.56198e-17 0 3.80467e-17 0 8.55497e-17 0 1.76934e-16 0 3.42503e-16 0 6.30038e-16 0 1.11616e-15 0 1.87323e-15 0 3.04481e-15 0 4.80236e-15 0 7.36242e-15 0 1.09884e-14 0 1.62607e-14 0 2.30887e-14 0 3.25651e-14 0 4.4912e-14 0 6.15853e-14 0 8.2696e-14 0 1.10498e-13 0 1.44769e-13 0 1.88873e-13 0 2.41885e-13 0 3.08667e-13 0 3.87036e-13 0 4.83826e-13 0 6.0302e-13 0 7.39336e-13 0 9.04184e-13 0 1.10305e-12 0 1.32503e-12 0 1.60895e-12 0
67.5157 0.000326242 9.01469e-05 0.000236095 0.72368 0.613252 5.23468e-33 0 2.77685e-28 0 3.36436e-24 0 4.44745e-22 0 1.12516e-20 0 1.2099e-19 0 7.80478e-19 0 3.54267e-18 0 1.27276e-17 0 3.82545e-17 0 1.00549e-16 0 2.34499e-16 0 5.0683e-16 0 1.01169e-15 0 1.89625e-15 0 3.38589e-15 0 5.83318e-15 0 9.54538e-15 0 1.51517e-14 0 2.33719e-14 0 3.50913e-14 0 5.13598e-14 0 7.45618e-14 0 1.04074e-13 0 1.44346e-13 0 1.95974e-13 0 2.64617e-13 0 3.50248e-13 0 4.61424e-13 0 5.96614e-13 0 7.68332e-13 0 9.7217e-13 0 1.2259e-12 0 1.52026e-12 0 1.87985e-12 0 2.3179e-12 0 2.81374e-12 0 3.40746e-12 0 4.11676e-12 0 4.90115e-12 0 5.89518e-12 0
70.9813 0.000327606 9.03072e-05 0.000237299 0.724342 0.608873 1.90124e-31 0 5.92955e-27 0 4.53948e-23 0 4.72769e-21 0 1.02152e-19 0 9.78181e-19 0 5.76105e-18 0 2.42882e-17 0 8.19771e-17 0 2.33504e-16 0 5.85462e-16 0 1.31011e-15 0 2.727e-15 0 5.26276e-15 0 9.56621e-15 0 1.66045e-14 0 2.78564e-14 0 4.45009e-14 0 6.90621e-14 0 1.04299e-13 0 1.53522e-13 0 2.20555e-13 0 3.14417e-13 0 4.3178e-13 0 5.89368e-13 0 7.88309e-13 0 1.04894e-12 0 1.3695e-12 0 1.78009e-12 0 2.27293e-12 0 2.8912e-12 0 3.61644e-12 0 4.50896e-12 0 5.5332e-12 0 6.77142e-12 0 8.26439e-12 0 9.93778e-12 0 1.19228e-11 0 1.42722e-11 0 1.68475e-11 0 2.00826e-11 0
74.6248 0.000328685 9.02844e-05 0.000238401 0.725317 0.603663 5.71297e-30 0 1.07506e-25 0 5.31845e-22 0 4.41488e-20 0 8.21026e-19 0 7.04082e-18 0 3.80283e-17 0 1.49448e-16 0 4.75329e-16 0 1.28647e-15 0 3.084e-15 0 6.63504e-15 0 1.33253e-14 0 2.49038e-14 0 4.39663e-14 0 7.4287e-14 0 1.21518e-13 0 1.89737e-13 0 2.88207e-13 0 4.26584e-13 0 6.16164e-13 0 8.69682e-13 0 1.21852e-12 0 1.64764e-12 0 2.21508e-12 0 2.921e-12 0 3.8329e-12 0 4.93954e-12 0 6.33877e-12 0 7.99775e-12 0 1.00544e-11 0 1.24399e-11 0 1.53438e-11 0 1.8642e-11 0 2.25899e-11 0 2.73036e-11 0 3.25379e-11 0 3.86915e-11 0 4.59109e-11 0 5.3758e-11 0 6.35335e-11 0
78.4553 0.000329703 9.00861e-05 0.000239617 0.726766 0.597544 1.43342e-28 0 1.66818e-24 0 5.44781e-21 0 3.64465e-19 0 5.87645e-18 0 4.53749e-17 0 2.25703e-16 0 8.2966e-16 0 2.49385e-15 0 6.42931e-15 0 1.47686e-14 0 3.06071e-14 0 5.94116e-14 0 1.07696e-13 0 1.84927e-13 0 3.04559e-13 0 4.86369e-13 0 7.43069e-13 0 1.1059e-12 0 1.60584e-12 0 2.27823e-12 0 3.16194e-12 0 4.35786e-12 0 5.8064e-12 0 7.69411e-12 0 1.001e-11 0 1.2962e-11 0 1.64987e-11 0 2.09161e-11 0 2.60924e-11 0 3.24378e-11 0 3.97187e-11 0 4.84914e-11 0 5.83573e-11 0 7.00557e-11 0 8.38941e-11 0 9.91246e-11 0 1.16878e-10 0 1.37533e-10 0 1.59805e-10 0 1.87329e-10 0
82.4824 0.00033101 9.0025e-05 0.000240985 0.728029 0.591803 3.03992e-27 0 2.23985e-23 0 4.92757e-20 0 2.68498e-18 0 3.77961e-17 0 2.64124e-16 0 1.21482e-15 0 4.19056e-15 0 1.19373e-14 0 2.93845e-14 0 6.48125e-14 0 1.29626e-13 0 2.43599e-13 0 4.28934e-13 0 7.17346e-13 0 1.15298e-12 0 1.79965e-12 0 2.69318e-12 0 3.93117e-12 0 5.6053e-12 0 7.81767e-12 0 1.06779e-11 0 1.44878e-11 0 1.90349e-11 0 2.4879e-11 0 3.19544e-11 0 4.08588e-11 0 5.13984e-11 0 6.44095e-11 0 7.94866e-11 0 9.77724e-11 0 1.1854e-10 0 1.43319e-10 0 1.70926e-10 0 2.03368e-10 0 2.41405e-10 0 2.82917e-10 0 3.30917e-10 0 3.86315e-10 0 4.45596e-10 0 5.18308e-10 0
86.7162 0.0003323 9.03296e-05 0.00024197 0.728168 0.586628 5.50841e-26 0 2.62763e-22 0 3.96997e-19 0 1.7796e-17 0 2.20168e-16 0 1.39923e-15 0 5.97361e-15 0 1.93973e-14 0 5.25023e-14 0 1.23678e-13 0 2.62457e-13 0 5.07449e-13 0 9.24699e-13 0 1.58387e-12 0 2.58317e-12 0 4.05679e-12 0 6.19597e-12 0 9.09156e-12 0 1.30279e-11 0 1.8257e-11 0 2.50526e-11 0 3.37015e-11 0 4.50502e-11 0 5.84059e-11 0 7.53464e-11 0 9.5599e-11 0 1.2078e-10 0 1.50243e-10 0 1.86213e-10 0 2.27454e-10 0 2.76966e-10 0 3.32653e-10 0 3.98478e-10 0 4.71165e-10 0 5.55856e-10 0 6.54322e-10 0 7.60921e-10 0 8.83236e-10 0 1.02333e-09 0 1.17217e-09 0 1.35341e-09 0
91.1674 0.000333149 9.01783e-05 0.000242971 0.729316 0.579607 8.51793e-25 0 2.68702e-21 0 2.83969e-18 0 1.05723e-16 0 1.15682e-15 0 6.7172e-15 0 2.67153e-14 0 8.19015e-14 0 2.11161e-13 0 4.77045e-13 0 9.75827e-13 0 1.82695e-12 0 3.23304e-12 0 5.39409e-12 0 8.58975e-12 0 1.31959e-11 0 1.97418e-11 0 2.84305e-11 0 4.00307e-11 0 5.51813e-11 0 7.45601e-11 0 9.88585e-11 0 1.30289e-10 0 1.66787e-10 0 2.12504e-10 0 2.66508e-10 0 3.32885e-10 0 4.09699e-10 0 5.02492e-10 0 6.07815e-10 0 7.33039e-10 0 8.72586e-10 0 1.03608e-09 0 1.21509e-09 0 1.42198e-09 0 1.6606e-09 0 1.91695e-09 0 2.20896e-09 0 2.54101e-09 0 2.89134e-09 0 3.31507e-09 0
95.847 0.000334204 9.02112e-05 0.000243993 0.730072 0.572089 1.14056e-23 0 2.42785e-20 0 1.82632e-17 0 5.69877e-16 0 5.54808e-15 0 2.95643e-14 0 1.09917e-13 0 3.19038e-13 0 7.85386e-13 0 1.70509e-12 0 3.3681e-12 0 6.11565e-12 0 1.0525e-11 0 1.71268e-11 0 2.66608e-11 0 4.01078e-11 0 5.88347e-11 0 8.32336e-11 0 1.15253e-10 0 1.56403e-10 0 2.08246e-10 0 2.72335e-10 0 3.54114e-10 0 4.47879e-10 0 5.63935e-10 0 6.99473e-10 0 8.64251e-10 0 1.05295e-09 0 1.27862e-09 0 1.53232e-09 0 1.83119e-09 0 2.16132e-09 0 2.54485e-09 0 2.96141e-09 0 3.43914e-09 0 3.98594e-09 0 4.56915e-09 0 5.22883e-09 0 5.97384e-09 0 6.75473e-09 0 7.6931e-09 0
100.767 0.000335814 9.03e-05 0.000245514 0.731101 0.565032 1.33002e-22 0 1.94747e-19 0 1.06021e-16 0 2.79667e-15 0 2.43639e-14 0 1.19645e-13 0 4.17205e-13 0 1.14956e-12 0 2.70813e-12 0 5.66105e-12 0 1.08168e-11 0 1.9077e-11 0 3.19726e-11 0 5.08052e-11 0 7.73964e-11 0 1.14135e-10 0 1.64323e-10 0 2.28563e-10 0 3.115e-10 0 4.16463e-10 0 5.46813e-10 0 7.05791e-10 0 9.0604e-10 0 1.13288e-09 0 1.41048e-09 0 1.73118e-09 0 2.11702e-09 0 2.5545e-09 0 3.07272e-09 0 3.65e-09 0 4.32413e-09 0 5.06256e-09 0 5.91355e-09 0 6.83079e-09 0 7.87499e-09 0 9.06156e-09 0 1.03184e-08 0 1.17306e-08 0 1.33152e-08 0 1.49656e-08 0 1.69368e-08 0
105.939 0.000337397 9.0484e-05 0.000246913 0.731817 0.558475 1.36047e-21 0 1.39555e-18 0 5.5858e-16 0 1.25587e-14 0 9.84352e-14 0 4.47253e-13 0 1.46731e-12 0 3.84781e-12 0 8.69325e-12 0 1.75297e-11 0 3.24525e-11 0 5.56707e-11 0 9.098e-11 0 1.41337e-10 0 2.10932e-10 0 3.05212e-10 0 4.31673e-10 0 5.90835e-10 0 7.93147e-10 0 1.04548e-09 0 1.35457e-09 0 1.72675e-09 0 2.1898e-09 0 2.70834e-09 0 3.3361e-09 0 4.05386e-09 0 4.90893e-09 0 5.86926e-09 0 6.99656e-09 0 8.24145e-09 0 9.68312e-09 0 1.12498e-08 0 1.30415e-08 0 1.49586e-08 0 1.7126e-08 0 1.95719e-08 0 2.21456e-08 0 2.50194e-08 0 2.82238e-08 0 3.15418e-08 0 3.54812e-08 0
111.377 0.00033845 9.07675e-05 0.000247682 0.731814 0.55093 1.22862e-20 0 8.98384e-18 0 2.68378e-15 0 5.18326e-14 0 3.6741e-13 0 1.55045e-12 0 4.79993e-12 0 1.20083e-11 0 2.60718e-11 0 5.08032e-11 0 9.12653e-11 0 1.5249e-10 0 2.43302e-10 0 3.69925e-10 0 5.41391e-10 0 7.69373e-10 0 1.06989e-09 0 1.4421e-09 0 1.90826e-09 0 2.48166e-09 0 3.17496e-09 0 3.9996e-09 0 5.01366e-09 0 6.13689e-09 0 7.48279e-09 0 9.00662e-09 0 1.08049e-08 0 1.28065e-08 0 1.51358e-08 0 1.76869e-08 0 2.06179e-08 0 2.3779e-08 0 2.73681e-08 0 3.11818e-08 0 3.54646e-08 0 4.02663e-08 0 4.52872e-08 0 5.08603e-08 0 5.70376e-08 0 6.33981e-08 0 7.09075e-08 0
117.094 0.000338993 9.06105e-05 0.000248383 0.732707 0.540582 9.79814e-20 0 5.19221e-17 0 1.17431e-14 0 1.96272e-13 0 1.26438e-12 0 4.97341e-12 0 1.45704e-11 0 3.48558e-11 0 7.28657e-11 0 1.37435e-10 0 2.39934e-10 0 3.90969e-10 0 6.09733e-10 0 9.08289e-10 0 1.30481e-09 0 1.82272e-09 0 2.49419e-09 0 3.31326e-09 0 4.32474e-09 0 5.55256e-09 0 7.01884e-09 0 8.74274e-09 0 1.08391e-08 0 1.31371e-08 0 1.5864e-08 0 1.89225e-08 0 2.24998e-08 0 2.64474e-08 0 3.10039e-08 0 3.59551e-08 0 4.16008e-08 0 4.76459e-08 0 5.44623e-08 0 6.16575e-08 0 6.96868e-08 0 7.8633e-08 0 8.79322e-08 0 9.81951e-08 0 1.09507e-07 0 1.21092e-07 0 1.34697e-07 0
123.105 0.000340031 9.04258e-05 0.000249605 0.734066 0.529176 6.97197e-19 0 2.71993e-16 0 4.72103e-14 0 6.87696e-13 0 4.04499e-12 0 1.48818e-11 0 4.13693e-11 0 9.48393e-11 0 1.9125e-10 0 3.49721e-10 0 5.94155e-10 0 9.4536e-10 0 1.44269e-09 0 2.10768e-09 0 2.97472e-09 0 4.0882e-09 0 5.50925e-09 0 7.21767e-09 0 9.29934e-09 0 1.17947e-08 0 1.47397e-08 0 1.81641e-08 0 2.22845e-08 0 2.67567e-08 0 3.20144e-08 0 3.78595e-08 0 4.46377e-08 0 5.2057e-08 0 6.05538e-08 0 6.97178e-08 0 8.00927e-08 0 9.11255e-08 0 1.03484e-07 0 1.16448e-07 0 1.30829e-07 0 1.46756e-07 0 1.63218e-07 0 1.81288e-07 0 2.01099e-07 0 2.21285e-07 0 2.4487e-07 0
129.424 0.0003421 9.07378e-05 0.000251362 0.734762 0.519386 4.47713e-18 0 1.30523e-15 0 1.76127e-13 0 2.25106e-12 0 1.21433e-11 0 4.19229e-11 0 1.10865e-10 0 2.4407e-10 0 4.75613e-10 0 8.44455e-10 0 1.39803e-09 0 2.17453e-09 0 3.25071e-09 0 4.66202e-09 0 6.47007e-09 0 8.75492e-09 0 1.16275e-08 0 1.50336e-08 0 1.91314e-08 0 2.3985e-08 0 2.96494e-08 0 3.6167e-08 0 4.39305e-08 0 5.22779e-08 0 6.20048e-08 0 7.27276e-08 0 8.50618e-08 0 9.8458e-08 0 1.13686e-07 0 1.29993e-07 0 1.4833e-07 0 1.67703e-07 0 1.89268e-07 0 2.11755e-07 0 2.36556e-07 0 2.63871e-07 0 2.91951e-07 0 3.22615e-07 0 3.56062e-07 0 3.89976e-07 0 4.29413e-07 0
136.067 0.000344289 9.12848e-05 0.000253004 0.73486 0.511137 2.60066e-17 0 5.74694e-15 0 6.10343e-13 0 6.88822e-12 0 3.42231e-11 0 1.11215e-10 0 2.8047e-10 0 5.94117e-10 0 1.12064e-09 0 1.93471e-09 0 3.12512e-09 0 4.75717e-09 0 6.97326e-09 0 9.8262e-09 0 1.34206e-08 0 1.78938e-08 0 2.3438e-08 0 2.99261e-08 0 3.76375e-08 0 4.66681e-08 0 5.70954e-08 0 6.89737e-08 0 8.29878e-08 0 9.79213e-08 0 1.15177e-07 0 1.34047e-07 0 1.55586e-07 0 1.78808e-07 0 2.05019e-07 0 2.32898e-07 0 2.64044e-07 0 2.96745e-07 0 3.32933e-07 0 3.70452e-07 0 4.11608e-07 0 4.56693e-07 0 5.02804e-07 0 5.52911e-07 0 6.07303e-07 0 6.62199e-07 0 7.25743e-07 0
143.051 0.000345651 9.17842e-05 0.000253867 0.73446 0.502377 1.36914e-16 0 2.32456e-14 0 1.96586e-12 0 1.97105e-11 0 9.05561e-11 0 2.77824e-10 0 6.69701e-10 0 1.36757e-09 0 2.50085e-09 0 4.20397e-09 0 6.63349e-09 0 9.89271e-09 0 1.42329e-08 0 1.97229e-08 0 2.65305e-08 0 3.48801e-08 0 4.50891e-08 0 5.68879e-08 0 7.07505e-08 0 8.68098e-08 0 1.05166e-07 0 1.25878e-07 0 1.50092e-07 0 1.75676e-07 0 2.05003e-07 0 2.36828e-07 0 2.7289e-07 0 3.11497e-07 0 3.54781e-07 0 4.00524e-07 0 4.51312e-07 0 5.04323e-07 0 5.62654e-07 0 6.22807e-07 0 6.88448e-07 0 7.59989e-07 0 8.32803e-07 0 9.11559e-07 0 9.96655e-07 0 1.08216e-06 0 1.18071e-06 0
150.394 0.000345827 9.18834e-05 0.000253943 0.734308 0.490223 6.53879e-16 0 8.64008e-14 0 5.8835e-12 0 5.27109e-11 0 2.24796e-10 0 6.52936e-10 0 1.50774e-09 0 2.97342e-09 0 5.27953e-09 0 8.65273e-09 0 1.33526e-08 0 1.95283e-08 0 2.76012e-08 0 3.76434e-08 0 4.99088e-08 0 6.4745e-08 0 8.26528e-08 0 1.03104e-07 0 1.26871e-07 0 1.54122e-07 0 1.8497e-07 0 2.19465e-07 0 2.59443e-07 0 3.01342e-07 0 3.49007e-07 0 4.00358e-07 0 4.58139e-07 0 5.19586e-07 0 5.88037e-07 0 6.59936e-07 0 7.39297e-07 0 8.21667e-07 0 9.11818e-07 0 1.00431e-06 0 1.10474e-06 0 1.21367e-06 0 1.32402e-06 0 1.44285e-06 0 1.57068e-06 0 1.6986e-06 0 1.84542e-06 0
158.114 0.000345472 9.15116e-05 0.000253961 0.735112 0.47341 2.84369e-15 0 2.96037e-13 0 1.64045e-11 0 1.32049e-10 0 5.24649e-10 0 1.44658e-09 0 3.20664e-09 0 6.1176e-09 0 1.0562e-08 0 1.68978e-08 0 2.55295e-08 0 3.66505e-08 0 5.0934e-08 0 6.84208e-08 0 8.94739e-08 0 1.14606e-07 0 1.44571e-07 0 1.78407e-07 0 2.17319e-07 0 2.61502e-07 0 3.1106e-07 0 3.66e-07 0 4.29152e-07 0 4.94827e-07 0 5.69002e-07 0 6.48362e-07 0 7.37068e-07 0 8.30805e-07 0 9.34593e-07 0 1.04297e-06 0 1.16194e-06 0 1.28475e-06 0 1.41848e-06 0 1.55501e-06 0 1.70258e-06 0 1.86188e-06 0 2.02256e-06 0 2.19486e-06 0 2.37943e-06 0 2.5634e-06 0 2.77372e-06 0
166.23 0.000345865 9.10678e-05 0.000254798 0.736696 0.453696 1.13592e-14 0 9.42566e-13 0 4.29339e-11 0 3.12139e-10 0 1.15939e-09 0 3.04227e-09 0 6.48676e-09 0 1.19912e-08 0 2.0158e-08 0 3.15186e-08 0 4.66691e-08 0 6.58264e-08 0 9.00222e-08 0 1.19199e-07 0 1.53848e-07 0 1.94694e-07 0 2.4283e-07 0 2.96602e-07 0 3.5783e-07 0 4.26707e-07 0 5.03291e-07 0 5.87499e-07 0 6.83536e-07 0 7.82681e-07 0 8.93889e-07 0 1.01209e-06 0 1.14338e-06 0 1.28128e-06 0 1.43308e-06 0 1.59073e-06 0 1.76285e-06 0 1.93964e-06 0 2.13121e-06 0 2.32588e-06 0 2.53534e-06 0 2.76049e-06 0 2.98662e-06 0 3.22813e-06 0 3.48584e-06 0 3.74172e-06 0 4.03315e-06 0
174.763 0.000347824 9.12105e-05 0.000256613 0.737768 0.434706 4.2154e-14 0 2.81909e-12 0 1.06567e-10 0 7.03244e-10 0 2.44999e-09 0 6.13304e-09 0 1.26023e-08 0 2.26078e-08 0 3.70536e-08 0 5.66853e-08 0 8.234e-08 0 1.14206e-07 0 1.53816e-07 0 2.00895e-07 0 2.56082e-07 0 3.20367e-07 0 3.95286e-07 0 4.78126e-07 0 5.71566e-07 0 6.7575e-07 0 7.90633e-07 0 9.15974e-07 0 1.05786e-06 0 1.20331e-06 0 1.3654e-06 0 1.5366e-06 0 1.72563e-06 0 1.92303e-06 0 2.13914e-06 0 2.36239e-06 0 2.6049e-06 0 2.8528e-06 0 3.12018e-06 0 3.39068e-06 0 3.68052e-06 0 3.99075e-06 0 4.3011e-06 0 4.63128e-06 0 4.98228e-06 0 5.32955e-06 0 5.72366e-06 0
183.733 0.000351146 9.19166e-05 0.000259229 0.738238 0.418689 1.45852e-13 0 7.94451e-12 0 2.51513e-10 0 1.51368e-09 0 4.96165e-09 0 1.18763e-08 0 2.35605e-08 0 4.10771e-08 0 6.57198e-08 0 9.8474e-08 0 1.40458e-07 0 1.91728e-07 0 2.54498e-07 0 3.2809e-07 0 4.1329e-07 0 5.11417e-07 0 6.24573e-07 0 7.48479e-07 0 8.86989e-07 0 1.04013e-06 0 1.20767e-06 0 1.38911e-06 0 1.59304e-06 0 1.80072e-06 0 2.03071e-06 0 2.27219e-06 0 2.53729e-06 0 2.81263e-06 0 3.11248e-06 0 3.42069e-06 0 3.7539e-06 0 4.09294e-06 0 4.45702e-06 0 4.8238e-06 0 5.21521e-06 0 5.6325e-06 0 6.04837e-06 0 6.48922e-06 0 6.95618e-06 0 7.41659e-06 0 7.93734e-06 0
193.164 0.000354226 9.25553e-05 0.00026167 0.738711 0.405166 4.69014e-13 0 2.10172e-11 0 5.62091e-10 0 3.09901e-09 0 9.58611e-09 0 2.19882e-08 0 4.2186e-08 0 7.15808e-08 0 1.11925e-07 0 1.64429e-07 0 2.30501e-07 0 3.09896e-07 0 4.05704e-07 0 5.16572e-07 0 6.43425e-07 0 7.87954e-07 0 9.52951e-07 0 1.13196e-06 0 1.33036e-06 0 1.54796e-06 0 1.78424e-06 0 2.03833e-06 0 2.32199e-06 0 2.60904e-06 0 2.92506e-06 0 3.255e-06 0 3.61523e-06 0 3.98743e-06 0 4.39077e-06 0 4.80337e-06 0 5.24739e-06 0 5.69722e-06 0 6.17824e-06 0 6.6609e-06 0 7.17401e-06 0 7.71897e-06 0 8.26012e-06 0 8.83179e-06 0 9.43526e-06 0 1.00283e-05 0 1.0697e-05 0
203.079 0.000356195 9.37374e-05 0.000262457 0.736837 0.393543 1.4159e-12 0 5.26979e-11 0 1.20045e-09 0 6.0892e-09 0 1.78253e-08 0 3.92627e-08 0 7.29697e-08 0 1.20659e-07 0 1.84592e-07 0 2.66138e-07 0 3.66977e-07 0 4.86302e-07 0 6.28329e-07 0 7.90655e-07 0 9.74312e-07 0 1.18142e-06 0 1.41561e-06 0 1.66745e-06 0 1.94432e-06 0 2.24567e-06 0 2.57056e-06 0 2.9176e-06 0 3.30255e-06 0 3.68977e-06 0 4.11366e-06 0 4.55384e-06 0 5.03197e-06 0 5.52355e-06 0 6.05372e-06 0 6.59361e-06 0 7.17211e-06 0 7.75573e-06 0 8.37734e-06 0 8.9987e-06 0 9.65685e-06 0 1.03534e-05 0 1.10426e-05 0 1.17683e-05 0 1.2532e-05 0 1.32801e-05 0 1.4121e-05 0
213.503 0.000356059 9.45139e-05 0.000261545 0.734556 0.379777 3.98555e-12 0 1.24325e-10 0 2.43123e-09 0 1.13923e-08 0 3.16455e-08 0 6.70675e-08 0 1.2093e-07 0 1.95113e-07 0 2.92364e-07 0 4.14058e-07 0 5.62057e-07 0 7.34646e-07 0 9.37403e-07 0 1.16642e-06 0 1.42277e-06 0 1.70905e-06 0 2.02983e-06 0 2.3719e-06 0 2.74508e-06 0 3.14833e-06 0 3.58011e-06 0 4.03839e-06 0 4.54365e-06 0 5.04899e-06 0 5.59923e-06 0 6.16769e-06 0 6.78213e-06 0 7.41089e-06 0 8.08596e-06 0 8.77045e-06 0 9.50085e-06 0 1.02348e-05 0 1.10136e-05 0 1.17892e-05 0 1.2608e-05 0 1.34715e-05 0 1.43232e-05 0 1.52172e-05 0 1.6155e-05 0 1.7071e-05 0 1.80977e-05 0
224.463 0.00035393 9.48151e-05 0.000259115 0.732108 0.360473 1.04873e-11 0 2.76558e-10 0 4.67746e-09 0 2.03257e-08 0 5.37134e-08 0 1.09738e-07 0 1.92255e-07 0 3.03031e-07 0 4.45195e-07 0 6.19881e-07 0 8.28988e-07 0 1.06947e-06 0 1.34849e-06 0 1.66013e-06 0 2.00545e-06 0 2.3875e-06 0 2.81191e-06 0 3.2609e-06 0 3.74711e-06 0 4.2689e-06 0 4.82401e-06 0 5.40962e-06 0 6.05151e-06 0 6.69002e-06 0 7.38174e-06 0 8.09288e-06 0 8.85796e-06 0 9.63738e-06 0 1.04706e-05 0 1.1312e-05 0 1.22063e-05 0 1.31016e-05 0 1.40482e-05 0 1.49877e-05 0 1.59761e-05 0 1.70152e-05 0 1.8037e-05 0 1.91062e-05 0 2.02246e-05 0 2.1314e-05 0 2.25315e-05 0
235.984 0.000350597 9.44187e-05 0.000256179 0.730692 0.332647 2.58158e-11 0 5.80262e-10 0 8.54832e-09 0 3.45752e-08 0 8.71357e-08 0 1.71918e-07 0 2.93058e-07 0 4.51767e-07 0 6.51359e-07 0 8.92401e-07 0 1.17662e-06 0 1.49919e-06 0 1.86905e-06 0 2.27775e-06 0 2.72628e-06 0 3.21815e-06 0 3.76005e-06 0 4.32902e-06 0 4.94086e-06 0 5.59318e-06 0 6.28289e-06 0 7.00631e-06 0 7.79488e-06 0 8.57526e-06 0 9.41659e-06 0 1.02775e-05 0 1.11997e-05 0 1.21351e-05 0 1.3131e-05 0 1.41328e-05 0 1.51936e-05 0 1.62518e-05 0 1.73668e-05 0 1.84698e-05 0 1.96266e-05 0 2.0839e-05 0 2.20276e-05 0 2.3268e-05 0 2.45617e-05 0 2.58186e-05 0 2.72196e-05 0
248.097 0.000347559 9.35427e-05 0.000254016 0.730858 0.295673 5.97558e-11 0 1.15378e-09 0 1.49053e-08 0 5.63109e-08 0 1.35652e-07 0 2.58905e-07 0 4.29996e-07 0 6.49006e-07 0 9.19173e-07 0 1.24011e-06 0 1.61315e-06 0 2.03123e-06 0 2.50524e-06 0 3.02372e-06 0 3.58752e-06 0 4.20063e-06 0 4.87084e-06 0 5.56945e-06 0 6.31573e-06 0 7.10642e-06 0 7.93756e-06 0 8.80456e-06 0 9.74469e-06 0 1.06705e-05 0 1.1664e-05 0 1.26762e-05 0 1.37557e-05 0 1.48464e-05 0 1.60032e-05 0 1.71625e-05 0 1.83857e-05 0 1.96017e-05 0 2.08788e-05 0 2.21384e-05 0 2.34554e-05 0 2.48316e-05 0 2.6177e-05 0 2.75773e-05 0 2.9034e-05 0 3.04455e-05 0 3.20151e-05 0
260.832 0.000346179 9.29031e-05 0.000253276 0.731633 0.251628 1.31415e-10 0 2.19589e-09 0 2.50365e-08 0 8.86429e-08 0 2.04566e-07 0 3.78307e-07 0 6.12931e-07 0 9.06708e-07 0 1.26252e-06 0 1.67862e-06 0 2.15571e-06 0 2.68403e-06 0 3.27667e-06 0 3.91866e-06 0 4.61069e-06 0 5.35725e-06 0 6.16728e-06 0 7.00587e-06 0 7.89603e-06 0 8.83358e-06 0 9.81362e-06 0 1.08306e-05 0 1.19279e-05 0 1.30034e-05 0 1.41526e-05 0 1.53184e-05 0 1.65569e-05 0 1.78033e-05 0 1.91204e-05 0 2.04357e-05 0 2.18189e-05 0 2.31895e-05 0 2.46245e-05 0 2.60355e-05 0 2.75068e-05 0 2.90399e-05 0 3.05348e-05 0 3.20866e-05 0 3.36969e-05 0 3.52535e-05 0 3.69803e-05 0
274.221 0.000347303 9.26224e-05 0.00025468 0.733309 0.203748 2.75685e-10 0 4.01484e-09 0 4.06468e-08 0 1.35297e-07 0 2.99741e-07 0 5.37924e-07 0 8.51249e-07 0 1.23541e-06 0 1.69263e-06 0 2.21941e-06 0 2.81562e-06 0 3.46837e-06 0 4.19315e-06 0 4.97111e-06 0 5.80278e-06 0 6.69317e-06 0 7.65245e-06 0 8.63908e-06 0 9.68011e-06 0 1.07704e-05 0 1.19041e-05 0 1.30747e-05 0 1.43317e-05 0 1.55584e-05 0 1.68635e-05 0 1.81824e-05 0 1.95781e-05 0 2.09777e-05 0 2.24514e-05 0 2.39182e-05 0 2.54557e-05 0 2.69746e-05 0 2.85602e-05 0 3.01149e-05 0 3.17317e-05 0 3.3412e-05 0 3.50461e-05 0 3.67385e-05 0 3.84904e-05 0 4.01801e-05 0 4.20502e-05 0
288.297 0.000350888 9.29546e-05 0.000257934 0.735088 0.155591 5.5458e-10 0 7.08639e-09 0 6.40765e-08 0 2.01123e-07 0 4.28602e-07 0 7.47533e-07 0 1.15674e-06 0 1.64852e-06 0 2.22418e-06 0 2.87807e-06 0 3.60907e-06 0 4.40076e-06 0 5.27135e-06 0 6.19768e-06 0 7.18017e-06 0 8.22444e-06 0 9.34196e-06 0 1.04842e-05 0 1.16826e-05 0 1.2931e-05 0 1.42225e-05 0 1.55499e-05 0 1.69689e-05 0 1.83477e-05 0 1.98089e-05 0 2.128e-05 0 2.2831e-05 0 2.4381e-05 0 2.60078e-05 0 2.76216e-05 0 2.93082e-05 0 3.09696e-05 0 3.2699e-05 0 3.43902e-05 0 3.61445e-05 0 3.79631e-05 0 3.97275e-05 0 4.15506e-05 0 4.34335e-05 0 4.52456e-05 0 4.7247e-05 0
303.095 0.000356347 9.40354e-05 0.000262312 0.736113 0.109944 1.07383e-09 0 1.21164e-08 0 9.83913e-08 0 2.92057e-07 0 5.99815e-07 0 1.01812e-06 0 1.54223e-06 0 2.16022e-06 0 2.87228e-06 0 3.67026e-06 0 4.55192e-06 0 5.49699e-06 0 6.52673e-06 0 7.61332e-06 0 8.75716e-06 0 9.9646e-06 0 1.12485e-05 0 1.25531e-05 0 1.39144e-05 0 1.53253e-05 0 1.6778e-05 0 1.82643e-05 0 1.98464e-05 0 2.13776e-05 0 2.29942e-05 0 2.46159e-05 0 2.63199e-05 0 2.80171e-05 0 2.97927e-05 0 3.15489e-05 0 3.3379e-05 0 3.51767e-05 0 3.70431e-05 0 3.88638e-05 0 4.07477e-05 0 4.2696e-05 0 4.45819e-05 0 4.65264e-05 0 4.85303e-05 0 5.0455e-05 0 5.25763e-05 0
318.653 0.000362638 9.56065e-05 0.000267031 0.736358 0.0681104 1.99987e-09 0 2.00474e-08 0 1.46972e-07 0 4.13691e-07 0 8.20292e-07 0 1.35686e-06 0 2.01411e-06 0 2.77517e-06 0 3.63899e-06 0 4.5947e-06 0 5.63891e-06 0 6.74731e-06 0 7.94448e-06 0 9.1978e-06 0 1.05078e-05 0 1.18816e-05 0 1.33335e-05 0 1.48007e-05 0 1.63237e-05 0 1.78945e-05 0 1.95047e-05 0 2.1145e-05 0 2.2884e-05 0 2.45606e-05 0 2.63245e-05 0 2.80879e-05 0 2.99347e-05 0 3.17684e-05 0 3.36811e-05 0 3.55676e-05 0 3.7528e-05 0 3.94486e-05 0 4.14377e-05 0 4.33733e-05 0 4.53716e-05 0 4.74334e-05 0 4.94251e-05 0 5.14743e-05 0 5.35817e-05 0 5.5602e-05 0 5.78243e-05 0
335.009 0.000368273 9.73862e-05 0.000270887 0.73556 0.0303503 3.57888e-09 0 3.20572e-08 0 2.13237e-07 0 5.7064e-07 0 1.09432e-06 0 1.76621e-06 0 2.5717e-06 0 3.48848e-06 0 4.51426e-06 0 5.6354e-06 0 6.84742e-06 0 8.12202e-06 0 9.48731e-06 0 1.09059e-05 0 1.23787e-05 0 1.39136e-05 0 1.55265e-05 0 1.71477e-05 0 1.88223e-05 0 2.05417e-05 0 2.22964e-05 0 2.4077e-05 0 2.59572e-05 0 2.77635e-05 0 2.96575e-05 0 3.15447e-05 0 3.35152e-05 0 3.54659e-05 0 3.74948e-05 0 3.94905e-05 0 4.1559e-05 0 4.35805e-05 0 4.5669e-05 0 4.76969e-05 0 4.97858e-05 0 5.19366e-05 0 5.40098e-05 0 5.61388e-05 0 5.83242e-05 0 6.04152e-05 0 6.27112e-05 0
352.205 0.000372073 9.96345e-05 0.000272439 0.732218 -0.00281856 6.18208e-09 0 4.97537e-08 0 3.01706e-07 0 7.69515e-07 0 1.42954e-06 0 2.25399e-06 0 3.22232e-06 0 4.30654e-06 0 5.50328e-06 0 6.79618e-06 0 8.17985e-06 0 9.62215e-06 0 1.11549e-05 0 1.27362e-05 0 1.43674e-05 0 1.60574e-05 0 1.78236e-05 0 1.95898e-05 0 2.14059e-05 0 2.32623e-05 0 2.51493e-05 0 2.70567e-05 0 2.90635e-05 0 3.09848e-05 0 3.29929e-05 0 3.49877e-05 0 3.70645e-05 0 3.91146e-05 0 4.12412e-05 0 4.33275e-05 0 4.54847e-05 0 4.75879e-05 0 4.9756e-05 0 5.18566e-05 0 5.40159e-05 0 5.62347e-05 0 5.83694e-05 0 6.05574e-05 0 6.27992e-05 0 6.49406e-05 0 6.72878e-05 0
370.284 0.000372518 0.000101745 0.000270773 0.726873 -0.0322572 1.02636e-08 0 7.46059e-08 0 4.14303e-07 0 1.00949e-06 0 1.81952e-06 0 2.80587e-06 0 3.94199e-06 0 5.1944e-06 0 6.55905e-06 0 8.01718e-06 0 9.56281e-06 0 1.11604e-05 0 1.28456e-05 0 1.45724e-05 0 1.63428e-05 0 1.81668e-05 0 2.00632e-05 0 2.19506e-05 0 2.38827e-05 0 2.58495e-05 0 2.78411e-05 0 2.98468e-05 0 3.19499e-05 0 3.39568e-05 0 3.6048e-05 0 3.81193e-05 0 4.02698e-05 0 4.2387e-05 0 4.45776e-05 0 4.67216e-05 0 4.89331e-05 0 5.10846e-05 0 5.32977e-05 0 5.54374e-05 0 5.76328e-05 0 5.98843e-05 0 6.20466e-05 0 6.42589e-05 0 6.65217e-05 0 6.86796e-05 0 7.10411e-05 0
389.291 0.000369 0.000104221 0.000264779 0.717559 -0.0575324 1.6489e-08 0 1.08795e-07 0 5.55658e-07 0 1.29633e-06 0 2.27034e-06 0 3.42791e-06 0 4.73678e-06 0 6.15839e-06 0 7.68851e-06 0 9.30642e-06 0 1.10059e-05 0 1.27486e-05 0 1.45737e-05 0 1.6432e-05 0 1.83261e-05 0 2.02673e-05 0 2.22756e-05 0 2.42654e-05 0 2.62938e-05 0 2.83506e-05 0 3.04256e-05 0 3.25083e-05 0 3.46848e-05 0 3.67555e-05 0 3.89069e-05 0 4.10321e-05 0 4.32326e-05 0 4.53937e-05 0 4.76244e-05 0 4.98025e-05 0 5.20443e-05 0 5.42207e-05 0 5.64548e-05 0 5.86108e-05 0 6.08188e-05 0 6.30792e-05 0 6.52461e-05 0 6.74596e-05 0 6.972e-05 0 7.18721e-05 0 7.42238e-05 0
409.273 0.000360349 0.000105256 0.000255093 0.707906 -0.080461 2.52401e-08 0 1.51879e-07 0 7.16358e-07 0 1.60358e-06 0 2.73274e-06 0 4.04406e-06 0 5.50088e-06 0 7.06108e-06 0 8.7209e-06 0 1.04586e-05 0 1.22682e-05 0 1.41098e-05 0 1.60256e-05 0 1.79643e-05 0 1.99296e-05 0 2.19338e-05 0 2.39975e-05 0 2.60334e-05 0 2.81006e-05 0 3.01891e-05 0 3.22887e-05 0 3.43893e-05 0 3.65777e-05 0 3.86536e-05 0 4.08047e-05 0 4.29241e-05 0 4.5113e-05 0 4.72577e-05 0 4.94664e-05 0 5.16184e-05 0 5.38288e-05 0 5.59703e-05 0 5.81646e-05 0 6.02782e-05 0 6.24391e-05 0 6.46474e-05 0 6.6761e-05 0 6.89167e-05 0 7.11146e-05 0 7.32042e-05 0 7.54843e-05 0
430.281 0.000345995 0.0001051 0.000240895 0.696238 -0.101407 3.69765e-08 0 2.03837e-07 0 8.91332e-07 0 1.91837e-06 0 3.18536e-06 0 4.62478e-06 0 6.19738e-06 0 7.85921e-06 0 9.60769e-06 0 1.1421e-05 0 1.3294e-05 0 1.51865e-05 0 1.71427e-05 0 1.91109e-05 0 2.10958e-05 0 2.31103e-05 0 2.51755e-05 0 2.72046e-05 0 2.92573e-05 0 3.13239e-05 0 3.33946e-05 0 3.546e-05 0 3.76054e-05 0 3.9635e-05 0 4.17327e-05 0 4.37944e-05 0 4.59188e-05 0 4.79956e-05 0 5.01298e-05 0 5.2205e-05 0 5.43322e-05 0 5.63894e-05 0 5.84934e-05 0 6.05167e-05 0 6.25818e-05 0 6.46889e-05 0 6.67025e-05 0 6.87532e-05 0 7.0841e-05 0 7.28233e-05 0 7.49832e-05 0
452.368 0.000326481 0.000103665 0.000222816 0.682477 -0.120604 5.188e-08 0 2.63128e-07 0 1.07068e-06 0 2.21986e-06 0 3.59608e-06 0 5.12729e-06 0 6.77378e-06 0 8.49177e-06 0 1.02805e-05 0 1.2119e-05 0 1.40033e-05 0 1.58945e-05 0 1.78374e-05 0 1.97817e-05 0 2.17328e-05 0 2.37041e-05 0 2.57167e-05 0 2.76865e-05 0 2.96722e-05 0 3.16647e-05 0 3.36551e-05 0 3.56346e-05 0 3.76851e-05 0 3.96199e-05 0 4.16148e-05 0 4.35709e-05 0 4.55822e-05 0 4.75442e-05 0 4.95563e-05 0 5.1509e-05 0 5.35071e-05 0 5.54359e-05 0 5.74054e-05 0 5.92962e-05 0 6.12231e-05 0 6.31863e-05 0 6.50596e-05 0 6.69648e-05 0 6.89019e-05 0 7.07387e-05 0 7.27375e-05 0
475.588 0.000302973 0.000101213 0.000201759 0.665933 -0.138207 6.9963e-08 0 3.27806e-07 0 1.2456e-06 0 2.49242e-06 0 3.944e-06 0 5.52732e-06 0 7.20437e-06 0 8.93332e-06 0 1.07156e-05 0 1.25321e-05 0 1.43803e-05 0 1.62232e-05 0 1.81059e-05 0 1.99801e-05 0 2.18522e-05 0 2.37358e-05 0 2.56511e-05 0 2.7519e-05 0 2.93957e-05 0 3.1273e-05 0 3.31428e-05 0 3.49974e-05 0 3.69135e-05 0 3.8717e-05 0 4.05724e-05 0 4.23877e-05 0 4.42503e-05 0 4.60637e-05 0 4.792e-05 0 4.97181e-05 0 5.15548e-05 0 5.3325e-05 0 5.51295e-05 0 5.68595e-05 0 5.86199e-05 0 6.04108e-05 0 6.21175e-05 0 6.3851e-05 0 6.56113e-05 0 6.72784e-05 0 6.90904e-05 0
500 0.000277151 9.80832e-05 0.000179068 0.646102 -0.154223 9.10625e-08 0 3.95688e-07 0 1.4088e-06 0 2.72542e-06 0 4.21764e-06 0 5.81493e-06 0 7.48275e-06 0 9.18268e-06 0 1.09187e-05 0 1.26739e-05 0 1.44473e-05 0 1.6205e-05 0 1.79909e-05 0 1.97603e-05 0 2.15198e-05 0 2.32831e-05 0 2.50695e-05 0 2.68057e-05 0 2.85446e-05 0 3.0279e-05 0 3.20018e-05 0 3.3706e-05 0 3.54626e-05 0 3.71122e-05 0 3.88055e-05 0 4.0459e-05 0 4.21522e-05 0 4.37976e-05 0 4.54789e-05 0 4.71048e-05 0 4.87629e-05 0 5.03584e-05 0 5.19825e-05 0 5.35372e-05 0 5.51172e-05 0 5.67225e-05 0 5.82503e-05 0 5.98002e-05 0 6.13722e-05 0 6.28593e-05 0 6.44738e-05 0
525.665 0.000250657 9.45172e-05 0.000156139 0.622922 -0.168735 1.14765e-07 0 4.64186e-07 0 1.55353e-06 0 2.91055e-06 0 4.40981e-06 0 5.98622e-06 0 7.61008e-06 0 9.24745e-06 0 1.09047e-05 0 1.25677e-05 0 1.4237e-05 0 1.58821e-05 0 1.7545e-05 0 1.9185e-05 0 2.08092e-05 0 2.24307e-05 0 2.40678e-05 0 2.56537e-05 0 2.72375e-05 0 2.88128e-05 0 3.03735e-05 0 3.19137e-05 0 3.34975e-05 0 3.49817e-05 0 3.65023e-05 0 3.79841e-05 0 3.94988e-05 0 4.09682e-05 0 4.24671e-05 0 4.39144e-05 0 4.5388e-05 0 4.68039e-05 0 4.82433e-05 0 4.96193e-05 0 5.10159e-05 0 5.24331e-05 0 5.37803e-05 0 5.51455e-05 0 5.65285e-05 0 5.78355e-05 0 5.9253e-05 0
552.648 0.000224754 9.06279e-05 0.000134126 0.596769 -0.181971 1.4032e-07 0 5.30155e-07 0 1.67299e-06 0 3.04032e-06 0 4.51481e-06 0 6.03914e-06 0 7.58933e-06 0 9.13658e-06 0 1.06895e-05 0 1.22367e-05 0 1.37803e-05 0 1.52932e-05 0 1.68152e-05 0 1.83098e-05 0 1.97842e-05 0 2.1251e-05 0 2.2727e-05 0 2.41527e-05 0 2.55724e-05 0 2.69809e-05 0 2.83729e-05 0 2.97437e-05 0 3.11501e-05 0 3.24655e-05 0 3.38105e-05 0 3.5119e-05 0 3.64542e-05 0 3.77473e-05 0 3.90643e-05 0 4.03341e-05 0 4.16251e-05 0 4.28639e-05 0 4.41216e-05 0 4.53224e-05 0 4.65398e-05 0 4.77737e-05 0 4.89454e-05 0 5.01314e-05 0 5.13317e-05 0 5.24649e-05 0 5.36926e-05 0
581.015 0.000200454 8.66336e-05 0.00011382 0.567812 -0.193943 1.66975e-07 0 5.91275e-07 0 1.76447e-06 0 3.11516e-06 0 4.53859e-06 0 5.98675e-06 0 7.44173e-06 0 8.88003e-06 0 1.03122e-05 0 1.17296e-05 0 1.31353e-05 0 1.45062e-05 0 1.58792e-05 0 1.72219e-05 0 1.85418e-05 0 1.98504e-05 0 2.11632e-05 0 2.24276e-05 0 2.36835e-05 0 2.49264e-05 0 2.61521e-05 0 2.73564e-05 0 2.85897e-05 0 2.97409e-05 0 3.0916e-05 0 3.20572e-05 0 3.32199e-05 0 3.43442e-05 0 3.54877e-05 0 3.65885e-05 0 3.77064e-05 0 3.87776e-05 0 3.98639e-05 0 4.08998e-05 0 4.19489e-05 0 4.30111e-05 0 4.40186e-05 0 4.50375e-05 0 4.60677e-05 0 4.70393e-05 0 4.80911e-05 0
610.839 0.000178262 8.26284e-05 9.56337e-05 0.536478 -0.204774 1.93758e-07 0 6.45125e-07 0 1.82565e-06 0 3.13591e-06 0 4.48697e-06 0 5.84083e-06 0 7.18558e-06 0 8.50291e-06 0 9.80488e-06 0 1.10852e-05 0 1.23482e-05 0 1.35739e-05 0 1.47964e-05 0 1.59873e-05 0 1.7154e-05 0 1.83071e-05 0 1.94606e-05 0 2.05687e-05 0 2.16666e-05 0 2.27508e-05 0 2.38176e-05 0 2.48637e-05 0 2.5933e-05 0 2.69294e-05 0 2.79447e-05 0 2.89293e-05 0 2.99309e-05 0 3.08981e-05 0 3.18804e-05 0 3.28248e-05 0 3.37827e-05 0 3.46996e-05 0 3.56282e-05 0 3.65129e-05 0 3.74079e-05 0 3.83131e-05 0 3.9171e-05 0 4.00377e-05 0 4.09132e-05 0 4.17382e-05 0 4.26306e-05 0
642.193 0.000158473 7.87715e-05 7.97016e-05 0.502935 -0.214408 2.19894e-07 0 6.90509e-07 0 1.85803e-06 0 3.10952e-06 0 4.37364e-06 0 5.62236e-06 0 6.84938e-06 0 8.04115e-06 0 9.21077e-06 0 1.03542e-05 0 1.14762e-05 0 1.25604e-05 0 1.36374e-05 0 1.46828e-05 0 1.57037e-05 0 1.67098e-05 0 1.77135e-05 0 1.86753e-05 0 1.96261e-05 0 2.0563e-05 0 2.14831e-05 0 2.23838e-05 0 2.33027e-05 0 2.41576e-05 0 2.50274e-05 0 2.58696e-05 0 2.67252e-05 0 2.75503e-05 0 2.83873e-05 0 2.9191e-05 0 3.00052e-05 0 3.07837e-05 0 3.15713e-05 0 3.2321e-05 0 3.30786e-05 0 3.38442e-05 0 3.4569e-05 0 3.53008e-05 0 3.60393e-05 0 3.67348e-05 0 3.74863e-05 0
675.157 0.000141115 7.51388e-05 6.5976e-05 0.467534 -0.222808 2.44589e-07 0 7.26493e-07 0 1.86354e-06 0 3.0427e-06 0 4.21076e-06 0 5.34913e-06 0 6.45642e-06 0 7.52327e-06 0 8.56343e-06 0 9.57459e-06 0 1.05621e-05 0 1.15123e-05 0 1.24527e-05 0 1.33626e-05 0 1.42484e-05 0 1.5119e-05 0 1.59853e-05 0 1.68136e-05 0 1.76306e-05 0 1.84342e-05 0 1.92218e-05 0 1.99915e-05 0 2.07755e-05 0 2.15038e-05 0 2.22437e-05 0 2.29592e-05 0 2.36852e-05 0 2.43843e-05 0 2.50927e-05 0 2.57722e-05 0 2.64598e-05 0 2.71166e-05 0 2.77805e-05 0 2.84117e-05 0 2.90492e-05 0 2.96927e-05 0 3.03015e-05 0 3.09156e-05 0 3.1535e-05 0 3.21177e-05 0 3.27471e-05 0
709.813 0.000126098 7.17822e-05 5.43156e-05 0.430742 -0.229968 2.67165e-07 0 7.527e-07 0 1.84509e-06 0 2.94294e-06 0 4.01062e-06 0 5.03803e-06 0 6.02787e-06 0 6.97442e-06 0 7.89159e-06 0 8.77854e-06 0 9.64089e-06 0 1.04674e-05 0 1.12825e-05 0 1.20687e-05 0 1.2832e-05 0 1.35803e-05 0 1.43232e-05 0 1.50319e-05 0 1.57297e-05 0 1.64146e-05 0 1.70849e-05 0 1.77388e-05 0 1.84038e-05 0 1.90207e-05 0 1.96467e-05 0 2.02513e-05 0 2.08639e-05 0 2.14532e-05 0 2.20497e-05 0 2.26213e-05 0 2.31991e-05 0 2.37505e-05 0 2.43073e-05 0 2.48363e-05 0 2.537e-05 0 2.59085e-05 0 2.64175e-05 0 2.69305e-05 0 2.74475e-05 0 2.79337e-05 0 2.84584e-05 0
746.248 0.000113198 6.86798e-05 4.45179e-05 0.393276 -0.236032 2.86858e-07 0 7.68626e-07 0 1.80476e-06 0 2.81557e-06 0 3.78169e-06 0 4.70033e-06 0 5.57749e-06 0 6.41037e-06 0 7.21275e-06 0 7.98492e-06 0 8.73251e-06 0 9.44642e-06 0 1.01482e-05 0 1.08232e-05 0 1.14767e-05 0 1.21159e-05 0 1.27492e-05 0 1.3352e-05 0 1.39445e-05 0 1.45251e-05 0 1.50924e-05 0 1.56449e-05 0 1.62062e-05 0 1.67261e-05 0 1.7253e-05 0 1.77613e-05 0 1.82758e-05 0 1.87702e-05 0 1.92701e-05 0 1.97486e-05 0 2.0232e-05 0 2.06928e-05 0 2.11578e-05 0 2.15992e-05 0 2.20442e-05 0 2.24928e-05 0 2.29166e-05 0 2.33434e-05 0 2.37733e-05 0 2.41773e-05 0 2.4613e-05 0
784.553 0.000102225 6.58602e-05 3.63643e-05 0.355729 -0.240886 3.03269e-07 0 7.748e-07 0 1.74654e-06 0 2.66825e-06 0 3.53494e-06 0 4.34985e-06 0 5.12145e-06 0 5.84929e-06 0 6.54668e-06 0 7.21477e-06 0 7.85906e-06 0 8.47223e-06 0 9.07319e-06 0 9.64958e-06 0 1.02064e-05 0 1.07498e-05 0 1.1287e-05 0 1.17975e-05 0 1.22983e-05 0 1.27883e-05 0 1.32664e-05 0 1.37315e-05 0 1.42032e-05 0 1.46396e-05 0 1.50815e-05 0 1.55072e-05 0 1.59377e-05 0 1.6351e-05 0 1.67685e-05 0 1.71678e-05 0 1.75708e-05 0 1.79547e-05 0 1.83417e-05 0 1.87089e-05 0 1.90788e-05 0 1.94514e-05 0 1.98032e-05 0 2.01573e-05 0 2.05137e-05 0 2.08484e-05 0 2.12092e-05 0
824.824 9.2856e-05 6.3223e-05 2.96329e-05 0.319128 -0.244802 3.15594e-07 0 7.70661e-07 0 1.67138e-06 0 2.50334e-06 0 3.27372e-06 0 3.9905e-06 0 4.66389e-06 0 5.29518e-06 0 5.89701e-06 0 6.47112e-06 0 7.02276e-06 0 7.54609e-06 0 8.05757e-06 0 8.54692e-06 0 9.01857e-06 0 9.47792e-06 0 9.93118e-06 0 1.03612e-05 0 1.07824e-05 0 1.11939e-05 0 1.15948e-05 0 1.19843e-05 0 1.23789e-05 0 1.27436e-05 0 1.31124e-05 0 1.34675e-05 0 1.38261e-05 0 1.41701e-05 0 1.45173e-05 0 1.48491e-05 0 1.51837e-05 0 1.55022e-05 0 1.58231e-05 0 1.61273e-05 0 1.64336e-05 0 1.67419e-05 0 1.70328e-05 0 1.73254e-05 0 1.76198e-05 0 1.78962e-05 0 1.81939e-05 0
867.163 8.48699e-05 6.07618e-05 2.41081e-05 0.284059 -0.247765 3.23582e-07 0 7.57023e-07 0 1.58286e-06 0 2.32678e-06 0 3.00581e-06 0 3.63141e-06 0 4.21486e-06 0 4.75868e-06 0 5.27471e-06 0 5.76502e-06 0 6.23455e-06 0 6.67868e-06 0 7.11162e-06 0 7.52487e-06 0 7.92234e-06 0 8.30872e-06 0 8.68932e-06 0 9.04981e-06 0 9.40242e-06 0 9.74643e-06 0 1.00812e-05 0 1.0406e-05 0 1.07348e-05 0 1.10382e-05 0 1.13449e-05 0 1.16397e-05 0 1.19374e-05 0 1.22226e-05 0 1.25103e-05 0 1.2785e-05 0 1.30618e-05 0 1.33251e-05 0 1.35902e-05 0 1.38414e-05 0 1.40941e-05 0 1.43484e-05 0 1.45881e-05 0 1.48292e-05 0 1.50716e-05 0 1.5299e-05 0 1.55439e-05 0
911.674 7.7978e-05 5.83799e-05 1.9598e-05 0.251328 -0.250186 3.26683e-07 0 7.33862e-07 0 1.48228e-06 0 2.14076e-06 0 2.73375e-06 0 3.2751e-06 0 3.77653e-06 0 4.24142e-06 0 4.68062e-06 0 5.09641e-06 0 5.49333e-06 0 5.86775e-06 0 6.23186e-06 0 6.57867e-06 0 6.9116e-06 0 7.23467e-06 0 7.5524e-06 0 7.85289e-06 0 8.14643e-06 0 8.43244e-06 0 8.71043e-06 0 8.97991e-06 0 9.25233e-06 0 9.50358e-06 0 9.75721e-06 0 1.00009e-05 0 1.02467e-05 0 1.04821e-05 0 1.07193e-05 0 1.09456e-05 0 1.11735e-05 0 1.13902e-05 0 1.16083e-05 0 1.18147e-05 0 1.20223e-05 0 1.22311e-05 0 1.24279e-05 0 1.26256e-05 0 1.28244e-05 0 1.30107e-05 0 1.32113e-05 0
958.471 7.19999e-05 5.60677e-05 1.59322e-05 0.221281 -0.252326 3.24964e-07 0 7.02456e-07 0 1.37322e-06 0 1.95046e-06 0 2.46379e-06 0 2.92841e-06 0 3.35606e-06 0 3.75057e-06 0 4.12178e-06 0 4.47201e-06 0 4.80537e-06 0 5.11904e-06 0 5.4234e-06 0 5.71272e-06 0 5.98997e-06 0 6.25858e-06 0 6.52235e-06 0 6.77148e-06 0 7.01454e-06 0 7.2511e-06 0 7.48077e-06 0 7.70319e-06 0 7.92782e-06 0 8.13482e-06 0 8.3436e-06 0 8.54406e-06 0 8.74608e-06 0 8.93941e-06 0 9.13409e-06 0 9.31976e-06 0 9.5066e-06 0 9.68413e-06 0 9.86267e-06 0 1.00316e-05 0 1.02015e-05 0 1.03722e-05 0 1.0533e-05 0 1.06945e-05 0 1.08568e-05 0 1.10089e-05 0 1.11725e-05 0
1007.67 6.68137e-05 5.38498e-05 1.29639e-05 0.194031 -0.254691 3.18892e-07 0 6.64688e-07 0 1.25989e-06 0 1.76158e-06 0 2.20252e-06 0 2.59845e-06 0 2.96073e-06 0 3.2934e-06 0 3.60526e-06 0 3.89856e-06 0 4.17699e-06 0 4.43836e-06 0 4.69146e-06 0 4.9316e-06 0 5.16135e-06 0 5.38361e-06 0 5.60157e-06 0 5.80717e-06 0 6.00753e-06 0 6.20234e-06 0 6.39128e-06 0 6.57408e-06 0 6.75855e-06 0 6.9284e-06 0 7.09958e-06 0 7.26382e-06 0 7.42922e-06 0 7.58741e-06 0 7.7466e-06 0 7.89834e-06 0 8.05095e-06 0 8.19587e-06 0 8.34155e-06 0 8.47934e-06 0 8.61778e-06 0 8.75687e-06 0 8.88783e-06 0 9.01934e-06 0 9.15138e-06 0 9.27511e-06 0 9.40818e-06 0
1059.39 6.23889e-05 5.18225e-05 1.05663e-05 0.169362 -0.257472 3.09532e-07 0 6.23343e-07 0 1.1476e-06 0 1.58099e-06 0 1.95775e-06 0 2.29357e-06 0 2.59917e-06 0 2.87859e-06 0 3.13963e-06 0 3.38442e-06 0 3.61622e-06 0 3.83336e-06 0 4.04322e-06 0 4.24201e-06 0 4.43191e-06 0 4.61536e-06 0 4.79504e-06 0 4.96433e-06 0 5.12914e-06 0 5.28922e-06 0 5.44435e-06 0 5.59431e-06 0 5.74551e-06 0 5.88462e-06 0 6.02473e-06 0 6.15907e-06 0 6.29428e-06 0 6.42351e-06 0 6.55349e-06 0 6.67731e-06 0 6.80178e-06 0 6.91993e-06 0 7.03864e-06 0 7.15086e-06 0 7.26358e-06 0 7.37676e-06 0 7.4833e-06 0 7.59024e-06 0 7.69758e-06 0 7.79812e-06 0 7.90621e-06 0
1113.77 5.87192e-05 5.00891e-05 8.6301e-06 0.146972 -0.260677 2.9809e-07 0 5.81084e-07 0 1.04081e-06 0 1.41402e-06 0 1.73518e-06 0 2.01949e-06 0 2.2769e-06 0 2.51134e-06 0 2.72965e-06 0 2.93383e-06 0 3.12673e-06 0 3.30707e-06 0 3.48106e-06 0 3.64562e-06 0 3.8026e-06 0 3.95406e-06 0 4.10223e-06 0 4.2417e-06 0 4.37734e-06 0 4.50896e-06 0 4.63641e-06 0 4.75952e-06 0 4.88355e-06 0 4.9976e-06 0 5.11238e-06 0 5.22237e-06 0 5.33301e-06 0 5.4387e-06 0 5.54495e-06 0 5.64612e-06 0 5.74777e-06 0 5.84421e-06 0 5.94106e-06 0 6.03259e-06 0 6.12448e-06 0 6.21673e-06 0 6.30352e-06 0 6.39061e-06 0 6.478e-06 0 6.55982e-06 0 6.64777e-06 0
1170.94 5.58119e-05 4.87478e-05 7.06408e-06 0.12657 -0.264068 2.85731e-07 0 5.40134e-07 0 9.42742e-07 0 1.26409e-06 0 1.53803e-06 0 1.779e-06 0 1.99615e-06 0 2.19321e-06 0 2.37617e-06 0 2.54686e-06 0 2.70779e-06 0 2.85796e-06 0 3.00261e-06 0 3.13923e-06 0 3.26938e-06 0 3.39482e-06 0 3.51741e-06 0 3.63268e-06 0 3.74468e-06 0 3.85329e-06 0 3.95836e-06 0 4.05979e-06 0 4.16191e-06 0 4.25575e-06 0 4.35014e-06 0 4.44054e-06 0 4.53143e-06 0 4.6182e-06 0 4.7054e-06 0 4.78838e-06 0 4.87173e-06 0 4.95077e-06 0 5.03012e-06 0 5.10508e-06 0 5.18031e-06 0 5.2558e-06 0 5.32681e-06 0 5.39804e-06 0 5.46949e-06 0 5.53637e-06 0 5.60823e-06 0
1231.05 5.36437e-05 4.78497e-05 5.79394e-06 0.108008 -0.267275 2.73233e-07 0 5.01746e-07 0 8.5465e-07 0 1.13192e-06 0 1.36623e-06 0 1.57113e-06 0 1.75498e-06 0 1.92127e-06 0 2.07523e-06 0 2.21855e-06 0 2.35341e-06 0 2.47904e-06 0 2.59988e-06 0 2.71385e-06 0 2.82231e-06 0 2.92673e-06 0 3.02867e-06 0 3.12445e-06 0 3.21743e-06 0 3.30753e-06 0 3.39464e-06 0 3.47866e-06 0 3.56322e-06 0 3.64086e-06 0 3.71893e-06 0 3.79366e-06 0 3.86875e-06 0 3.94041e-06 0 4.01239e-06 0 4.08086e-06 0 4.1496e-06 0 4.21477e-06 0 4.28017e-06 0 4.34194e-06 0 4.4039e-06 0 4.46606e-06 0 4.52451e-06 0 4.58313e-06 0 4.64191e-06 0 4.69692e-06 0 4.75601e-06 0
1294.24 5.21736e-05 4.74134e-05 4.76022e-06 0.0912381 -0.269823 2.61051e-07 0 4.66444e-07 0 7.76497e-07 0 1.01656e-06 0 1.21779e-06 0 1.39281e-06 0 1.54924e-06 0 1.69028e-06 0 1.82054e-06 0 1.94155e-06 0 2.0552e-06 0 2.16092e-06 0 2.26247e-06 0 2.35814e-06 0 2.44908e-06 0 2.53654e-06 0 2.62186e-06 0 2.70194e-06 0 2.77964e-06 0 2.85488e-06 0 2.92757e-06 0 2.99765e-06 0 3.06812e-06 0 3.13281e-06 0 3.19781e-06 0 3.26001e-06 0 3.32248e-06 0 3.38207e-06 0 3.44191e-06 0 3.4988e-06 0 3.55591e-06 0 3.61002e-06 0 3.66431e-06 0 3.71556e-06 0 3.76697e-06 0 3.81852e-06 0 3.86698e-06 0 3.91557e-06 0 3.96428e-06 0 4.00985e-06 0 4.0588e-06 0
1360.67 5.13792e-05 4.7463e-05 3.91619e-06 0.0762213 -0.271095 2.4953e-07 0 4.34514e-07 0 7.07901e-07 0 9.16724e-07 0 1.09046e-06 0 1.24082e-06 0 1.37471e-06 0 1.49509e-06 0 1.60602e-06 0 1.70886e-06 0 1.8053e-06 0 1.89489e-06 0 1.98083e-06 0 2.0617e-06 0 2.1385e-06 0 2.2123e-06 0 2.28423e-06 0 2.3517e-06 0 2.41712e-06 0 2.48042e-06 0 2.54154e-06 0 2.60044e-06 0 2.65964e-06 0 2.71395e-06 0 2.7685e-06 0 2.82068e-06 0 2.87306e-06 0 2.92302e-06 0 2.97315e-06 0 3.02081e-06 0 3.06862e-06 0 3.11392e-06 0 3.15935e-06 0 3.20223e-06 0 3.24522e-06 0 3.28833e-06 0 3.32884e-06 0 3.36945e-06 0 3.41015e-06 0 3.44822e-06 0 3.4891e-06 0
1430.51 5.12369e-05 4.80121e-05 3.2248e-06 0.0629391 -0.270383 2.38821e-07 0 4.05896e-07 0 6.47999e-07 0 8.30615e-07 0 9.81503e-07 0 1.11149e-06 0 1.22686e-06 0 1.3303e-06 0 1.42543e-06 0 1.51347e-06 0 1.59591e-06 0 1.67239e-06 0 1.74567e-06 0 1.81456e-06 0 1.87993e-06 0 1.94269e-06 0 2.00381e-06 0 2.06111e-06 0 2.11662e-06 0 2.17031e-06 0 2.22213e-06 0 2.27203e-06 0 2.32217e-06 0 2.36815e-06 0 2.41431e-06 0 2.45844e-06 0 2.50274e-06 0 2.54496e-06 0 2.58732e-06 0 2.62758e-06 0 2.66796e-06 0 2.7062e-06 0 2.74454e-06 0 2.78072e-06 0 2.81699e-06 0 2.85334e-06 0 2.8875e-06 0 2.92173e-06 0 2.95604e-06 0 2.98812e-06 0 3.02256e-06 0
1503.94 5.17117e-05 4.90538e-05 2.65787e-06 0.0513978 -0.26708 2.28871e-07 0 3.80202e-07 0 5.95522e-07 0 7.56059e-07 0 8.87865e-07 0 1.00094e-06 0 1.10098e-06 0 1.19047e-06 0 1.27261e-06 0 1.3485e-06 0 1.41947e-06 0 1.48523e-06 0 1.54818e-06 0 1.6073e-06 0 1.66335e-06 0 1.71712e-06 0 1.76946e-06 0 1.81849e-06 0 1.86597e-06 0 1.91186e-06 0 1.95614e-06 0 1.99875e-06 0 2.04155e-06 0 2.08078e-06 0 2.12016e-06 0 2.15779e-06 0 2.19554e-06 0 2.23152e-06 0 2.26761e-06 0 2.30189e-06 0 2.33627e-06 0 2.36882e-06 0 2.40145e-06 0 2.43223e-06 0 2.46308e-06 0 2.49399e-06 0 2.52303e-06 0 2.55213e-06 0 2.58128e-06 0 2.60854e-06 0 2.6378e-06 0
1581.14 5.30277e-05 5.0833e-05 2.19475e-06 0.0413887 -0.259858 2.20659e-07 0 3.58771e-07 0 5.51986e-07 0 6.94505e-07 0 8.10836e-07 0 9.10248e-07 0 9.97953e-07 0 1.07624e-06 0 1.14797e-06 0 1.21414e-06 0 1.27595e-06 0 1.33315e-06 0 1.38786e-06 0 1.4392e-06 0 1.48783e-06 0 1.53446e-06 0 1.57982e-06 0 1.62229e-06 0 1.66339e-06 0 1.7031e-06 0 1.74139e-06 0 1.77823e-06 0 1.81521e-06 0 1.8491e-06 0 1.88311e-06 0 1.91559e-06 0 1.94818e-06 0 1.97922e-06 0 2.01034e-06 0 2.03991e-06 0 2.06954e-06 0 2.0976e-06 0 2.12572e-06 0 2.15223e-06 0 2.1788e-06 0 2.20543e-06 0 2.23043e-06 0 2.25548e-06 0 2.28057e-06 0 2.30403e-06 0 2.32921e-06 0
1662.3 5.51757e-05 5.33645e-05 1.81123e-06 0.0328266 -0.243251 2.13874e-07 0 3.40788e-07 0 5.15583e-07 0 6.43247e-07 0 7.46895e-07 0 8.35154e-07 0 9.12818e-07 0 9.82005e-07 0 1.04529e-06 0 1.1036e-06 0 1.158e-06 0 1.20829e-06 0 1.25636e-06 0 1.30142e-06 0 1.34409e-06 0 1.38497e-06 0 1.42471e-06 0 1.4619e-06 0 1.49788e-06 0 1.53262e-06 0 1.5661e-06 0 1.59832e-06 0 1.63064e-06 0 1.66025e-06 0 1.68995e-06 0 1.71831e-06 0 1.74675e-06 0 1.77384e-06 0 1.801e-06 0 1.82679e-06 0 1.85263e-06 0 1.87709e-06 0 1.9016e-06 0 1.92471e-06 0 1.94786e-06 0 1.97106e-06 0 1.99284e-06 0 2.01465e-06 0 2.0365e-06 0 2.05692e-06 0 2.07884e-06 0
1747.63 5.6434e-05 5.49524e-05 1.4816e-06 0.0262537 -0.214948 2.01878e-07 0 3.15629e-07 0 4.70051e-07 0 5.81813e-07 0 6.72105e-07 0 7.48741e-07 0 8.16019e-07 0 8.75842e-07 0 9.30482e-07 0 9.80767e-07 0 1.02762e-06 0 1.07091e-06 0 1.11225e-06 0 1.15098e-06 0 1.18762e-06 0 1.22271e-06 0 1.2568e-06 0 1.28869e-06 0 1.31953e-06 0 1.3493e-06 0 1.37798e-06 0 1.40556e-06 0 1.43323e-06 0 1.45856e-06 0 1.48397e-06 0 1.50823e-06 0 1.53254e-06 0 1.5557e-06 0 1.57891e-06 0 1.60094e-06 0 1.62302e-06 0 1.64391e-06 0 1.66484e-06 0 1.68457e-06 0 1.70433e-06 0 1.72413e-06 0 1.74271e-06 0 1.76132e-06 0 1.77996e-06 0 1.79738e-06 0 1.81607e-06 0
1837.33 5.60085e-05 5.48041e-05 1.20445e-06 0.0215047 -0.184222 1.83303e-07 0 2.81527e-07 0 4.13109e-07 0 5.07546e-07 0 5.835e-07 0 6.47774e-07 0 7.04077e-07 0 7.54058e-07 0 7.99647e-07 0 8.41556e-07 0 8.8057e-07 0 9.16585e-07 0 9.50947e-07 0 9.83124e-07 0 1.01355e-06 0 1.04267e-06 0 1.07096e-06 0 1.0974e-06 0 1.12296e-06 0 1.14762e-06 0 1.17138e-06 0 1.19422e-06 0 1.21712e-06 0 1.23808e-06 0 1.2591e-06 0 1.27917e-06 0 1.29928e-06 0 1.31842e-06 0 1.3376e-06 0 1.35581e-06 0 1.37405e-06 0 1.39131e-06 0 1.4086e-06 0 1.42489e-06 0 1.44121e-06 0 1.45756e-06 0 1.4729e-06 0 1.48826e-06 0 1.50365e-06 0 1.51802e-06 0 1.53344e-06 0
1931.64 5.51585e-05 5.41788e-05 9.7972e-07 0.0177619 -0.151192 1.63936e-07 0 2.47606e-07 0 3.58328e-07 0 4.37186e-07 0 5.00348e-07 0 5.53653e-07 0 6.00254e-07 0 6.4156e-07 0 6.7919e-07 0 7.13746e-07 0 7.45889e-07 0 7.75538e-07 0 8.03807e-07 0 8.30264e-07 0 8.55268e-07 0 8.7919e-07 0 9.02412e-07 0 9.24115e-07 0 9.45087e-07 0 9.65317e-07 0 9.84795e-07 0 1.00351e-06 0 1.02228e-06 0 1.03946e-06 0 1.05667e-06 0 1.07311e-06 0 1.08957e-06 0 1.10524e-06 0 1.12094e-06 0 1.13584e-06 0 1.15077e-06 0 1.16488e-06 0 1.17902e-06 0 1.19235e-06 0 1.20569e-06 0 1.21905e-06 0 1.23159e-06 0 1.24415e-06 0 1.25672e-06 0 1.26847e-06 0 1.28107e-06 0
2030.79 5.34835e-05 5.26902e-05 7.93305e-07 0.0148327 -0.10923 1.43373e-07 0 2.13176e-07 0 3.04514e-07 0 3.6911e-07 0 4.20654e-07 0 4.64045e-07 0 5.01912e-07 0 5.35429e-07 0 5.65929e-07 0 5.93911e-07 0 6.19919e-07 0 6.43892e-07 0 6.66737e-07 0 6.88105e-07 0 7.08291e-07 0 7.27595e-07 0 7.46326e-07 0 7.63827e-07 0 7.80732e-07 0 7.97034e-07 0 8.12726e-07 0 8.27803e-07 0 8.42915e-07 0 8.56743e-07 0 8.706e-07 0 8.83822e-07 0 8.97069e-07 0 9.09675e-07 0 9.22303e-07 0 9.34284e-07 0 9.46284e-07 0 9.57633e-07 0 9.68997e-07 0 9.79707e-07 0 9.90429e-07 0 1.00116e-06 0 1.01124e-06 0 1.02133e-06 0 1.03143e-06 0 1.04086e-06 0 1.05098e-06 0
2135.03 5.03617e-05 4.97234e-05 6.38364e-07 0.0126756 -0.0633215 1.20991e-07 0 1.77268e-07 0 2.50149e-07 0 3.0136e-07 0 3.42084e-07 0 3.76289e-07 0 4.06089e-07 0 4.32433e-07 0 4.56381e-07 0 4.78334e-07 0 4.98723e-07 0 5.17505e-07 0 5.35394e-07 0 5.52118e-07 0 5.6791e-07 0 5.83006e-07 0 5.9765e-07 0 6.11326e-07 0 6.24534e-07 0 6.37267e-07 0 6.49521e-07 0 6.61291e-07 0 6.73086e-07 0 6.83877e-07 0 6.94688e-07 0 7.05002e-07 0 7.15334e-07 0 7.25164e-07 0 7.3501e-07 0 7.4435e-07 0 7.53703e-07 0 7.62548e-07 0 7.71404e-07 0 7.79748e-07 0 7.88102e-07 0 7.96465e-07 0 8.04313e-07 0 8.12169e-07 0 8.20032e-07 0 8.27378e-07 0 8.35256e-07 0
2244.63 4.59212e-05 4.54103e-05 5.10967e-07 0.011127 -0.017916 9.82905e-08 0 1.42034e-07 0 1.98149e-07 0 2.37347e-07 0 2.6842e-07 0 2.94465e-07 0 3.17122e-07 0 3.37128e-07 0 3.55298e-07 0 3.71941e-07 0 3.87388e-07 0 4.01611e-07 0 4.15149e-07 0 4.27801e-07 0 4.39743e-07 0 4.51155e-07 0 4.62222e-07 0 4.72554e-07 0 4.82529e-07 0 4.92144e-07 0 5.01395e-07 0 5.10278e-07 0 5.19179e-07 0 5.2732e-07 0 5.35476e-07 0 5.43255e-07 0 5.51046e-07 0 5.58458e-07 0 5.6588e-07 0 5.7292e-07 0 5.7997e-07 0 5.86635e-07 0 5.93308e-07 0 5.99595e-07 0 6.05888e-07 0 6.12188e-07 0 6.18099e-07 0 6.24015e-07 0 6.29937e-07 0 6.35468e-07 0 6.41399e-07 0
2359.84 4.06525e-05 4.02448e-05 4.07769e-07 0.0100306 0.0226475 7.71059e-08 0 1.09987e-07 0 1.51804e-07 0 1.80857e-07 0 2.03822e-07 0 2.23034e-07 0 2.39725e-07 0 2.54447e-07 0 2.67807e-07 0 2.80035e-07 0 2.91379e-07 0 3.01817e-07 0 3.11749e-07 0 3.21027e-07 0 3.29781e-07 0 3.38144e-07 0 3.46251e-07 0 3.53819e-07 0 3.61123e-07 0 3.68162e-07 0 3.74933e-07 0 3.81434e-07 0 3.87946e-07 0 3.93902e-07 0 3.99866e-07 0 4.05555e-07 0 4.11252e-07 0 4.16671e-07 0 4.22097e-07 0 4.27243e-07 0 4.32394e-07 0 4.37265e-07 0 4.42141e-07 0 4.46734e-07 0 4.51332e-07 0 4.55933e-07 0 4.60251e-07 0 4.64572e-07 0 4.68896e-07 0 4.72935e-07 0 4.77266e-07 0
2480.97 3.51098e-05 3.47846e-05 3.25202e-07 0.00926242 0.055711 5.87182e-08 0 8.27471e-08 0 1.13064e-07 0 1.34024e-07 0 1.50548e-07 0 1.64348e-07 0 1.76322e-07 0 1.86874e-07 0 1.96442e-07 0 2.05194e-07 0 2.13308e-07 0 2.20772e-07 0 2.2787e-07 0 2.34499e-07 0 2.40752e-07 0 2.46723e-07 0 2.5251e-07 0 2.57911e-07 0 2.63123e-07 0 2.68144e-07 0 2.72973e-07 0 2.77608e-07 0 2.82252e-07 0 2.86497e-07 0 2.90749e-07 0 2.94803e-07 0 2.98862e-07 0 3.02723e-07 0 3.06589e-07 0 3.10254e-07 0 3.13924e-07 0 3.17393e-07 0 3.20865e-07 0 3.24135e-07 0 3.27409e-07 0 3.30684e-07 0 3.33758e-07 0 3.36834e-07 0 3.39912e-07 0 3.42787e-07 0 3.45869e-07 0
2608.32 2.97666e-05 2.95069e-05 2.59675e-07 0.00872372 0.0802262 4.36948e-08 0 6.08785e-08 0 8.24018e-08 0 9.72155e-08 0 1.08866e-07 0 1.18582e-07 0 1.27002e-07 0 1.34415e-07 0 1.41132e-07 0 1.47274e-07 0 1.52964e-07 0 1.58197e-07 0 1.63171e-07 0 1.67815e-07 0 1.72194e-07 0 1.76375e-07 0 1.80426e-07 0 1.84205e-07 0 1.87852e-07 0 1.91364e-07 0 1.94742e-07 0 1.97984e-07 0 2.0123e-07 0 2.04199e-07 0 2.07171e-07 0 2.10005e-07 0 2.12842e-07 0 2.1554e-07 0 2.1824e-07 0 2.20801e-07 0 2.23365e-07 0 2.25788e-07 0 2.28213e-07 0 2.30497e-07 0 2.32783e-07 0 2.35071e-07 0 2.37217e-07 0 2.39364e-07 0 2.41513e-07 0 2.4352e-07 0 2.45672e-07 0
2742.21 2.49243e-05 2.47164e-05 2.07851e-07 0.0083393 0.0965731 3.19773e-08 0 4.40796e-08 0 5.9138e-08 0 6.94597e-08 0 7.756e-08 0 8.43051e-08 0 9.01448e-08 0 9.52823e-08 0 9.99347e-08 0 1.04186e-07 0 1.08123e-07 0 1.11742e-07 0 1.15181e-07 0 1.18391e-07 0 1.21417e-07 0 1.24305e-07 0 1.27103e-07 0 1.29713e-07 0 1.32231e-07 0 1.34656e-07 0 1.36987e-07 0 1.39224e-07 0 1.41464e-07 0 1.43512e-07 0 1.45562e-07 0 1.47517e-07 0 1.49474e-07 0 1.51334e-07 0 1.53197e-07 0 1.54963e-07 0 1.5673e-07 0 1.584e-07 0 1.60072e-07 0 1.61647e-07 0 1.63222e-07 0 1.64799e-07 0 1.66278e-07 0 1.67758e-07 0 1.69238e-07 0 1.70621e-07 0 1.72103e-07 0
2882.97 2.07146e-05 2.05477e-05 1.66858e-07 0.00805513 0.105978 2.31372e-08 0 3.15759e-08 0 4.20126e-08 0 4.91397e-08 0 5.47218e-08 0 5.9364e-08 0 6.33794e-08 0 6.69095e-08 0 7.01042e-08 0 7.30221e-08 0 7.57235e-08 0 7.82054e-08 0 8.05636e-08 0 8.27638e-08 0 8.48374e-08 0 8.68164e-08 0 8.87331e-08 0 9.05207e-08 0 9.22448e-08 0 9.3905e-08 0 9.5501e-08 0 9.70324e-08 0 9.85656e-08 0 9.9967e-08 0 1.0137e-07 0 1.02707e-07 0 1.04046e-07 0 1.05319e-07 0 1.06593e-07 0 1.078e-07 0 1.09009e-07 0 1.10151e-07 0 1.11294e-07 0 1.12371e-07 0 1.13448e-07 0 1.14526e-07 0 1.15537e-07 0 1.16549e-07 0 1.17561e-07 0 1.18506e-07 0 1.19519e-07 0
3030.95 1.71547e-05 1.70203e-05 1.34352e-07 0.00783181 0.109964 1.66206e-08 0 2.24706e-08 0 2.96657e-08 0 3.45625e-08 0 3.83909e-08 0 4.15709e-08 0 4.43192e-08 0 4.67338e-08 0 4.89178e-08 0 5.09117e-08 0 5.2757e-08 0 5.44519e-08 0 5.60618e-08 0 5.75635e-08 0 5.89785e-08 0 6.03286e-08 0 6.1636e-08 0 6.28551e-08 0 6.40308e-08 0 6.51628e-08 0 6.62508e-08 0 6.72946e-08 0 6.83396e-08 0 6.92947e-08 0 7.02507e-08 0 7.11619e-08 0 7.20739e-08 0 7.2941e-08 0 7.38087e-08 0 7.46314e-08 0 7.54546e-08 0 7.62326e-08 0 7.7011e-08 0 7.77441e-08 0 7.84776e-08 0 7.92115e-08 0 7.98999e-08 0 8.05886e-08 0 8.12777e-08 0 8.19211e-08 0 8.26108e-08 0
3186.53 1.41941e-05 1.40856e-05 1.08477e-07 0.00764239 0.109993 1.18886e-08 0 1.59321e-08 0 2.08803e-08 0 2.42375e-08 0 2.68579e-08 0 2.90323e-08 0 3.091e-08 0 3.25587e-08 0 3.40493e-08 0 3.54095e-08 0 3.6668e-08 0 3.78236e-08 0 3.8921e-08 0 3.99443e-08 0 4.09084e-08 0 4.18282e-08 0 4.27186e-08 0 4.35489e-08 0 4.43494e-08 0 4.51201e-08 0 4.58608e-08 0 4.65713e-08 0 4.72825e-08 0 4.79325e-08 0 4.8583e-08 0 4.92031e-08 0 4.98236e-08 0 5.04135e-08 0 5.10038e-08 0 5.15634e-08 0 5.21233e-08 0 5.26524e-08 0 5.31819e-08 0 5.36804e-08 0 5.41792e-08 0 5.46783e-08 0 5.51464e-08 0 5.56146e-08 0 5.60831e-08 0 5.65206e-08 0 5.69894e-08 0
3350.09 1.17579e-05 1.16701e-05 8.77972e-08 0.00746706 0.107316 8.48665e-09 0 1.12795e-08 0 1.46815e-08 0 1.69832e-08 0 1.87772e-08 0 2.02643e-08 0 2.15476e-08 0 2.26737e-08 0 2.36915e-08 0 2.46199e-08 0 2.54787e-08 0 2.62669e-08 0 2.70153e-08 0 2.77131e-08 0 2.83704e-08 0 2.89973e-08 0 2.96042e-08 0 3.017e-08 0 3.07154e-08 0 3.12404e-08 0 3.1745e-08 0 3.2229e-08 0 3.27134e-08 0 3.3156e-08 0 3.3599e-08 0 3.40212e-08 0 3.44437e-08 0 3.48453e-08 0 3.52471e-08 0 3.56281e-08 0 3.60092e-08 0 3.63694e-08 0 3.67297e-08 0 3.7069e-08 0 3.74085e-08 0 3.77481e-08 0 3.80667e-08 0 3.83853e-08 0 3.87041e-08 0 3.90017e-08 0 3.93207e-08 0
3522.05 9.762e-06 9.6908e-06 7.12051e-08 0.00729411 0.102888 6.05399e-09 0 7.98409e-09 0 1.03255e-08 0 1.19055e-08 0 1.31353e-08 0 1.41539e-08 0 1.50323e-08 0 1.58028e-08 0 1.64988e-08 0 1.71336e-08 0 1.77205e-08 0 1.82591e-08 0 1.87704e-08 0 1.9247e-08 0 1.96959e-08 0 2.0124e-08 0 2.05384e-08 0 2.09246e-08 0 2.12969e-08 0 2.16553e-08 0 2.19996e-08 0 2.23299e-08 0 2.26604e-08 0 2.29624e-08 0 2.32647e-08 0 2.35527e-08 0 2.38409e-08 0 2.41148e-08 0 2.43889e-08 0 2.46487e-08 0 2.49087e-08 0 2.51543e-08 0 2.54e-08 0 2.56314e-08 0 2.58629e-08 0 2.60944e-08 0 2.63116e-08 0 2.65289e-08 0 2.67462e-08 0 2.69491e-08 0 2.71666e-08 0
3702.84 8.12948e-06 8.07164e-06 5.78451e-08 0.00711547 0.0974255 4.31977e-09 0 5.65566e-09 0 7.27008e-09 0 8.35699e-09 0 9.20194e-09 0 9.9012e-09 0 1.05039e-08 0 1.10323e-08 0 1.15095e-08 0 1.19446e-08 0 1.23467e-08 0 1.27157e-08 0 1.30659e-08 0 1.33923e-08 0 1.36997e-08 0 1.39928e-08 0 1.42764e-08 0 1.45408e-08 0 1.47956e-08 0 1.50408e-08 0 1.52765e-08 0 1.55024e-08 0 1.57286e-08 0 1.59352e-08 0 1.61419e-08 0 1.63389e-08 0 1.65361e-08 0 1.67234e-08 0 1.69109e-08 0 1.70886e-08 0 1.72663e-08 0 1.74343e-08 0 1.76023e-08 0 1.77605e-08 0 1.79188e-08 0 1.80771e-08 0 1.82256e-08 0 1.83741e-08 0 1.85227e-08 0 1.86614e-08 0 1.88101e-08 0
3892.91 6.79326e-06 6.7462e-06 4.70563e-08 0.00692691 0.0914308 3.08493e-09 0 4.01145e-09 0 5.12728e-09 0 5.87693e-09 0 6.45905e-09 0 6.94045e-09 0 7.35516e-09 0 7.71861e-09 0 8.04672e-09 0 8.34577e-09 0 8.62215e-09 0 8.8757e-09 0 9.11629e-09 0 9.3405e-09 0 9.55159e-09 0 9.75286e-09 0 9.94762e-09 0 1.01291e-08 0 1.03041e-08 0 1.04724e-08 0 1.06341e-08 0 1.07892e-08 0 1.09444e-08 0 1.10862e-08 0 1.12281e-08 0 1.13633e-08 0 1.14985e-08 0 1.16271e-08 0 1.17557e-08 0 1.18776e-08 0 1.19996e-08 0 1.21148e-08 0 1.223e-08 0 1.23386e-08 0 1.24471e-08 0 1.25557e-08 0 1.26575e-08 0 1.27594e-08 0 1.28613e-08 0 1.29564e-08 0 1.30584e-08 0
4092.73 5.69701e-06 5.65869e-06 3.83219e-08 0.00672666 0.0852456 2.20561e-09 0 2.84969e-09 0 3.62294e-09 0 4.14145e-09 0 4.54367e-09 0 4.87608e-09 0 5.1623e-09 0 5.41305e-09 0 5.63936e-09 0 5.84557e-09 0 6.03612e-09 0 6.21089e-09 0 6.3767e-09 0 6.5312e-09 0 6.67665e-09 0 6.81531e-09 0 6.94948e-09 0 7.0745e-09 0 7.19499e-09 0 7.31093e-09 0 7.4223e-09 0 7.52911e-09 0 7.63597e-09 0 7.7336e-09 0 7.83127e-09 0 7.92434e-09 0 8.01746e-09 0 8.10595e-09 0 8.19449e-09 0 8.27839e-09 0 8.36233e-09 0 8.44163e-09 0 8.52096e-09 0 8.59565e-09 0 8.67036e-09 0 8.74509e-09 0 8.81517e-09 0 8.88527e-09 0 8.95539e-09 0 9.02085e-09 0 9.091e-09 0
4302.81 4.79501e-06 4.76378e-06 3.12368e-08 0.00651442 0.0790993 1.57905e-09 0 2.0279e-09 0 2.56525e-09 0 2.92493e-09 0 3.2037e-09 0 3.43394e-09 0 3.63211e-09 0 3.80566e-09 0 3.96226e-09 0 4.10491e-09 0 4.2367e-09 0 4.35757e-09 0 4.47222e-09 0 4.57904e-09 0 4.67958e-09 0 4.77543e-09 0 4.86816e-09 0 4.95457e-09 0 5.03783e-09 0 5.11795e-09 0 5.1949e-09 0 5.2687e-09 0 5.34253e-09 0 5.40997e-09 0 5.47745e-09 0 5.54174e-09 0 5.60606e-09 0 5.66719e-09 0 5.72834e-09 0 5.78629e-09 0 5.84426e-09 0 5.89903e-09 0 5.95381e-09 0 6.00539e-09 0 6.05698e-09 0 6.10859e-09 0 6.15698e-09 0 6.20539e-09 0 6.2538e-09 0 6.299e-09 0 6.34744e-09 0
4523.68 4.05026e-06 4.02478e-06 2.548e-08 0.00629095 0.0731381 1.13209e-09 0 1.44569e-09 0 1.82013e-09 0 2.07038e-09 0 2.26417e-09 0 2.42415e-09 0 2.56178e-09 0 2.68228e-09 0 2.79098e-09 0 2.88999e-09 0 2.98144e-09 0 3.06529e-09 0 3.14483e-09 0 3.21892e-09 0 3.28865e-09 0 3.35513e-09 0 3.41943e-09 0 3.47934e-09 0 3.53707e-09 0 3.59262e-09 0 3.64597e-09 0 3.69712e-09 0 3.7483e-09 0 3.79506e-09 0 3.84183e-09 0 3.88639e-09 0 3.93096e-09 0 3.97333e-09 0 4.01571e-09 0 4.05587e-09 0 4.09604e-09 0 4.13399e-09 0 4.17195e-09 0 4.20769e-09 0 4.24344e-09 0 4.2792e-09 0 4.31273e-09 0 4.34626e-09 0 4.37981e-09 0 4.41112e-09 0 4.44468e-09 0
4755.88 3.43338e-06 3.41259e-06 2.07993e-08 0.00605795 0.0674521 8.12905e-10 0 1.03258e-09 0 1.29426e-09 0 1.46889e-09 0 1.60403e-09 0 1.71553e-09 0 1.81142e-09 0 1.89535e-09 0 1.97105e-09 0 2.03999e-09 0 2.10365e-09 0 2.16202e-09 0 2.21738e-09 0 2.26894e-09 0 2.31746e-09 0 2.36371e-09 0 2.40845e-09 0 2.45014e-09 0 2.4903e-09 0 2.52894e-09 0 2.56605e-09 0 2.60163e-09 0 2.63722e-09 0 2.66974e-09 0 2.70226e-09 0 2.73325e-09 0 2.76425e-09 0 2.79371e-09 0 2.82318e-09 0 2.85111e-09 0 2.87904e-09 0 2.90543e-09 0 2.93182e-09 0 2.95667e-09 0 2.98152e-09 0 3.00638e-09 0 3.02969e-09 0 3.05301e-09 0 3.07633e-09 0 3.0981e-09 0 3.12143e-09 0
5000 2.92009e-06 2.9031e-06 1.69868e-08 0.00581721 0.0620863 5.84534e-10 0 7.38789e-10 0 9.22151e-10 0 1.04436e-09 0 1.13886e-09 0 1.2168e-09 0 1.28381e-09 0 1.34245e-09 0 1.39532e-09 0 1.44346e-09 0 1.48791e-09 0 1.52867e-09 0 1.56731e-09 0 1.6033e-09 0 1.63717e-09 0 1.66945e-09 0 1.70068e-09 0 1.72977e-09 0 1.75779e-09 0 1.78475e-09 0 1.81064e-09 0 1.83547e-09 0 1.86031e-09 0 1.88299e-09 0 1.90568e-09 0 1.9273e-09 0 1.94892e-09 0 1.96947e-09 0 1.99003e-09 0 2.00951e-09 0 2.02899e-09 0 2.0474e-09 0 2.06581e-09 0 2.08314e-09 0 2.10047e-09 0 2.11781e-09 0 2.13406e-09 0 2.15032e-09 0 2.16659e-09 0 2.18177e-09 0 2.19804e-09 0
