# 0.00152242 0 102 : grain size, compostion index, size index
# Heating and cooling timescale: 6.70227e-07 3.55526e+25
# Ratio of heating to cooling to determine stochastic cutoff: 100
# Equilibrium emission is recorded even for those grains in the stochastic regime.
# Emission spectrum was computed for: 
# Type: ISRF
# Scales: 0.25 0.5 1 1.5 2 2.5 3 3.5 4 4.5 5 5.5 6 6.5 7 7.5 8 8.5 9 9.5 10 10.5 11 11.5 12 12.5 13 13.5 14 14.5 15 15.5 16 16.5 17 17.5 18 18.5 19 19.5 20
# StochasticallyHeated: 0 0 0 0 0 0 0 0 0 0 0 0 0 0 0 0 0 0 0 0 0 0 0 0 0 0 0 0 0 0 0 0 0 0 0 0 0 0 0 0 0
# Temperature: -1
# Wavelength  CExt  CAbs  CSca  Albedo G EqEm1 StEm1 EqEm2 StEm2 EqEm3 StEm3 EqEm4 StEm4 EqEm5 StEm5 EqEm6 StEm6 EqEm7 StEm7 EqEm8 StEm8 EqEm9 StEm9 EqEm10 StEm10 EqEm11 StEm11 EqEm12 StEm12 EqEm13 StEm13 EqEm14 StEm14 EqEm15 StEm15 EqEm16 StEm16 EqEm17 StEm17 EqEm18 StEm18 EqEm19 StEm19 EqEm20 StEm20 EqEm21 StEm21 EqEm22 StEm22 EqEm23 StEm23 EqEm24 StEm24 EqEm25 StEm25 EqEm26 StEm26 EqEm27 StEm27 EqEm28 StEm28 EqEm29 StEm29 EqEm30 StEm30 EqEm31 StEm31 EqEm32 StEm32 EqEm33 StEm33 EqEm34 StEm34 EqEm35 StEm35 EqEm36 StEm36 EqEm37 StEm37 EqEm38 StEm38 EqEm39 StEm39 EqEm40 StEm40 EqEm41 StEm41
0.05 1.46272e-05 6.89744e-06 7.72978e-06 0.528452 0.989938 0 0 0 0 0 0 0 0 0 0 0 0 0 0 0 0 0 0 0 0 0 0 0 0 0 0 0 0 0 0 0 0 0 0 0 0 0 0 0 0 0 0 0 0 0 0 0 0 0 0 0 0 0 0 0 0 0 0 0 0 0 0 0 0 0 0 0 0 0 0 0 0 0 0 0 0 0 0 0 0 0 0
0.0525665 1.46345e-05 6.76606e-06 7.86842e-06 0.537663 0.983279 0 0 0 0 0 0 0 0 0 0 0 0 0 0 0 0 0 0 0 0 0 0 0 0 0 0 0 0 0 0 0 0 0 0 0 0 0 0 0 0 0 0 0 0 0 0 0 0 0 0 0 0 0 0 0 0 0 0 0 0 0 0 0 0 0 0 0 0 0 0 0 0 0 0 0 0 0 0 0 0 0 0
0.0552647 1.46397e-05 6.72349e-06 7.91616e-06 0.540734 0.979673 0 0 0 0 0 0 0 0 0 0 0 0 0 0 0 0 0 0 0 0 0 0 0 0 0 0 0 0 0 0 0 0 0 0 0 0 0 0 0 0 0 0 0 0 0 0 0 0 0 0 0 0 0 0 0 0 0 0 0 0 0 0 0 0 0 0 0 0 0 0 0 0 0 0 0 0 0 0 0 0 0 0
0.0581015 1.46442e-05 6.70318e-06 7.94102e-06 0.542264 0.977177 0 0 0 0 0 0 0 0 0 0 0 0 0 0 0 0 0 0 0 0 0 0 0 0 0 0 0 0 0 0 0 0 0 0 0 0 0 0 0 0 0 0 0 0 0 0 0 0 0 0 0 0 0 0 0 0 0 0 0 0 0 0 0 0 0 0 0 0 0 0 0 0 0 0 0 0 0 0 0 0 0 0
0.0610839 1.46484e-05 6.69195e-06 7.95643e-06 0.543161 0.975317 0 0 0 0 0 0 0 0 0 0 0 0 0 0 0 0 0 0 0 0 0 0 0 0 0 0 0 0 0 0 0 0 0 0 0 0 0 0 0 0 0 0 0 0 0 0 0 0 0 0 0 0 0 0 0 0 0 0 0 0 0 0 0 0 0 0 0 0 0 0 0 0 0 0 0 0 0 0 0 0 0 0
0.0642193 1.46524e-05 6.68201e-06 7.97039e-06 0.543965 0.973688 0 0 0 0 0 0 0 0 0 0 0 0 0 0 0 0 0 0 0 0 0 0 0 0 0 0 0 0 0 0 0 0 0 0 0 0 0 0 0 0 0 0 0 0 0 0 0 0 0 0 0 0 0 0 0 0 0 0 0 0 0 0 0 0 0 0 0 0 0 0 0 0 0 0 0 0 0 0 0 0 0 0
0.0675157 1.46564e-05 6.66882e-06 7.98758e-06 0.544989 0.971975 0 0 0 0 0 0 0 0 0 0 0 0 0 0 0 0 0 0 0 0 0 0 0 0 0 0 0 0 0 0 0 0 0 0 0 0 0 0 0 0 0 0 0 0 0 0 0 0 0 0 0 0 0 0 0 0 0 0 0 0 0 0 0 0 0 0 0 0 0 0 0 0 0 0 0 0 0 0 0 0 0 0
0.0709813 1.46605e-05 6.65146e-06 8.00906e-06 0.546301 0.970006 0 0 0 0 0 0 0 0 0 0 0 0 0 0 0 0 0 0 0 0 0 0 0 0 0 0 0 0 0 0 0 0 0 0 0 0 0 0 0 0 0 0 0 0 0 0 0 0 0 0 0 0 0 0 0 0 0 0 0 0 0 0 0 0 0 0 0 0 0 0 0 0 0 0 0 0 0 0 0 0 0 0
0.0746248 1.46648e-05 6.63135e-06 8.03345e-06 0.547805 0.967777 0 0 0 0 0 0 0 0 0 0 0 0 0 0 0 0 0 0 0 0 0 0 0 0 0 0 0 0 0 0 0 0 0 0 0 0 0 0 0 0 0 0 0 0 0 0 0 0 0 0 0 0 0 0 0 0 0 0 0 0 0 0 0 0 0 0 0 0 0 0 0 0 0 0 0 0 0 0 0 0 0 0
0.0784553 1.46692e-05 6.61114e-06 8.05808e-06 0.549319 0.965449 0 0 0 0 0 0 0 0 0 0 0 0 0 0 0 0 0 0 0 0 0 0 0 0 0 0 0 0 0 0 0 0 0 0 0 0 0 0 0 0 0 0 0 0 0 0 0 0 0 0 0 0 0 0 0 0 0 0 0 0 0 0 0 0 0 0 0 0 0 0 0 0 0 0 0 0 0 0 0 0 0 0
0.0824824 1.46738e-05 6.5915e-06 8.08235e-06 0.550799 0.963083 0 0 0 0 0 0 0 0 0 0 0 0 0 0 0 0 0 0 0 0 0 0 0 0 0 0 0 0 0 0 0 0 0 0 0 0 0 0 0 0 0 0 0 0 0 0 0 0 0 0 0 0 0 0 0 0 0 0 0 0 0 0 0 0 0 0 0 0 0 0 0 0 0 0 0 0 0 0 0 0 0 0
0.0867162 1.46787e-05 6.57209e-06 8.10657e-06 0.552269 0.960669 0 0 0 0 0 0 0 0 0 0 0 0 0 0 0 0 0 0 0 0 0 0 0 0 0 0 0 0 0 0 0 0 0 0 0 0 0 0 0 0 0 0 0 0 0 0 0 0 0 0 0 0 0 0 0 0 0 0 0 0 0 0 0 0 0 0 0 0 0 0 0 0 0 0 0 0 0 0 0 0 0 0
0.0911674 1.46836e-05 6.55282e-06 8.13082e-06 0.553733 0.958192 0 0 0 0 0 0 0 0 0 0 0 0 0 0 0 0 0 0 0 0 0 0 0 0 0 0 0 0 0 0 0 0 0 0 0 0 0 0 0 0 0 0 0 0 0 0 0 0 0 0 0 0 0 0 0 0 0 0 0 0 0 0 0 0 0 0 0 0 0 0 0 0 0 0 0 0 0 0 0 0 0 0
0.095847 1.46887e-05 6.5339e-06 8.15483e-06 0.555176 0.955664 0 0 0 0 0 0 0 0 0 0 0 0 0 0 0 0 0 0 0 0 0 0 0 0 0 0 0 0 0 0 0 0 0 0 0 0 0 0 0 0 0 0 0 0 0 0 0 0 0 0 0 0 0 0 0 0 0 0 0 0 0 0 0 0 0 0 0 0 0 0 0 0 0 0 0 0 0 0 0 0 0 0
0.100767 1.46942e-05 6.51616e-06 8.178e-06 0.556548 0.953142 0 0 0 0 0 0 0 0 0 0 0 0 0 0 0 0 0 0 0 0 0 0 0 0 0 0 0 0 0 0 0 0 0 0 0 0 0 0 0 0 0 0 0 0 0 0 0 0 0 0 0 0 0 0 0 0 0 0 0 0 0 0 0 0 0 0 0 0 0 0 0 0 0 0 0 0 0 0 0 0 0 0
0.105939 1.46998e-05 6.50263e-06 8.19718e-06 0.557638 0.95083 0 0 0 0 0 0 0 0 0 0 0 0 0 0 0 0 0 0 0 0 0 0 0 0 0 0 0 0 0 0 0 0 0 0 0 0 0 0 0 0 0 0 0 0 0 0 0 0 0 0 0 0 0 0 0 0 0 0 0 0 0 0 0 0 0 0 0 0 0 0 0 0 0 0 0 0 0 0 0 0 0 0
0.111377 1.47055e-05 6.49604e-06 8.20947e-06 0.558258 0.949107 0 0 0 0 0 0 0 0 0 0 0 0 0 0 0 0 0 0 0 0 0 0 0 0 0 0 0 0 0 0 0 0 0 0 0 0 0 0 0 0 0 0 0 0 0 0 0 0 0 0 0 0 0 0 0 0 0 0 0 0 0 0 0 0 0 0 0 0 0 0 0 0 0 0 0 0 0 0 0 0 0 0
0.117094 1.47112e-05 6.49419e-06 8.21703e-06 0.558555 0.947939 0 0 0 0 0 0 0 0 0 0 0 0 0 0 0 0 0 0 0 0 0 0 0 0 0 0 0 0 0 0 0 0 0 0 0 0 0 0 0 0 0 0 0 0 0 0 0 0 0 0 0 0 0 0 0 0 0 0 0 0 0 0 0 0 0 0 0 0 0 0 0 0 0 0 0 0 0 0 0 0 0 0
0.123105 1.4717e-05 6.48927e-06 8.22777e-06 0.559064 0.946559 0 0 0 0 0 0 0 0 0 0 0 0 0 0 0 0 0 0 0 0 0 0 0 0 0 0 0 0 0 0 0 0 0 0 0 0 0 0 0 0 0 0 0 0 0 0 0 0 0 0 0 0 0 0 0 0 0 0 0 0 0 0 0 0 0 0 0 0 0 0 0 0 0 0 0 0 0 0 0 0 0 0
0.129424 1.47232e-05 6.4888e-06 8.23439e-06 0.55928 0.945482 0 0 0 0 0 0 0 0 0 0 0 0 0 0 0 0 0 0 0 0 0 0 0 0 0 0 0 0 0 0 0 0 0 0 0 0 0 0 0 0 0 0 0 0 0 0 0 0 0 0 0 0 0 0 0 0 0 0 0 0 0 0 0 0 0 0 0 0 0 0 0 0 0 0 0 0 0 0 0 0 0 0
0.136067 1.47292e-05 6.50002e-06 8.22914e-06 0.558697 0.945614 0 0 0 0 0 0 0 0 0 0 0 0 0 0 0 0 0 0 0 0 0 0 0 0 0 0 0 0 0 0 0 0 0 0 0 0 0 0 0 0 0 0 0 0 0 0 0 0 0 0 0 0 0 0 0 0 0 0 0 0 0 0 0 0 0 0 0 0 0 0 0 0 0 0 0 0 0 0 0 0 0 0
0.143051 1.47351e-05 6.50464e-06 8.23049e-06 0.558563 0.945341 0 0 0 0 0 0 0 0 0 0 0 0 0 0 0 0 0 0 0 0 0 0 0 0 0 0 0 0 0 0 0 0 0 0 0 0 0 0 0 0 0 0 0 0 0 0 0 0 0 0 0 0 0 0 0 0 0 0 0 0 0 0 0 0 0 0 0 0 0 0 0 0 0 0 0 0 0 0 0 0 0 0
0.150394 1.47416e-05 6.52267e-06 8.2189e-06 0.557532 0.946035 0 0 0 0 0 0 0 0 0 0 0 0 0 0 0 0 0 0 0 0 0 0 0 0 0 0 0 0 0 0 0 0 0 0 0 0 0 0 0 0 0 0 0 0 0 0 0 0 0 0 0 0 0 0 0 0 0 0 0 0 0 0 0 0 0 0 0 0 0 0 0 0 0 0 0 0 0 0 0 0 0 0
0.158114 1.47462e-05 6.57598e-06 8.17019e-06 0.554055 0.9507 0 0 0 0 0 0 0 0 0 0 0 0 0 0 0 0 0 0 0 0 0 0 0 0 0 0 0 0 0 0 0 0 0 0 0 0 0 0 0 0 0 0 0 0 0 0 0 0 0 0 0 0 0 0 0 0 0 0 0 0 0 0 0 0 0 0 0 0 0 0 0 0 0 0 0 0 0 0 0 0 0 0
0.16623 1.47497e-05 6.58228e-06 8.16745e-06 0.553736 0.952189 0 0 0 0 0 0 0 0 0 0 0 0 0 0 0 0 0 0 0 0 0 0 0 0 0 0 0 0 0 0 0 0 0 0 0 0 0 0 0 0 0 0 0 0 0 0 0 0 0 0 0 0 0 0 0 0 0 0 0 0 0 0 0 0 0 0 0 0 0 0 0 0 0 0 0 0 0 0 0 0 0 0
0.174762 1.47547e-05 6.53478e-06 8.21995e-06 0.557106 0.948793 0 0 0 0 0 0 0 0 0 0 0 0 0 0 0 0 0 0 0 0 0 0 0 0 0 0 0 0 0 0 0 0 0 0 0 0 0 0 0 0 0 0 0 0 0 0 0 0 0 0 0 0 0 0 0 0 0 0 0 0 0 0 0 0 0 0 0 0 0 0 0 0 0 0 0 0 0 0 0 0 0 0
0.183733 1.47613e-05 6.46035e-06 8.30096e-06 0.562346 0.942681 0 0 0 0 0 0 0 0 0 0 0 0 0 0 0 0 0 0 0 0 0 0 0 0 0 0 0 0 0 0 0 0 0 0 0 0 0 0 0 0 0 0 0 0 0 0 0 0 0 0 0 0 0 0 0 0 0 0 0 0 0 0 0 0 0 0 0 0 0 0 0 0 0 0 0 0 0 0 0 0 0 0
0.193164 1.47695e-05 6.35126e-06 8.41823e-06 0.569974 0.932997 0 0 0 0 0 0 0 0 0 0 0 0 0 0 0 0 0 0 0 0 0 0 0 0 0 0 0 0 0 0 0 0 0 0 0 0 0 0 0 0 0 0 0 0 0 0 0 0 0 0 0 0 0 0 0 0 0 0 0 0 0 0 0 0 0 0 0 0 0 0 0 0 0 0 0 0 0 0 0 0 0 0
0.203079 1.478e-05 6.23718e-06 8.54278e-06 0.577998 0.921491 0 0 0 0 0 0 0 0 0 0 0 0 0 0 0 0 0 0 0 0 0 0 0 0 0 0 0 0 0 0 0 0 0 0 0 0 0 0 0 0 0 0 0 0 0 0 0 0 0 0 0 0 0 0 0 0 0 0 0 0 0 0 0 0 0 0 0 0 0 0 0 0 0 0 0 0 0 0 0 0 0 0
0.213503 1.47907e-05 6.14946e-06 8.64122e-06 0.584234 0.911891 0 0 0 0 0 0 0 0 0 0 0 0 0 0 0 0 0 0 0 0 0 0 0 0 0 0 0 0 0 0 0 0 0 0 0 0 0 0 0 0 0 0 0 0 0 0 0 0 0 0 0 0 0 0 0 0 0 0 0 0 0 0 0 0 0 0 0 0 0 0 0 0 0 0 0 0 0 0 0 0 0 0
0.224463 1.48016e-05 6.07412e-06 8.72748e-06 0.589631 0.903263 0 0 0 0 0 0 0 0 0 0 0 0 0 0 0 0 0 0 0 0 0 0 0 0 0 0 0 0 0 0 0 0 0 0 0 0 0 0 0 0 0 0 0 0 0 0 0 0 0 0 0 0 0 0 0 0 0 0 0 0 0 0 0 0 0 0 0 0 0 0 0 0 0 0 0 0 0 0 0 0 0 0
0.235984 1.48129e-05 5.99796e-06 8.81491e-06 0.595084 0.89459 0 0 0 0 0 0 0 0 0 0 0 0 0 0 0 0 0 0 0 0 0 0 0 0 0 0 0 0 0 0 0 0 0 0 0 0 0 0 0 0 0 0 0 0 0 0 0 0 0 0 0 0 0 0 0 0 0 0 0 0 0 0 0 0 0 0 0 0 0 0 0 0 0 0 0 0 0 0 0 0 0 0
0.248097 1.48253e-05 5.90829e-06 8.91704e-06 0.601473 0.884319 0 0 0 0 0 0 0 0 0 0 0 0 0 0 0 0 0 0 0 0 0 0 0 0 0 0 0 0 0 0 0 0 0 0 0 0 0 0 0 0 0 0 0 0 0 0 0 0 0 0 0 0 0 0 0 0 0 0 0 0 0 0 0 0 0 0 0 0 0 0 0 0 0 0 0 0 0 0 0 0 0 0
0.260832 1.48384e-05 5.8391e-06 8.99928e-06 0.606487 0.875599 0 0 0 0 0 0 0 0 0 0 0 0 0 0 0 0 0 0 0 0 0 0 0 0 0 0 0 0 0 0 0 0 0 0 0 0 0 0 0 0 0 0 0 0 0 0 0 0 0 0 0 0 0 0 0 0 0 0 0 0 0 0 0 0 0 0 0 0 0 0 0 0 0 0 0 0 0 0 0 0 0 0
0.274221 1.48519e-05 5.78542e-06 9.06644e-06 0.610458 0.868274 0 0 0 0 0 0 0 0 0 0 0 0 0 0 0 0 0 0 0 0 0 0 0 0 0 0 0 0 0 0 0 0 0 0 0 0 0 0 0 0 0 0 0 0 0 0 0 0 0 0 0 0 0 0 0 0 0 0 0 0 0 0 0 0 0 0 0 0 0 0 0 0 0 0 0 0 0 0 0 0 0 0
0.288297 1.48654e-05 5.74365e-06 9.1218e-06 0.613624 0.862223 0 0 0 0 0 0 0 0 0 0 0 0 0 0 0 0 0 0 0 0 0 0 0 0 0 0 0 0 0 0 0 0 0 0 0 0 0 0 0 0 0 0 0 0 0 0 0 0 0 0 0 0 0 0 0 0 0 0 0 0 0 0 0 0 0 0 0 0 0 0 0 0 0 0 0 0 0 0 0 0 0 0
0.303095 1.48794e-05 5.70951e-06 9.16993e-06 0.616282 0.856863 0 0 0 0 0 0 0 0 0 0 0 0 0 0 0 0 0 0 0 0 0 0 0 0 0 0 0 0 0 0 0 0 0 0 0 0 0 0 0 0 0 0 0 0 0 0 0 0 0 0 0 0 0 0 0 0 0 0 0 0 0 0 0 0 0 0 0 0 0 0 0 0 0 0 0 0 0 0 0 0 0 0
0.318653 1.48937e-05 5.68182e-06 9.21191e-06 0.61851 0.852235 0 0 0 0 0 0 0 0 0 0 0 0 0 0 0 0 0 0 0 0 0 0 0 0 0 0 0 0 0 0 0 0 0 0 0 0 0 0 0 0 0 0 0 0 0 0 0 0 0 0 0 0 0 0 0 0 0 0 0 0 0 0 0 0 0 0 0 0 0 0 0 0 0 0 0 0 0 0 0 0 0 0
0.335009 1.49084e-05 5.65786e-06 9.25053e-06 0.620492 0.848019 0 0 0 0 0 0 0 0 0 0 0 0 0 0 0 0 0 0 0 0 0 0 0 0 0 0 0 0 0 0 0 0 0 0 0 0 0 0 0 0 0 0 0 0 0 0 0 0 0 0 0 0 0 0 0 0 0 0 0 0 0 0 0 0 0 0 0 0 0 0 0 0 0 0 0 0 0 0 0 0 0 0
0.352205 1.49234e-05 5.63747e-06 9.28595e-06 0.62224 0.844184 0 0 0 0 0 0 0 0 0 0 0 0 0 0 0 0 0 0 0 0 0 0 0 0 0 0 0 0 0 0 0 0 0 0 0 0 0 0 0 0 0 0 0 0 0 0 0 0 0 0 0 0 0 0 0 0 0 0 0 0 0 0 0 0 0 0 0 0 0 0 0 0 0 0 0 0 0 0 0 0 0 0
0.370284 1.49389e-05 5.61741e-06 9.3215e-06 0.623975 0.840429 0 0 0 0 0 0 0 0 0 0 0 0 0 0 0 0 0 0 0 0 0 0 0 0 0 0 0 0 0 0 0 0 0 0 0 0 0 0 0 0 0 0 0 0 0 0 0 0 0 0 0 0 0 0 0 0 0 0 0 0 0 0 0 0 0 0 0 0 0 0 0 0 0 0 0 0 0 0 0 0 0 0
0.389291 1.49549e-05 5.5986e-06 9.35631e-06 0.625634 0.836822 0 0 0 0 0 0 0 0 0 0 0 0 0 0 0 0 0 0 0 0 0 0 0 0 0 0 0 0 0 0 0 0 0 0 0 0 0 0 0 0 0 0 0 0 0 0 0 0 0 0 0 0 0 0 0 0 0 0 0 0 0 0 0 0 0 0 0 0 0 0 0 0 0 0 0 0 0 0 0 0 0 0
0.409273 1.49715e-05 5.57901e-06 9.39244e-06 0.627357 0.833164 0 0 0 0 0 0 0 0 0 0 0 0 0 0 0 0 0 0 0 0 0 0 0 0 0 0 0 0 0 0 0 0 0 0 0 0 0 0 0 0 0 0 0 0 0 0 0 0 0 0 0 0 0 0 0 0 0 0 0 0 0 0 0 0 0 0 0 0 0 0 0 0 0 0 0 0 0 0 0 0 0 0
0.430281 1.49886e-05 5.55934e-06 9.42926e-06 0.629095 0.829487 0 0 0 0 0 0 0 0 0 0 0 0 0 0 0 0 0 0 0 0 0 0 0 0 0 0 0 0 0 0 0 0 0 0 0 0 0 0 0 0 0 0 0 0 0 0 0 0 0 0 0 0 0 0 0 0 0 0 0 0 0 0 0 0 0 0 0 0 0 0 0 0 0 0 0 0 0 0 0 0 0 0
0.452368 1.50063e-05 5.54156e-06 9.46476e-06 0.630718 0.825954 0 0 0 0 0 0 0 0 0 0 0 0 0 0 0 0 0 0 0 0 0 0 0 0 0 0 0 0 0 0 0 0 0 0 0 0 0 0 0 0 0 0 0 0 0 0 0 0 0 0 0 0 0 0 0 0 0 0 0 0 0 0 0 0 0 0 0 0 0 0 0 0 0 0 0 0 0 0 0 0 0 0
0.475588 1.50246e-05 5.52455e-06 9.50004e-06 0.6323 0.822471 0 0 0 0 0 0 0 0 0 0 0 0 0 0 0 0 0 0 0 0 0 0 0 0 0 0 0 0 0 0 0 0 0 0 0 0 0 0 0 0 0 0 0 0 0 0 0 0 0 0 0 0 0 0 0 0 0 0 0 0 0 0 0 0 0 0 0 0 0 0 0 0 0 0 0 0 0 0 0 0 0 0
0.5 1.50432e-05 5.512e-06 9.53124e-06 0.633589 0.819378 0 0 0 0 0 0 0 0 0 0 0 0 0 0 0 0 0 0 0 0 0 0 0 0 0 0 0 0 0 0 0 0 0 0 0 0 0 0 0 0 0 0 0 0 0 0 0 0 0 0 0 0 0 0 0 0 0 0 0 0 0 0 0 0 0 0 0 0 0 0 0 0 0 0 0 0 0 0 0 0 0 0
0.525665 1.50621e-05 5.50357e-06 9.5585e-06 0.634607 0.816679 0 0 0 0 0 0 0 0 0 0 0 0 0 0 0 0 0 0 0 0 0 0 0 0 0 0 0 0 0 0 0 0 0 0 0 0 0 0 0 0 0 0 0 0 0 0 0 0 0 0 0 0 0 0 0 0 0 0 0 0 0 0 0 0 0 0 0 0 0 0 0 0 0 0 0 0 0 0 0 0 0 0
0.552648 1.50811e-05 5.49876e-06 9.5823e-06 0.635387 0.814351 0 0 0 0 0 0 0 0 0 0 0 0 0 0 0 0 0 0 0 0 0 0 0 0 0 0 0 0 0 0 0 0 0 0 0 0 0 0 0 0 0 0 0 0 0 0 0 0 0 0 0 0 0 0 0 0 0 0 0 0 0 0 0 0 0 0 0 0 0 0 0 0 0 0 0 0 0 0 0 0 0 0
0.581015 1.51003e-05 5.49624e-06 9.60408e-06 0.636018 0.81227 0 0 0 0 0 0 0 0 0 0 0 0 0 0 0 0 0 0 0 0 0 0 0 0 0 0 0 0 0 0 0 0 0 0 0 0 0 0 0 0 0 0 0 0 0 0 0 0 0 0 0 0 0 0 0 0 0 0 0 0 0 0 0 0 0 0 0 0 0 0 0 0 0 0 0 0 0 0 0 0 0 0
0.610839 1.51199e-05 5.49442e-06 9.62548e-06 0.63661 0.810276 0 0 0 0 0 0 0 0 0 0 0 0 0 0 0 0 0 0 0 0 0 0 0 0 0 0 0 0 0 0 0 0 0 0 0 0 0 0 0 0 0 0 0 0 0 0 0 0 0 0 0 0 0 0 0 0 0 0 0 0 0 0 0 0 0 0 0 0 0 0 0 0 0 0 0 0 0 0 0 0 0 0
0.642193 1.51398e-05 5.49343e-06 9.64637e-06 0.637153 0.808383 0 0 0 0 0 0 0 0 0 0 0 0 0 0 0 0 0 0 0 0 0 0 0 0 0 0 0 0 0 0 0 0 0 0 0 0 0 0 0 0 0 0 0 0 0 0 0 0 0 0 0 0 0 0 0 0 0 0 0 0 0 0 0 0 0 0 0 0 0 0 0 0 0 0 0 0 0 0 0 0 0 0
0.675157 1.516e-05 5.49248e-06 9.66756e-06 0.6377 0.806513 0 0 0 0 0 0 0 0 0 0 0 0 0 0 0 0 0 0 0 0 0 0 0 0 0 0 0 0 0 0 0 0 0 0 0 0 0 0 0 0 0 0 0 0 0 0 0 0 0 0 0 0 0 0 0 0 0 0 0 0 0 0 0 0 0 0 0 0 0 0 0 0 0 0 0 0 0 0 0 0 0 0
0.709813 1.51807e-05 5.49159e-06 9.6891e-06 0.638251 0.804644 0 0 0 0 0 0 0 0 0 0 0 0 0 0 0 0 0 0 0 0 0 0 0 0 0 0 0 0 0 0 0 0 0 0 0 0 0 0 0 0 0 0 0 0 0 0 0 0 0 0 0 0 0 0 0 0 0 0 0 0 0 0 0 0 0 0 0 0 0 0 0 0 0 0 0 0 0 0 0 0 0 0
0.746248 1.52016e-05 5.49156e-06 9.71e-06 0.63875 0.802854 0 0 0 0 0 0 0 0 0 0 0 0 0 0 0 0 0 0 0 0 0 0 0 0 0 0 0 0 0 0 0 0 0 0 0 0 0 0 0 0 0 0 0 0 0 0 0 0 0 0 0 0 0 0 0 0 0 0 0 0 0 0 0 0 0 0 0 0 0 0 0 0 0 0 0 0 0 0 0 0 0 0
0.784553 1.52226e-05 5.49299e-06 9.72961e-06 0.639156 0.801182 0 0 0 0 0 0 0 0 0 0 0 0 0 0 0 0 0 0 0 0 0 0 0 0 0 0 0 0 0 0 0 0 0 0 0 0 0 0 0 0 0 0 0 0 0 0 0 0 0 0 0 0 0 0 0 0 0 0 0 0 0 0 0 0 0 0 0 0 0 0 0 0 0 0 0 0 0 0 0 0 0 0
0.824824 1.52434e-05 5.49944e-06 9.74393e-06 0.639224 0.799989 0 0 0 0 0 0 0 0 0 0 0 0 0 0 0 0 0 0 0 0 0 0 0 0 0 0 0 0 0 0 0 0 0 0 0 0 0 0 0 0 0 0 0 0 0 0 0 0 0 0 0 0 0 0 0 0 0 0 0 0 0 0 0 0 0 0 0 0 0 0 0 0 0 0 0 0 0 0 0 0 0 0
0.867162 1.52642e-05 5.51073e-06 9.75345e-06 0.638977 0.799312 0 0 0 0 0 0 0 0 0 0 0 0 0 0 0 0 0 0 0 0 0 0 0 0 0 0 0 0 0 0 0 0 0 0 0 0 0 0 0 0 0 0 0 0 0 0 0 0 0 0 0 0 0 0 0 0 0 0 0 0 0 0 0 0 0 0 0 0 0 0 0 0 0 0 0 0 0 0 0 0 0 0
0.911674 1.52856e-05 5.52254e-06 9.76303e-06 0.638709 0.798731 0 0 0 0 0 0 0 0 0 0 0 0 0 0 0 0 0 0 0 0 0 0 0 0 0 0 0 0 0 0 0 0 0 0 0 0 0 0 0 0 0 0 0 0 0 0 0 0 0 0 0 0 0 0 0 0 0 0 0 0 0 0 0 0 0 0 0 0 0 0 0 0 0 0 0 0 0 0 0 0 0 0
0.95847 1.53082e-05 5.53011e-06 9.77805e-06 0.638748 0.797757 0 0 0 0 0 0 0 0 0 0 0 0 0 0 0 0 0 0 0 0 0 0 0 0 0 0 0 0 0 0 0 0 0 0 0 0 0 0 0 0 0 0 0 0 0 0 0 0 0 0 0 0 0 0 0 0 0 0 0 0 0 0 0 0 0 0 0 0 0 0 0 0 0 0 0 0 0 0 0 0 0 0
1.00767 1.53314e-05 5.5352e-06 9.79618e-06 0.638963 0.796513 0 0 0 0 0 0 0 0 0 0 0 0 0 0 0 0 0 0 0 0 0 0 0 0 0 0 0 0 0 0 0 0 0 0 0 0 0 0 0 0 0 0 0 0 0 0 0 0 0 0 0 0 0 0 0 0 0 0 0 0 0 0 0 0 0 0 0 0 0 0 0 0 0 0 0 0 0 0 0 0 0 0
1.05939 1.5355e-05 5.54107e-06 9.8139e-06 0.639135 0.795323 0 0 0 0 0 0 0 0 0 0 0 0 0 0 0 0 0 0 0 0 0 0 0 0 0 0 0 0 0 0 0 0 0 0 0 0 0 0 0 0 0 0 0 0 0 0 0 0 0 0 0 0 0 0 0 0 0 0 0 0 0 0 0 0 0 0 0 0 0 0 0 0 0 0 0 0 0 0 0 0 0 0
1.11377 1.53791e-05 5.54737e-06 9.83172e-06 0.639291 0.794154 0 0 0 0 0 0 0 0 0 0 0 0 0 0 0 0 0 0 0 0 0 0 0 0 0 0 0 0 0 0 0 0 0 0 0 0 0 0 0 0 0 0 0 0 0 0 0 0 0 0 0 0 0 0 0 0 0 0 0 0 0 0 0 0 0 0 0 0 0 0 0 0 0 0 0 0 0 0 0 0 0 0
1.17094 1.54038e-05 5.55264e-06 9.85121e-06 0.639529 0.79286 0 0 0 0 0 0 0 0 0 0 0 0 0 0 0 0 0 0 0 0 0 0 0 0 0 0 0 0 0 0 0 0 0 0 0 0 0 0 0 0 0 0 0 0 0 0 0 0 0 0 0 0 0 0 0 0 0 0 0 0 0 0 0 0 0 0 0 0 0 0 0 0 0 0 0 0 0 0 0 0 0 0
1.23105 1.54291e-05 5.55806e-06 9.87106e-06 0.639768 0.791556 0 0 0 0 0 0 0 0 0 0 0 0 0 0 0 0 0 0 0 0 0 0 0 0 0 0 0 0 0 0 0 0 0 0 0 0 0 0 0 0 0 0 0 0 0 0 0 0 0 0 0 0 0 0 0 0 0 0 0 0 0 0 0 0 0 0 0 0 0 0 0 0 0 0 0 0 0 0 0 0 0 0
1.29424 1.54548e-05 5.56458e-06 9.89019e-06 0.639944 0.790326 0 0 0 0 0 0 0 0 0 0 0 0 0 0 0 0 0 0 0 0 0 0 0 0 0 0 0 0 0 0 0 0 0 0 0 0 0 0 0 0 0 0 0 0 0 0 0 0 0 0 0 0 0 0 0 0 0 0 0 0 0 0 0 0 0 0 0 0 0 0 0 0 0 0 0 0 0 0 0 0 0 0
1.36067 1.54807e-05 5.57493e-06 9.90573e-06 0.639878 0.789431 0 0 0 0 0 0 0 0 0 0 0 0 0 0 0 0 0 0 0 0 0 0 0 0 0 0 0 0 0 0 0 0 0 0 0 0 0 0 0 0 0 0 0 0 0 0 0 0 0 0 0 0 0 0 0 0 0 0 0 0 0 0 0 0 0 0 0 0 0 0 0 0 0 0 0 0 0 0 0 0 0 0
1.43051 1.55079e-05 5.58584e-06 9.92202e-06 0.639806 0.788572 0 0 0 0 0 0 0 0 0 0 0 0 0 0 0 0 0 0 0 0 0 0 0 0 0 0 0 0 0 0 0 0 0 0 0 0 0 0 0 0 0 0 0 0 0 0 0 0 0 0 0 0 0 0 0 0 0 0 0 0 0 0 0 0 0 0 0 0 0 0 0 0 0 0 0 0 0 0 0 0 0 0
1.50394 1.55363e-05 5.5926e-06 9.9437e-06 0.64003 0.787277 0 0 0 0 0 0 0 0 0 0 0 0 0 0 0 0 0 0 0 0 0 0 0 0 0 0 0 0 0 0 0 0 0 0 0 0 0 0 0 0 0 0 0 0 0 0 0 0 0 0 0 0 0 0 0 0 0 0 0 0 0 0 0 0 0 0 0 0 0 0 0 0 0 0 0 0 0 0 0 0 0 0
1.58114 1.55652e-05 5.59857e-06 9.96667e-06 0.640316 0.78586 0 0 0 0 0 0 0 0 0 0 0 0 0 0 0 0 0 0 0 0 0 0 0 0 0 0 0 0 0 0 0 0 0 0 0 0 0 0 0 0 0 0 0 0 0 0 0 0 0 0 0 0 0 0 0 0 0 0 0 0 0 0 0 0 0 0 0 0 0 0 0 0 0 0 0 0 0 0 0 0 0 0
1.6623 1.55945e-05 5.60581e-06 9.98868e-06 0.640526 0.78452 0 0 0 0 0 0 0 0 0 0 0 0 0 0 0 0 0 0 0 0 0 0 0 0 0 0 0 0 0 0 0 0 0 0 0 0 0 0 0 0 0 0 0 0 0 0 0 0 0 0 0 0 0 0 0 0 0 0 0 0 0 0 0 0 0 0 0 0 0 0 0 0 0 0 0 0 0 0 0 0 0 0
1.74763 1.56244e-05 5.61521e-06 1.00092e-05 0.640612 0.783337 0 0 0 0 0 0 0 0 0 0 0 0 0 0 0 0 0 0 0 0 0 0 0 0 0 0 0 0 0 0 0 0 0 0 0 0 0 0 0 0 0 0 0 0 0 0 0 0 0 0 0 0 0 0 0 0 0 0 0 0 0 0 0 0 0 0 0 0 0 0 0 0 0 0 0 0 0 0 0 0 0 0
1.83733 1.56557e-05 5.62493e-06 1.00308e-05 0.640711 0.782137 0 0 0 0 0 0 0 0 0 0 0 0 0 0 0 0 0 0 0 0 0 0 0 0 0 0 0 0 0 0 0 0 0 0 0 0 0 0 0 0 0 0 0 0 0 0 0 0 0 0 0 0 0 0 0 0 0 0 0 0 0 0 0 0 0 0 0 0 0 0 0 0 0 0 0 0 0 0 0 0 0 0
1.93164 1.56879e-05 5.63098e-06 1.00569e-05 0.641061 0.780546 0 0 0 0 0 0 0 0 0 0 0 0 0 0 0 0 0 0 0 0 0 0 0 0 0 0 0 0 0 0 0 0 0 0 0 0 0 0 0 0 0 0 0 0 0 0 0 0 0 0 0 0 0 0 0 0 0 0 0 0 0 0 0 0 0 0 0 0 0 0 0 0 0 0 0 0 0 0 0 0 0 0
2.03079 1.572e-05 5.63968e-06 1.00803e-05 0.641242 0.779151 0 0 0 0 0 0 0 0 0 0 0 0 0 0 0 0 0 0 0 0 0 0 0 0 0 0 0 0 0 0 0 0 0 0 0 0 0 0 0 0 0 0 0 0 0 0 0 0 0 0 0 0 0 0 0 0 0 0 0 0 0 0 0 0 0 0 0 0 0 0 0 0 0 0 0 0 0 0 0 0 0 0
2.13503 1.57533e-05 5.65048e-06 1.01028e-05 0.641314 0.777892 0 0 0 0 0 0 0 0 0 0 0 0 0 0 0 0 0 0 0 0 0 0 0 0 0 0 0 0 0 0 0 0 0 0 0 0 0 0 0 0 0 0 0 0 0 0 0 0 0 0 0 0 0 0 0 0 0 0 0 0 0 0 0 0 0 0 0 0 0 0 0 0 0 0 0 0 0 0 0 0 0 0
2.24463 1.57875e-05 5.66172e-06 1.01258e-05 0.641379 0.776615 0 0 0 0 0 0 0 0 0 0 0 0 0 0 0 0 0 0 0 0 0 0 0 0 0 0 0 0 0 0 0 0 0 0 0 0 0 0 0 0 0 0 0 0 0 0 0 0 0 0 0 0 0 0 0 0 0 0 0 0 0 0 0 0 0 0 0 0 0 0 0 0 0 0 0 0 0 0 0 0 0 0
2.35984 1.5823e-05 5.67339e-06 1.01496e-05 0.641447 0.77531 0 0 0 0 0 0 0 0 0 0 0 0 0 0 0 0 0 0 0 0 0 0 0 0 0 0 0 0 0 0 0 0 0 0 0 0 0 0 0 0 0 0 0 0 0 0 0 0 0 0 0 0 0 0 0 0 0 0 0 0 0 0 0 0 0 0 0 0 0 0 0 0 0 0 0 0 0 0 0 0 0 0
2.48097 1.58591e-05 5.68345e-06 1.01756e-05 0.641628 0.773805 0 0 0 0 0 0 0 0 0 0 0 0 0 0 0 0 0 0 0 0 0 0 0 0 0 0 0 0 0 0 0 0 0 0 0 0 0 0 0 0 0 0 0 0 0 0 0 0 0 0 0 0 0 0 0 0 0 0 0 0 0 0 0 0 0 0 0 0 0 0 0 0 0 0 0 0 0 0 0 0 0 0
2.60832 1.58959e-05 5.70068e-06 1.01952e-05 0.641374 0.772862 0 0 0 0 0 0 0 0 0 0 0 0 0 0 0 0 0 0 0 0 0 0 0 0 0 0 0 0 0 0 0 0 0 0 0 0 0 0 0 0 0 0 0 0 0 0 0 0 0 0 0 0 0 0 0 0 0 0 0 0 0 0 0 0 0 0 0 0 0 0 0 0 0 0 0 0 0 0 0 0 0 0
2.74221 1.59361e-05 5.71222e-06 1.02239e-05 0.641554 0.771323 0 0 0 0 0 0 0 0 0 0 0 0 0 0 0 0 0 0 0 0 0 0 0 0 0 0 0 0 0 0 0 0 0 0 0 0 0 0 0 0 0 0 0 0 0 0 0 0 0 0 0 0 0 0 0 0 0 0 0 0 0 0 0 0 0 0 0 0 0 0 0 0 0 0 0 0 0 0 0 0 0 0
2.88297 1.59754e-05 5.72169e-06 1.02537e-05 0.641844 0.769563 0 0 0 0 0 0 0 0 0 0 0 0 0 0 0 0 0 0 0 0 0 0 0 0 0 0 0 0 0 0 0 0 0 0 0 0 0 0 0 0 0 0 0 0 0 0 0 0 0 0 0 0 0 0 0 0 0 0 0 0 0 0 0 0 0 0 0 0 0 0 0 0 0 0 0 0 0 0 0 0 0 0
3.03095 1.60166e-05 5.73649e-06 1.02801e-05 0.641842 0.768175 0 0 0 0 0 0 0 0 0 0 0 0 0 0 0 0 0 0 0 0 0 0 0 0 0 0 0 0 0 0 0 0 0 0 0 0 0 0 0 0 0 0 0 0 0 0 0 0 0 0 0 0 0 0 0 0 0 0 0 0 0 0 0 0 0 0 0 0 0 0 0 0 0 0 0 0 0 0 0 0 0 0
3.18653 1.60597e-05 5.74476e-06 1.0315e-05 0.642287 0.766153 0 0 0 0 0 0 0 0 0 0 0 0 0 0 0 0 0 0 0 0 0 0 0 0 0 0 0 0 0 0 0 0 0 0 0 0 0 0 0 0 0 0 0 0 0 0 0 0 0 0 0 0 0 0 0 0 0 0 0 0 0 0 0 0 0 0 0 0 0 0 0 0 0 0 0 0 0 0 0 0 0 0
3.35009 1.61003e-05 5.75199e-06 1.03484e-05 0.642741 0.764036 0 0 0 0 0 0 0 0 0 0 0 0 0 0 0 0 0 0 0 0 0 0 0 0 0 0 0 0 0 0 0 0 0 0 0 0 0 0 0 0 0 0 0 0 0 0 0 0 0 0 0 0 0 0 0 0 0 0 0 0 0 0 0 0 0 0 0 0 0 0 0 0 0 0 0 0 0 0 0 0 0 0
3.52205 1.61453e-05 5.76916e-06 1.03761e-05 0.642673 0.762609 0 0 0 0 0 0 0 0 0 0 0 0 0 0 0 0 0 0 0 0 0 0 0 0 0 0 0 0 0 0 0 0 0 0 0 0 0 0 0 0 0 0 0 0 0 0 0 0 0 0 0 0 0 0 0 0 0 0 0 0 0 0 0 0 0 0 0 0 0 0 0 0 0 0 0 0 0 0 0 0 0 0
3.70284 1.61905e-05 5.78033e-06 1.04102e-05 0.64298 0.760632 0 0 0 0 0 0 0 0 0 0 0 0 0 0 0 0 0 0 0 0 0 0 0 0 0 0 0 0 0 0 0 0 0 0 0 0 0 0 0 0 0 0 0 0 0 0 0 0 0 0 0 0 0 0 0 0 0 0 0 0 0 0 0 0 0 0 0 0 0 0 0 0 0 0 0 0 0 0 0 0 0 0
3.89291 1.62355e-05 5.78881e-06 1.04467e-05 0.643449 0.75839 0 0 0 0 0 0 0 0 0 0 0 0 0 0 0 0 0 0 0 0 0 0 0 0 0 0 0 0 0 0 0 0 0 0 0 0 0 0 0 0 0 0 0 0 0 0 0 0 0 0 0 0 0 0 0 0 0 0 0 0 0 0 0 0 0 0 0 0 0 0 0 0 0 0 0 0 0 0 0 0 0 0
4.09273 1.62828e-05 5.801e-06 1.04818e-05 0.643734 0.756351 0 0 0 0 0 0 0 0 0 0 0 0 0 0 0 0 0 0 0 0 0 0 0 0 0 0 0 0 0 0 0 0 0 0 0 0 0 0 0 0 0 0 0 0 0 0 0 0 0 0 0 0 0 0 0 0 0 0 0 0 0 0 0 0 0 0 0 0 0 0 0 0 0 0 0 0 0 0 0 0 0 0
4.30281 1.63308e-05 5.82011e-06 1.05107e-05 0.643611 0.754773 0 0 0 0 0 0 0 0 0 0 0 0 0 0 0 0 0 0 0 0 0 0 0 0 0 0 0 0 0 0 0 0 0 0 0 0 0 0 0 0 0 0 0 0 0 0 0 0 0 0 0 0 0 0 0 0 0 0 0 0 0 0 0 0 0 0 0 0 0 0 0 0 0 0 0 0 0 0 0 0 0 0
4.52368 1.63786e-05 5.83854e-06 1.054e-05 0.643526 0.753074 0 0 0 0 0 0 0 0 0 0 0 0 0 0 0 0 0 0 0 0 0 0 0 0 0 0 0 0 0 0 0 0 0 0 0 0 0 0 0 0 0 0 0 0 0 0 0 0 0 0 0 0 0 0 0 0 0 0 0 0 0 0 0 0 0 0 0 0 0 0 0 0 0 0 0 0 0 0 0 0 0 0
4.75588 1.64284e-05 5.85539e-06 1.0573e-05 0.643582 0.751149 0 0 0 0 0 0 0 0 0 0 0 0 0 0 0 0 0 0 0 0 0 0 0 0 0 0 0 0 0 0 0 0 0 0 0 0 0 0 0 0 0 0 0 0 0 0 0 0 0 0 0 0 0 0 0 0 0 0 0 0 0 0 0 0 0 0 0 0 0 0 0 0 0 0 0 0 0 0 0 0 0 0
5 1.64773e-05 5.87319e-06 1.06041e-05 0.643558 0.749241 0 0 0 0 0 0 0 0 0 0 0 0 0 0 0 0 0 0 0 0 0 0 0 0 0 0 0 0 0 0 0 0 0 0 0 0 0 0 0 0 0 0 0 0 0 0 0 0 0 0 0 0 0 0 0 0 0 0 0 0 0 0 0 0 0 0 0 0 0 0 0 0 0 0 0 0 0 0 0 0 0 0
5.25665 1.65299e-05 5.90366e-06 1.06263e-05 0.64285 0.748116 0 0 0 0 0 0 0 0 0 0 0 0 0 0 0 0 0 0 0 0 0 0 0 0 0 0 0 0 0 0 0 0 0 0 0 0 0 0 0 0 0 0 0 0 0 0 0 0 0 0 0 0 0 0 0 0 0 0 0 0 0 0 0 0 0 0 0 0 0 0 0 0 0 0 0 0 0 0 0 0 0 0
5.52648 1.65862e-05 5.93878e-06 1.06474e-05 0.641944 0.747165 0 0 0 0 0 0 0 0 0 0 0 0 0 0 0 0 0 0 0 0 0 0 0 0 0 0 0 0 0 0 0 0 0 0 0 0 0 0 0 0 0 0 0 0 0 0 0 0 0 0 0 0 0 0 0 0 0 0 0 0 0 0 0 0 0 0 0 0 0 0 0 0 0 0 0 0 0 0 0 0 0 0
5.81015 1.66518e-05 5.99131e-06 1.06605e-05 0.640201 0.747184 0 0 0 0 0 0 0 0 0 0 0 0 0 0 0 0 0 0 0 0 0 0 0 0 0 0 0 0 0 0 0 0 0 0 0 0 0 0 0 0 0 0 0 0 0 0 0 0 0 0 0 0 0 0 0 0 0 0 0 0 0 0 0 0 0 0 0 0 0 0 0 0 0 0 0 0 0 0 0 0 0 0
6.10839 1.67274e-05 6.02447e-06 1.07029e-05 0.639844 0.745519 0 0 0 0 0 0 0 0 0 0 0 0 0 0 0 0 0 0 0 0 0 0 0 0 0 0 0 0 0 0 0 0 0 0 0 0 0 0 0 0 0 0 0 0 0 0 0 0 0 0 0 0 0 0 0 0 0 0 0 0 0 0 0 0 0 0 0 0 0 0 0 0 0 0 0 0 0 0 0 0 0 0
6.42193 1.67932e-05 5.99822e-06 1.07949e-05 0.642818 0.739808 0 0 0 0 0 0 0 0 0 0 0 0 0 0 0 0 0 0 0 0 0 0 0 0 0 0 0 0 0 0 0 0 0 0 0 0 0 0 0 0 0 0 0 0 0 0 0 0 0 0 0 0 0 0 0 0 0 0 0 0 0 0 0 0 0 0 0 0 0 0 0 0 0 0 0 0 0 0 0 0 0 0
6.75157 1.68547e-05 6.00955e-06 1.08452e-05 0.64345 0.736744 0 0 0 0 0 0 0 0 0 0 0 0 0 0 0 0 0 0 0 0 0 0 0 0 0 0 0 0 0 0 0 0 0 0 0 0 0 0 0 0 0 0 0 0 0 0 0 0 0 0 0 0 0 0 0 0 0 0 0 0 0 0 0 0 0 0 0 0 0 0 0 0 0 0 0 0 0 0 0 0 0 0
7.09813 1.69285e-05 6.02708e-06 1.09014e-05 0.643969 0.733835 0 0 0 0 0 0 0 0 0 0 0 0 0 0 0 0 0 0 0 0 0 0 0 0 0 0 0 0 0 0 0 0 0 0 0 0 0 0 0 0 0 0 0 0 0 0 0 0 0 0 0 0 0 0 0 0 0 0 0 0 0 0 0 0 0 0 0 0 0 0 0 0 0 0 0 0 0 0 0 0 0 0
7.46248 1.69965e-05 6.00709e-06 1.09894e-05 0.64657 0.728508 0 0 0 0 0 0 0 0 0 0 0 0 0 0 0 0 0 0 0 0 0 0 0 0 0 0 0 0 0 0 0 0 0 0 0 0 0 0 0 0 0 0 0 0 0 0 0 0 0 0 0 0 0 0 0 0 0 0 0 0 0 0 0 0 0 0 0 0 0 0 0 0 0 0 0 0 0 0 0 0 0 0
7.84553 1.7057e-05 5.99371e-06 1.10633e-05 0.648607 0.723728 0 0 0 0 0 0 0 0 0 0 0 0 0 0 0 0 0 0 0 0 0 0 0 0 0 0 0 0 0 0 0 0 0 0 0 0 0 0 0 0 0 0 0 0 0 0 0 0 0 0 0 0 0 0 0 0 0 0 0 0 0 0 0 0 0 0 0 0 0 0 0 0 0 0 0 0 0 0 0 0 0 0
8.24824 1.71152e-05 5.96847e-06 1.11467e-05 0.651277 0.718238 0 0 0 0 0 0 0 0 0 0 0 0 0 0 0 0 0 0 0 0 0 0 0 0 0 0 0 0 0 0 0 0 0 0 0 0 0 0 0 0 0 0 0 0 0 0 0 0 0 0 0 0 0 0 0 0 0 0 0 0 0 0 0 0 0 0 0 0 0 0 0 0 0 0 0 0 0 0 0 0 0 0
8.67162 1.71695e-05 5.95476e-06 1.12147e-05 0.653177 0.713476 0 0 0 0 0 0 0 0 0 0 0 0 0 0 0 0 0 0 0 0 0 0 0 0 0 0 0 0 0 0 0 0 0 0 0 0 0 0 0 0 0 0 0 0 0 0 0 0 0 0 0 0 0 0 0 0 0 0 0 0 0 0 0 0 0 0 0 0 0 0 0 0 0 0 0 0 0 0 0 0 0 0
9.11674 1.72204e-05 5.95082e-06 1.12695e-05 0.654431 0.709297 0 0 0 0 0 0 0 0 0 0 0 0 0 0 0 0 0 0 0 0 0 0 0 0 0 0 0 0 0 0 0 0 0 0 0 0 0 0 0 0 0 0 0 0 0 0 0 0 0 0 0 0 0 0 0 0 0 0 0 0 0 0 0 0 0 0 0 0 0 0 0 0 0 0 0 0 0 0 0 0 0 0
9.5847 1.7271e-05 5.95797e-06 1.13131e-05 0.655031 0.705639 0 0 0 0 0 0 0 0 0 0 0 0 0 0 0 0 0 0 0 0 0 0 0 0 0 0 0 0 0 0 0 0 0 0 0 0 0 0 0 0 0 0 0 0 0 0 0 0 0 0 0 0 0 0 0 0 0 0 0 0 0 0 0 0 0 0 0 0 0 0 0 0 0 0 0 0 0 0 0 0 0 0
10.0767 1.73286e-05 5.98575e-06 1.13429e-05 0.654574 0.702971 0 0 0 0 0 0 0 0 0 0 0 0 0 0 0 0 0 0 0 0 0 0 0 0 0 0 0 0 0 0 0 0 0 0 0 0 0 0 0 0 0 0 0 0 0 0 0 0 0 0 0 0 0 0 0 0 0 0 0 0 0 0 0 0 0 0 0 0 0 0 0 0 0 0 0 0 0 0 0 0 0 0
10.5939 1.73975e-05 6.03613e-06 1.13614e-05 0.653047 0.701217 0 0 0 0 0 0 0 0 0 0 0 0 0 0 0 0 0 0 0 0 0 0 0 0 0 0 0 0 0 0 0 0 0 0 0 0 0 0 0 0 0 0 0 0 0 0 0 0 0 0 0 0 0 0 0 0 0 0 0 0 0 0 0 0 0 0 0 0 0 0 0 0 0 0 0 0 0 0 0 0 0 0
11.1377 1.74803e-05 6.06611e-06 1.14142e-05 0.652974 0.698069 0 0 0 0 0 0 0 0 0 0 0 0 0 0 0 0 0 0 0 0 0 0 0 0 0 0 0 0 0 0 0 0 0 0 0 0 0 0 0 0 0 0 0 0 0 0 0 0 0 0 0 0 0 0 0 0 0 0 0 0 0 0 0 0 0 0 0 0 0 0 0 0 0 0 0 0 0 0 0 0 0 0
11.7094 1.75466e-05 6.06556e-06 1.14811e-05 0.654318 0.693229 0 0 0 0 0 0 0 0 0 0 0 0 0 0 0 0 0 0 0 0 0 0 0 0 0 0 0 0 0 0 0 0 0 0 0 0 0 0 0 0 0 0 0 0 0 0 0 0 0 0 0 0 0 0 0 0 0 0 0 0 0 0 0 0 0 0 0 0 0 0 0 0 0 0 0 0 0 0 0 0 0 0
12.3105 1.76139e-05 6.0788e-06 1.15351e-05 0.654887 0.689039 0 0 0 0 0 0 0 0 0 0 0 0 0 0 0 0 0 0 0 0 0 0 0 0 0 0 0 0 0 0 0 0 0 0 0 0 0 0 0 0 0 0 0 0 0 0 0 0 0 0 0 0 0 0 0 0 0 0 0 0 0 0 0 0 0 0 0 0 0 0 0 0 0 0 0 0 0 0 0 0 0 0
12.9424 1.77072e-05 6.12255e-06 1.15847e-05 0.654234 0.685938 0 0 0 0 0 0 0 0 0 0 0 0 0 0 0 0 0 0 0 0 0 0 0 0 0 0 0 0 0 0 0 0 0 0 0 0 0 0 0 0 0 0 0 0 0 0 0 0 0 0 0 0 0 0 0 0 0 0 0 0 0 0 0 0 0 0 0 0 0 0 0 0 0 0 0 0 0 0 0 0 0 0
13.6067 1.7752e-05 6.08663e-06 1.16654e-05 0.65713 0.679065 0 0 0 0 0 0 0 0 0 0 0 0 0 0 0 0 0 0 0 0 0 0 0 0 0 0 0 0 0 0 0 0 0 0 0 0 0 0 0 0 0 0 0 0 0 0 0 0 0 0 0 0 0 0 0 0 0 0 0 0 0 0 0 0 0 0 0 0 0 0 0 0 0 0 0 0 0 0 0 0 0 0
14.3051 1.78321e-05 6.12221e-06 1.17099e-05 0.656674 0.67535 0 0 0 0 0 0 0 0 0 0 0 0 0 0 0 0 0 0 0 0 0 0 0 0 0 0 0 0 0 0 0 0 0 0 0 0 0 0 0 0 0 0 0 0 0 0 0 0 0 0 0 0 0 0 0 0 0 0 0 0 0 0 0 0 0 0 0 0 0 0 0 0 0 0 0 0 0 0 0 0 0 0
15.0394 1.7909e-05 6.16325e-06 1.17457e-05 0.655857 0.671496 0 0 0 0 0 0 0 0 0 0 0 0 0 0 0 0 0 0 0 0 0 0 0 0 0 0 0 0 0 0 0 0 0 0 0 0 0 0 0 0 0 0 0 0 0 0 0 0 0 0 0 0 0 0 0 0 0 0 0 0 0 0 0 0 0 0 1.4013e-45 0 1.4013e-45 0 2.8026e-45 0 4.2039e-45 0 8.40779e-45 0 1.4013e-44 0 2.24208e-44 0 3.78351e-44 0
15.8114 1.7982e-05 6.18644e-06 1.17955e-05 0.655964 0.666624 0 0 0 0 0 0 0 0 0 0 0 0 0 0 0 0 0 0 0 0 0 0 0 0 0 0 0 0 0 0 0 0 0 0 0 0 0 0 0 0 0 0 0 0 0 0 0 0 0 0 0 0 1.4013e-45 0 2.8026e-45 0 5.60519e-45 0 1.26117e-44 0 2.38221e-44 0 4.62428e-44 0 8.54792e-44 0 1.54143e-43 0 2.73253e-43 0 4.84849e-43 0 8.23963e-43 0 1.39289e-42 0 2.34297e-42 0 3.79051e-42 0 6.10265e-42 0
16.623 1.80731e-05 6.19981e-06 1.18733e-05 0.65696 0.661103 0 0 0 0 0 0 0 0 0 0 0 0 0 0 0 0 0 0 0 0 0 0 0 0 0 0 0 0 0 0 0 0 0 0 0 0 0 0 0 0 1.4013e-45 0 4.2039e-45 0 1.12104e-44 0 2.52234e-44 0 5.60519e-44 0 1.26117e-43 0 2.60642e-43 0 5.5071e-43 0 1.06779e-42 0 2.05711e-42 0 3.93064e-42 0 7.19287e-42 0 1.30699e-41 0 2.27851e-41 0 3.94844e-41 0 6.80204e-41 0 1.12673e-40 0 1.85703e-40 0 3.0456e-40 0 4.81169e-40 0 7.57022e-40 0
17.4762 1.81548e-05 6.22342e-06 1.19314e-05 0.657203 0.655595 0 0 0 0 0 0 0 0 0 0 0 0 0 0 0 0 0 0 0 0 0 0 0 0 0 0 0 0 0 0 1.4013e-45 0 4.2039e-45 0 1.4013e-44 0 4.2039e-44 0 1.1911e-43 0 3.06884e-43 0 7.52497e-43 0 1.81468e-42 0 4.00351e-42 0 8.72729e-42 0 1.88054e-41 0 3.72956e-41 0 7.59322e-41 0 1.4277e-40 0 2.66341e-40 0 4.93044e-40 0 8.75903e-40 0 1.54577e-39 0 2.62259e-39 0 4.42435e-39 0 7.42231e-39 0 1.19954e-38 0 1.92938e-38 0 3.08875e-38 0 4.77212e-38 0 7.34366e-38 0
18.3733 1.82182e-05 6.22646e-06 1.19917e-05 0.658229 0.6489 0 0 0 0 0 0 0 0 0 0 0 0 0 0 0 0 0 0 0 0 0 0 1.4013e-45 0 4.2039e-45 0 1.68156e-44 0 6.5861e-44 0 2.36819e-43 0 7.56701e-43 0 2.31775e-42 0 6.41374e-42 0 1.73999e-41 0 4.2982e-41 0 1.00738e-40 0 2.32764e-40 0 4.94018e-40 0 1.03672e-39 0 2.15168e-39 0 4.12711e-39 0 8.11587e-39 0 1.47965e-38 0 2.67755e-38 0 4.80982e-38 0 8.30834e-38 0 1.42612e-37 0 2.35795e-37 0 3.87762e-37 0 6.34285e-37 0 1.00134e-36 0 1.57365e-36 0 2.46204e-36 0 3.7239e-36 0 5.61125e-36 0
19.3164 1.83035e-05 6.26907e-06 1.20344e-05 0.657493 0.64378 0 0 0 0 0 0 0 0 0 0 0 0 0 0 0 0 0 0 2.8026e-45 0 2.38221e-44 0 1.31722e-43 0 6.3619e-43 0 2.69049e-42 0 9.90718e-42 0 3.32977e-41 0 1.00735e-40 0 2.91993e-40 0 7.68832e-40 0 1.98676e-39 0 4.69583e-39 0 1.05573e-38 0 2.34162e-38 0 4.79056e-38 0 9.69586e-38 0 1.94187e-37 0 3.60809e-37 0 6.8648e-37 0 1.2154e-36 0 2.13659e-36 0 3.72985e-36 0 6.27316e-36 0 1.04875e-35 0 1.69196e-35 0 2.71564e-35 0 4.33667e-35 0 6.6953e-35 0 1.02923e-34 0 1.57546e-34 0 2.33527e-34 0 3.4491e-34 0
20.3079 1.84098e-05 6.32481e-06 1.2085e-05 0.656444 0.638761 0 0 0 0 0 0 0 0 0 0 0 0 0 0 5.60519e-45 0 6.86636e-44 0 5.70328e-43 0 3.65178e-42 0 1.89568e-41 0 8.44745e-41 0 3.33271e-40 0 1.1514e-39 0 3.6472e-39 0 1.04534e-38 0 2.87663e-38 0 7.22462e-38 0 1.78236e-37 0 4.03948e-37 0 8.72947e-37 0 1.86234e-36 0 3.67919e-36 0 7.19453e-36 0 1.39287e-35 0 2.51091e-35 0 4.62958e-35 0 7.97112e-35 0 1.3632e-34 0 2.31588e-34 0 3.7974e-34 0 6.19123e-34 0 9.75779e-34 0 1.53039e-33 0 2.38869e-33 0 3.61049e-33 0 5.43488e-33 0 8.14815e-33 0 1.18479e-32 0 1.71689e-32 0
21.3503 1.84851e-05 6.32171e-06 1.21634e-05 0.65801 0.630629 0 0 0 0 0 0 0 0 0 0 2.8026e-45 0 6.86636e-44 0 1.01034e-42 0 1.00347e-41 0 7.46233e-41 0 4.3632e-40 0 2.08972e-39 0 8.65696e-39 0 3.19399e-38 0 1.03866e-37 0 3.10999e-37 0 8.46698e-37 0 2.21764e-36 0 5.32472e-36 0 1.25699e-35 0 2.73723e-35 0 5.69684e-35 0 1.17122e-34 0 2.23818e-34 0 4.23569e-34 0 7.94006e-34 0 1.39075e-33 0 2.48879e-33 0 4.17296e-33 0 6.95194e-33 0 1.15087e-32 0 1.84209e-32 0 2.93248e-32 0 4.52026e-32 0 6.93539e-32 0 1.05923e-31 0 1.56905e-31 0 2.31519e-31 0 3.40306e-31 0 4.85865e-31 0 6.91432e-31 0
22.4463 1.85583e-05 6.34376e-06 1.22145e-05 0.658171 0.622948 0 0 0 0 0 0 0 0 9.80909e-45 0 4.51218e-43 0 9.85813e-42 0 1.27486e-40 0 1.13161e-39 0 7.63036e-39 0 4.09293e-38 0 1.81595e-37 0 7.01847e-37 0 2.42957e-36 0 7.45872e-36 0 2.11688e-35 0 5.48818e-35 0 1.37143e-34 0 3.15506e-34 0 7.14213e-34 0 1.49729e-33 0 3.00668e-33 0 5.96775e-33 0 1.10493e-32 0 2.02693e-32 0 3.6848e-32 0 6.27993e-32 0 1.09233e-31 0 1.78587e-31 0 2.90195e-31 0 4.68728e-31 0 7.33216e-31 0 1.14103e-30 0 1.72207e-30 0 2.58751e-30 0 3.87097e-30 0 5.62516e-30 0 8.14399e-30 0 1.17477e-29 0 1.64835e-29 0 2.30569e-29 0
23.5984 1.86559e-05 6.35514e-06 1.23007e-05 0.659349 0.61494 0 0 0 0 0 0 1.12104e-44 0 1.49238e-42 0 5.83276e-41 0 1.0975e-39 0 1.2526e-38 0 9.99421e-38 0 6.13945e-37 0 3.03391e-36 0 1.25164e-35 0 4.52847e-35 0 1.47539e-34 0 4.28804e-34 0 1.15657e-33 0 2.86223e-33 0 6.83962e-33 0 1.51077e-32 0 3.28621e-32 0 6.64474e-32 0 1.28966e-31 0 2.4755e-31 0 4.44759e-31 0 7.9207e-31 0 1.39851e-30 0 2.32221e-30 0 3.93154e-30 0 6.27533e-30 0 9.95822e-30 0 1.57125e-29 0 2.40475e-29 0 3.66234e-29 0 5.41731e-29 0 7.9796e-29 0 1.17052e-28 0 1.6702e-28 0 2.37479e-28 0 3.36489e-28 0 4.64393e-28 0 6.39029e-28 0
24.8097 1.87601e-05 6.39233e-06 1.23678e-05 0.65926 0.607847 0 0 0 0 1.4013e-45 0 1.71379e-42 0 1.80724e-40 0 5.9059e-39 0 9.62929e-38 0 9.75828e-37 0 7.03516e-36 0 3.95515e-35 0 1.80783e-34 0 6.9596e-34 0 2.36478e-33 0 7.27281e-33 0 2.00646e-32 0 5.15591e-32 0 1.22074e-31 0 2.79563e-31 0 5.94076e-31 0 1.24412e-30 0 2.4306e-30 0 4.56721e-30 0 8.49204e-30 0 1.48269e-29 0 2.56715e-29 0 4.40858e-29 0 7.14137e-29 0 1.17836e-28 0 1.83839e-28 0 2.85228e-28 0 4.40135e-28 0 6.5976e-28 0 9.84362e-28 0 1.4285e-27 0 2.06473e-27 0 2.97261e-27 0 4.16859e-27 0 5.82616e-27 0 8.11596e-27 0 1.10261e-26 0 1.49379e-26 0
26.0832 1.88396e-05 6.42515e-06 1.24145e-05 0.658956 0.599571 0 0 0 0 3.0268e-43 0 2.03512e-40 0 1.70986e-38 0 4.713e-37 0 6.70526e-36 0 6.0686e-35 0 3.97286e-34 0 2.05296e-33 0 8.71267e-33 0 3.14047e-32 0 1.00523e-31 0 2.92654e-31 0 7.68361e-31 0 1.88551e-30 0 4.28026e-30 0 9.41363e-30 0 1.92813e-29 0 3.89477e-29 0 7.36435e-29 0 1.34183e-28 0 2.42051e-28 0 4.1127e-28 0 6.93248e-28 0 1.1595e-27 0 1.83453e-27 0 2.95395e-27 0 4.50953e-27 0 6.84813e-27 0 1.03459e-26 0 1.52049e-26 0 2.22469e-26 0 3.17028e-26 0 4.50061e-26 0 6.36528e-26 0 8.78009e-26 0 1.20724e-25 0 1.65471e-25 0 2.21466e-25 0 2.95622e-25 0
27.4221 1.88897e-05 6.4306e-06 1.24591e-05 0.65957 0.588778 0 0 0 0 3.84558e-41 0 1.88349e-38 0 1.27461e-36 0 2.98808e-35 0 3.73432e-34 0 3.03512e-33 0 1.81279e-32 0 8.64571e-32 0 3.41917e-31 0 1.15765e-30 0 3.50089e-30 0 9.67408e-30 0 2.423e-29 0 5.69089e-29 0 1.24119e-28 0 2.62672e-28 0 5.19506e-28 0 1.01398e-27 0 1.85855e-27 0 3.28862e-27 0 5.76387e-27 0 9.54321e-27 0 1.56814e-26 0 2.55776e-26 0 3.95719e-26 0 6.22535e-26 0 9.3094e-26 0 1.38517e-25 0 2.05093e-25 0 2.95803e-25 0 4.24833e-25 0 5.95026e-25 0 8.30385e-25 0 1.15472e-24 0 1.56797e-24 0 2.12266e-24 0 2.86499e-24 0 3.78031e-24 0 4.97545e-24 0
28.8297 1.8965e-05 6.44409e-06 1.25209e-05 0.660211 0.577433 0 0 8.40779e-44 0 3.81873e-39 0 1.38224e-36 0 7.61427e-35 0 1.53022e-33 0 1.69052e-32 0 1.24039e-31 0 6.78944e-31 0 3.00028e-30 0 1.1095e-29 0 3.53936e-29 0 1.01405e-28 0 2.66648e-28 0 6.38578e-28 0 1.43859e-27 0 3.02038e-27 0 6.16225e-27 0 1.17884e-26 0 2.22696e-26 0 3.96287e-26 0 6.81946e-26 0 1.16293e-25 0 1.87863e-25 0 3.01301e-25 0 4.79845e-25 0 7.26732e-25 0 1.11826e-24 0 1.63972e-24 0 2.39291e-24 0 3.47577e-24 0 4.92422e-24 0 6.94827e-24 0 9.57305e-24 0 1.3144e-23 0 1.79859e-23 0 2.40606e-23 0 3.20942e-23 0 4.26885e-23 0 5.55696e-23 0 7.21634e-23 0
30.3095 1.90773e-05 6.462e-06 1.26153e-05 0.661273 0.566648 0 0 1.11333e-41 0 2.99506e-37 0 8.13101e-35 0 3.68286e-33 0 6.39274e-32 0 6.28084e-31 0 4.18114e-30 0 2.10633e-29 0 8.65658e-29 0 3.00319e-28 0 9.05278e-28 0 2.46376e-27 0 6.17984e-27 0 1.41819e-26 0 3.07069e-26 0 6.21774e-26 0 1.22516e-25 0 2.27067e-25 0 4.15836e-25 0 7.19448e-25 0 1.20567e-24 0 2.00315e-24 0 3.16106e-24 0 4.95423e-24 0 7.71275e-24 0 1.14467e-23 0 1.7247e-23 0 2.48212e-23 0 3.55602e-23 0 5.07193e-23 0 7.06437e-23 0 9.80193e-23 0 1.32951e-22 0 1.7974e-22 0 2.42214e-22 0 3.19451e-22 0 4.20161e-22 0 5.51127e-22 0 7.08249e-22 0 9.08082e-22 0
31.8653 1.92085e-05 6.51728e-06 1.26912e-05 0.660709 0.557725 3.08286e-44 0 1.1538e-39 0 1.88645e-35 0 3.89547e-33 0 1.46469e-31 0 2.21172e-30 0 1.94362e-29 0 1.17949e-28 0 5.49083e-28 0 2.10615e-27 0 6.8762e-27 0 1.96404e-26 0 5.09025e-26 0 1.22073e-25 0 2.69006e-25 0 5.60896e-25 0 1.09729e-24 0 2.09169e-24 0 3.76162e-24 0 6.68829e-24 0 1.1266e-23 0 1.84099e-23 0 2.9838e-23 0 4.60486e-23 0 7.06044e-23 0 1.07567e-22 0 1.56595e-22 0 2.3127e-22 0 3.2697e-22 0 4.60284e-22 0 6.45218e-22 0 8.84262e-22 0 1.20747e-21 0 1.61358e-21 0 2.14957e-21 0 2.85483e-21 0 3.71464e-21 0 4.82078e-21 0 6.24022e-21 0 7.92165e-21 0 1.00342e-20 0
33.5009 1.93098e-05 6.58566e-06 1.27242e-05 0.658947 0.548608 4.19269e-42 0 9.43947e-38 0 9.61043e-34 0 1.5298e-31 0 4.81852e-30 0 6.37286e-29 0 5.03653e-28 0 2.79885e-27 0 1.20869e-26 0 4.34169e-26 0 1.33792e-25 0 3.6306e-25 0 8.982e-25 0 2.06398e-24 0 4.37618e-24 0 8.80308e-24 0 1.66664e-23 0 3.07851e-23 0 5.37991e-23 0 9.30062e-23 0 1.52725e-22 0 2.43656e-22 0 3.85707e-22 0 5.82779e-22 0 8.75098e-22 0 1.3061e-21 0 1.86687e-21 0 2.70511e-21 0 3.76038e-21 0 5.20594e-21 0 7.17823e-21 0 9.68744e-21 0 1.30286e-20 0 1.71658e-20 0 2.25499e-20 0 2.95364e-20 0 3.79412e-20 0 4.86166e-20 0 6.21434e-20 0 7.79743e-20 0 9.76356e-20 0
35.2205 1.9359e-05 6.63027e-06 1.27287e-05 0.657509 0.536388 4.44352e-40 0 6.13325e-36 0 3.97932e-32 0 4.94532e-30 0 1.3162e-28 0 1.53459e-27 0 1.09636e-26 0 5.6032e-26 0 2.25294e-25 0 7.60293e-25 0 2.21763e-24 0 5.73151e-24 0 1.35661e-23 0 2.99328e-23 0 6.11788e-23 0 1.18938e-22 0 2.1827e-22 0 3.91274e-22 0 6.65394e-22 0 1.11997e-21 0 1.7951e-21 0 2.79932e-21 0 4.33305e-21 0 6.41634e-21 0 9.4454e-21 0 1.38245e-20 0 1.94183e-20 0 2.76324e-20 0 3.77991e-20 0 5.15052e-20 0 6.9913e-20 0 9.29808e-20 0 1.23253e-19 0 1.60221e-19 0 2.07689e-19 0 2.68475e-19 0 3.4068e-19 0 4.31284e-19 0 5.44714e-19 0 6.75949e-19 0 8.37148e-19 0
37.0284 1.93698e-05 6.63382e-06 1.2736e-05 0.657518 0.519645 3.68324e-38 0 3.19201e-34 0 1.34915e-30 0 1.32492e-28 0 3.00425e-27 0 3.10689e-26 0 2.01648e-25 0 9.51668e-25 0 3.57516e-24 0 1.13693e-23 0 3.14734e-23 0 7.76588e-23 0 1.76242e-22 0 3.74127e-22 0 7.3844e-22 0 1.38976e-21 0 2.47593e-21 0 4.31369e-21 0 7.14806e-21 0 1.17294e-20 0 1.83719e-20 0 2.80348e-20 0 4.24789e-20 0 6.17083e-20 0 8.9141e-20 0 1.28065e-19 0 1.76924e-19 0 2.47465e-19 0 3.33376e-19 0 4.47448e-19 0 5.98371e-19 0 7.84801e-19 0 1.0261e-18 0 1.31688e-18 0 1.68554e-18 0 2.15172e-18 0 2.69885e-18 0 3.3775e-18 0 4.21744e-18 0 5.17866e-18 0 6.34703e-18 0
38.9291 1.94155e-05 6.64057e-06 1.27749e-05 0.657975 0.500598 2.43207e-36 0 1.35378e-32 0 3.80635e-29 0 2.98796e-27 0 5.81753e-26 0 5.36775e-25 0 3.17982e-24 0 1.39121e-23 0 4.89933e-23 0 1.47247e-22 0 3.8785e-22 0 9.15714e-22 0 1.99664e-21 0 4.08554e-21 0 7.80061e-21 0 1.42345e-20 0 2.46546e-20 0 4.18059e-20 0 6.75876e-20 0 1.08257e-19 0 1.65889e-19 0 2.4797e-19 0 3.68183e-19 0 5.25189e-19 0 7.45162e-19 0 1.05177e-18 0 1.43029e-18 0 1.96805e-18 0 2.61299e-18 0 3.45706e-18 0 4.55797e-18 0 5.89943e-18 0 7.61297e-18 0 9.6521e-18 0 1.22062e-17 0 1.53975e-17 0 1.91002e-17 0 2.36428e-17 0 2.92041e-17 0 3.55024e-17 0 4.30822e-17 0
40.9273 1.95331e-05 6.67169e-06 1.28614e-05 0.658441 0.481908 1.29771e-34 0 4.74109e-31 0 9.04578e-28 0 5.73848e-26 0 9.66515e-25 0 8.001e-24 0 4.34544e-23 0 1.769e-22 0 5.85838e-22 0 1.6686e-21 0 4.19213e-21 0 9.49106e-21 0 1.99217e-20 0 3.93635e-20 0 7.28214e-20 0 1.29039e-19 0 2.17585e-19 0 3.59559e-19 0 5.67824e-19 0 8.88816e-19 0 1.3339e-18 0 1.95516e-18 0 2.84751e-18 0 3.99197e-18 0 5.56806e-18 0 7.72797e-18 0 1.03527e-17 0 1.40248e-17 0 1.83649e-17 0 2.39674e-17 0 3.11762e-17 0 3.98466e-17 0 5.07842e-17 0 6.3645e-17 0 7.95693e-17 0 9.92406e-17 0 1.21817e-16 0 1.49226e-16 0 1.82436e-16 0 2.19677e-16 0 2.64071e-16 0
43.0281 1.97178e-05 6.73231e-06 1.29855e-05 0.658567 0.465506 5.65905e-33 0 1.38515e-29 0 1.82766e-26 0 9.46776e-25 0 1.38925e-23 0 1.03729e-22 0 5.1869e-22 0 1.97167e-21 0 6.15876e-21 0 1.66677e-20 0 4.00335e-20 0 8.70915e-20 0 1.76306e-19 0 3.36971e-19 0 6.04942e-19 0 1.04242e-18 0 1.71346e-18 0 2.7629e-18 0 4.26697e-18 0 6.53457e-18 0 9.61438e-18 0 1.38316e-17 0 1.9778e-17 0 2.72735e-17 0 3.74284e-17 0 5.11225e-17 0 6.75148e-17 0 9.01169e-17 0 1.16461e-16 0 1.50027e-16 0 1.92661e-16 0 2.4331e-16 0 3.06446e-16 0 3.79842e-16 0 4.69731e-16 0 5.79574e-16 0 7.0434e-16 0 8.54309e-16 0 1.03424e-15 0 1.23411e-15 0 1.47024e-15 0
45.2368 1.99191e-05 6.82917e-06 1.309e-05 0.657155 0.452043 2.039e-31 0 3.40972e-28 0 3.16786e-25 0 1.35337e-23 0 1.74179e-22 0 1.17892e-21 0 5.44961e-21 0 1.94078e-20 0 5.73436e-20 0 1.47828e-19 0 3.40192e-19 0 7.12519e-19 0 1.39358e-18 0 2.58062e-18 0 4.50233e-18 0 7.55491e-18 0 1.21205e-17 0 1.90933e-17 0 2.88682e-17 0 4.32993e-17 0 6.25168e-17 0 8.83558e-17 0 1.24155e-16 0 1.68542e-16 0 2.27749e-16 0 3.06378e-16 0 3.99159e-16 0 5.25328e-16 0 6.70451e-16 0 8.5307e-16 0 1.0822e-15 0 1.35121e-15 0 1.68278e-15 0 2.06406e-15 0 2.52618e-15 0 3.08509e-15 0 3.71371e-15 0 4.46219e-15 0 5.3518e-15 0 6.33123e-15 0 7.47841e-15 0
47.5588 2.00629e-05 6.92144e-06 1.31414e-05 0.655012 0.439287 6.09133e-30 0 7.08988e-27 0 4.71817e-24 0 1.67807e-22 0 1.9064e-21 0 1.17532e-20 0 5.04166e-20 0 1.68754e-19 0 4.72922e-19 0 1.16407e-18 0 2.57203e-18 0 5.19603e-18 0 9.83521e-18 0 1.7673e-17 0 3.0007e-17 0 4.90952e-17 0 7.69676e-17 0 1.18586e-16 0 1.75714e-16 0 2.58386e-16 0 3.66435e-16 0 5.09214e-16 0 7.03747e-16 0 9.41194e-16 0 1.25327e-15 0 1.66171e-15 0 2.13716e-15 0 2.77522e-15 0 3.49994e-15 0 4.40119e-15 0 5.51886e-15 0 6.81644e-15 0 8.3986e-15 0 1.01993e-14 0 1.23604e-14 0 1.49485e-14 0 1.78322e-14 0 2.12349e-14 0 2.52434e-14 0 2.96191e-14 0 3.47027e-14 0
50 2.01102e-05 7.00161e-06 1.31086e-05 0.651838 0.424791 1.52098e-28 0 1.25418e-25 0 6.07655e-23 0 1.81537e-21 0 1.83164e-20 0 1.03327e-19 0 4.12814e-19 0 1.30262e-18 0 3.47139e-18 0 8.17701e-18 0 1.73812e-17 0 3.39286e-17 0 6.22512e-17 0 1.08704e-16 0 1.7986e-16 0 2.87284e-16 0 4.40602e-16 0 6.64669e-16 0 9.66142e-16 0 1.39421e-15 0 1.94379e-15 0 2.65812e-15 0 3.61601e-15 0 4.76791e-15 0 6.26069e-15 0 8.18751e-15 0 1.04015e-14 0 1.33357e-14 0 1.66288e-14 0 2.06782e-14 0 2.56444e-14 0 3.1349e-14 0 3.82338e-14 0 4.59932e-14 0 5.52176e-14 0 6.61625e-14 0 7.82491e-14 0 9.23895e-14 0 1.08906e-13 0 1.26791e-13 0 1.47408e-13 0
52.5665 2.00501e-05 7.03943e-06 1.30107e-05 0.648908 0.404923 3.18854e-27 0 1.89428e-24 0 6.78633e-22 0 1.71756e-20 0 1.54801e-19 0 8.02532e-19 0 2.99663e-18 0 8.93984e-18 0 2.27108e-17 0 5.13046e-17 0 1.05112e-16 0 1.98589e-16 0 3.53727e-16 0 6.011e-16 0 9.70414e-16 0 1.51497e-15 0 2.27547e-15 0 3.36443e-15 0 4.80194e-15 0 6.80656e-15 0 9.33686e-15 0 1.25745e-14 0 1.68508e-14 0 2.19207e-14 0 2.84036e-14 0 3.66617e-14 0 4.60344e-14 0 5.83088e-14 0 7.19282e-14 0 8.84971e-14 0 1.08604e-13 0 1.31467e-13 0 1.58793e-13 0 1.89304e-13 0 2.25251e-13 0 2.67527e-13 0 3.13817e-13 0 3.67534e-13 0 4.29775e-13 0 4.96652e-13 0 5.73177e-13 0
55.2648 1.99161e-05 7.03197e-06 1.28842e-05 0.646921 0.377096 5.6564e-26 0 2.46015e-23 0 6.61374e-21 0 1.42959e-19 0 1.15732e-18 0 5.53664e-18 0 1.93857e-17 0 5.48279e-17 0 1.33087e-16 0 2.88921e-16 0 5.71567e-16 0 1.04684e-15 0 1.81281e-15 0 3.00184e-15 0 4.73414e-15 0 7.23176e-15 0 1.06484e-14 0 1.54466e-14 0 2.16668e-14 0 3.01931e-14 0 4.0783e-14 0 5.41323e-14 0 7.15121e-14 0 9.18409e-14 0 1.17506e-13 0 1.49792e-13 0 1.86008e-13 0 2.32901e-13 0 2.84371e-13 0 3.46354e-13 0 4.20818e-13 0 5.04679e-13 0 6.03983e-13 0 7.13883e-13 0 8.42264e-13 0 9.91976e-13 0 1.15459e-12 0 1.34183e-12 0 1.55712e-12 0 1.78677e-12 0 2.0477e-12 0
58.1015 1.97774e-05 6.98737e-06 1.279e-05 0.646698 0.34048 8.56796e-25 0 2.77001e-22 0 5.66694e-20 0 1.05425e-18 0 7.70623e-18 0 3.41543e-17 0 1.12489e-16 0 3.02402e-16 0 7.02932e-16 0 1.46934e-15 0 2.81153e-15 0 4.99947e-15 0 8.42856e-15 0 1.36174e-14 0 2.10034e-14 0 3.14274e-14 0 4.54092e-14 0 6.46852e-14 0 8.92465e-14 0 1.22368e-13 0 1.62879e-13 0 2.13225e-13 0 2.7788e-13 0 3.5254e-13 0 4.45664e-13 0 5.61421e-13 0 6.89826e-13 0 8.54304e-13 0 1.03298e-12 0 1.24608e-12 0 1.49965e-12 0 1.78262e-12 0 2.11475e-12 0 2.47923e-12 0 2.90156e-12 0 3.39012e-12 0 3.91672e-12 0 4.51862e-12 0 5.20567e-12 0 5.93341e-12 0 6.75479e-12 0
61.0839 1.97165e-05 6.95727e-06 1.27592e-05 0.647134 0.297374 1.12469e-23 0 2.74226e-21 0 4.32663e-19 0 6.97844e-18 0 4.62889e-17 0 1.9077e-16 0 5.92789e-16 0 1.51847e-15 0 3.38727e-15 0 6.83005e-15 0 1.26615e-14 0 2.18908e-14 0 3.59763e-14 0 5.67787e-14 0 8.57416e-14 0 1.25796e-13 0 1.78525e-13 0 2.49952e-13 0 3.39483e-13 0 4.58355e-13 0 6.01638e-13 0 7.77315e-13 0 1e-12 0 1.25402e-12 0 1.56724e-12 0 1.95218e-12 0 2.37467e-12 0 2.91032e-12 0 3.48654e-12 0 4.16746e-12 0 4.97037e-12 0 5.85857e-12 0 6.89238e-12 0 8.0178e-12 0 9.31181e-12 0 1.07974e-11 0 1.23869e-11 0 1.41911e-11 0 1.62362e-11 0 1.83882e-11 0 2.08016e-11 0
64.2193 1.97605e-05 6.91571e-06 1.28448e-05 0.650024 0.249495 1.28372e-22 0 2.39331e-20 0 2.94933e-18 0 4.15309e-17 0 2.51172e-16 0 9.65997e-16 0 2.84004e-15 0 6.94842e-15 0 1.49045e-14 0 2.90416e-14 0 5.2239e-14 0 8.7935e-14 0 1.41053e-13 0 2.17709e-13 0 3.22212e-13 0 4.63968e-13 0 6.47288e-13 0 8.91498e-13 0 1.19286e-12 0 1.58711e-12 0 2.05576e-12 0 2.62303e-12 0 3.33322e-12 0 4.134e-12 0 5.1106e-12 0 6.29796e-12 0 7.58803e-12 0 9.20777e-12 0 1.0934e-11 0 1.2956e-11 0 1.53198e-11 0 1.7913e-11 0 2.09075e-11 0 2.41424e-11 0 2.78347e-11 0 3.20429e-11 0 3.65145e-11 0 4.15561e-11 0 4.72334e-11 0 5.31695e-11 0 5.9787e-11 0
67.5157 1.99378e-05 6.93169e-06 1.30061e-05 0.652334 0.201616 1.29554e-21 0 1.87121e-19 0 1.82292e-17 0 2.25598e-16 0 1.24961e-15 0 4.50004e-15 0 1.25516e-14 0 2.9396e-14 0 6.07489e-14 0 1.14577e-13 0 2.00273e-13 0 3.2866e-13 0 5.15167e-13 0 7.78464e-13 0 1.13029e-12 0 1.59885e-12 0 2.1946e-12 0 2.97571e-12 0 3.92541e-12 0 5.1505e-12 0 6.58761e-12 0 8.30597e-12 0 1.04321e-11 0 1.2803e-11 0 1.56645e-11 0 1.9108e-11 0 2.28136e-11 0 2.7423e-11 0 3.2292e-11 0 3.79482e-11 0 4.45061e-11 0 5.1644e-11 0 5.98238e-11 0 6.85965e-11 0 7.854e-11 0 8.97948e-11 0 1.01675e-10 0 1.14985e-10 0 1.2988e-10 0 1.4536e-10 0 1.62518e-10 0
70.9813 2.02321e-05 7.00786e-06 1.32242e-05 0.653626 0.156379 1.16385e-20 0 1.31863e-18 0 1.02725e-16 0 1.12435e-15 0 5.7285e-15 0 1.93783e-14 0 5.14101e-14 0 1.15503e-13 0 2.30383e-13 0 4.21266e-13 0 7.16541e-13 0 1.14779e-12 0 1.76008e-12 0 2.60657e-12 0 3.71634e-12 0 5.16864e-12 0 6.9857e-12 0 9.3323e-12 0 1.21454e-11 0 1.57259e-11 0 1.98735e-11 0 2.47755e-11 0 3.07731e-11 0 3.73912e-11 0 4.52998e-11 0 5.47245e-11 0 6.47741e-11 0 7.71653e-11 0 9.01438e-11 0 1.05102e-10 0 1.22309e-10 0 1.40898e-10 0 1.62047e-10 0 1.84573e-10 0 2.09935e-10 0 2.38455e-10 0 2.6837e-10 0 3.01685e-10 0 3.38743e-10 0 3.77039e-10 0 4.19253e-10 0
74.6248 2.05795e-05 7.11641e-06 1.34631e-05 0.654199 0.114506 9.32496e-20 0 8.38647e-18 0 5.28177e-16 0 5.14355e-15 0 2.42035e-14 0 7.71458e-14 0 1.95144e-13 0 4.21441e-13 0 8.12746e-13 0 1.44299e-12 0 2.39158e-12 0 3.74382e-12 0 5.62238e-12 0 8.16828e-12 0 1.1446e-11 0 1.56647e-11 0 2.08626e-11 0 2.74793e-11 0 3.53053e-11 0 4.51405e-11 0 5.63979e-11 0 6.95563e-11 0 8.54846e-11 0 1.02886e-10 0 1.23485e-10 0 1.47806e-10 0 1.73515e-10 0 2.04949e-10 0 2.37609e-10 0 2.74967e-10 0 3.17625e-10 0 3.6338e-10 0 4.15081e-10 0 4.69785e-10 0 5.30992e-10 0 5.99387e-10 0 6.70702e-10 0 7.49665e-10 0 8.37003e-10 0 9.26769e-10 0 1.02521e-09 0
78.4553 2.09287e-05 7.25493e-06 1.36738e-05 0.65335 0.0769505 6.69864e-19 0 4.83637e-17 0 2.48814e-15 0 2.16819e-14 0 9.45962e-14 0 2.84923e-13 0 6.888e-13 0 1.43268e-12 0 2.67572e-12 0 4.6193e-12 0 7.46939e-12 0 1.14397e-11 0 1.68421e-11 0 2.40263e-11 0 3.31175e-11 0 4.46345e-11 0 5.86193e-11 0 7.61793e-11 0 9.66848e-11 0 1.22144e-10 0 1.50956e-10 0 1.84279e-10 0 2.2421e-10 0 2.6742e-10 0 3.18115e-10 0 3.77441e-10 0 4.39636e-10 0 5.15076e-10 0 5.92862e-10 0 6.81201e-10 0 7.8136e-10 0 8.88063e-10 0 1.00785e-09 0 1.1338e-09 0 1.27388e-09 0 1.42948e-09 0 1.5908e-09 0 1.76846e-09 0 1.96389e-09 0 2.16372e-09 0 2.38178e-09 0
82.4824 2.11931e-05 7.41121e-06 1.37819e-05 0.650301 0.0436182 4.33015e-18 0 2.53685e-16 0 1.0767e-14 0 8.44136e-14 0 3.4273e-13 0 9.78197e-13 0 2.26503e-12 0 4.5457e-12 0 8.23469e-12 0 1.38422e-11 0 2.18637e-11 0 3.27954e-11 0 4.73799e-11 0 6.64281e-11 0 9.01401e-11 0 1.1973e-10 0 1.55165e-10 0 1.99083e-10 0 2.49748e-10 0 3.11932e-10 0 3.81545e-10 0 4.61256e-10 0 5.55857e-10 0 6.57302e-10 0 7.75307e-10 0 9.12247e-10 0 1.05469e-09 0 1.22615e-09 0 1.40166e-09 0 1.59963e-09 0 1.82258e-09 0 2.05857e-09 0 2.32184e-09 0 2.59703e-09 0 2.90134e-09 0 3.23747e-09 0 3.58408e-09 0 3.96378e-09 0 4.37936e-09 0 4.8022e-09 0 5.26143e-09 0
86.7162 2.13003e-05 7.57979e-06 1.37205e-05 0.644145 0.0144554 2.52989e-17 0 1.21502e-15 0 4.29446e-14 0 3.04482e-13 0 1.15449e-12 0 3.13059e-12 0 6.95778e-12 0 1.34967e-11 0 2.37506e-11 0 3.89242e-11 0 6.01237e-11 0 8.84174e-11 0 1.25464e-10 0 1.73025e-10 0 2.31315e-10 0 3.03019e-10 0 3.8776e-10 0 4.91495e-10 0 6.09787e-10 0 7.53395e-10 0 9.12508e-10 0 1.09298e-09 0 1.30519e-09 0 1.53082e-09 0 1.79114e-09 0 2.09084e-09 0 2.40024e-09 0 2.77001e-09 0 3.14589e-09 0 3.56713e-09 0 4.03849e-09 0 4.53436e-09 0 5.08431e-09 0 5.6559e-09 0 6.28454e-09 0 6.97519e-09 0 7.68371e-09 0 8.45607e-09 0 9.29726e-09 0 1.01492e-08 0 1.10703e-08 0
91.1674 2.11722e-05 7.6857e-06 1.34865e-05 0.63699 -0.0119936 1.32955e-16 0 5.28553e-15 0 1.5697e-13 0 1.01144e-12 0 3.5934e-12 0 9.28089e-12 0 1.98381e-11 0 3.72569e-11 0 6.37779e-11 0 1.02033e-10 0 1.54293e-10 0 2.2267e-10 0 3.10614e-10 0 4.21695e-10 0 5.55822e-10 0 7.18582e-10 0 9.08533e-10 0 1.13833e-09 0 1.39751e-09 0 1.7089e-09 0 2.05054e-09 0 2.43453e-09 0 2.88215e-09 0 3.35416e-09 0 3.89458e-09 0 4.51202e-09 0 5.14492e-09 0 5.89613e-09 0 6.65475e-09 0 7.49968e-09 0 8.43939e-09 0 9.42219e-09 0 1.05061e-08 0 1.16266e-08 0 1.28525e-08 0 1.41925e-08 0 1.55605e-08 0 1.70447e-08 0 1.86537e-08 0 2.0276e-08 0 2.20225e-08 0
95.847 2.07747e-05 7.76171e-06 1.3013e-05 0.626386 -0.0349403 6.34388e-16 0 2.10694e-14 0 5.30245e-13 0 3.11956e-12 0 1.04179e-11 0 2.56888e-11 0 5.2911e-11 0 9.63584e-11 0 1.60677e-10 0 2.51224e-10 0 3.72305e-10 0 5.27758e-10 0 7.2433e-10 0 9.68793e-10 0 1.25983e-09 0 1.60845e-09 0 2.01047e-09 0 2.49142e-09 0 3.02819e-09 0 3.66672e-09 0 4.36078e-09 0 5.1342e-09 0 6.02831e-09 0 6.9638e-09 0 8.02705e-09 0 9.23306e-09 0 1.04609e-08 0 1.19088e-08 0 1.33619e-08 0 1.49707e-08 0 1.67498e-08 0 1.86e-08 0 2.06297e-08 0 2.27172e-08 0 2.499e-08 0 2.74622e-08 0 2.99742e-08 0 3.26875e-08 0 3.5616e-08 0 3.85561e-08 0 4.17087e-08 0
100.767 2.0059e-05 7.74934e-06 1.23097e-05 0.613673 -0.0558265 2.74037e-15 0 7.67062e-14 0 1.64915e-12 0 8.89818e-12 0 2.80168e-11 0 6.61068e-11 0 1.3144e-10 0 2.32466e-10 0 3.78079e-10 0 5.78379e-10 0 8.40833e-10 0 1.17178e-09 0 1.58356e-09 0 2.08816e-09 0 2.68086e-09 0 3.38212e-09 0 4.18167e-09 0 5.12802e-09 0 6.17376e-09 0 7.40607e-09 0 8.7337e-09 0 1.0201e-08 0 1.1884e-08 0 1.36319e-08 0 1.56046e-08 0 1.78268e-08 0 2.00747e-08 0 2.27091e-08 0 2.53371e-08 0 2.82308e-08 0 3.14128e-08 0 3.47049e-08 0 3.82978e-08 0 4.19752e-08 0 4.59602e-08 0 5.02748e-08 0 5.46395e-08 0 5.9334e-08 0 6.43795e-08 0 6.94247e-08 0 7.48136e-08 0
105.939 1.90373e-05 7.64408e-06 1.13932e-05 0.598467 -0.0750414 1.0756e-14 0 2.55873e-13 0 4.73587e-12 0 2.35341e-11 0 7.00641e-11 0 1.58533e-10 0 3.0481e-10 0 5.24288e-10 0 8.32684e-10 0 1.24766e-09 0 1.78098e-09 0 2.44207e-09 0 3.25208e-09 0 4.23082e-09 0 5.36584e-09 0 6.69307e-09 0 8.19005e-09 0 9.94399e-09 0 1.18638e-08 0 1.4106e-08 0 1.65013e-08 0 1.91281e-08 0 2.21183e-08 0 2.5202e-08 0 2.86593e-08 0 3.25285e-08 0 3.64185e-08 0 4.09504e-08 0 4.54457e-08 0 5.03693e-08 0 5.57552e-08 0 6.12993e-08 0 6.7321e-08 0 7.34555e-08 0 8.00739e-08 0 8.72081e-08 0 9.43947e-08 0 1.02093e-07 0 1.10334e-07 0 1.18543e-07 0 1.27279e-07 0
111.377 1.77979e-05 7.48175e-06 1.03161e-05 0.579627 -0.091865 3.86827e-14 0 7.88294e-13 0 1.26528e-11 0 5.81418e-11 0 1.64117e-10 0 3.56832e-10 0 6.64524e-10 0 1.11315e-09 0 1.72844e-09 0 2.53919e-09 0 3.56214e-09 0 4.80969e-09 0 6.31606e-09 0 8.11205e-09 0 1.01696e-08 0 1.25489e-08 0 1.5205e-08 0 1.82872e-08 0 2.16306e-08 0 2.55021e-08 0 2.9605e-08 0 3.40711e-08 0 3.91189e-08 0 4.42896e-08 0 5.00503e-08 0 5.64573e-08 0 6.28613e-08 0 7.028e-08 0 7.75995e-08 0 8.55756e-08 0 9.42574e-08 0 1.03152e-07 0 1.12767e-07 0 1.2252e-07 0 1.32998e-07 0 1.44245e-07 0 1.5553e-07 0 1.67572e-07 0 1.80413e-07 0 1.93158e-07 0 2.06674e-07 0
117.094 1.63983e-05 7.24378e-06 9.15448e-06 0.558259 -0.107372 1.27576e-13 0 2.24399e-12 0 3.14529e-11 0 1.34161e-10 0 3.59989e-10 0 7.53582e-10 0 1.36142e-09 0 2.2238e-09 0 3.3796e-09 0 4.8725e-09 0 6.72342e-09 0 8.94601e-09 0 1.15926e-08 0 1.47082e-08 0 1.82364e-08 0 2.22732e-08 0 2.67358e-08 0 3.18668e-08 0 3.73852e-08 0 4.37237e-08 0 5.03898e-08 0 5.75949e-08 0 6.56834e-08 0 7.3916e-08 0 8.30329e-08 0 9.31128e-08 0 1.03132e-07 0 1.14677e-07 0 1.2601e-07 0 1.38299e-07 0 1.51613e-07 0 1.65191e-07 0 1.79806e-07 0 1.94567e-07 0 2.10362e-07 0 2.27249e-07 0 2.44127e-07 0 2.62073e-07 0 2.8114e-07 0 3e-07 0 3.19934e-07 0
123.105 1.49346e-05 6.95897e-06 7.97558e-06 0.534036 -0.121518 3.88452e-13 0 5.94007e-12 0 7.31895e-11 0 2.90842e-10 0 7.43687e-10 0 1.50164e-09 0 2.63565e-09 0 4.20326e-09 0 6.25868e-09 0 8.86361e-09 0 1.20399e-08 0 1.57981e-08 0 2.02144e-08 0 2.53508e-08 0 3.11038e-08 0 3.76199e-08 0 4.47564e-08 0 5.28905e-08 0 6.15677e-08 0 7.14577e-08 0 8.17835e-08 0 9.28695e-08 0 1.05235e-07 0 1.17744e-07 0 1.31517e-07 0 1.4666e-07 0 1.61633e-07 0 1.78799e-07 0 1.95565e-07 0 2.13666e-07 0 2.33186e-07 0 2.53007e-07 0 2.74254e-07 0 2.95628e-07 0 3.18411e-07 0 3.42678e-07 0 3.66844e-07 0 3.92449e-07 0 4.19562e-07 0 4.46289e-07 0 4.74452e-07 0
129.424 1.35016e-05 6.65823e-06 6.84341e-06 0.506858 -0.134016 1.09996e-12 0 1.47232e-11 0 1.60475e-10 0 5.96158e-10 0 1.45609e-09 0 2.84095e-09 0 4.85128e-09 0 7.56237e-09 0 1.10436e-08 0 1.53766e-08 0 2.05768e-08 0 2.66441e-08 0 3.36845e-08 0 4.17792e-08 0 5.07511e-08 0 6.08157e-08 0 7.17415e-08 0 8.40916e-08 0 9.71642e-08 0 1.11955e-07 0 1.27291e-07 0 1.43652e-07 0 1.61788e-07 0 1.80029e-07 0 2.00006e-07 0 2.21851e-07 0 2.43343e-07 0 2.67862e-07 0 2.91702e-07 0 3.17326e-07 0 3.44842e-07 0 3.72666e-07 0 4.02374e-07 0 4.32147e-07 0 4.63767e-07 0 4.97325e-07 0 5.30629e-07 0 5.65799e-07 0 6.02917e-07 0 6.39394e-07 0 6.77715e-07 0
136.067 1.21354e-05 6.33639e-06 5.799e-06 0.477858 -0.145725 2.90248e-12 0 3.42285e-11 0 3.32004e-10 0 1.15683e-09 0 2.70495e-09 0 5.10816e-09 0 8.49787e-09 0 1.29628e-08 0 1.85833e-08 0 2.54598e-08 0 3.35888e-08 0 4.29476e-08 0 5.3678e-08 0 6.58809e-08 0 7.92719e-08 0 9.41573e-08 0 1.10181e-07 0 1.2815e-07 0 1.47031e-07 0 1.68245e-07 0 1.90097e-07 0 2.13267e-07 0 2.38802e-07 0 2.64344e-07 0 2.92172e-07 0 3.22448e-07 0 3.52091e-07 0 3.85756e-07 0 4.18343e-07 0 4.53225e-07 0 4.90529e-07 0 5.28103e-07 0 5.68072e-07 0 6.07983e-07 0 6.50223e-07 0 6.94898e-07 0 7.3909e-07 0 7.85611e-07 0 8.34558e-07 0 8.82515e-07 0 9.32752e-07 0
143.051 1.08827e-05 6.01347e-06 4.86922e-06 0.447428 -0.156355 7.17849e-12 0 7.50465e-11 0 6.51492e-10 0 2.13583e-09 0 4.79121e-09 0 8.77141e-09 0 1.42339e-08 0 2.12695e-08 0 2.99603e-08 0 4.04204e-08 0 5.26096e-08 0 6.64656e-08 0 8.21724e-08 0 9.98494e-08 0 1.19064e-07 0 1.40239e-07 0 1.6285e-07 0 1.88017e-07 0 2.14276e-07 0 2.43584e-07 0 2.73585e-07 0 3.05212e-07 0 3.39874e-07 0 3.74365e-07 0 4.11758e-07 0 4.52243e-07 0 4.91703e-07 0 5.3632e-07 0 5.79328e-07 0 6.25184e-07 0 6.74033e-07 0 7.23054e-07 0 7.75012e-07 0 8.26717e-07 0 8.81259e-07 0 9.38758e-07 0 9.95457e-07 0 1.05497e-06 0 1.11739e-06 0 1.17838e-06 0 1.2421e-06 0
150.394 9.76085e-06 5.70049e-06 4.06037e-06 0.415985 -0.165919 1.67179e-11 0 1.55852e-10 0 1.21749e-09 0 3.76657e-09 0 8.12259e-09 0 1.44376e-08 0 2.28815e-08 0 3.35276e-08 0 4.64436e-08 0 6.17492e-08 0 7.93428e-08 0 9.91019e-08 0 1.21259e-07 0 1.45949e-07 0 1.72546e-07 0 2.01614e-07 0 2.32418e-07 0 2.66461e-07 0 3.01743e-07 0 3.40874e-07 0 3.80693e-07 0 4.2244e-07 0 4.67951e-07 0 5.13013e-07 0 5.61638e-07 0 6.14043e-07 0 6.649e-07 0 7.22164e-07 0 7.77142e-07 0 8.35542e-07 0 8.97526e-07 0 9.59507e-07 0 1.02498e-06 0 1.08992e-06 0 1.15821e-06 0 1.22997e-06 0 1.30053e-06 0 1.37438e-06 0 1.45163e-06 0 1.52689e-06 0 1.60532e-06 0
158.114 8.76906e-06 5.40264e-06 3.36642e-06 0.383898 -0.174709 3.68021e-11 0 3.07657e-10 0 2.17387e-09 0 6.36453e-09 0 1.32196e-08 0 2.28467e-08 0 3.54037e-08 0 5.09174e-08 0 6.94192e-08 0 9.10218e-08 0 1.15533e-07 0 1.42746e-07 0 1.72949e-07 0 2.06289e-07 0 2.41897e-07 0 2.80508e-07 0 3.21129e-07 0 3.65717e-07 0 4.11635e-07 0 4.62257e-07 0 5.13478e-07 0 5.669e-07 0 6.24845e-07 0 6.81947e-07 0 7.43291e-07 0 8.09113e-07 0 8.7273e-07 0 9.44078e-07 0 1.01232e-06 0 1.08455e-06 0 1.16094e-06 0 1.23707e-06 0 1.31723e-06 0 1.39649e-06 0 1.4796e-06 0 1.56667e-06 0 1.65204e-06 0 1.74115e-06 0 1.83411e-06 0 1.92445e-06 0 2.01836e-06 0
166.23 7.90844e-06 5.12961e-06 2.77884e-06 0.351376 -0.182689 7.69428e-11 0 5.79879e-10 0 3.72429e-09 0 1.03466e-08 0 2.07374e-08 0 3.48946e-08 0 5.29291e-08 0 7.47837e-08 0 1.00426e-07 0 1.29948e-07 0 1.63032e-07 0 1.99365e-07 0 2.39294e-07 0 2.82978e-07 0 3.29254e-07 0 3.79058e-07 0 4.31095e-07 0 4.87844e-07 0 5.45935e-07 0 6.09612e-07 0 6.73695e-07 0 7.402e-07 0 8.11992e-07 0 8.82422e-07 0 9.57764e-07 0 1.03827e-06 0 1.11577e-06 0 1.20237e-06 0 1.2849e-06 0 1.37195e-06 0 1.46372e-06 0 1.55488e-06 0 1.65056e-06 0 1.7449e-06 0 1.84352e-06 0 1.94658e-06 0 2.04734e-06 0 2.15224e-06 0 2.2614e-06 0 2.36723e-06 0 2.47698e-06 0
174.763 7.1887e-06 4.90144e-06 2.28727e-06 0.318175 -0.189657 1.53881e-10 0 1.05082e-09 0 6.16307e-09 0 1.62887e-08 0 3.15572e-08 0 5.17688e-08 0 7.69433e-08 0 1.06894e-07 0 1.41496e-07 0 1.80801e-07 0 2.24335e-07 0 2.71647e-07 0 3.2316e-07 0 3.79039e-07 0 4.37775e-07 0 5.0054e-07 0 5.6569e-07 0 6.36305e-07 0 7.08173e-07 0 7.86526e-07 0 8.64977e-07 0 9.46007e-07 0 1.03308e-06 0 1.11814e-06 0 1.20876e-06 0 1.30521e-06 0 1.39772e-06 0 1.50072e-06 0 1.59853e-06 0 1.70139e-06 0 1.80946e-06 0 1.91649e-06 0 2.02851e-06 0 2.13864e-06 0 2.25347e-06 0 2.37313e-06 0 2.48983e-06 0 2.61103e-06 0 2.73685e-06 0 2.85854e-06 0 2.98446e-06 0
183.733 6.57911e-06 4.6997e-06 1.87941e-06 0.285664 -0.194452 2.94263e-10 0 1.82954e-09 0 9.84246e-09 0 2.48076e-08 0 4.65344e-08 0 7.45158e-08 0 1.0863e-07 0 1.48512e-07 0 1.93912e-07 0 2.4483e-07 0 3.00598e-07 0 3.6061e-07 0 4.25372e-07 0 4.95054e-07 0 5.67762e-07 0 6.44931e-07 0 7.24535e-07 0 8.10313e-07 0 8.97136e-07 0 9.91306e-07 0 1.08513e-06 0 1.18161e-06 0 1.28484e-06 0 1.38527e-06 0 1.49186e-06 0 1.60487e-06 0 1.71289e-06 0 1.83274e-06 0 1.94618e-06 0 2.06511e-06 0 2.1897e-06 0 2.31273e-06 0 2.44114e-06 0 2.56703e-06 0 2.69797e-06 0 2.83407e-06 0 2.96649e-06 0 3.10368e-06 0 3.24578e-06 0 3.38292e-06 0 3.52452e-06 0
193.164 6.03881e-06 4.49987e-06 1.53894e-06 0.254842 -0.199164 5.36697e-10 0 3.05203e-09 0 1.51241e-08 0 3.64376e-08 0 6.62828e-08 0 1.03727e-07 0 1.48457e-07 0 1.99886e-07 0 2.57615e-07 0 3.21579e-07 0 3.90893e-07 0 4.64784e-07 0 5.43852e-07 0 6.28274e-07 0 7.15743e-07 0 8.07985e-07 0 9.02572e-07 0 1.00393e-06 0 1.10599e-06 0 1.21615e-06 0 1.32539e-06 0 1.43725e-06 0 1.55643e-06 0 1.67194e-06 0 1.79408e-06 0 1.92313e-06 0 2.04605e-06 0 2.182e-06 0 2.31029e-06 0 2.44439e-06 0 2.58446e-06 0 2.7224e-06 0 2.86599e-06 0 3.00642e-06 0 3.1521e-06 0 3.30318e-06 0 3.44982e-06 0 3.60142e-06 0 3.75809e-06 0 3.90898e-06 0 4.06447e-06 0
203.079 5.62643e-06 4.3667e-06 1.25972e-06 0.223894 -0.202097 9.49669e-10 0 4.96108e-09 0 2.27364e-08 0 5.24756e-08 0 9.27091e-08 0 1.41945e-07 0 1.9963e-07 0 2.64912e-07 0 3.37218e-07 0 4.16414e-07 0 5.0137e-07 0 5.91127e-07 0 6.86404e-07 0 7.8739e-07 0 8.91324e-07 0 1.00026e-06 0 1.11134e-06 0 1.22973e-06 0 1.34837e-06 0 1.47581e-06 0 1.60165e-06 0 1.72996e-06 0 1.86615e-06 0 1.99765e-06 0 2.13624e-06 0 2.28215e-06 0 2.4207e-06 0 2.57345e-06 0 2.71718e-06 0 2.86699e-06 0 3.02306e-06 0 3.17635e-06 0 3.3355e-06 0 3.49079e-06 0 3.65152e-06 0 3.81781e-06 0 3.97886e-06 0 4.14502e-06 0 4.31636e-06 0 4.48106e-06 0 4.65046e-06 0
213.503 5.28962e-06 4.26008e-06 1.02954e-06 0.194635 -0.202795 1.62063e-09 0 7.80965e-09 0 3.32275e-08 0 7.36206e-08 0 1.26502e-07 0 1.89698e-07 0 2.62385e-07 0 3.43413e-07 0 4.32027e-07 0 5.28024e-07 0 6.30015e-07 0 7.36857e-07 0 8.49406e-07 0 9.67869e-07 0 1.08902e-06 0 1.21526e-06 0 1.34329e-06 0 1.47908e-06 0 1.6145e-06 0 1.75933e-06 0 1.90173e-06 0 2.04639e-06 0 2.19935e-06 0 2.34652e-06 0 2.50112e-06 0 2.66336e-06 0 2.81695e-06 0 2.98579e-06 0 3.1442e-06 0 3.30889e-06 0 3.48002e-06 0 3.64767e-06 0 3.82134e-06 0 3.99038e-06 0 4.16497e-06 0 4.34521e-06 0 4.51941e-06 0 4.69876e-06 0 4.88336e-06 0 5.06046e-06 0 5.24228e-06 0
224.463 5.02964e-06 4.18938e-06 8.40252e-07 0.16706 -0.200191 2.67977e-09 0 1.19592e-08 0 4.74095e-08 0 1.01041e-07 0 1.69091e-07 0 2.48597e-07 0 3.38451e-07 0 4.37189e-07 0 5.43874e-07 0 6.58247e-07 0 7.78653e-07 0 9.03768e-07 0 1.03461e-06 0 1.17142e-06 0 1.31049e-06 0 1.4546e-06 0 1.60001e-06 0 1.7535e-06 0 1.90589e-06 0 2.06817e-06 0 2.22712e-06 0 2.38797e-06 0 2.55747e-06 0 2.72001e-06 0 2.89021e-06 0 3.06828e-06 0 3.23637e-06 0 3.42064e-06 0 3.59307e-06 0 3.77188e-06 0 3.95722e-06 0 4.13838e-06 0 4.3256e-06 0 4.50745e-06 0 4.69486e-06 0 4.88794e-06 0 5.07419e-06 0 5.26559e-06 0 5.46221e-06 0 5.6505e-06 0 5.84348e-06 0
235.984 4.81925e-06 4.13455e-06 6.84698e-07 0.142076 -0.194625 4.28286e-09 0 1.77673e-08 0 6.5854e-08 0 1.35261e-07 0 2.20738e-07 0 3.18481e-07 0 4.27115e-07 0 5.4487e-07 0 6.70648e-07 0 8.04158e-07 0 9.43491e-07 0 1.08716e-06 0 1.23638e-06 0 1.39142e-06 0 1.54811e-06 0 1.70964e-06 0 1.87184e-06 0 2.04226e-06 0 2.21075e-06 0 2.38946e-06 0 2.56383e-06 0 2.73969e-06 0 2.92436e-06 0 3.10091e-06 0 3.28522e-06 0 3.4775e-06 0 3.6585e-06 0 3.8564e-06 0 4.04111e-06 0 4.23222e-06 0 4.42983e-06 0 4.62255e-06 0 4.82129e-06 0 5.01393e-06 0 5.21208e-06 0 5.41581e-06 0 5.61197e-06 0 5.81318e-06 0 6.01952e-06 0 6.21679e-06 0 6.41863e-06 0
248.097 4.63187e-06 4.07523e-06 5.56649e-07 0.120178 -0.185181 6.59605e-09 0 2.55274e-08 0 8.87543e-08 0 1.76004e-07 0 2.80443e-07 0 3.97449e-07 0 5.2544e-07 0 6.62389e-07 0 8.07077e-07 0 9.59217e-07 0 1.11668e-06 0 1.27787e-06 0 1.44418e-06 0 1.61594e-06 0 1.7886e-06 0 1.96569e-06 0 2.14271e-06 0 2.3279e-06 0 2.51024e-06 0 2.70292e-06 0 2.89024e-06 0 3.07853e-06 0 3.27564e-06 0 3.46351e-06 0 3.65909e-06 0 3.86256e-06 0 4.05358e-06 0 4.26193e-06 0 4.45593e-06 0 4.65619e-06 0 4.86281e-06 0 5.06389e-06 0 5.27083e-06 0 5.47102e-06 0 5.67654e-06 0 5.88747e-06 0 6.09019e-06 0 6.29778e-06 0 6.51031e-06 0 6.71316e-06 0 6.92039e-06 0
260.832 4.49608e-06 4.04333e-06 4.52753e-07 0.100699 -0.172296 9.88396e-09 0 3.58063e-08 0 1.17145e-07 0 2.24669e-07 0 3.4994e-07 0 4.87576e-07 0 6.35873e-07 0 7.92601e-07 0 9.56476e-07 0 1.12725e-06 0 1.30262e-06 0 1.48088e-06 0 1.66367e-06 0 1.85138e-06 0 2.0391e-06 0 2.23072e-06 0 2.42142e-06 0 2.62012e-06 0 2.81501e-06 0 3.02021e-06 0 3.21902e-06 0 3.41823e-06 0 3.62614e-06 0 3.82374e-06 0 4.0289e-06 0 4.24178e-06 0 4.44115e-06 0 4.65808e-06 0 4.85961e-06 0 5.0672e-06 0 5.28094e-06 0 5.48852e-06 0 5.70173e-06 0 5.90761e-06 0 6.1186e-06 0 6.33476e-06 0 6.54216e-06 0 6.7542e-06 0 6.97092e-06 0 7.17747e-06 0 7.38817e-06 0
274.221 4.34423e-06 3.9772e-06 3.67034e-07 0.0844876 -0.153957 1.42161e-08 0 4.83632e-08 0 1.49332e-07 0 2.77441e-07 0 4.22896e-07 0 5.79771e-07 0 7.46384e-07 0 9.20414e-07 0 1.10059e-06 0 1.28676e-06 0 1.47651e-06 0 1.66813e-06 0 1.86345e-06 0 2.06295e-06 0 2.26147e-06 0 2.46322e-06 0 2.66316e-06 0 2.87068e-06 0 3.07348e-06 0 3.28628e-06 0 3.49179e-06 0 3.6971e-06 0 3.91077e-06 0 4.11328e-06 0 4.32302e-06 0 4.5401e-06 0 4.74294e-06 0 4.96314e-06 0 5.16727e-06 0 5.37711e-06 0 5.59274e-06 0 5.80175e-06 0 6.01605e-06 0 6.2226e-06 0 6.43393e-06 0 6.65008e-06 0 6.85713e-06 0 7.06849e-06 0 7.28419e-06 0 7.48947e-06 0 7.69859e-06 0
288.297 4.17144e-06 3.87453e-06 2.96908e-07 0.0711764 -0.131608 1.96366e-08 0 6.29281e-08 0 1.83902e-07 0 3.31497e-07 0 4.95011e-07 0 6.68282e-07 0 8.49807e-07 0 1.03731e-06 0 1.22963e-06 0 1.42673e-06 0 1.62621e-06 0 1.82639e-06 0 2.0293e-06 0 2.23549e-06 0 2.43971e-06 0 2.64636e-06 0 2.85036e-06 0 3.0613e-06 0 3.26676e-06 0 3.48163e-06 0 3.68851e-06 0 3.89461e-06 0 4.1085e-06 0 4.31073e-06 0 4.51966e-06 0 4.73539e-06 0 4.93652e-06 0 5.15441e-06 0 5.35598e-06 0 5.5628e-06 0 5.77491e-06 0 5.98015e-06 0 6.19021e-06 0 6.39235e-06 0 6.59883e-06 0 6.80968e-06 0 7.01136e-06 0 7.21693e-06 0 7.42643e-06 0 7.62553e-06 0 7.82809e-06 0
303.095 3.97443e-06 3.73466e-06 2.39774e-07 0.060329 -0.105752 2.60637e-08 0 7.89089e-08 0 2.18847e-07 0 3.83315e-07 0 5.61312e-07 0 7.46793e-07 0 9.38602e-07 0 1.13464e-06 0 1.33392e-06 0 1.53661e-06 0 1.74036e-06 0 1.94361e-06 0 2.14853e-06 0 2.35576e-06 0 2.5601e-06 0 2.76604e-06 0 2.96858e-06 0 3.17729e-06 0 3.3799e-06 0 3.59115e-06 0 3.79395e-06 0 3.99544e-06 0 4.20402e-06 0 4.40074e-06 0 4.60353e-06 0 4.81245e-06 0 5.00682e-06 0 5.21696e-06 0 5.41099e-06 0 5.60971e-06 0 5.81315e-06 0 6.00967e-06 0 6.21047e-06 0 6.4034e-06 0 6.60017e-06 0 6.8008e-06 0 6.99243e-06 0 7.1875e-06 0 7.38603e-06 0 7.57445e-06 0 7.76592e-06 0
318.653 3.72034e-06 3.5273e-06 1.93041e-07 0.0518879 -0.0786775 3.29667e-08 0 9.45551e-08 0 2.49511e-07 0 4.25246e-07 0 6.11255e-07 0 8.0202e-07 0 9.96873e-07 0 1.19403e-06 0 1.39276e-06 0 1.59342e-06 0 1.79384e-06 0 1.99265e-06 0 2.19209e-06 0 2.39284e-06 0 2.58997e-06 0 2.78788e-06 0 2.98184e-06 0 3.18104e-06 0 3.37382e-06 0 3.57424e-06 0 3.76612e-06 0 3.95628e-06 0 4.15265e-06 0 4.33743e-06 0 4.5275e-06 0 4.7229e-06 0 4.90434e-06 0 5.10012e-06 0 5.28057e-06 0 5.46506e-06 0 5.65362e-06 0 5.83547e-06 0 6.02099e-06 0 6.19897e-06 0 6.38024e-06 0 6.56481e-06 0 6.74086e-06 0 6.91983e-06 0 7.10175e-06 0 7.2742e-06 0 7.44923e-06 0
335.009 3.45497e-06 3.29944e-06 1.55532e-07 0.0450168 -0.053542 4.02185e-08 0 1.09573e-07 0 2.75779e-07 0 4.57969e-07 0 6.46772e-07 0 8.37496e-07 0 1.03003e-06 0 1.223e-06 0 1.41596e-06 0 1.60944e-06 0 1.80153e-06 0 1.99106e-06 0 2.18028e-06 0 2.36992e-06 0 2.55539e-06 0 2.74093e-06 0 2.92216e-06 0 3.1077e-06 0 3.28675e-06 0 3.47237e-06 0 3.64962e-06 0 3.82487e-06 0 4.00542e-06 0 4.17495e-06 0 4.34898e-06 0 4.52754e-06 0 4.69302e-06 0 4.87127e-06 0 5.03528e-06 0 5.20269e-06 0 5.37352e-06 0 5.53802e-06 0 5.70559e-06 0 5.86613e-06 0 6.02942e-06 0 6.19546e-06 0 6.35364e-06 0 6.51425e-06 0 6.6773e-06 0 6.83168e-06 0 6.98821e-06 0
352.205 3.17841e-06 3.05319e-06 1.25211e-07 0.0393944 -0.025933 4.73322e-08 0 1.22801e-07 0 2.95478e-07 0 4.78721e-07 0 6.64838e-07 0 8.50164e-07 0 1.03519e-06 0 1.21895e-06 0 1.40131e-06 0 1.58298e-06 0 1.76231e-06 0 1.93835e-06 0 2.11332e-06 0 2.28795e-06 0 2.45811e-06 0 2.62774e-06 0 2.79291e-06 0 2.96152e-06 0 3.12377e-06 0 3.29154e-06 0 3.45136e-06 0 3.60901e-06 0 3.77109e-06 0 3.92296e-06 0 4.07857e-06 0 4.23792e-06 0 4.38535e-06 0 4.54388e-06 0 4.6895e-06 0 4.83792e-06 0 4.98915e-06 0 5.13457e-06 0 5.2825e-06 0 5.42403e-06 0 5.5678e-06 0 5.71382e-06 0 5.85275e-06 0 5.99366e-06 0 6.13655e-06 0 6.2717e-06 0 6.40859e-06 0
370.284 2.89027e-06 2.78947e-06 1.00799e-07 0.0348752 0.00063037 5.36962e-08 0 1.32984e-07 0 3.06589e-07 0 4.85212e-07 0 6.63206e-07 0 8.38042e-07 0 1.01076e-06 0 1.18085e-06 0 1.34842e-06 0 1.51433e-06 0 1.67722e-06 0 1.83636e-06 0 1.99385e-06 0 2.15043e-06 0 2.30246e-06 0 2.45353e-06 0 2.60019e-06 0 2.74948e-06 0 2.89277e-06 0 3.04058e-06 0 3.18106e-06 0 3.31933e-06 0 3.4612e-06 0 3.59388e-06 0 3.72958e-06 0 3.8683e-06 0 3.99642e-06 0 4.13398e-06 0 4.26014e-06 0 4.38855e-06 0 4.5192e-06 0 4.64465e-06 0 4.77212e-06 0 4.89392e-06 0 5.0175e-06 0 5.14286e-06 0 5.262e-06 0 5.38272e-06 0 5.50499e-06 0 5.62053e-06 0 5.73744e-06 0
389.291 2.55416e-06 2.47333e-06 8.08289e-08 0.031646 0.030511 5.77877e-08 0 1.3693e-07 0 3.03118e-07 0 4.69156e-07 0 6.31637e-07 0 7.89187e-07 0 9.43286e-07 0 1.09381e-06 0 1.2411e-06 0 1.38608e-06 0 1.5277e-06 0 1.66543e-06 0 1.80119e-06 0 1.93567e-06 0 2.0658e-06 0 2.19472e-06 0 2.31952e-06 0 2.44623e-06 0 2.56755e-06 0 2.69241e-06 0 2.81082e-06 0 2.92714e-06 0 3.04625e-06 0 3.15744e-06 0 3.27097e-06 0 3.38684e-06 0 3.4937e-06 0 3.60824e-06 0 3.71315e-06 0 3.81978e-06 0 3.92813e-06 0 4.03204e-06 0 4.13749e-06 0 4.23813e-06 0 4.34013e-06 0 4.44349e-06 0 4.54162e-06 0 4.64094e-06 0 4.74145e-06 0 4.83633e-06 0 4.93224e-06 0
409.273 2.20327e-06 2.1385e-06 6.47641e-08 0.0293946 0.0464913 5.93464e-08 0 1.34838e-07 0 2.87188e-07 0 4.35202e-07 0 5.77578e-07 0 7.13954e-07 0 8.46091e-07 0 9.74173e-07 0 1.09871e-06 0 1.22062e-06 0 1.33911e-06 0 1.45388e-06 0 1.56657e-06 0 1.67781e-06 0 1.78512e-06 0 1.89112e-06 0 1.99347e-06 0 2.09712e-06 0 2.19614e-06 0 2.29783e-06 0 2.39406e-06 0 2.48842e-06 0 2.58487e-06 0 2.67476e-06 0 2.76639e-06 0 2.85976e-06 0 2.94574e-06 0 3.03779e-06 0 3.12197e-06 0 3.20743e-06 0 3.29416e-06 0 3.37724e-06 0 3.46145e-06 0 3.54174e-06 0 3.62302e-06 0 3.7053e-06 0 3.78335e-06 0 3.86226e-06 0 3.94205e-06 0 4.0173e-06 0 4.0933e-06 0
430.281 1.90733e-06 1.85523e-06 5.21008e-08 0.0273161 0.0582934 5.9907e-08 0 1.30785e-07 0 2.68533e-07 0 3.9885e-07 0 5.22179e-07 0 6.38952e-07 0 7.51091e-07 0 8.59006e-07 0 9.63303e-07 0 1.06486e-06 0 1.16314e-06 0 1.25794e-06 0 1.35069e-06 0 1.44195e-06 0 1.52972e-06 0 1.6162e-06 0 1.69948e-06 0 1.78364e-06 0 1.86385e-06 0 1.94606e-06 0 2.02371e-06 0 2.09972e-06 0 2.17728e-06 0 2.24945e-06 0 2.32291e-06 0 2.39765e-06 0 2.46639e-06 0 2.53987e-06 0 2.607e-06 0 2.67506e-06 0 2.74405e-06 0 2.81007e-06 0 2.87691e-06 0 2.94057e-06 0 3.00497e-06 0 3.07009e-06 0 3.13179e-06 0 3.19414e-06 0 3.25711e-06 0 3.31646e-06 0 3.37635e-06 0
452.368 1.65301e-06 1.61098e-06 4.20263e-08 0.0254241 0.0661212 5.93571e-08 0 1.24762e-07 0 2.47407e-07 0 3.60546e-07 0 4.65982e-07 0 5.64728e-07 0 6.58761e-07 0 7.48638e-07 0 8.35007e-07 0 9.18698e-07 0 9.99338e-07 0 1.07683e-06 0 1.1524e-06 0 1.22652e-06 0 1.29762e-06 0 1.36749e-06 0 1.43462e-06 0 1.50231e-06 0 1.56669e-06 0 1.63256e-06 0 1.69466e-06 0 1.75534e-06 0 1.81717e-06 0 1.87461e-06 0 1.933e-06 0 1.99233e-06 0 2.04682e-06 0 2.105e-06 0 2.15809e-06 0 2.21185e-06 0 2.2663e-06 0 2.31834e-06 0 2.37098e-06 0 2.42107e-06 0 2.47168e-06 0 2.52283e-06 0 2.57125e-06 0 2.62013e-06 0 2.66946e-06 0 2.71592e-06 0 2.76277e-06 0
475.588 1.43307e-06 1.3991e-06 3.3972e-08 0.0237058 0.0724397 5.77379e-08 0 1.17066e-07 0 2.24607e-07 0 3.21468e-07 0 4.10431e-07 0 4.92894e-07 0 5.70802e-07 0 6.4479e-07 0 7.15511e-07 0 7.83724e-07 0 8.49186e-07 0 9.11874e-07 0 9.72808e-07 0 1.03241e-06 0 1.08943e-06 0 1.14533e-06 0 1.19892e-06 0 1.25285e-06 0 1.30405e-06 0 1.35634e-06 0 1.40555e-06 0 1.45356e-06 0 1.50241e-06 0 1.54774e-06 0 1.59374e-06 0 1.64043e-06 0 1.68326e-06 0 1.72894e-06 0 1.77058e-06 0 1.8127e-06 0 1.85531e-06 0 1.896e-06 0 1.93712e-06 0 1.97622e-06 0 2.01569e-06 0 2.05554e-06 0 2.09324e-06 0 2.13126e-06 0 2.16962e-06 0 2.2057e-06 0 2.24207e-06 0
500 1.23577e-06 1.20828e-06 2.74927e-08 0.0222473 0.0773957 5.48716e-08 0 1.07514e-07 0 1.99924e-07 0 2.81293e-07 0 3.55007e-07 0 4.22676e-07 0 4.86132e-07 0 5.46033e-07 0 6.03001e-07 0 6.57713e-07 0 7.10021e-07 0 7.59946e-07 0 8.08332e-07 0 8.55533e-07 0 9.00581e-07 0 9.44643e-07 0 9.86803e-07 0 1.02915e-06 0 1.06928e-06 0 1.11019e-06 0 1.14864e-06 0 1.1861e-06 0 1.22415e-06 0 1.25941e-06 0 1.29517e-06 0 1.33141e-06 0 1.36461e-06 0 1.39999e-06 0 1.4322e-06 0 1.46476e-06 0 1.49767e-06 0 1.52907e-06 0 1.56077e-06 0 1.59088e-06 0 1.62126e-06 0 1.6519e-06 0 1.68087e-06 0 1.71007e-06 0 1.73951e-06 0 1.76718e-06 0 1.79505e-06 0
525.665 1.05825e-06 1.03598e-06 2.22686e-08 0.0210428 0.080321 5.09119e-08 0 9.65714e-08 0 1.74326e-07 0 2.4134e-07 0 3.01269e-07 0 3.55783e-07 0 4.06547e-07 0 4.54197e-07 0 4.99301e-07 0 5.42443e-07 0 5.83544e-07 0 6.22653e-07 0 6.6045e-07 0 6.97231e-07 0 7.32253e-07 0 7.66438e-07 0 7.99086e-07 0 8.31818e-07 0 8.62789e-07 0 8.94311e-07 0 9.23893e-07 0 9.52676e-07 0 9.8188e-07 0 1.00891e-06 0 1.03628e-06 0 1.064e-06 0 1.08937e-06 0 1.11637e-06 0 1.14093e-06 0 1.16573e-06 0 1.19078e-06 0 1.21466e-06 0 1.23874e-06 0 1.26161e-06 0 1.28466e-06 0 1.3079e-06 0 1.32985e-06 0 1.35196e-06 0 1.37423e-06 0 1.39516e-06 0 1.41622e-06 0
552.648 9.03662e-07 8.85603e-07 1.80589e-08 0.0199841 0.0811609 4.63538e-08 0 8.5261e-08 0 1.49643e-07 0 2.04023e-07 0 2.52064e-07 0 2.95392e-07 0 3.35474e-07 0 3.729e-07 0 4.08169e-07 0 4.41777e-07 0 4.73691e-07 0 5.03969e-07 0 5.33157e-07 0 5.61493e-07 0 5.88418e-07 0 6.14649e-07 0 6.39655e-07 0 6.64685e-07 0 6.88332e-07 0 7.12365e-07 0 7.34888e-07 0 7.56776e-07 0 7.78956e-07 0 7.99462e-07 0 8.20208e-07 0 8.41191e-07 0 8.6038e-07 0 8.80784e-07 0 8.99328e-07 0 9.1804e-07 0 9.3692e-07 0 9.54904e-07 0 9.73034e-07 0 9.90231e-07 0 1.00756e-06 0 1.02501e-06 0 1.04148e-06 0 1.05807e-06 0 1.07477e-06 0 1.09045e-06 0 1.10622e-06 0
581.015 7.70141e-07 7.5548e-07 1.46607e-08 0.0190364 0.0800511 4.14853e-08 0 7.41127e-08 0 1.26662e-07 0 1.70209e-07 0 2.08243e-07 0 2.42271e-07 0 2.73558e-07 0 3.02626e-07 0 3.29907e-07 0 3.55811e-07 0 3.80334e-07 0 4.03537e-07 0 4.25852e-07 0 4.47468e-07 0 4.67967e-07 0 4.87902e-07 0 5.06875e-07 0 5.25837e-07 0 5.43725e-07 0 5.61881e-07 0 5.78876e-07 0 5.95372e-07 0 6.1207e-07 0 6.27491e-07 0 6.43077e-07 0 6.58827e-07 0 6.73217e-07 0 6.88506e-07 0 7.02389e-07 0 7.16388e-07 0 7.30501e-07 0 7.43935e-07 0 7.57469e-07 0 7.70298e-07 0 7.83215e-07 0 7.96218e-07 0 8.08487e-07 0 8.2083e-07 0 8.33248e-07 0 8.44905e-07 0 8.56626e-07 0
610.839 6.57604e-07 6.45687e-07 1.19166e-08 0.0181212 0.0776093 3.66694e-08 0 6.37241e-08 0 1.06201e-07 0 1.40776e-07 0 1.70652e-07 0 1.9718e-07 0 2.21432e-07 0 2.4386e-07 0 2.64828e-07 0 2.84673e-07 0 3.03406e-07 0 3.21087e-07 0 3.38052e-07 0 3.54454e-07 0 3.69979e-07 0 3.85052e-07 0 3.99376e-07 0 4.13671e-07 0 4.27139e-07 0 4.40791e-07 0 4.53555e-07 0 4.65932e-07 0 4.78447e-07 0 4.89994e-07 0 5.01654e-07 0 5.13426e-07 0 5.24173e-07 0 5.35582e-07 0 5.45934e-07 0 5.56366e-07 0 5.66875e-07 0 5.76872e-07 0 5.86936e-07 0 5.96471e-07 0 6.06065e-07 0 6.15718e-07 0 6.24821e-07 0 6.33975e-07 0 6.43179e-07 0 6.51814e-07 0 6.60493e-07 0
642.193 5.62837e-07 5.53141e-07 9.69612e-09 0.0172272 0.0742761 3.20509e-08 0 5.42601e-08 0 8.8303e-08 0 1.1555e-07 0 1.38859e-07 0 1.59411e-07 0 1.78099e-07 0 1.95308e-07 0 2.11339e-07 0 2.26465e-07 0 2.40705e-07 0 2.54115e-07 0 2.66955e-07 0 2.79345e-07 0 2.91053e-07 0 3.02403e-07 0 3.13173e-07 0 3.23908e-07 0 3.34009e-07 0 3.44236e-07 0 3.53788e-07 0 3.63041e-07 0 3.72388e-07 0 3.81005e-07 0 3.89699e-07 0 3.98469e-07 0 4.06469e-07 0 4.14956e-07 0 4.22652e-07 0 4.30401e-07 0 4.38203e-07 0 4.4562e-07 0 4.53083e-07 0 4.60149e-07 0 4.67255e-07 0 4.74402e-07 0 4.81137e-07 0 4.87907e-07 0 4.94711e-07 0 5.01092e-07 0 5.07502e-07 0
675.157 4.83547e-07 4.7565e-07 7.89699e-09 0.0163314 0.0704234 2.77611e-08 0 4.58492e-08 0 7.29575e-08 0 9.43142e-08 0 1.12414e-07 0 1.28268e-07 0 1.42613e-07 0 1.5577e-07 0 1.67985e-07 0 1.79478e-07 0 1.90272e-07 0 2.00414e-07 0 2.10107e-07 0 2.19443e-07 0 2.28252e-07 0 2.36779e-07 0 2.4486e-07 0 2.52905e-07 0 2.60466e-07 0 2.68114e-07 0 2.75249e-07 0 2.82155e-07 0 2.89125e-07 0 2.95545e-07 0 3.02017e-07 0 3.08542e-07 0 3.14489e-07 0 3.20794e-07 0 3.26508e-07 0 3.32258e-07 0 3.38043e-07 0 3.4354e-07 0 3.49068e-07 0 3.543e-07 0 3.59558e-07 0 3.64844e-07 0 3.69823e-07 0 3.74826e-07 0 3.79851e-07 0 3.84562e-07 0 3.89293e-07 0
709.813 4.17112e-07 4.10674e-07 6.43799e-09 0.0154347 0.0664483 2.38514e-08 0 3.84815e-08 0 5.99487e-08 0 7.66131e-08 0 9.06129e-08 0 1.02802e-07 0 1.13779e-07 0 1.2381e-07 0 1.33094e-07 0 1.41806e-07 0 1.4997e-07 0 1.57625e-07 0 1.64928e-07 0 1.71952e-07 0 1.78569e-07 0 1.84966e-07 0 1.91021e-07 0 1.97041e-07 0 2.02694e-07 0 2.08407e-07 0 2.13731e-07 0 2.1888e-07 0 2.24072e-07 0 2.28852e-07 0 2.33667e-07 0 2.38517e-07 0 2.42935e-07 0 2.47616e-07 0 2.51856e-07 0 2.5612e-07 0 2.60408e-07 0 2.6448e-07 0 2.68573e-07 0 2.72445e-07 0 2.76335e-07 0 2.80243e-07 0 2.83923e-07 0 2.87619e-07 0 2.91331e-07 0 2.94808e-07 0 2.98299e-07 0
746.248 3.61311e-07 3.56059e-07 5.25246e-09 0.0145372 0.0627217 2.0343e-08 0 3.21038e-08 0 4.9023e-08 0 6.19767e-08 0 7.27708e-08 0 8.21156e-08 0 9.04954e-08 0 9.81262e-08 0 1.05169e-07 0 1.11762e-07 0 1.17926e-07 0 1.23696e-07 0 1.29192e-07 0 1.3447e-07 0 1.39435e-07 0 1.44229e-07 0 1.48762e-07 0 1.53264e-07 0 1.57488e-07 0 1.61752e-07 0 1.65723e-07 0 1.6956e-07 0 1.73427e-07 0 1.76984e-07 0 1.80565e-07 0 1.84169e-07 0 1.87451e-07 0 1.90926e-07 0 1.94071e-07 0 1.97233e-07 0 2.00412e-07 0 2.03429e-07 0 2.0646e-07 0 2.09325e-07 0 2.12204e-07 0 2.15094e-07 0 2.17815e-07 0 2.20546e-07 0 2.23288e-07 0 2.25856e-07 0 2.28433e-07 0
784.553 3.1338e-07 3.09092e-07 4.28727e-09 0.0136808 0.0591008 1.71847e-08 0 2.65599e-08 0 3.98e-08 0 4.98072e-08 0 5.80832e-08 0 6.52104e-08 0 7.15762e-08 0 7.73545e-08 0 8.26736e-08 0 8.76416e-08 0 9.22777e-08 0 9.66098e-08 0 1.0073e-07 0 1.0468e-07 0 1.08393e-07 0 1.11974e-07 0 1.15356e-07 0 1.18712e-07 0 1.21857e-07 0 1.2503e-07 0 1.27983e-07 0 1.30834e-07 0 1.33705e-07 0 1.36344e-07 0 1.38999e-07 0 1.41671e-07 0 1.44102e-07 0 1.46674e-07 0 1.49002e-07 0 1.5134e-07 0 1.5369e-07 0 1.55919e-07 0 1.58158e-07 0 1.60274e-07 0 1.62398e-07 0 1.64531e-07 0 1.66537e-07 0 1.68551e-07 0 1.70572e-07 0 1.72464e-07 0 1.74362e-07 0
824.824 2.7226e-07 2.68759e-07 3.50101e-09 0.0128591 0.0557754 1.43921e-08 0 2.18105e-08 0 3.21079e-08 0 3.97982e-08 0 4.61136e-08 0 5.15259e-08 0 5.63423e-08 0 6.07013e-08 0 6.47041e-08 0 6.84349e-08 0 7.19102e-08 0 7.51525e-08 0 7.82317e-08 0 8.11809e-08 0 8.3949e-08 0 8.6616e-08 0 8.91327e-08 0 9.16279e-08 0 9.39645e-08 0 9.63198e-08 0 9.851e-08 0 1.00623e-07 0 1.0275e-07 0 1.04704e-07 0 1.06669e-07 0 1.08645e-07 0 1.10442e-07 0 1.12343e-07 0 1.14062e-07 0 1.15788e-07 0 1.17522e-07 0 1.19166e-07 0 1.20817e-07 0 1.22376e-07 0 1.23941e-07 0 1.25512e-07 0 1.26989e-07 0 1.28471e-07 0 1.29958e-07 0 1.3135e-07 0 1.32746e-07 0
867.163 2.36237e-07 2.33378e-07 2.85963e-09 0.0121049 0.0525338 1.19213e-08 0 1.77342e-08 0 2.56746e-08 0 3.15389e-08 0 3.63235e-08 0 4.04055e-08 0 4.40257e-08 0 4.72932e-08 0 5.02869e-08 0 5.3072e-08 0 5.56619e-08 0 5.80748e-08 0 6.03633e-08 0 6.25526e-08 0 6.46054e-08 0 6.65813e-08 0 6.84443e-08 0 7.02898e-08 0 7.20168e-08 0 7.37563e-08 0 7.53729e-08 0 7.69317e-08 0 7.84998e-08 0 7.99394e-08 0 8.13864e-08 0 8.28408e-08 0 8.41629e-08 0 8.55608e-08 0 8.68243e-08 0 8.80929e-08 0 8.93664e-08 0 9.05737e-08 0 9.17854e-08 0 9.29297e-08 0 9.40777e-08 0 9.52294e-08 0 9.63124e-08 0 9.73986e-08 0 9.84879e-08 0 9.95074e-08 0 1.0053e-07 0
911.674 2.04945e-07 2.02608e-07 2.33635e-09 0.0113999 0.0494411 9.78283e-09 0 1.43011e-08 0 2.03814e-08 0 2.48258e-08 0 2.84302e-08 0 3.14926e-08 0 3.41999e-08 0 3.66374e-08 0 3.88661e-08 0 4.09357e-08 0 4.28575e-08 0 4.46454e-08 0 4.63392e-08 0 4.79579e-08 0 4.94742e-08 0 5.09324e-08 0 5.23062e-08 0 5.36661e-08 0 5.49378e-08 0 5.62178e-08 0 5.74067e-08 0 5.85525e-08 0 5.97045e-08 0 6.07615e-08 0 6.18236e-08 0 6.28905e-08 0 6.386e-08 0 6.48847e-08 0 6.58105e-08 0 6.67397e-08 0 6.76722e-08 0 6.85559e-08 0 6.94425e-08 0 7.02795e-08 0 7.1119e-08 0 7.19609e-08 0 7.27525e-08 0 7.35461e-08 0 7.43419e-08 0 7.50864e-08 0 7.58327e-08 0
958.471 1.77774e-07 1.75864e-07 1.9092e-09 0.0107395 0.0463119 7.95781e-09 0 1.14435e-08 0 1.60697e-08 0 1.9419e-08 0 2.21202e-08 0 2.44064e-08 0 2.64218e-08 0 2.82321e-08 0 2.98842e-08 0 3.14158e-08 0 3.28361e-08 0 3.41558e-08 0 3.54048e-08 0 3.65971e-08 0 3.77131e-08 0 3.87854e-08 0 3.97949e-08 0 4.07936e-08 0 4.17268e-08 0 4.26657e-08 0 4.35372e-08 0 4.43767e-08 0 4.52203e-08 0 4.59941e-08 0 4.67712e-08 0 4.75515e-08 0 4.82603e-08 0 4.90092e-08 0 4.96855e-08 0 5.03641e-08 0 5.10449e-08 0 5.16899e-08 0 5.23368e-08 0 5.29474e-08 0 5.35596e-08 0 5.41734e-08 0 5.47504e-08 0 5.53287e-08 0 5.59084e-08 0 5.64507e-08 0 5.69942e-08 0
1007.67 1.54417e-07 1.52856e-07 1.56048e-09 0.0101056 0.0432812 6.42972e-09 0 9.10419e-09 0 1.26085e-08 0 1.51232e-08 0 1.71409e-08 0 1.88426e-08 0 2.03387e-08 0 2.16798e-08 0 2.29015e-08 0 2.40325e-08 0 2.50798e-08 0 2.6052e-08 0 2.69711e-08 0 2.78477e-08 0 2.86676e-08 0 2.94548e-08 0 3.01954e-08 0 3.09275e-08 0 3.16114e-08 0 3.2299e-08 0 3.29369e-08 0 3.35511e-08 0 3.4168e-08 0 3.47337e-08 0 3.53015e-08 0 3.58715e-08 0 3.6389e-08 0 3.69357e-08 0 3.74292e-08 0 3.79243e-08 0 3.84208e-08 0 3.8891e-08 0 3.93625e-08 0 3.98074e-08 0 4.02534e-08 0 4.07005e-08 0 4.11206e-08 0 4.15416e-08 0 4.19636e-08 0 4.23582e-08 0 4.27536e-08 0
1059.39 1.34429e-07 1.33153e-07 1.27574e-09 0.00949005 0.0403247 5.16707e-09 0 7.21075e-09 0 9.85689e-09 0 1.17403e-08 0 1.32444e-08 0 1.45088e-08 0 1.56178e-08 0 1.66099e-08 0 1.75122e-08 0 1.83464e-08 0 1.9118e-08 0 1.98335e-08 0 2.05093e-08 0 2.11534e-08 0 2.17552e-08 0 2.23328e-08 0 2.28758e-08 0 2.34123e-08 0 2.39132e-08 0 2.44165e-08 0 2.48833e-08 0 2.53325e-08 0 2.57836e-08 0 2.6197e-08 0 2.66118e-08 0 2.70281e-08 0 2.74059e-08 0 2.78049e-08 0 2.8165e-08 0 2.85261e-08 0 2.88882e-08 0 2.9231e-08 0 2.95747e-08 0 2.98989e-08 0 3.02238e-08 0 3.05495e-08 0 3.08554e-08 0 3.11619e-08 0 3.14691e-08 0 3.17563e-08 0 3.2044e-08 0
1113.77 1.17319e-07 1.16276e-07 1.04318e-09 0.00889184 0.0375139 4.13291e-09 0 5.6893e-09 0 7.68251e-09 0 9.09054e-09 0 1.02101e-08 0 1.11485e-08 0 1.19697e-08 0 1.2703e-08 0 1.3369e-08 0 1.3984e-08 0 1.45522e-08 0 1.50785e-08 0 1.55753e-08 0 1.60484e-08 0 1.64901e-08 0 1.69138e-08 0 1.73119e-08 0 1.77051e-08 0 1.80719e-08 0 1.84404e-08 0 1.8782e-08 0 1.91106e-08 0 1.94404e-08 0 1.97426e-08 0 2.00458e-08 0 2.03499e-08 0 2.06258e-08 0 2.09171e-08 0 2.11799e-08 0 2.14435e-08 0 2.17076e-08 0 2.19576e-08 0 2.22083e-08 0 2.24446e-08 0 2.26815e-08 0 2.29188e-08 0 2.31417e-08 0 2.3365e-08 0 2.35887e-08 0 2.37979e-08 0 2.40073e-08 0
1170.94 1.02576e-07 1.01723e-07 8.53123e-10 0.00831699 0.0348457 3.28954e-09 0 4.47061e-09 0 5.96791e-09 0 7.01832e-09 0 7.85023e-09 0 8.54559e-09 0 9.15285e-09 0 9.69425e-09 0 1.01853e-08 0 1.06382e-08 0 1.10562e-08 0 1.14431e-08 0 1.1808e-08 0 1.21553e-08 0 1.24794e-08 0 1.279e-08 0 1.30818e-08 0 1.33697e-08 0 1.36383e-08 0 1.3908e-08 0 1.41579e-08 0 1.43982e-08 0 1.46393e-08 0 1.48601e-08 0 1.50816e-08 0 1.53037e-08 0 1.55052e-08 0 1.57179e-08 0 1.59097e-08 0 1.6102e-08 0 1.62947e-08 0 1.6477e-08 0 1.66598e-08 0 1.68321e-08 0 1.70048e-08 0 1.71777e-08 0 1.73401e-08 0 1.75028e-08 0 1.76658e-08 0 1.78181e-08 0 1.79706e-08 0
1231.05 8.98502e-08 8.91524e-08 6.97782e-10 0.00776605 0.0323453 2.60647e-09 0 3.49988e-09 0 4.62199e-09 0 5.40419e-09 0 6.02142e-09 0 6.53605e-09 0 6.98463e-09 0 7.38396e-09 0 7.7457e-09 0 8.07899e-09 0 8.38635e-09 0 8.67063e-09 0 8.93852e-09 0 9.19331e-09 0 9.43097e-09 0 9.65864e-09 0 9.87236e-09 0 1.00832e-08 0 1.02798e-08 0 1.04772e-08 0 1.06599e-08 0 1.08357e-08 0 1.10119e-08 0 1.11733e-08 0 1.13351e-08 0 1.14973e-08 0 1.16445e-08 0 1.17997e-08 0 1.19397e-08 0 1.208e-08 0 1.22206e-08 0 1.23536e-08 0 1.24869e-08 0 1.26126e-08 0 1.27384e-08 0 1.28645e-08 0 1.29829e-08 0 1.31014e-08 0 1.32201e-08 0 1.33311e-08 0 1.34422e-08 0
1294.24 7.88456e-08 7.82747e-08 5.70823e-10 0.00723976 0.0300325 2.05667e-09 0 2.73058e-09 0 3.56978e-09 0 4.15135e-09 0 4.60873e-09 0 4.98921e-09 0 5.32029e-09 0 5.61462e-09 0 5.88094e-09 0 6.12608e-09 0 6.35197e-09 0 6.56074e-09 0 6.75735e-09 0 6.94425e-09 0 7.11848e-09 0 7.28531e-09 0 7.44186e-09 0 7.59627e-09 0 7.74016e-09 0 7.88453e-09 0 8.01823e-09 0 8.14672e-09 0 8.27556e-09 0 8.39351e-09 0 8.51173e-09 0 8.63024e-09 0 8.73769e-09 0 8.85104e-09 0 8.95325e-09 0 9.05566e-09 0 9.15825e-09 0 9.25531e-09 0 9.35253e-09 0 9.44418e-09 0 9.53596e-09 0 9.62789e-09 0 9.71419e-09 0 9.8006e-09 0 9.88714e-09 0 9.968e-09 0 1.0049e-08 0
1360.67 6.92928e-08 6.88257e-08 4.6706e-10 0.00674039 0.0278876 1.61621e-09 0 2.12315e-09 0 2.74948e-09 0 3.1812e-09 0 3.5197e-09 0 3.80069e-09 0 4.04481e-09 0 4.26157e-09 0 4.4575e-09 0 4.63769e-09 0 4.80361e-09 0 4.95685e-09 0 5.10108e-09 0 5.23812e-09 0 5.36581e-09 0 5.48803e-09 0 5.60266e-09 0 5.71569e-09 0 5.82099e-09 0 5.9266e-09 0 6.02438e-09 0 6.11832e-09 0 6.2125e-09 0 6.29869e-09 0 6.38507e-09 0 6.47164e-09 0 6.55011e-09 0 6.63287e-09 0 6.70749e-09 0 6.78224e-09 0 6.85711e-09 0 6.92793e-09 0 6.99886e-09 0 7.06571e-09 0 7.13265e-09 0 7.19969e-09 0 7.26261e-09 0 7.32561e-09 0 7.38869e-09 0 7.44763e-09 0 7.50664e-09 0
1430.51 6.09453e-08 6.05631e-08 3.82192e-10 0.00627107 0.025903 1.2644e-09 0 1.64455e-09 0 2.11084e-09 0 2.43068e-09 0 2.68075e-09 0 2.88794e-09 0 3.06768e-09 0 3.2271e-09 0 3.37106e-09 0 3.50335e-09 0 3.62508e-09 0 3.73745e-09 0 3.84315e-09 0 3.94353e-09 0 4.03703e-09 0 4.12648e-09 0 4.21036e-09 0 4.29303e-09 0 4.37002e-09 0 4.44723e-09 0 4.51868e-09 0 4.58732e-09 0 4.65611e-09 0 4.71906e-09 0 4.78213e-09 0 4.84532e-09 0 4.9026e-09 0 4.96299e-09 0 5.01743e-09 0 5.07196e-09 0 5.12657e-09 0 5.17822e-09 0 5.22994e-09 0 5.27868e-09 0 5.32748e-09 0 5.37634e-09 0 5.42221e-09 0 5.46812e-09 0 5.51408e-09 0 5.55702e-09 0 5.60001e-09 0
1503.94 5.3555e-08 5.32423e-08 3.1276e-10 0.00583997 0.0241048 9.83405e-10 0 1.2672e-09 0 1.61299e-09 0 1.84911e-09 0 2.03325e-09 0 2.18555e-09 0 2.31751e-09 0 2.43442e-09 0 2.5399e-09 0 2.63677e-09 0 2.72585e-09 0 2.80802e-09 0 2.8853e-09 0 2.95864e-09 0 3.02693e-09 0 3.09225e-09 0 3.15347e-09 0 3.21379e-09 0 3.26996e-09 0 3.32627e-09 0 3.37837e-09 0 3.4284e-09 0 3.47854e-09 0 3.52441e-09 0 3.57036e-09 0 3.61639e-09 0 3.6581e-09 0 3.70208e-09 0 3.74172e-09 0 3.78141e-09 0 3.82116e-09 0 3.85874e-09 0 3.89638e-09 0 3.93184e-09 0 3.96735e-09 0 4.00289e-09 0 4.03624e-09 0 4.06963e-09 0 4.10306e-09 0 4.13428e-09 0 4.16553e-09 0
1581.14 4.67972e-08 4.65413e-08 2.55914e-10 0.00546858 0.0224148 7.57031e-10 0 9.66997e-10 0 1.22129e-09 0 1.39421e-09 0 1.52876e-09 0 1.63986e-09 0 1.73601e-09 0 1.82111e-09 0 1.89784e-09 0 1.96825e-09 0 2.03296e-09 0 2.09263e-09 0 2.14871e-09 0 2.20193e-09 0 2.25146e-09 0 2.29881e-09 0 2.34319e-09 0 2.3869e-09 0 2.42759e-09 0 2.46837e-09 0 2.5061e-09 0 2.54232e-09 0 2.57861e-09 0 2.61181e-09 0 2.64505e-09 0 2.67835e-09 0 2.70853e-09 0 2.74033e-09 0 2.769e-09 0 2.7977e-09 0 2.82644e-09 0 2.85361e-09 0 2.88081e-09 0 2.90644e-09 0 2.93209e-09 0 2.95778e-09 0 2.98188e-09 0 3.006e-09 0 3.03014e-09 0 3.05269e-09 0 3.07526e-09 0
1662.3 4.09789e-08 4.07695e-08 2.0938e-10 0.00510945 0.0205632 5.81483e-10 0 7.36691e-10 0 9.23623e-10 0 1.05027e-09 0 1.14859e-09 0 1.22966e-09 0 1.29975e-09 0 1.36173e-09 0 1.41757e-09 0 1.46879e-09 0 1.51583e-09 0 1.55919e-09 0 1.59993e-09 0 1.63857e-09 0 1.67452e-09 0 1.70889e-09 0 1.74108e-09 0 1.77279e-09 0 1.80229e-09 0 1.83186e-09 0 1.8592e-09 0 1.88545e-09 0 1.91175e-09 0 1.9358e-09 0 1.95988e-09 0 1.984e-09 0 2.00585e-09 0 2.02888e-09 0 2.04963e-09 0 2.07041e-09 0 2.09121e-09 0 2.11087e-09 0 2.13055e-09 0 2.1491e-09 0 2.16766e-09 0 2.18624e-09 0 2.20367e-09 0 2.22112e-09 0 2.23858e-09 0 2.25489e-09 0 2.27121e-09 0
1747.63 3.66362e-08 3.64649e-08 1.71356e-10 0.00467723 0.0186582 4.54196e-10 0 5.71018e-10 0 7.11007e-10 0 8.05522e-10 0 8.7876e-10 0 9.39069e-10 0 9.91153e-10 0 1.03718e-09 0 1.07862e-09 0 1.1166e-09 0 1.15148e-09 0 1.18361e-09 0 1.21379e-09 0 1.2424e-09 0 1.26902e-09 0 1.29445e-09 0 1.31827e-09 0 1.34172e-09 0 1.36355e-09 0 1.38541e-09 0 1.40563e-09 0 1.42503e-09 0 1.44447e-09 0 1.46224e-09 0 1.48003e-09 0 1.49785e-09 0 1.51399e-09 0 1.531e-09 0 1.54633e-09 0 1.56167e-09 0 1.57703e-09 0 1.59155e-09 0 1.60608e-09 0 1.61977e-09 0 1.63347e-09 0 1.64718e-09 0 1.66004e-09 0 1.67292e-09 0 1.6858e-09 0 1.69783e-09 0 1.70987e-09 0
1837.33 3.30808e-08 3.29405e-08 1.40294e-10 0.00424096 0.017142 3.56959e-10 0 4.45545e-10 0 5.51208e-10 0 6.22324e-10 0 6.77333e-10 0 7.22578e-10 0 7.61615e-10 0 7.96088e-10 0 8.27107e-10 0 8.55527e-10 0 8.8161e-10 0 9.05631e-10 0 9.28183e-10 0 9.49561e-10 0 9.69441e-10 0 9.88434e-10 0 1.00622e-09 0 1.02372e-09 0 1.04001e-09 0 1.05632e-09 0 1.07141e-09 0 1.08588e-09 0 1.10038e-09 0 1.11363e-09 0 1.1269e-09 0 1.14018e-09 0 1.15221e-09 0 1.16489e-09 0 1.17632e-09 0 1.18775e-09 0 1.19919e-09 0 1.21001e-09 0 1.22083e-09 0 1.23103e-09 0 1.24124e-09 0 1.25145e-09 0 1.26103e-09 0 1.27062e-09 0 1.28021e-09 0 1.28917e-09 0 1.29814e-09 0
1931.64 2.95733e-08 2.94584e-08 1.14856e-10 0.00388377 0.0159447 2.76739e-10 0 3.43088e-10 0 4.21894e-10 0 4.74782e-10 0 5.15627e-10 0 5.49184e-10 0 5.78114e-10 0 6.03644e-10 0 6.26605e-10 0 6.47631e-10 0 6.66922e-10 0 6.84681e-10 0 7.01351e-10 0 7.17147e-10 0 7.31833e-10 0 7.45861e-10 0 7.58993e-10 0 7.71918e-10 0 7.8394e-10 0 7.95981e-10 0 8.07111e-10 0 8.17791e-10 0 8.28485e-10 0 8.38261e-10 0 8.48047e-10 0 8.57844e-10 0 8.66717e-10 0 8.76065e-10 0 8.84486e-10 0 8.92915e-10 0 9.0135e-10 0 9.09323e-10 0 9.17302e-10 0 9.24818e-10 0 9.32338e-10 0 9.39863e-10 0 9.46923e-10 0 9.53987e-10 0 9.61055e-10 0 9.67656e-10 0 9.74261e-10 0
2030.79 2.63277e-08 2.62337e-08 9.4012e-11 0.00357084 0.0147315 2.12934e-10 0 2.62315e-10 0 3.20742e-10 0 3.59853e-10 0 3.90012e-10 0 4.14766e-10 0 4.36091e-10 0 4.54898e-10 0 4.71805e-10 0 4.87281e-10 0 5.01475e-10 0 5.14538e-10 0 5.26795e-10 0 5.38408e-10 0 5.49203e-10 0 5.59511e-10 0 5.6916e-10 0 5.78655e-10 0 5.87485e-10 0 5.96327e-10 0 6.045e-10 0 6.12341e-10 0 6.20192e-10 0 6.27367e-10 0 6.3455e-10 0 6.4174e-10 0 6.4825e-10 0 6.5511e-10 0 6.61288e-10 0 6.67472e-10 0 6.73659e-10 0 6.79508e-10 0 6.8536e-10 0 6.90872e-10 0 6.96387e-10 0 7.01905e-10 0 7.07082e-10 0 7.12262e-10 0 7.17444e-10 0 7.22284e-10 0 7.27125e-10 0
2135.03 2.34758e-08 2.33989e-08 7.69489e-11 0.00327779 0.0135706 1.63585e-10 0 2.00326e-10 0 2.43645e-10 0 2.72574e-10 0 2.94852e-10 0 3.1312e-10 0 3.28848e-10 0 3.42711e-10 0 3.55168e-10 0 3.66567e-10 0 3.77017e-10 0 3.86632e-10 0 3.95653e-10 0 4.04197e-10 0 4.12137e-10 0 4.19719e-10 0 4.26814e-10 0 4.33795e-10 0 4.40286e-10 0 4.46785e-10 0 4.52792e-10 0 4.58554e-10 0 4.64323e-10 0 4.69595e-10 0 4.74871e-10 0 4.80152e-10 0 4.84935e-10 0 4.89972e-10 0 4.9451e-10 0 4.99051e-10 0 5.03594e-10 0 5.07888e-10 0 5.12185e-10 0 5.16231e-10 0 5.2028e-10 0 5.24331e-10 0 5.28131e-10 0 5.31932e-10 0 5.35736e-10 0 5.39288e-10 0 5.42841e-10 0
2244.63 2.09731e-08 2.09101e-08 6.29827e-11 0.00300303 0.0124789 1.25543e-10 0 1.52884e-10 0 1.85016e-10 0 2.06428e-10 0 2.22898e-10 0 2.36393e-10 0 2.48003e-10 0 2.58232e-10 0 2.6742e-10 0 2.75824e-10 0 2.83527e-10 0 2.90613e-10 0 2.97259e-10 0 3.03552e-10 0 3.094e-10 0 3.14983e-10 0 3.20206e-10 0 3.25345e-10 0 3.30123e-10 0 3.34906e-10 0 3.39327e-10 0 3.43567e-10 0 3.47811e-10 0 3.51689e-10 0 3.5557e-10 0 3.59455e-10 0 3.62972e-10 0 3.66677e-10 0 3.70014e-10 0 3.73353e-10 0 3.76694e-10 0 3.79851e-10 0 3.8301e-10 0 3.85985e-10 0 3.88961e-10 0 3.91938e-10 0 3.94731e-10 0 3.97526e-10 0 4.00321e-10 0 4.02931e-10 0 4.05543e-10 0
2359.84 1.87699e-08 1.87183e-08 5.15517e-11 0.00274652 0.0114705 9.62492e-11 0 1.16597e-10 0 1.40442e-10 0 1.56301e-10 0 1.68486e-10 0 1.78462e-10 0 1.8704e-10 0 1.94595e-10 0 2.01378e-10 0 2.07581e-10 0 2.13264e-10 0 2.18491e-10 0 2.23393e-10 0 2.28034e-10 0 2.32345e-10 0 2.3646e-10 0 2.40311e-10 0 2.44098e-10 0 2.47619e-10 0 2.51143e-10 0 2.544e-10 0 2.57523e-10 0 2.60649e-10 0 2.63506e-10 0 2.66364e-10 0 2.69225e-10 0 2.71815e-10 0 2.74543e-10 0 2.77e-10 0 2.79458e-10 0 2.81918e-10 0 2.84242e-10 0 2.86567e-10 0 2.88757e-10 0 2.90948e-10 0 2.93139e-10 0 2.95195e-10 0 2.97251e-10 0 2.99308e-10 0 3.01229e-10 0 3.03151e-10 0
2480.97 1.6828e-08 1.67858e-08 4.21995e-11 0.0025077 0.0105402 7.37295e-11 0 8.88784e-11 0 1.06584e-10 0 1.18338e-10 0 1.27361e-10 0 1.34742e-10 0 1.41087e-10 0 1.46672e-10 0 1.51685e-10 0 1.56268e-10 0 1.60466e-10 0 1.64326e-10 0 1.67945e-10 0 1.71371e-10 0 1.74554e-10 0 1.77591e-10 0 1.80432e-10 0 1.83227e-10 0 1.85824e-10 0 1.88424e-10 0 1.90827e-10 0 1.9313e-10 0 1.95436e-10 0 1.97543e-10 0 1.99651e-10 0 2.0176e-10 0 2.0367e-10 0 2.05681e-10 0 2.07493e-10 0 2.09305e-10 0 2.11118e-10 0 2.12831e-10 0 2.14545e-10 0 2.16159e-10 0 2.17773e-10 0 2.19389e-10 0 2.20904e-10 0 2.22419e-10 0 2.23935e-10 0 2.2535e-10 0 2.26766e-10 0
2608.32 1.51129e-08 1.50783e-08 3.45463e-11 0.00228589 0.00968346 5.6438e-11 0 6.77205e-11 0 8.08753e-11 0 8.95946e-11 0 9.62811e-11 0 1.01749e-10 0 1.06445e-10 0 1.10579e-10 0 1.14287e-10 0 1.17677e-10 0 1.20782e-10 0 1.23636e-10 0 1.26311e-10 0 1.28843e-10 0 1.31195e-10 0 1.33439e-10 0 1.35539e-10 0 1.37603e-10 0 1.39522e-10 0 1.41442e-10 0 1.43216e-10 0 1.44918e-10 0 1.46621e-10 0 1.48176e-10 0 1.49733e-10 0 1.5129e-10 0 1.527e-10 0 1.54185e-10 0 1.55522e-10 0 1.5686e-10 0 1.58198e-10 0 1.59462e-10 0 1.60727e-10 0 1.61918e-10 0 1.6311e-10 0 1.64302e-10 0 1.6542e-10 0 1.66538e-10 0 1.67657e-10 0 1.68701e-10 0 1.69746e-10 0
2742.21 1.35951e-08 1.35668e-08 2.82813e-11 0.00208026 0.00889564 4.31742e-11 0 5.15808e-11 0 6.13612e-11 0 6.78343e-11 0 7.27943e-11 0 7.68476e-11 0 8.03283e-11 0 8.33902e-11 0 8.61369e-11 0 8.86467e-11 0 9.0945e-11 0 9.30575e-11 0 9.50374e-11 0 9.69112e-11 0 9.86513e-11 0 1.00312e-10 0 1.01864e-10 0 1.03391e-10 0 1.04811e-10 0 1.06231e-10 0 1.07543e-10 0 1.08801e-10 0 1.1006e-10 0 1.1121e-10 0 1.1236e-10 0 1.13512e-10 0 1.14554e-10 0 1.15651e-10 0 1.1664e-10 0 1.17628e-10 0 1.18617e-10 0 1.19552e-10 0 1.20487e-10 0 1.21367e-10 0 1.22247e-10 0 1.23128e-10 0 1.23954e-10 0 1.24781e-10 0 1.25607e-10 0 1.26379e-10 0 1.2715e-10 0
2882.97 1.22497e-08 1.22266e-08 2.31525e-11 0.00189005 0.0081711 3.30103e-11 0 3.92774e-11 0 4.65543e-11 0 5.1364e-11 0 5.50467e-11 0 5.80547e-11 0 6.06367e-11 0 6.29074e-11 0 6.49438e-11 0 6.68043e-11 0 6.85076e-11 0 7.0073e-11 0 7.154e-11 0 7.29282e-11 0 7.42171e-11 0 7.54468e-11 0 7.65969e-11 0 7.77277e-11 0 7.87786e-11 0 7.98301e-11 0 8.08014e-11 0 8.17328e-11 0 8.26647e-11 0 8.35161e-11 0 8.43678e-11 0 8.522e-11 0 8.59914e-11 0 8.68037e-11 0 8.7535e-11 0 8.82667e-11 0 8.89986e-11 0 8.96902e-11 0 9.03819e-11 0 9.10332e-11 0 9.16847e-11 0 9.23363e-11 0 9.29475e-11 0 9.35588e-11 0 9.41702e-11 0 9.47411e-11 0 9.53121e-11 0
3030.95 1.10551e-08 1.10362e-08 1.89538e-11 0.00171448 0.00750509 2.52284e-11 0 2.99034e-11 0 3.53218e-11 0 3.88988e-11 0 4.16358e-11 0 4.38703e-11 0 4.57877e-11 0 4.74735e-11 0 4.89851e-11 0 5.03657e-11 0 5.16296e-11 0 5.27909e-11 0 5.3879e-11 0 5.49087e-11 0 5.58646e-11 0 5.67765e-11 0 5.76293e-11 0 5.84677e-11 0 5.92468e-11 0 6.00264e-11 0 6.07464e-11 0 6.14368e-11 0 6.21276e-11 0 6.27586e-11 0 6.33898e-11 0 6.40214e-11 0 6.4593e-11 0 6.5195e-11 0 6.57369e-11 0 6.62791e-11 0 6.68214e-11 0 6.73338e-11 0 6.78463e-11 0 6.83289e-11 0 6.88115e-11 0 6.92943e-11 0 6.97471e-11 0 7.01999e-11 0 7.06529e-11 0 7.10758e-11 0 7.14987e-11 0
3186.53 9.9929e-09 9.97738e-09 1.55166e-11 0.00155276 0.00689248 1.9275e-11 0 2.27647e-11 0 2.68027e-11 0 2.94655e-11 0 3.15017e-11 0 3.31634e-11 0 3.45888e-11 0 3.58418e-11 0 3.6965e-11 0 3.79908e-11 0 3.89296e-11 0 3.97922e-11 0 4.06004e-11 0 4.1365e-11 0 4.20748e-11 0 4.27519e-11 0 4.3385e-11 0 4.40074e-11 0 4.45857e-11 0 4.51644e-11 0 4.56988e-11 0 4.62112e-11 0 4.67239e-11 0 4.71922e-11 0 4.76606e-11 0 4.81293e-11 0 4.85535e-11 0 4.90001e-11 0 4.94022e-11 0 4.98045e-11 0 5.02069e-11 0 5.0587e-11 0 5.09673e-11 0 5.13252e-11 0 5.16833e-11 0 5.20414e-11 0 5.23773e-11 0 5.27132e-11 0 5.30492e-11 0 5.33629e-11 0 5.36766e-11 0
3350.09 9.04653e-09 9.03383e-09 1.27025e-11 0.00140413 0.00632976 1.47227e-11 0 1.73294e-11 0 2.03412e-11 0 2.23253e-11 0 2.38417e-11 0 2.50787e-11 0 2.61396e-11 0 2.70718e-11 0 2.79074e-11 0 2.86704e-11 0 2.93686e-11 0 3.00101e-11 0 3.0611e-11 0 3.11795e-11 0 3.17071e-11 0 3.22104e-11 0 3.26811e-11 0 3.31437e-11 0 3.35735e-11 0 3.40036e-11 0 3.44007e-11 0 3.47815e-11 0 3.51624e-11 0 3.55104e-11 0 3.58585e-11 0 3.62067e-11 0 3.65218e-11 0 3.68537e-11 0 3.71524e-11 0 3.74512e-11 0 3.77502e-11 0 3.80325e-11 0 3.8315e-11 0 3.85809e-11 0 3.88469e-11 0 3.91129e-11 0 3.93624e-11 0 3.96119e-11 0 3.98614e-11 0 4.00944e-11 0 4.03274e-11 0
3522.05 8.20232e-09 8.19192e-09 1.03989e-11 0.0012678 0.00581246 1.12438e-11 0 1.31925e-11 0 1.5441e-11 0 1.69209e-11 0 1.80514e-11 0 1.89733e-11 0 1.97637e-11 0 2.04581e-11 0 2.10805e-11 0 2.16487e-11 0 2.21686e-11 0 2.26461e-11 0 2.30935e-11 0 2.35166e-11 0 2.39094e-11 0 2.4284e-11 0 2.46342e-11 0 2.49785e-11 0 2.52984e-11 0 2.56184e-11 0 2.59139e-11 0 2.61972e-11 0 2.64807e-11 0 2.67395e-11 0 2.69985e-11 0 2.72575e-11 0 2.7492e-11 0 2.77388e-11 0 2.79611e-11 0 2.81834e-11 0 2.84057e-11 0 2.86158e-11 0 2.88258e-11 0 2.90236e-11 0 2.92214e-11 0 2.94193e-11 0 2.96048e-11 0 2.97904e-11 0 2.9976e-11 0 3.01492e-11 0 3.03225e-11 0
3702.84 7.44783e-09 7.43932e-09 8.51289e-12 0.001143 0.00533718 8.58602e-12 0 1.00439e-11 0 1.17241e-11 0 1.2829e-11 0 1.36727e-11 0 1.43605e-11 0 1.495e-11 0 1.54679e-11 0 1.59319e-11 0 1.63555e-11 0 1.67431e-11 0 1.70991e-11 0 1.74325e-11 0 1.77479e-11 0 1.80406e-11 0 1.83197e-11 0 1.85807e-11 0 1.88372e-11 0 1.90755e-11 0 1.93139e-11 0 1.95341e-11 0 1.97452e-11 0 1.99563e-11 0 2.01491e-11 0 2.0342e-11 0 2.0535e-11 0 2.07096e-11 0 2.08935e-11 0 2.1059e-11 0 2.12246e-11 0 2.13902e-11 0 2.15466e-11 0 2.17031e-11 0 2.18503e-11 0 2.19977e-11 0 2.2145e-11 0 2.22832e-11 0 2.24213e-11 0 2.25596e-11 0 2.26886e-11 0 2.28176e-11 0
3892.91 6.77246e-09 6.76549e-09 6.96893e-12 0.00102901 0.00490057 6.55615e-12 0 7.64778e-12 0 8.90442e-12 0 9.73026e-12 0 1.03605e-11 0 1.08742e-11 0 1.13144e-11 0 1.17011e-11 0 1.20475e-11 0 1.23636e-11 0 1.26529e-11 0 1.29185e-11 0 1.31673e-11 0 1.34026e-11 0 1.3621e-11 0 1.38293e-11 0 1.4024e-11 0 1.42153e-11 0 1.43931e-11 0 1.4571e-11 0 1.47352e-11 0 1.48926e-11 0 1.50501e-11 0 1.51939e-11 0 1.53378e-11 0 1.54817e-11 0 1.56119e-11 0 1.5749e-11 0 1.58725e-11 0 1.59959e-11 0 1.61194e-11 0 1.62361e-11 0 1.63527e-11 0 1.64625e-11 0 1.65724e-11 0 1.66823e-11 0 1.67853e-11 0 1.68883e-11 0 1.69913e-11 0 1.70875e-11 0 1.71837e-11 0
4092.73 6.16704e-09 6.16133e-09 5.70492e-12 0.000925066 0.00449938 5.00623e-12 0 5.82431e-12 0 6.76509e-12 0 7.38294e-12 0 7.85429e-12 0 8.23836e-12 0 8.56743e-12 0 8.85642e-12 0 9.11529e-12 0 9.35155e-12 0 9.56767e-12 0 9.76615e-12 0 9.95201e-12 0 1.01278e-11 0 1.02909e-11 0 1.04465e-11 0 1.05919e-11 0 1.07349e-11 0 1.08676e-11 0 1.10004e-11 0 1.11231e-11 0 1.12406e-11 0 1.13582e-11 0 1.14656e-11 0 1.15731e-11 0 1.16805e-11 0 1.17778e-11 0 1.18801e-11 0 1.19723e-11 0 1.20645e-11 0 1.21567e-11 0 1.22438e-11 0 1.23309e-11 0 1.24129e-11 0 1.24949e-11 0 1.25769e-11 0 1.26538e-11 0 1.27307e-11 0 1.28076e-11 0 1.28794e-11 0 1.29513e-11 0
4302.81 5.62347e-09 5.6188e-09 4.67014e-12 0.000830473 0.00413082 3.82296e-12 0 4.43656e-12 0 5.14155e-12 0 5.60427e-12 0 5.95715e-12 0 6.24462e-12 0 6.49089e-12 0 6.70713e-12 0 6.90081e-12 0 7.07756e-12 0 7.23922e-12 0 7.38768e-12 0 7.5267e-12 0 7.65817e-12 0 7.78017e-12 0 7.89651e-12 0 8.00526e-12 0 8.11214e-12 0 8.21141e-12 0 8.31072e-12 0 8.40242e-12 0 8.49032e-12 0 8.57824e-12 0 8.65854e-12 0 8.73886e-12 0 8.81919e-12 0 8.89189e-12 0 8.96842e-12 0 9.03732e-12 0 9.10623e-12 0 9.17515e-12 0 9.24025e-12 0 9.30536e-12 0 9.36665e-12 0 9.42795e-12 0 9.48926e-12 0 9.54674e-12 0 9.60423e-12 0 9.66173e-12 0 9.7154e-12 0 9.76908e-12 0
4523.68 5.13466e-09 5.13084e-09 3.82303e-12 0.000744554 0.00379228 2.91963e-12 0 3.38027e-12 0 3.90908e-12 0 4.25597e-12 0 4.52044e-12 0 4.73583e-12 0 4.92033e-12 0 5.08231e-12 0 5.22737e-12 0 5.35975e-12 0 5.48082e-12 0 5.59199e-12 0 5.69609e-12 0 5.79453e-12 0 5.88587e-12 0 5.97297e-12 0 6.05439e-12 0 6.1344e-12 0 6.20873e-12 0 6.28307e-12 0 6.35171e-12 0 6.41751e-12 0 6.48332e-12 0 6.54343e-12 0 6.60354e-12 0 6.66367e-12 0 6.71808e-12 0 6.77537e-12 0 6.82693e-12 0 6.8785e-12 0 6.93009e-12 0 6.97881e-12 0 7.02754e-12 0 7.07341e-12 0 7.11928e-12 0 7.16516e-12 0 7.20818e-12 0 7.2512e-12 0 7.29423e-12 0 7.3344e-12 0 7.37456e-12 0
4755.88 4.69459e-09 4.69146e-09 3.12997e-12 0.000666719 0.00348144 2.23013e-12 0 2.57625e-12 0 2.9733e-12 0 3.23362e-12 0 3.43204e-12 0 3.59361e-12 0 3.73198e-12 0 3.85345e-12 0 3.96223e-12 0 4.06149e-12 0 4.15226e-12 0 4.2356e-12 0 4.31364e-12 0 4.38743e-12 0 4.45591e-12 0 4.52119e-12 0 4.58222e-12 0 4.64219e-12 0 4.6979e-12 0 4.75361e-12 0 4.80506e-12 0 4.85437e-12 0 4.90369e-12 0 4.94874e-12 0 4.99379e-12 0 5.03885e-12 0 5.07962e-12 0 5.12255e-12 0 5.16119e-12 0 5.19983e-12 0 5.23848e-12 0 5.27499e-12 0 5.31151e-12 0 5.34587e-12 0 5.38025e-12 0 5.41463e-12 0 5.44686e-12 0 5.47909e-12 0 5.51133e-12 0 5.54142e-12 0 5.57152e-12 0
5000 4.29775e-09 4.29518e-09 2.56259e-12 0.000596263 0.00319582 1.70376e-12 0 1.96407e-12 0 2.26248e-12 0 2.45804e-12 0 2.60706e-12 0 2.72839e-12 0 2.83228e-12 0 2.92347e-12 0 3.00513e-12 0 3.07963e-12 0 3.14776e-12 0 3.21031e-12 0 3.26888e-12 0 3.32426e-12 0 3.37565e-12 0 3.42464e-12 0 3.47043e-12 0 3.51543e-12 0 3.55723e-12 0 3.59904e-12 0 3.63764e-12 0 3.67464e-12 0 3.71165e-12 0 3.74544e-12 0 3.77924e-12 0 3.81304e-12 0 3.84363e-12 0 3.87584e-12 0 3.90483e-12 0 3.93382e-12 0 3.96282e-12 0 3.9902e-12 0 4.0176e-12 0 4.04338e-12 0 4.06916e-12 0 4.09495e-12 0 4.11913e-12 0 4.14331e-12 0 4.1675e-12 0 4.19007e-12 0 4.21264e-12 0
