# 0.00900711 0 119 : grain size, compostion index, size index
# Heating and cooling timescale: 2.29503e-08 inf
# Ratio of heating to cooling to determine stochastic cutoff: 100
# Equilibrium emission is recorded even for those grains in the stochastic regime.
# Emission spectrum was computed for: 
# Type: ISRF
# Scales: 0.25 0.5 1 1.5 2 2.5 3 3.5 4 4.5 5 5.5 6 6.5 7 7.5 8 8.5 9 9.5 10 10.5 11 11.5 12 12.5 13 13.5 14 14.5 15 15.5 16 16.5 17 17.5 18 18.5 19 19.5 20
# StochasticallyHeated: 0 0 0 0 0 0 0 0 0 0 0 0 0 0 0 0 0 0 0 0 0 0 0 0 0 0 0 0 0 0 0 0 0 0 0 0 0 0 0 0 0
# Temperature: -1
# Wavelength  CExt  CAbs  CSca  Albedo G EqEm1 StEm1 EqEm2 StEm2 EqEm3 StEm3 EqEm4 StEm4 EqEm5 StEm5 EqEm6 StEm6 EqEm7 StEm7 EqEm8 StEm8 EqEm9 StEm9 EqEm10 StEm10 EqEm11 StEm11 EqEm12 StEm12 EqEm13 StEm13 EqEm14 StEm14 EqEm15 StEm15 EqEm16 StEm16 EqEm17 StEm17 EqEm18 StEm18 EqEm19 StEm19 EqEm20 StEm20 EqEm21 StEm21 EqEm22 StEm22 EqEm23 StEm23 EqEm24 StEm24 EqEm25 StEm25 EqEm26 StEm26 EqEm27 StEm27 EqEm28 StEm28 EqEm29 StEm29 EqEm30 StEm30 EqEm31 StEm31 EqEm32 StEm32 EqEm33 StEm33 EqEm34 StEm34 EqEm35 StEm35 EqEm36 StEm36 EqEm37 StEm37 EqEm38 StEm38 EqEm39 StEm39 EqEm40 StEm40 EqEm41 StEm41
0.05 0.0005107 0.000180671 0.000330028 0.646228 0.8537 0 0 0 0 0 0 0 0 0 0 0 0 0 0 0 0 0 0 0 0 0 0 0 0 0 0 0 0 0 0 0 0 0 0 0 0 0 0 0 0 0 0 0 0 0 0 0 0 0 0 0 0 0 0 0 0 0 0 0 0 0 0 0 0 0 0 0 0 0 0 0 0 0 0 0 0 0 0 0 0 0 0
0.0525665 0.000510739 0.000177727 0.000333012 0.65202 0.841184 0 0 0 0 0 0 0 0 0 0 0 0 0 0 0 0 0 0 0 0 0 0 0 0 0 0 0 0 0 0 0 0 0 0 0 0 0 0 0 0 0 0 0 0 0 0 0 0 0 0 0 0 0 0 0 0 0 0 0 0 0 0 0 0 0 0 0 0 0 0 0 0 0 0 0 0 0 0 0 0 0 0
0.0552647 0.00051078 0.000175495 0.000335285 0.656417 0.830791 0 0 0 0 0 0 0 0 0 0 0 0 0 0 0 0 0 0 0 0 0 0 0 0 0 0 0 0 0 0 0 0 0 0 0 0 0 0 0 0 0 0 0 0 0 0 0 0 0 0 0 0 0 0 0 0 0 0 0 0 0 0 0 0 0 0 0 0 0 0 0 0 0 0 0 0 0 0 0 0 0 0
0.0581015 0.000510799 0.000174462 0.000336337 0.658452 0.824411 0 0 0 0 0 0 0 0 0 0 0 0 0 0 0 0 0 0 0 0 0 0 0 0 0 0 0 0 0 0 0 0 0 0 0 0 0 0 0 0 0 0 0 0 0 0 0 0 0 0 0 0 0 0 0 0 0 0 0 0 0 0 0 0 0 0 0 0 0 0 0 0 0 0 0 0 0 0 0 0 0 0
0.0610839 0.000510798 0.000171943 0.000338855 0.663383 0.81562 0 0 0 0 0 0 0 0 0 0 0 0 0 0 0 0 0 0 0 0 0 0 0 0 0 0 0 0 0 0 0 0 0 0 0 0 0 0 0 0 0 0 0 0 0 0 0 0 0 0 0 0 0 0 0 0 0 0 0 0 0 0 0 0 0 0 0 0 0 0 0 0 0 0 0 0 0 0 0 0 0 0
0.0642193 0.00051083 0.000165753 0.000345077 0.675522 0.797289 0 0 0 0 0 0 0 0 0 0 0 0 0 0 0 0 0 0 0 0 0 0 0 0 0 0 0 0 0 0 0 0 0 0 0 0 0 0 0 0 0 0 0 0 0 0 0 0 0 0 0 0 0 0 0 0 0 0 0 0 0 0 0 0 0 0 0 0 0 0 0 0 0 0 0 0 0 0 0 0 0 0
0.0675157 0.000510868 0.000159596 0.000351272 0.687598 0.777268 0 0 0 0 0 0 0 0 0 0 0 0 0 0 0 0 0 0 0 0 0 0 0 0 0 0 0 0 0 0 0 0 0 0 0 0 0 0 0 0 0 0 0 0 0 0 0 0 0 0 0 0 0 0 0 0 0 0 0 0 0 0 0 0 0 0 0 0 0 0 0 0 0 0 0 0 0 0 0 0 0 0
0.0709813 0.00051091 0.000158948 0.000351962 0.688893 0.770125 0 0 0 0 0 0 0 0 0 0 0 0 0 0 0 0 0 0 0 0 0 0 0 0 0 0 0 0 0 0 0 0 0 0 0 0 0 0 0 0 0 0 0 0 0 0 0 0 0 0 0 0 0 0 0 0 0 0 0 0 0 0 0 0 0 0 0 0 0 0 0 0 0 0 0 0 0 0 0 0 0 0
0.0746248 0.000510974 0.000161353 0.000349621 0.684225 0.771473 0 0 0 0 0 0 0 0 0 0 0 0 0 0 0 0 0 0 0 0 0 0 0 0 0 0 0 0 0 0 0 0 0 0 0 0 0 0 0 0 0 0 0 0 0 0 0 0 0 0 0 0 0 0 0 0 0 0 0 0 0 0 0 0 0 0 0 0 0 0 0 0 0 0 0 0 0 0 0 0 0 0
0.0784553 0.00051105 0.000164726 0.000346324 0.677672 0.776381 0 0 0 0 0 0 0 0 0 0 0 0 0 0 0 0 0 0 0 0 0 0 0 0 0 0 0 0 0 0 0 0 0 0 0 0 0 0 0 0 0 0 0 0 0 0 0 0 0 0 0 0 0 0 0 0 0 0 0 0 0 0 0 0 0 0 0 0 0 0 0 0 0 0 0 0 0 0 0 0 0 0
0.0824824 0.000511123 0.000168571 0.000342553 0.670196 0.782268 0 0 0 0 0 0 0 0 0 0 0 0 0 0 0 0 0 0 0 0 0 0 0 0 0 0 0 0 0 0 0 0 0 0 0 0 0 0 0 0 0 0 0 0 0 0 0 0 0 0 0 0 0 0 0 0 0 0 0 0 0 0 0 0 0 0 0 0 0 0 0 0 0 0 0 0 0 0 0 0 0 0
0.0867162 0.000511192 0.000169458 0.000341734 0.668505 0.781134 0 0 0 0 0 0 0 0 0 0 0 0 0 0 0 0 0 0 0 0 0 0 0 0 0 0 0 0 0 0 0 0 0 0 0 0 0 0 0 0 0 0 0 0 0 0 0 0 0 0 0 0 0 0 0 0 0 0 0 0 0 0 0 0 0 0 0 0 0 0 0 0 0 0 0 0 0 0 0 0 0 0
0.0911674 0.000511263 0.000168651 0.000342612 0.670129 0.775966 0 0 0 0 0 0 0 0 0 0 0 0 0 0 0 0 0 0 0 0 0 0 0 0 0 0 0 0 0 0 0 0 0 0 0 0 0 0 0 0 0 0 0 0 0 0 0 0 0 0 0 0 0 0 0 0 0 0 0 0 0 0 0 0 0 0 0 0 0 0 0 0 0 0 0 0 0 0 0 0 0 0
0.095847 0.000511332 0.000169337 0.000341995 0.668832 0.774211 0 0 0 0 0 0 0 0 0 0 0 0 0 0 0 0 0 0 0 0 0 0 0 0 0 0 0 0 0 0 0 0 0 0 0 0 0 0 0 0 0 0 0 0 0 0 0 0 0 0 0 0 0 0 0 0 0 0 0 0 0 0 0 0 0 0 0 0 0 0 0 0 0 0 0 0 0 0 0 0 0 0
0.100767 0.000511395 0.00017527 0.000336124 0.65727 0.785706 0 0 0 0 0 0 0 0 0 0 0 0 0 0 0 0 0 0 0 0 0 0 0 0 0 0 0 0 0 0 0 0 0 0 0 0 0 0 0 0 0 0 0 0 0 0 0 0 0 0 0 0 0 0 0 0 0 0 0 0 0 0 0 0 0 0 0 0 0 0 0 0 0 0 0 0 0 0 0 0 0 0
0.105939 0.000511448 0.000181249 0.000330199 0.645616 0.800399 0 0 0 0 0 0 0 0 0 0 0 0 0 0 0 0 0 0 0 0 0 0 0 0 0 0 0 0 0 0 0 0 0 0 0 0 0 0 0 0 0 0 0 0 0 0 0 0 0 0 0 0 0 0 0 0 0 0 0 0 0 0 0 0 0 0 0 0 0 0 0 0 0 0 0 0 0 0 0 0 0 0
0.111377 0.000511492 0.000192176 0.000319315 0.624283 0.828495 0 0 0 0 0 0 0 0 0 0 0 0 0 0 0 0 0 0 0 0 0 0 0 0 0 0 0 0 0 0 0 0 0 0 0 0 0 0 0 0 0 0 0 0 0 0 0 0 0 0 0 0 0 0 0 0 0 0 0 0 0 0 0 0 0 0 0 0 0 0 0 0 0 0 0 0 0 0 0 0 0 0
0.117094 0.000511525 0.000203482 0.000308043 0.602205 0.860902 0 0 0 0 0 0 0 0 0 0 0 0 0 0 0 0 0 0 0 0 0 0 0 0 0 0 0 0 0 0 0 0 0 0 0 0 0 0 0 0 0 0 0 0 0 0 0 0 0 0 0 0 0 0 0 0 0 0 0 0 0 0 0 0 0 0 0 0 0 0 0 0 0 0 0 0 0 0 0 0 0 0
0.123105 0.000511573 0.000210767 0.000300806 0.588002 0.883588 0 0 0 0 0 0 0 0 0 0 0 0 0 0 0 0 0 0 0 0 0 0 0 0 0 0 0 0 0 0 0 0 0 0 0 0 0 0 0 0 0 0 0 0 0 0 0 0 0 0 0 0 0 0 0 0 0 0 0 0 0 0 0 0 0 0 0 0 0 0 0 0 0 0 0 0 0 0 0 0 0 0
0.129424 0.000511627 0.000216942 0.000294685 0.575977 0.903608 0 0 0 0 0 0 0 0 0 0 0 0 0 0 0 0 0 0 0 0 0 0 0 0 0 0 0 0 0 0 0 0 0 0 0 0 0 0 0 0 0 0 0 0 0 0 0 0 0 0 0 0 0 0 0 0 0 0 0 0 0 0 0 0 0 0 0 0 0 0 0 0 0 0 0 0 0 0 0 0 0 0
0.136067 0.000511684 0.000221866 0.000289818 0.566401 0.919852 0 0 0 0 0 0 0 0 0 0 0 0 0 0 0 0 0 0 0 0 0 0 0 0 0 0 0 0 0 0 0 0 0 0 0 0 0 0 0 0 0 0 0 0 0 0 0 0 0 0 0 0 0 0 0 0 0 0 0 0 0 0 0 0 0 0 0 0 0 0 0 0 0 0 0 0 0 0 0 0 0 0
0.143051 0.000511734 0.000225684 0.00028605 0.558982 0.932529 0 0 0 0 0 0 0 0 0 0 0 0 0 0 0 0 0 0 0 0 0 0 0 0 0 0 0 0 0 0 0 0 0 0 0 0 0 0 0 0 0 0 0 0 0 0 0 0 0 0 0 0 0 0 0 0 0 0 0 0 0 0 0 0 0 0 0 0 0 0 0 0 0 0 0 0 0 0 0 0 0 0
0.150394 0.000511776 0.000227863 0.000283913 0.55476 0.940702 0 0 0 0 0 0 0 0 0 0 0 0 0 0 0 0 0 0 0 0 0 0 0 0 0 0 0 0 0 0 0 0 0 0 0 0 0 0 0 0 0 0 0 0 0 0 0 0 0 0 0 0 0 0 0 0 0 0 0 0 0 0 0 0 0 0 0 0 0 0 0 0 0 0 0 0 0 0 0 0 0 0
0.158114 0.000511815 0.000227123 0.000284692 0.55624 0.941585 0 0 0 0 0 0 0 0 0 0 0 0 0 0 0 0 0 0 0 0 0 0 0 0 0 0 0 0 0 0 0 0 0 0 0 0 0 0 0 0 0 0 0 0 0 0 0 0 0 0 0 0 0 0 0 0 0 0 0 0 0 0 0 0 0 0 0 0 0 0 0 0 0 0 0 0 0 0 0 0 0 0
0.16623 0.000511876 0.000221789 0.000290087 0.566714 0.930735 0 0 0 0 0 0 0 0 0 0 0 0 0 0 0 0 0 0 0 0 0 0 0 0 0 0 0 0 0 0 0 0 0 0 0 0 0 0 0 0 0 0 0 0 0 0 0 0 0 0 0 0 0 0 0 0 0 0 0 0 0 0 0 0 0 0 0 0 0 0 0 0 0 0 0 0 0 0 0 0 0 0
0.174762 0.000511969 0.000211178 0.000300791 0.587518 0.904114 0 0 0 0 0 0 0 0 0 0 0 0 0 0 0 0 0 0 0 0 0 0 0 0 0 0 0 0 0 0 0 0 0 0 0 0 0 0 0 0 0 0 0 0 0 0 0 0 0 0 0 0 0 0 0 0 0 0 0 0 0 0 0 0 0 0 0 0 0 0 0 0 0 0 0 0 0 0 0 0 0 0
0.183733 0.000512075 0.000197764 0.000314311 0.613799 0.868155 0 0 0 0 0 0 0 0 0 0 0 0 0 0 0 0 0 0 0 0 0 0 0 0 0 0 0 0 0 0 0 0 0 0 0 0 0 0 0 0 0 0 0 0 0 0 0 0 0 0 0 0 0 0 0 0 0 0 0 0 0 0 0 0 0 0 0 0 0 0 0 0 0 0 0 0 0 0 0 0 0 0
0.193164 0.00051219 0.000183804 0.000328386 0.641141 0.831146 0 0 0 0 0 0 0 0 0 0 0 0 0 0 0 0 0 0 0 0 0 0 0 0 0 0 0 0 0 0 0 0 0 0 0 0 0 0 0 0 0 0 0 0 0 0 0 0 0 0 0 0 0 0 0 0 0 0 0 0 0 0 0 0 0 0 0 0 0 0 0 0 0 0 0 0 0 0 0 0 0 0
0.203079 0.000512308 0.000171656 0.000340652 0.664936 0.800553 0 0 0 0 0 0 0 0 0 0 0 0 0 0 0 0 0 0 0 0 0 0 0 0 0 0 0 0 0 0 0 0 0 0 0 0 0 0 0 0 0 0 0 0 0 0 0 0 0 0 0 0 0 0 0 0 0 0 0 0 0 0 0 0 0 0 0 0 0 0 0 0 0 0 0 0 0 0 0 0 0 0
0.213503 0.000512434 0.000161217 0.000351217 0.68539 0.775648 0 0 0 0 0 0 0 0 0 0 0 0 0 0 0 0 0 0 0 0 0 0 0 0 0 0 0 0 0 0 0 0 0 0 0 0 0 0 0 0 0 0 0 0 0 0 0 0 0 0 0 0 0 0 0 0 0 0 0 0 0 0 0 0 0 0 0 0 0 0 0 0 0 0 0 0 0 0 0 0 0 0
0.224463 0.000512582 0.000154232 0.00035835 0.699108 0.758403 0 0 0 0 0 0 0 0 0 0 0 0 0 0 0 0 0 0 0 0 0 0 0 0 0 0 0 0 0 0 0 0 0 0 0 0 0 0 0 0 0 0 0 0 0 0 0 0 0 0 0 0 0 0 0 0 0 0 0 0 0 0 0 0 0 0 0 0 0 0 0 0 0 0 0 0 0 0 0 0 0 0
0.235984 0.000512747 0.000150233 0.000362514 0.707003 0.746766 0 0 0 0 0 0 0 0 0 0 0 0 0 0 0 0 0 0 0 0 0 0 0 0 0 0 0 0 0 0 0 0 0 0 0 0 0 0 0 0 0 0 0 0 0 0 0 0 0 0 0 0 0 0 0 0 0 0 0 0 0 0 0 0 0 0 0 0 0 0 0 0 0 0 0 0 0 0 0 0 0 0
0.248097 0.00051292 0.000150805 0.000362115 0.705988 0.742961 0 0 0 0 0 0 0 0 0 0 0 0 0 0 0 0 0 0 0 0 0 0 0 0 0 0 0 0 0 0 0 0 0 0 0 0 0 0 0 0 0 0 0 0 0 0 0 0 0 0 0 0 0 0 0 0 0 0 0 0 0 0 0 0 0 0 0 0 0 0 0 0 0 0 0 0 0 0 0 0 0 0
0.260832 0.000513079 0.000154339 0.000358739 0.69919 0.745108 0 0 0 0 0 0 0 0 0 0 0 0 0 0 0 0 0 0 0 0 0 0 0 0 0 0 0 0 0 0 0 0 0 0 0 0 0 0 0 0 0 0 0 0 0 0 0 0 0 0 0 0 0 0 0 0 0 0 0 0 0 0 0 0 0 0 0 0 0 0 0 0 0 0 0 0 0 0 0 0 0 0
0.274221 0.000513218 0.000158666 0.000354553 0.690842 0.749353 0 0 0 0 0 0 0 0 0 0 0 0 0 0 0 0 0 0 0 0 0 0 0 0 0 0 0 0 0 0 0 0 0 0 0 0 0 0 0 0 0 0 0 0 0 0 0 0 0 0 0 0 0 0 0 0 0 0 0 0 0 0 0 0 0 0 0 0 0 0 0 0 0 0 0 0 0 0 0 0 0 0
0.288297 0.00051332 0.000164475 0.000348845 0.679586 0.758877 0 0 0 0 0 0 0 0 0 0 0 0 0 0 0 0 0 0 0 0 0 0 0 0 0 0 0 0 0 0 0 0 0 0 0 0 0 0 0 0 0 0 0 0 0 0 0 0 0 0 0 0 0 0 0 0 0 0 0 0 0 0 0 0 0 0 0 0 0 0 0 0 0 0 0 0 0 0 0 0 0 0
0.303095 0.000513419 0.000168457 0.000344962 0.671892 0.766123 0 0 0 0 0 0 0 0 0 0 0 0 0 0 0 0 0 0 0 0 0 0 0 0 0 0 0 0 0 0 0 0 0 0 0 0 0 0 0 0 0 0 0 0 0 0 0 0 0 0 0 0 0 0 0 0 0 0 0 0 0 0 0 0 0 0 0 0 0 0 0 0 0 0 0 0 0 0 0 0 0 0
0.318653 0.000513521 0.000171698 0.000341824 0.665646 0.77249 0 0 0 0 0 0 0 0 0 0 0 0 0 0 0 0 0 0 0 0 0 0 0 0 0 0 0 0 0 0 0 0 0 0 0 0 0 0 0 0 0 0 0 0 0 0 0 0 0 0 0 0 0 0 0 0 0 0 0 0 0 0 0 0 0 0 0 0 0 0 0 0 0 0 0 0 0 0 0 0 0 0
0.335009 0.000513632 0.000174258 0.000339374 0.660733 0.777952 0 0 0 0 0 0 0 0 0 0 0 0 0 0 0 0 0 0 0 0 0 0 0 0 0 0 0 0 0 0 0 0 0 0 0 0 0 0 0 0 0 0 0 0 0 0 0 0 0 0 0 0 0 0 0 0 0 0 0 0 0 0 0 0 0 0 0 0 0 0 0 0 0 0 0 0 0 0 0 0 0 0
0.352205 0.000513749 0.000176001 0.000337748 0.657418 0.781796 0 0 0 0 0 0 0 0 0 0 0 0 0 0 0 0 0 0 0 0 0 0 0 0 0 0 0 0 0 0 0 0 0 0 0 0 0 0 0 0 0 0 0 0 0 0 0 0 0 0 0 0 0 0 0 0 0 0 0 0 0 0 0 0 0 0 0 0 0 0 0 0 0 0 0 0 0 0 0 0 0 0
0.370284 0.000513878 0.000177104 0.000336774 0.655358 0.784159 0 0 0 0 0 0 0 0 0 0 0 0 0 0 0 0 0 0 0 0 0 0 0 0 0 0 0 0 0 0 0 0 0 0 0 0 0 0 0 0 0 0 0 0 0 0 0 0 0 0 0 0 0 0 0 0 0 0 0 0 0 0 0 0 0 0 0 0 0 0 0 0 0 0 0 0 0 0 0 0 0 0
0.389291 0.000514014 0.000177648 0.000336365 0.65439 0.785052 0 0 0 0 0 0 0 0 0 0 0 0 0 0 0 0 0 0 0 0 0 0 0 0 0 0 0 0 0 0 0 0 0 0 0 0 0 0 0 0 0 0 0 0 0 0 0 0 0 0 0 0 0 0 0 0 0 0 0 0 0 0 0 0 0 0 0 0 0 0 0 0 0 0 0 0 0 0 0 0 0 0
0.409273 0.000514156 0.000178028 0.000336128 0.653747 0.785576 0 0 0 0 0 0 0 0 0 0 0 0 0 0 0 0 0 0 0 0 0 0 0 0 0 0 0 0 0 0 0 0 0 0 0 0 0 0 0 0 0 0 0 0 0 0 0 0 0 0 0 0 0 0 0 0 0 0 0 0 0 0 0 0 0 0 0 0 0 0 0 0 0 0 0 0 0 0 0 0 0 0
0.430281 0.000514301 0.000178333 0.000335969 0.653253 0.785938 0 0 0 0 0 0 0 0 0 0 0 0 0 0 0 0 0 0 0 0 0 0 0 0 0 0 0 0 0 0 0 0 0 0 0 0 0 0 0 0 0 0 0 0 0 0 0 0 0 0 0 0 0 0 0 0 0 0 0 0 0 0 0 0 0 0 0 0 0 0 0 0 0 0 0 0 0 0 0 0 0 0
0.452368 0.000514453 0.00017864 0.000335813 0.652758 0.786487 0 0 0 0 0 0 0 0 0 0 0 0 0 0 0 0 0 0 0 0 0 0 0 0 0 0 0 0 0 0 0 0 0 0 0 0 0 0 0 0 0 0 0 0 0 0 0 0 0 0 0 0 0 0 0 0 0 0 0 0 0 0 0 0 0 0 0 0 0 0 0 0 0 0 0 0 0 0 0 0 0 0
0.475588 0.000514611 0.000178901 0.00033571 0.652356 0.786977 0 0 0 0 0 0 0 0 0 0 0 0 0 0 0 0 0 0 0 0 0 0 0 0 0 0 0 0 0 0 0 0 0 0 0 0 0 0 0 0 0 0 0 0 0 0 0 0 0 0 0 0 0 0 0 0 0 0 0 0 0 0 0 0 0 0 0 0 0 0 0 0 0 0 0 0 0 0 0 0 0 0
0.5 0.000514776 0.000179041 0.000335735 0.652197 0.787202 0 0 0 0 0 0 0 0 0 0 0 0 0 0 0 0 0 0 0 0 0 0 0 0 0 0 0 0 0 0 0 0 0 0 0 0 0 0 0 0 0 0 0 0 0 0 0 0 0 0 0 0 0 0 0 0 0 0 0 0 0 0 0 0 0 0 0 0 0 0 0 0 0 0 0 0 0 0 0 0 0 0
0.525665 0.00051495 0.000179098 0.000335852 0.652203 0.787261 0 0 0 0 0 0 0 0 0 0 0 0 0 0 0 0 0 0 0 0 0 0 0 0 0 0 0 0 0 0 0 0 0 0 0 0 0 0 0 0 0 0 0 0 0 0 0 0 0 0 0 0 0 0 0 0 0 0 0 0 0 0 0 0 0 0 0 0 0 0 0 0 0 0 0 0 0 0 0 0 0 0
0.552648 0.000515132 0.000179111 0.000336022 0.652302 0.787199 0 0 0 0 0 0 0 0 0 0 0 0 0 0 0 0 0 0 0 0 0 0 0 0 0 0 0 0 0 0 0 0 0 0 0 0 0 0 0 0 0 0 0 0 0 0 0 0 0 0 0 0 0 0 0 0 0 0 0 0 0 0 0 0 0 0 0 0 0 0 0 0 0 0 0 0 0 0 0 0 0 0
0.581015 0.000515323 0.000178808 0.000336516 0.653019 0.786328 0 0 0 0 0 0 0 0 0 0 0 0 0 0 0 0 0 0 0 0 0 0 0 0 0 0 0 0 0 0 0 0 0 0 0 0 0 0 0 0 0 0 0 0 0 0 0 0 0 0 0 0 0 0 0 0 0 0 0 0 0 0 0 0 0 0 0 0 0 0 0 0 0 0 0 0 0 0 0 0 0 0
0.610839 0.000515523 0.000178488 0.000337035 0.653772 0.785418 0 0 0 0 0 0 0 0 0 0 0 0 0 0 0 0 0 0 0 0 0 0 0 0 0 0 0 0 0 0 0 0 0 0 0 0 0 0 0 0 0 0 0 0 0 0 0 0 0 0 0 0 0 0 0 0 0 0 0 0 0 0 0 0 0 0 0 0 0 0 0 0 0 0 0 0 0 0 0 0 0 0
0.642193 0.00051573 0.000178152 0.000337578 0.654563 0.784466 0 0 0 0 0 0 0 0 0 0 0 0 0 0 0 0 0 0 0 0 0 0 0 0 0 0 0 0 0 0 0 0 0 0 0 0 0 0 0 0 0 0 0 0 0 0 0 0 0 0 0 0 0 0 0 0 0 0 0 0 0 0 0 0 0 0 0 0 0 0 0 0 0 0 0 0 0 0 0 0 0 0
0.675157 0.000515946 0.000177693 0.000338253 0.655598 0.783193 0 0 0 0 0 0 0 0 0 0 0 0 0 0 0 0 0 0 0 0 0 0 0 0 0 0 0 0 0 0 0 0 0 0 0 0 0 0 0 0 0 0 0 0 0 0 0 0 0 0 0 0 0 0 0 0 0 0 0 0 0 0 0 0 0 0 0 0 0 0 0 0 0 0 0 0 0 0 0 0 0 0
0.709813 0.000516174 0.000177121 0.000339053 0.656859 0.78162 0 0 0 0 0 0 0 0 0 0 0 0 0 0 0 0 0 0 0 0 0 0 0 0 0 0 0 0 0 0 0 0 0 0 0 0 0 0 0 0 0 0 0 0 0 0 0 0 0 0 0 0 0 0 0 0 0 0 0 0 0 0 0 0 0 0 0 0 0 0 0 0 0 0 0 0 0 0 0 0 0 0
0.746248 0.000516409 0.000176494 0.000339915 0.658229 0.779891 0 0 0 0 0 0 0 0 0 0 0 0 0 0 0 0 0 0 0 0 0 0 0 0 0 0 0 0 0 0 0 0 0 0 0 0 0 0 0 0 0 0 0 0 0 0 0 0 0 0 0 0 0 0 0 0 0 0 0 0 0 0 0 0 0 0 0 0 0 0 0 0 0 0 0 0 0 0 0 0 0 0
0.784553 0.000516654 0.000175846 0.000340808 0.659645 0.778121 0 0 0 0 0 0 0 0 0 0 0 0 0 0 0 0 0 0 0 0 0 0 0 0 0 0 0 0 0 0 0 0 0 0 0 0 0 0 0 0 0 0 0 0 0 0 0 0 0 0 0 0 0 0 0 0 0 0 0 0 0 0 0 0 0 0 0 0 0 0 0 0 0 0 0 0 0 0 0 0 0 0
0.824824 0.000516906 0.000175183 0.000341723 0.661093 0.776301 0 0 0 0 0 0 0 0 0 0 0 0 0 0 0 0 0 0 0 0 0 0 0 0 0 0 0 0 0 0 0 0 0 0 0 0 0 0 0 0 0 0 0 0 0 0 0 0 0 0 0 0 0 0 0 0 0 0 0 0 0 0 0 0 0 0 0 0 0 0 0 0 0 0 0 0 0 0 0 0 0 0
0.867162 0.000517169 0.000174503 0.000342667 0.662581 0.774436 0 0 0 0 0 0 0 0 0 0 0 0 0 0 0 0 0 0 0 0 0 0 0 0 0 0 0 0 0 0 0 0 0 0 0 0 0 0 0 0 0 0 0 0 0 0 0 0 0 0 0 0 0 0 0 0 0 0 0 0 0 0 0 0 0 0 0 0 0 0 0 0 0 0 0 0 0 0 0 0 0 0
0.911674 0.000517442 0.00017382 0.000343622 0.664079 0.772564 0 0 0 0 0 0 0 0 0 0 0 0 0 0 0 0 0 0 0 0 0 0 0 0 0 0 0 0 0 0 0 0 0 0 0 0 0 0 0 0 0 0 0 0 0 0 0 0 0 0 0 0 0 0 0 0 0 0 0 0 0 0 0 0 0 0 0 0 0 0 0 0 0 0 0 0 0 0 0 0 0 0
0.95847 0.000517722 0.000173165 0.000344557 0.665525 0.770744 0 0 0 0 0 0 0 0 0 0 0 0 0 0 0 0 0 0 0 0 0 0 0 0 0 0 0 0 0 0 0 0 0 0 0 0 0 0 0 0 0 0 0 0 0 0 0 0 0 0 0 0 0 0 0 0 0 0 0 0 0 0 0 0 0 0 0 0 0 0 0 0 0 0 0 0 0 0 0 0 0 0
1.00767 0.000518014 0.000172505 0.000345508 0.666987 0.768916 0 0 0 0 0 0 0 0 0 0 0 0 0 0 0 0 0 0 0 0 0 0 0 0 0 0 0 0 0 0 0 0 0 0 0 0 0 0 0 0 0 0 0 0 0 0 0 0 0 0 0 0 0 0 0 0 0 0 0 0 0 0 0 0 0 0 0 0 0 0 0 0 0 0 0 0 0 0 0 0 0 0
1.05939 0.000518311 0.000171897 0.000346414 0.668351 0.767199 0 0 0 0 0 0 0 0 0 0 0 0 0 0 0 0 0 0 0 0 0 0 0 0 0 0 0 0 0 0 0 0 0 0 0 0 0 0 0 0 0 0 0 0 0 0 0 0 0 0 0 0 0 0 0 0 0 0 0 0 0 0 0 0 0 0 0 0 0 0 0 0 0 0 0 0 0 0 0 0 0 0
1.11377 0.000518621 0.00017127 0.00034735 0.669758 0.765445 0 0 0 0 0 0 0 0 0 0 0 0 0 0 0 0 0 0 0 0 0 0 0 0 0 0 0 0 0 0 0 0 0 0 0 0 0 0 0 0 0 0 0 0 0 0 0 0 0 0 0 0 0 0 0 0 0 0 0 0 0 0 0 0 0 0 0 0 0 0 0 0 0 0 0 0 0 0 0 0 0 0
1.17094 0.000518939 0.000170687 0.000348252 0.671084 0.763794 0 0 0 0 0 0 0 0 0 0 0 0 0 0 0 0 0 0 0 0 0 0 0 0 0 0 0 0 0 0 0 0 0 0 0 0 0 0 0 0 0 0 0 0 0 0 0 0 0 0 0 0 0 0 0 0 0 0 0 0 0 0 0 0 0 0 0 0 0 0 0 0 0 0 0 0 0 0 0 0 0 0
1.23105 0.000519268 0.000170106 0.000349163 0.672413 0.762151 0 0 0 0 0 0 0 0 0 0 0 0 0 0 0 0 0 0 0 0 0 0 0 0 0 0 0 0 0 0 0 0 0 0 0 0 0 0 0 0 0 0 0 0 0 0 0 0 0 0 0 0 0 0 0 0 0 0 0 0 0 0 0 0 0 0 0 0 0 0 0 0 0 0 0 0 0 0 0 0 0 0
1.29424 0.00051961 0.000169466 0.000350143 0.673858 0.760377 0 0 0 0 0 0 0 0 0 0 0 0 0 0 0 0 0 0 0 0 0 0 0 0 0 0 0 0 0 0 0 0 0 0 0 0 0 0 0 0 0 0 0 0 0 0 0 0 0 0 0 0 0 0 0 0 0 0 0 0 0 0 0 0 0 0 0 0 0 0 0 0 0 0 0 0 0 0 0 0 0 0
1.36067 0.000519962 0.000168849 0.000351113 0.675267 0.758652 0 0 0 0 0 0 0 0 0 0 0 0 0 0 0 0 0 0 0 0 0 0 0 0 0 0 0 0 0 0 0 0 0 0 0 0 0 0 0 0 0 0 0 0 0 0 0 0 0 0 0 0 0 0 0 0 0 0 0 0 0 0 0 0 0 0 0 0 0 0 0 0 0 0 0 0 0 0 0 0 0 0
1.43051 0.000520323 0.000168267 0.000352057 0.676611 0.757008 0 0 0 0 0 0 0 0 0 0 0 0 0 0 0 0 0 0 0 0 0 0 0 0 0 0 0 0 0 0 0 0 0 0 0 0 0 0 0 0 0 0 0 0 0 0 0 0 0 0 0 0 0 0 0 0 0 0 0 0 0 0 0 0 0 0 0 0 0 0 0 0 0 0 0 0 0 0 0 0 0 0
1.50394 0.000520697 0.000167707 0.00035299 0.677918 0.755414 0 0 0 0 0 0 0 0 0 0 0 0 0 0 0 0 0 0 0 0 0 0 0 0 0 0 0 0 0 0 0 0 0 0 0 0 0 0 0 0 0 0 0 0 0 0 0 0 0 0 0 0 0 0 0 0 0 0 0 0 0 0 0 0 0 0 0 0 0 0 0 0 0 0 0 0 0 0 0 0 0 0
1.58114 0.000521083 0.000167124 0.000353959 0.679275 0.753774 0 0 0 0 0 0 0 0 0 0 0 0 0 0 0 0 0 0 0 0 0 0 0 0 0 0 0 0 0 0 0 0 0 0 0 0 0 0 0 0 0 0 0 0 0 0 0 0 0 0 0 0 0 0 0 0 0 0 0 0 0 0 0 0 0 0 0 0 0 0 0 0 0 0 0 0 0 0 0 0 0 0
1.6623 0.000521485 0.000166492 0.000354993 0.680735 0.752033 0 0 0 0 0 0 0 0 0 0 0 0 0 0 0 0 0 0 0 0 0 0 0 0 0 0 0 0 0 0 0 0 0 0 0 0 0 0 0 0 0 0 0 0 0 0 0 0 0 0 0 0 0 0 0 0 0 0 0 0 0 0 0 0 0 0 0 0 0 0 0 0 0 0 0 0 0 0 0 0 0 0
1.74763 0.000521898 0.000165851 0.000356047 0.682216 0.750273 0 0 0 0 0 0 0 0 0 0 0 0 0 0 0 0 0 0 0 0 0 0 0 0 0 0 0 0 0 0 0 0 0 0 0 0 0 0 0 0 0 0 0 0 0 0 0 0 0 0 0 0 0 0 0 0 0 0 0 0 0 0 0 0 0 0 0 0 0 0 0 0 0 0 0 0 0 0 0 0 0 0
1.83733 0.000522322 0.000165233 0.000357089 0.683656 0.748567 0 0 0 0 0 0 0 0 0 0 0 0 0 0 0 0 0 0 0 0 0 0 0 0 0 0 0 0 0 0 0 0 0 0 0 0 0 0 0 0 0 0 0 0 0 0 0 0 0 0 0 0 0 0 0 0 0 0 0 0 0 0 0 0 0 0 0 0 0 0 0 0 0 0 0 0 0 0 0 0 0 0
1.93164 0.000522758 0.000164618 0.000358141 0.685098 0.746871 0 0 0 0 0 0 0 0 0 0 0 0 0 0 0 0 0 0 0 0 0 0 0 0 0 0 0 0 0 0 0 0 0 0 0 0 0 0 0 0 0 0 0 0 0 0 0 0 0 0 0 0 0 0 0 0 0 0 0 0 0 0 0 0 0 0 0 0 0 0 0 0 0 0 0 0 0 0 0 0 0 0
2.03079 0.000523207 0.000163999 0.000359208 0.686551 0.745178 0 0 0 0 0 0 0 0 0 0 0 0 0 0 0 0 0 0 0 0 0 0 0 0 0 0 0 0 0 0 0 0 0 0 0 0 0 0 0 0 0 0 0 0 0 0 0 0 0 0 0 0 0 0 0 0 0 0 0 0 0 0 0 0 0 0 0 0 0 0 0 0 0 0 0 0 0 0 0 0 0 0
2.13503 0.000523671 0.000163347 0.000360324 0.688073 0.743411 0 0 0 0 0 0 0 0 0 0 0 0 0 0 0 0 0 0 0 0 0 0 0 0 0 0 0 0 0 0 0 0 0 0 0 0 0 0 0 0 0 0 0 0 0 0 0 0 0 0 0 0 0 0 0 0 0 0 0 0 0 0 0 0 0 0 0 0 0 0 0 0 0 0 0 0 0 0 0 0 0 0
2.24463 0.000524146 0.000162704 0.000361442 0.689583 0.741679 0 0 0 0 0 0 0 0 0 0 0 0 0 0 0 0 0 0 0 0 0 0 0 0 0 0 0 0 0 0 0 0 0 0 0 0 0 0 0 0 0 0 0 0 0 0 0 0 0 0 0 0 0 0 0 0 0 0 0 0 0 0 0 0 0 0 0 0 0 0 0 0 0 0 0 0 0 0 0 0 0 0
2.35984 0.000524634 0.000162081 0.000362553 0.69106 0.739987 0 0 0 0 0 0 0 0 0 0 0 0 0 0 0 0 0 0 0 0 0 0 0 0 0 0 0 0 0 0 0 0 0 0 0 0 0 0 0 0 0 0 0 0 0 0 0 0 0 0 0 0 0 0 0 0 0 0 0 0 0 0 0 0 0 0 0 0 0 0 0 0 0 0 0 0 0 0 0 0 0 0
2.48097 0.000525134 0.000161465 0.000363669 0.692526 0.738329 0 0 0 0 0 0 0 0 0 0 0 0 0 0 0 0 0 0 0 0 0 0 0 0 0 0 0 0 0 0 0 0 0 0 0 0 0 0 0 0 0 0 0 0 0 0 0 0 0 0 0 0 0 0 0 0 0 0 0 0 0 0 0 0 0 0 0 0 0 0 0 0 0 0 0 0 0 0 0 0 0 0
2.60832 0.00052565 0.000160779 0.000364872 0.694134 0.736532 0 0 0 0 0 0 0 0 0 0 0 0 0 0 0 0 0 0 0 0 0 0 0 0 0 0 0 0 0 0 0 0 0 0 0 0 0 0 0 0 0 0 0 0 0 0 0 0 0 0 0 0 0 0 0 0 0 0 0 0 0 0 0 0 0 0 0 0 0 0 0 0 0 0 0 0 0 0 0 0 0 0
2.74221 0.000526178 0.000160071 0.000366107 0.695785 0.734706 0 0 0 0 0 0 0 0 0 0 0 0 0 0 0 0 0 0 0 0 0 0 0 0 0 0 0 0 0 0 0 0 0 0 0 0 0 0 0 0 0 0 0 0 0 0 0 0 0 0 0 0 0 0 0 0 0 0 0 0 0 0 0 0 0 0 0 0 0 0 0 0 0 0 0 0 0 0 0 0 0 0
2.88297 0.000526714 0.000159418 0.000367296 0.697335 0.733001 0 0 0 0 0 0 0 0 0 0 0 0 0 0 0 0 0 0 0 0 0 0 0 0 0 0 0 0 0 0 0 0 0 0 0 0 0 0 0 0 0 0 0 0 0 0 0 0 0 0 0 0 0 0 0 0 0 0 0 0 0 0 0 0 0 0 0 0 0 0 0 0 0 0 0 0 0 0 0 0 0 0
3.03095 0.000527256 0.000158754 0.000368502 0.698905 0.731289 0 0 0 0 0 0 0 0 0 0 0 0 0 0 0 0 0 0 0 0 0 0 0 0 0 0 0 0 0 0 0 0 0 0 0 0 0 0 0 0 0 0 0 0 0 0 0 0 0 0 0 0 0 0 0 0 0 0 0 0 0 0 0 0 0 0 0 0 0 0 0 0 0 0 0 0 0 0 0 0 0 0
3.18653 0.000527816 0.000158074 0.000369741 0.700512 0.72956 0 0 0 0 0 0 0 0 0 0 0 0 0 0 0 0 0 0 0 0 0 0 0 0 0 0 0 0 0 0 0 0 0 0 0 0 0 0 0 0 0 0 0 0 0 0 0 0 0 0 0 0 0 0 0 0 0 0 0 0 0 0 0 0 0 0 0 0 0 0 0 0 0 0 0 0 0 0 0 0 0 0
3.35009 0.000528386 0.00015739 0.000370995 0.70213 0.727835 0 0 0 0 0 0 0 0 0 0 0 0 0 0 0 0 0 0 0 0 0 0 0 0 0 0 0 0 0 0 0 0 0 0 0 0 0 0 0 0 0 0 0 0 0 0 0 0 0 0 0 0 0 0 0 0 0 0 0 0 0 0 0 0 0 0 0 0 0 0 0 0 0 0 0 0 0 0 0 0 0 0
3.52205 0.000528961 0.000156719 0.000372242 0.703722 0.726151 0 0 0 0 0 0 0 0 0 0 0 0 0 0 0 0 0 0 0 0 0 0 0 0 0 0 0 0 0 0 0 0 0 0 0 0 0 0 0 0 0 0 0 0 0 0 0 0 0 0 0 0 0 0 0 0 0 0 0 0 0 0 0 0 0 0 0 0 0 0 0 0 0 0 0 0 0 0 0 0 0 0
3.70284 0.000529544 0.000156057 0.000373488 0.7053 0.724499 0 0 0 0 0 0 0 0 0 0 0 0 0 0 0 0 0 0 0 0 0 0 0 0 0 0 0 0 0 0 0 0 0 0 0 0 0 0 0 0 0 0 0 0 0 0 0 0 0 0 0 0 0 0 0 0 0 0 0 0 0 0 0 0 0 0 0 0 0 0 0 0 0 0 0 0 0 0 0 0 0 0
3.89291 0.00053014 0.000155416 0.000374725 0.706841 0.722906 0 0 0 0 0 0 0 0 0 0 0 0 0 0 0 0 0 0 0 0 0 0 0 0 0 0 0 0 0 0 0 0 0 0 0 0 0 0 0 0 0 0 0 0 0 0 0 0 0 0 0 0 0 0 0 0 0 0 0 0 0 0 0 0 0 0 0 0 0 0 0 0 0 0 0 0 0 0 0 0 0 0
4.09273 0.000530753 0.000154732 0.000376021 0.708467 0.721263 0 0 0 0 0 0 0 0 0 0 0 0 0 0 0 0 0 0 0 0 0 0 0 0 0 0 0 0 0 0 0 0 0 0 0 0 0 0 0 0 0 0 0 0 0 0 0 0 0 0 0 0 0 0 0 0 0 0 0 0 0 0 0 0 0 0 0 0 0 0 0 0 0 0 0 0 0 0 0 0 0 0
4.30281 0.000531367 0.000154047 0.00037732 0.710093 0.719636 0 0 0 0 0 0 0 0 0 0 0 0 0 0 0 0 0 0 0 0 0 0 0 0 0 0 0 0 0 0 0 0 0 0 0 0 0 0 0 0 0 0 0 0 0 0 0 0 0 0 0 0 0 0 0 0 0 0 0 0 0 0 0 0 0 0 0 0 0 0 0 0 0 0 0 0 0 0 0 0 0 0
4.52368 0.000531997 0.000153361 0.000378636 0.711725 0.718032 0 0 0 0 0 0 0 0 0 0 0 0 0 0 0 0 0 0 0 0 0 0 0 0 0 0 0 0 0 0 0 0 0 0 0 0 0 0 0 0 0 0 0 0 0 0 0 0 0 0 0 0 0 0 0 0 0 0 0 0 0 0 0 0 0 0 0 0 0 0 0 0 0 0 0 0 0 0 0 0 0 0
4.75588 0.000532631 0.000152677 0.000379954 0.713354 0.716445 0 0 0 0 0 0 0 0 0 0 0 0 0 0 0 0 0 0 0 0 0 0 0 0 0 0 0 0 0 0 0 0 0 0 0 0 0 0 0 0 0 0 0 0 0 0 0 0 0 0 0 0 0 0 0 0 0 0 0 0 0 0 0 0 0 0 0 0 0 0 0 0 0 0 0 0 0 0 0 0 0 0
5 0.000533265 0.000151987 0.000381278 0.714988 0.71488 0 0 0 0 0 0 0 0 0 0 0 0 0 0 0 0 0 0 0 0 0 0 0 0 0 0 0 0 0 0 0 0 0 0 0 0 0 0 0 0 0 0 0 0 0 0 0 0 0 0 0 0 0 0 0 0 0 0 0 0 0 0 0 0 0 0 0 0 0 0 0 0 0 0 0 0 0 0 0 0 0 0
5.25665 0.000533925 0.000151237 0.000382688 0.716745 0.713254 0 0 0 0 0 0 0 0 0 0 0 0 0 0 0 0 0 0 0 0 0 0 0 0 0 0 0 0 0 0 0 0 0 0 0 0 0 0 0 0 0 0 0 0 0 0 0 0 0 0 0 0 0 0 0 0 0 0 0 0 0 0 0 0 0 0 0 0 0 0 0 0 0 0 0 0 0 0 0 0 0 0
5.52648 0.000534577 0.00015048 0.000384097 0.718506 0.711635 0 0 0 0 0 0 0 0 0 0 0 0 0 0 0 0 0 0 0 0 0 0 0 0 0 0 0 0 0 0 0 0 0 0 0 0 0 0 0 0 0 0 0 0 0 0 0 0 0 0 0 0 0 0 0 0 0 0 0 0 0 0 0 0 0 0 0 0 0 0 0 0 0 0 0 0 0 0 0 0 0 0
5.81015 0.000535208 0.000149759 0.000385449 0.720185 0.710106 0 0 0 0 0 0 0 0 0 0 0 0 0 0 0 0 0 0 0 0 0 0 0 0 0 0 0 0 0 0 0 0 0 0 0 0 0 0 0 0 0 0 0 0 0 0 0 0 0 0 0 0 0 0 0 0 0 0 0 0 0 0 0 0 0 0 0 0 0 0 0 0 0 0 0 0 0 0 0 0 0 0
6.10839 0.000535842 0.000149037 0.000386805 0.721864 0.708591 0 0 0 0 0 0 0 0 0 0 0 0 0 0 0 0 0 0 0 0 0 0 0 0 0 0 0 0 0 0 0 0 0 0 0 0 0 0 0 0 0 0 0 0 0 0 0 0 0 0 0 0 0 0 0 0 0 0 0 0 0 0 0 0 0 0 0 0 0 0 0 0 0 0 0 0 0 0 0 0 0 0
6.42193 0.000536502 0.000148367 0.000388135 0.723455 0.707204 0 0 0 0 0 0 0 0 0 0 0 0 0 0 0 0 0 0 0 0 0 0 0 0 0 0 0 0 0 0 0 0 0 0 0 0 0 0 0 0 0 0 0 0 0 0 0 0 0 0 0 0 0 0 0 0 0 0 0 0 0 0 0 0 0 0 0 0 0 0 0 0 0 0 0 0 0 0 0 0 0 0
6.75157 0.000537214 0.000147641 0.000389573 0.725173 0.705778 0 0 0 0 0 0 0 0 0 0 0 0 0 0 0 0 0 0 0 0 0 0 0 0 0 0 0 0 0 0 0 0 0 0 0 0 0 0 0 0 0 0 0 0 0 0 0 0 0 0 0 0 0 0 0 0 0 0 0 0 0 0 0 0 0 0 0 0 0 0 0 0 0 0 0 0 0 0 0 0 0 0
7.09813 0.00053783 0.00014693 0.0003909 0.72681 0.704362 0 0 0 0 0 0 0 0 0 0 0 0 0 0 0 0 0 0 0 0 0 0 0 0 0 0 0 0 0 0 0 0 0 0 0 0 0 0 0 0 0 0 0 0 0 0 0 0 0 0 0 0 0 0 0 0 0 0 0 0 0 0 0 0 0 0 0 0 0 0 0 0 0 0 0 0 0 0 0 0 0 0
7.46248 0.000538577 0.000146245 0.000392332 0.728461 0.703077 0 0 0 0 0 0 0 0 0 0 0 0 0 0 0 0 0 0 0 0 0 0 0 0 0 0 0 0 0 0 0 0 0 0 0 0 0 0 0 0 0 0 0 0 0 0 0 0 0 0 0 0 0 0 0 0 0 0 0 0 0 0 0 0 0 0 0 0 0 0 0 0 0 0 0 0 0 0 0 0 0 0
7.84553 0.00053924 0.000145549 0.000393691 0.730085 0.701779 0 0 0 0 0 0 0 0 0 0 0 0 0 0 0 0 0 0 0 0 0 0 0 0 0 0 0 0 0 0 0 0 0 0 0 0 0 0 0 0 0 0 0 0 0 0 0 0 0 0 0 0 0 0 0 0 0 0 0 0 0 0 0 0 0 0 0 0 0 0 0 0 0 0 0 0 0 0 0 0 0 0
8.24824 0.00053997 0.000144765 0.000395205 0.731901 0.700424 0 0 0 0 0 0 0 0 0 0 0 0 0 0 0 0 0 0 0 0 0 0 0 0 0 0 0 0 0 0 0 0 0 0 0 0 0 0 0 0 0 0 0 0 0 0 0 0 0 0 0 0 0 0 0 0 0 0 0 0 0 0 0 0 0 0 0 0 0 0 0 0 0 0 0 0 0 0 0 0 0 0
8.67162 0.000540541 0.000144 0.000396541 0.7336 0.699078 0 0 0 0 0 0 0 0 0 0 0 0 0 0 0 0 0 0 0 0 0 0 0 0 0 0 0 0 0 0 0 0 0 0 0 0 0 0 0 0 0 0 0 0 0 0 0 0 0 0 0 0 0 0 0 0 0 0 0 0 0 0 0 0 0 0 0 0 0 0 0 0 0 0 0 0 0 0 0 0 0 0
9.11674 0.000541314 0.000143274 0.00039804 0.735322 0.697899 0 0 0 0 0 0 0 0 0 0 0 0 0 0 0 0 0 0 0 0 0 0 0 0 0 0 0 0 0 0 0 0 0 0 0 0 0 0 0 0 0 0 0 0 0 0 0 0 0 0 0 0 0 0 0 0 0 0 0 0 0 0 0 0 0 0 0 0 0 0 0 0 0 0 0 0 0 0 0 0 0 0
9.5847 0.000541987 0.000142611 0.000399376 0.736874 0.696826 0 0 0 0 0 0 0 0 0 0 0 0 0 0 0 0 0 0 0 0 0 0 0 0 0 0 0 0 0 0 0 0 0 0 0 0 0 0 0 0 0 0 0 0 0 0 0 0 0 0 0 0 0 0 0 0 0 0 0 0 0 0 0 0 0 0 0 0 0 0 0 0 0 0 0 0 0 0 0 0 0 0
10.0767 0.000542636 0.000141974 0.000400662 0.738363 0.695804 0 0 0 0 0 0 0 0 0 0 0 0 0 0 0 0 0 0 0 0 0 0 0 0 0 0 0 0 0 0 0 0 0 0 0 0 0 0 0 0 0 0 0 0 0 0 0 0 0 0 0 0 0 0 0 0 0 0 0 0 0 0 0 0 0 0 0 0 0 0 0 0 0 0 0 0 0 0 0 0 0 0
10.5939 0.000543304 0.000141337 0.000401967 0.739857 0.694863 0 0 0 0 0 0 0 0 0 0 0 0 0 0 0 0 0 0 0 0 0 0 0 0 0 0 0 0 0 0 0 0 0 0 0 0 0 0 0 0 0 0 0 0 0 0 0 0 0 0 0 0 0 0 0 0 0 0 0 0 0 0 0 0 0 0 0 0 0 0 0 0 0 0 0 0 0 0 0 0 0 0
11.1377 0.000544074 0.000140805 0.000403269 0.741203 0.6943 0 0 0 0 0 0 0 0 0 0 0 0 0 0 0 0 0 0 0 0 0 0 0 0 0 0 0 0 0 0 0 0 0 0 0 0 0 0 0 0 0 0 0 0 0 0 0 0 0 0 0 0 0 0 0 0 0 0 0 0 0 0 0 0 0 0 0 0 0 0 0 0 0 0 0 0 0 0 0 0 0 0
11.7094 0.000544729 0.000139496 0.000405233 0.743916 0.691413 0 0 0 0 0 0 0 0 0 0 0 0 0 0 0 0 0 0 0 0 0 0 0 0 0 0 0 0 0 0 0 0 0 0 0 0 0 0 0 0 0 0 0 0 0 0 0 0 0 0 0 0 0 0 0 0 0 0 0 0 0 0 0 0 0 0 0 0 0 0 0 0 0 0 0 0 0 0 0 0 0 0
12.3105 0.000545475 0.000139233 0.000406242 0.744749 0.691722 0 0 0 0 0 0 0 0 0 0 0 0 0 0 0 0 0 0 0 0 0 0 0 0 0 0 0 0 0 0 0 0 0 0 0 0 0 0 0 0 0 0 0 0 0 0 0 0 0 0 0 0 0 0 0 0 0 0 0 0 0 0 0 0 0 0 0 0 0 0 0 0 0 0 0 0 0 0 0 0 0 0
12.9424 0.000546195 0.00013846 0.000407734 0.7465 0.690868 0 0 0 0 0 0 0 0 0 0 0 0 0 0 0 0 0 0 0 0 0 0 0 0 0 0 0 0 0 0 0 0 0 0 0 0 0 0 0 0 0 0 0 0 0 0 0 0 0 0 0 0 0 0 0 0 0 0 0 0 0 0 0 0 0 0 0 0 0 0 0 0 0 0 0 0 0 0 0 0 0 0
13.6067 0.000546872 0.000137708 0.000409164 0.74819 0.690048 0 0 0 0 0 0 0 0 0 0 0 0 0 0 0 0 0 0 0 0 0 0 0 0 0 0 0 0 0 0 0 0 0 0 0 0 0 0 0 0 0 0 0 0 0 0 0 0 0 0 0 0 0 0 0 0 0 0 0 0 0 0 0 0 0 0 0 0 0 0 0 0 1.4013e-45 0 2.8026e-45 0 4.2039e-45 0 8.40779e-45 0 1.68156e-44 0
14.3051 0.000547538 0.000137023 0.000410515 0.749747 0.689358 0 0 0 0 0 0 0 0 0 0 0 0 0 0 0 0 0 0 0 0 0 0 0 0 0 0 0 0 0 0 0 0 0 0 0 0 0 0 0 0 0 0 0 0 0 0 0 0 0 0 0 0 0 0 0 0 0 0 1.4013e-45 0 2.8026e-45 0 5.60519e-45 0 1.26117e-44 0 2.66247e-44 0 5.74532e-44 0 1.21913e-43 0 2.53635e-43 0 4.87652e-43 0 9.34666e-43 0 1.8357e-42 0 3.3463e-42 0
15.0394 0.000548204 0.000136379 0.000411826 0.751227 0.688744 0 0 0 0 0 0 0 0 0 0 0 0 0 0 0 0 0 0 0 0 0 0 0 0 0 0 0 0 0 0 0 0 0 0 0 0 0 0 0 0 0 0 0 0 0 0 0 0 1.4013e-45 0 4.2039e-45 0 1.4013e-44 0 3.50325e-44 0 8.82818e-44 0 2.12997e-43 0 4.90454e-43 0 1.11403e-42 0 2.49992e-42 0 5.1778e-42 0 1.06176e-41 0 2.15702e-41 0 4.34122e-41 0 8.10945e-41 0 1.50372e-40 0 2.85796e-40 0 5.05974e-40 0
15.8114 0.000548878 0.000135792 0.000413086 0.752601 0.688253 0 0 0 0 0 0 0 0 0 0 0 0 0 0 0 0 0 0 0 0 0 0 0 0 0 0 0 0 0 0 0 0 0 0 0 0 0 0 1.4013e-45 0 2.8026e-45 0 1.26117e-44 0 4.06377e-44 0 1.24716e-43 0 3.64338e-43 0 1.00193e-42 0 2.61062e-42 0 6.45158e-42 0 1.5703e-41 0 3.63833e-41 0 8.03911e-41 0 1.75535e-40 0 3.78859e-40 0 7.57238e-40 0 1.49955e-39 0 2.94269e-39 0 5.72349e-39 0 1.03703e-38 0 1.86584e-38 0 3.43675e-38 0 5.91709e-38 0
16.623 0.000549532 0.000135154 0.000414378 0.754056 0.687764 0 0 0 0 0 0 0 0 0 0 0 0 0 0 0 0 0 0 0 0 0 0 0 0 0 0 0 0 0 0 0 0 2.8026e-45 0 1.26117e-44 0 5.32493e-44 0 2.01787e-43 0 7.14662e-43 0 2.3724e-42 0 7.38484e-42 0 2.16403e-41 0 5.98705e-41 0 1.5681e-40 0 3.89777e-40 0 9.21591e-40 0 2.14801e-39 0 4.77665e-39 0 1.01537e-38 0 2.13412e-38 0 4.4363e-38 0 8.57218e-38 0 1.64185e-37 0 3.11761e-37 0 5.8699e-37 0 1.03314e-36 0 1.80629e-36 0 3.22931e-36 0 5.41439e-36 0
17.4762 0.000550144 0.000134462 0.000415683 0.755589 0.68726 0 0 0 0 0 0 0 0 0 0 0 0 0 0 0 0 0 0 0 0 0 0 0 0 0 0 2.8026e-45 0 1.96182e-44 0 1.079e-43 0 5.49309e-43 0 2.36819e-42 0 9.44195e-42 0 3.36788e-41 0 1.12301e-40 0 3.51335e-40 0 1.03464e-39 0 2.87679e-39 0 7.57325e-39 0 1.89245e-38 0 4.49947e-38 0 1.02009e-37 0 2.28135e-37 0 4.87903e-37 0 9.99638e-37 0 2.02623e-36 0 4.06419e-36 0 7.60462e-36 0 1.41104e-35 0 2.59675e-35 0 4.74049e-35 0 8.1164e-35 0 1.38085e-34 0 2.39966e-34 0 3.92311e-34 0
18.3733 0.0005507 0.000133742 0.000416958 0.757142 0.686779 0 0 0 0 0 0 0 0 0 0 0 0 0 0 0 0 0 0 0 0 1.4013e-45 0 9.80909e-45 0 8.40779e-44 0 6.05361e-43 0 3.57051e-42 0 1.83528e-41 0 8.63298e-41 0 3.46362e-40 0 1.29065e-39 0 4.32637e-39 0 1.36024e-38 0 4.025e-38 0 1.12443e-37 0 2.97418e-37 0 7.46822e-37 0 1.7846e-36 0 4.06736e-36 0 8.85996e-36 0 1.90511e-35 0 3.92593e-35 0 7.76681e-35 0 1.52092e-34 0 2.94872e-34 0 5.35121e-34 0 9.63398e-34 0 1.72093e-33 0 3.05066e-33 0 5.08783e-33 0 8.43427e-33 0 1.4267e-32 0 2.27714e-32 0
19.3164 0.00055117 0.000132856 0.000418315 0.758957 0.686093 0 0 0 0 0 0 0 0 0 0 0 0 0 0 0 0 0 0 1.26117e-44 0 1.73761e-43 0 1.80627e-42 0 1.43563e-41 0 9.33335e-41 0 5.04814e-40 0 2.39525e-39 0 1.04466e-38 0 3.91641e-38 0 1.3686e-37 0 4.32455e-37 0 1.28571e-36 0 3.6082e-36 0 9.58681e-36 0 2.41815e-35 0 5.80512e-35 0 1.32942e-34 0 2.9105e-34 0 6.10349e-34 0 1.26425e-33 0 2.51492e-33 0 4.81235e-33 0 9.1195e-33 0 1.71183e-32 0 3.01746e-32 0 5.27871e-32 0 9.16611e-32 0 1.58007e-31 0 2.57021e-31 0 4.15686e-31 0 6.85338e-31 0 1.06918e-30 0
20.3079 0.000551435 0.000131514 0.000419921 0.761506 0.684873 0 0 0 0 0 0 0 0 0 0 0 0 0 0 5.60519e-45 0 1.41531e-43 0 2.38781e-42 0 2.80358e-41 0 2.59711e-40 0 1.866e-39 0 1.10722e-38 0 5.51482e-38 0 2.42513e-37 0 9.84312e-37 0 3.45958e-36 0 1.13731e-35 0 3.39743e-35 0 9.57743e-35 0 2.55573e-34 0 6.4741e-34 0 1.56088e-33 0 3.59028e-33 0 7.89608e-33 0 1.6638e-32 0 3.36519e-32 0 6.72704e-32 0 1.29399e-31 0 2.39886e-31 0 4.4062e-31 0 8.02047e-31 0 1.37519e-30 0 2.34094e-30 0 3.95681e-30 0 6.64187e-30 0 1.05503e-29 0 1.66675e-29 0 2.68168e-29 0 4.09375e-29 0
21.3503 0.000551485 0.000129992 0.000421493 0.764288 0.683228 0 0 0 0 0 0 0 0 0 0 0 0 2.38221e-44 0 1.00333e-42 0 2.27823e-41 0 3.34072e-40 0 3.47728e-39 0 2.88946e-38 0 1.88549e-37 0 1.02562e-36 0 4.72326e-36 0 1.93215e-35 0 7.32377e-35 0 2.42088e-34 0 7.50922e-34 0 2.12647e-33 0 5.6988e-33 0 1.44956e-32 0 3.50908e-32 0 8.10446e-32 0 1.78986e-31 0 3.78783e-31 0 7.6962e-31 0 1.50401e-30 0 2.90655e-30 0 5.41518e-30 0 9.74086e-30 0 1.73686e-29 0 3.07043e-29 0 5.12778e-29 0 8.50506e-29 0 1.40121e-28 0 2.29332e-28 0 3.56147e-28 0 5.50219e-28 0 8.64946e-28 0 1.2934e-27 0
22.4463 0.000551428 0.000128129 0.000423298 0.767641 0.680803 0 0 0 0 0 0 0 0 0 0 5.32493e-44 0 4.13663e-42 0 1.44075e-40 0 2.81032e-39 0 3.61463e-38 0 3.35575e-37 0 2.5146e-36 0 1.49728e-35 0 7.49815e-35 0 3.20498e-34 0 1.22393e-33 0 4.34704e-33 0 1.35544e-32 0 3.97832e-32 0 1.07076e-31 0 2.73472e-31 0 6.64618e-31 0 1.54092e-30 0 3.41636e-30 0 7.2587e-30 0 1.48093e-29 0 2.90661e-29 0 5.49736e-29 0 1.02875e-28 0 1.85932e-28 0 3.25004e-28 0 5.63369e-28 0 9.68606e-28 0 1.57762e-27 0 2.55283e-27 0 4.10451e-27 0 6.55807e-27 0 9.96797e-27 0 1.50761e-26 0 2.3182e-26 0 3.3991e-26 0
23.5984 0.000551432 0.000125686 0.000425746 0.772073 0.677015 0 0 0 0 0 0 0 0 4.76441e-44 0 8.76372e-42 0 5.44929e-40 0 1.59563e-38 0 2.69221e-37 0 3.05673e-36 0 2.54527e-35 0 1.72866e-34 0 9.43438e-34 0 4.3672e-33 0 1.7389e-32 0 6.22e-32 0 2.07661e-31 0 6.12531e-31 0 1.70575e-30 0 4.37437e-30 0 1.06722e-29 0 2.48361e-29 0 5.52664e-29 0 1.17858e-28 0 2.41366e-28 0 4.75589e-28 0 9.03206e-28 0 1.65593e-27 0 3.00546e-27 0 5.27719e-27 0 8.97628e-27 0 1.51473e-26 0 2.53629e-26 0 4.03377e-26 0 6.37566e-26 0 1.0016e-25 0 1.56414e-25 0 2.32931e-25 0 3.45253e-25 0 5.19847e-25 0 7.48123e-25 0
24.8097 0.00055173 0.000122326 0.000429404 0.778286 0.671158 0 0 0 0 0 0 8.40779e-45 0 7.64969e-42 0 1.08956e-39 0 5.53802e-38 0 1.37512e-36 0 2.02118e-35 0 2.03815e-34 0 1.53028e-33 0 9.46509e-33 0 4.75495e-32 0 2.04242e-31 0 7.6018e-31 0 2.55511e-30 0 8.04286e-30 0 2.25034e-29 0 5.961e-29 0 1.45999e-28 0 3.41018e-28 0 7.61545e-28 0 1.62972e-27 0 3.34931e-27 0 6.62325e-27 0 1.26254e-26 0 2.32381e-26 0 4.13619e-26 0 7.29175e-26 0 1.24562e-25 0 2.06451e-25 0 3.39595e-25 0 5.54492e-25 0 8.62121e-25 0 1.33252e-24 0 2.04771e-24 0 3.12893e-24 0 4.56987e-24 0 6.64461e-24 0 9.80686e-24 0 1.38646e-23 0
26.0832 0.000552541 0.00011845 0.000434091 0.785626 0.663093 0 0 0 0 0 0 1.54003e-42 0 9.39758e-40 0 1.0507e-37 0 4.40843e-36 0 9.35756e-35 0 1.20624e-33 0 1.08659e-32 0 7.39355e-32 0 4.18379e-31 0 1.94252e-30 0 7.77064e-30 0 2.71245e-29 0 8.59308e-29 0 2.55762e-28 0 6.80545e-28 0 1.71898e-27 0 4.03003e-27 0 9.03124e-27 0 1.93924e-26 0 3.99868e-26 0 7.93384e-26 0 1.51755e-25 0 2.80309e-25 0 5.0079e-25 0 8.66624e-25 0 1.48607e-24 0 2.47309e-24 0 3.99905e-24 0 6.42021e-24 0 1.0235e-23 0 1.5574e-23 0 2.35654e-23 0 3.54615e-23 0 5.30756e-23 0 7.60977e-23 0 1.08643e-22 0 1.57328e-22 0 2.18697e-22 0
27.4221 0.000553822 0.000114328 0.000439494 0.793565 0.653763 0 0 0 0 2.24208e-44 0 2.01176e-40 0 8.97415e-38 0 7.96971e-36 0 2.78622e-34 0 5.09459e-33 0 5.7966e-32 0 4.69024e-31 0 2.90618e-30 0 1.51109e-29 0 6.50921e-29 0 2.43346e-28 0 7.99139e-28 0 2.39309e-27 0 6.75334e-27 0 1.71312e-26 0 4.13576e-26 0 9.30092e-26 0 2.0038e-25 0 4.14509e-25 0 8.2504e-25 0 1.58312e-24 0 2.93373e-24 0 5.25901e-24 0 9.1331e-24 0 1.53874e-23 0 2.57003e-23 0 4.17195e-23 0 6.5897e-23 0 1.03376e-22 0 1.6109e-22 0 2.40149e-22 0 3.56101e-22 0 5.25279e-22 0 7.70863e-22 0 1.08596e-21 0 1.52368e-21 0 2.16695e-21 0 2.96415e-21 0
28.8297 0.000555708 0.000110351 0.000445357 0.801423 0.643548 0 0 0 0 3.46961e-42 0 2.0426e-38 0 6.76466e-36 0 4.82574e-34 0 1.41832e-32 0 2.25033e-31 0 2.27379e-30 0 1.66126e-29 0 9.41653e-29 0 4.51753e-28 0 1.81206e-27 0 6.35197e-27 0 1.96831e-26 0 5.58693e-26 0 1.49877e-25 0 3.63301e-25 0 8.40129e-25 0 1.81607e-24 0 3.76865e-24 0 7.52407e-24 0 1.4481e-23 0 2.69164e-23 0 4.83999e-23 0 8.43242e-23 0 1.42548e-22 0 2.34125e-22 0 3.81369e-22 0 6.04607e-22 0 9.33913e-22 0 1.43322e-21 0 2.18552e-21 0 3.19523e-21 0 4.64773e-21 0 6.7269e-21 0 9.68877e-21 0 1.34227e-20 0 1.85241e-20 0 2.58955e-20 0 3.48846e-20 0
30.3095 0.000557961 0.000106486 0.000451475 0.809151 0.633235 0 0 0 0 4.23489e-40 0 1.63175e-36 0 4.07078e-34 0 2.35781e-32 0 5.87537e-31 0 8.14511e-30 0 7.35116e-29 0 4.87389e-28 0 2.53829e-27 0 1.12798e-26 0 4.22786e-26 0 1.39399e-25 0 4.08755e-25 0 1.10261e-24 0 2.81877e-24 0 6.5436e-24 0 1.45251e-23 0 3.02385e-23 0 6.05529e-23 0 1.1688e-22 0 2.17873e-22 0 3.92897e-22 0 6.86537e-22 0 1.16413e-21 0 1.91813e-21 0 3.07498e-21 0 4.89096e-21 0 7.58143e-21 0 1.14648e-20 0 1.72302e-20 0 2.57387e-20 0 3.69385e-20 0 5.2756e-20 0 7.49905e-20 0 1.06102e-19 0 1.44671e-19 0 1.96539e-19 0 2.70292e-19 0 3.5886e-19 0
31.8653 0.000560493 0.000103256 0.000457237 0.815777 0.623854 0 0 1.4013e-44 0 4.05084e-38 0 1.043e-34 0 1.98735e-32 0 9.44143e-31 0 2.01085e-29 0 2.45183e-28 0 1.98747e-27 0 1.20146e-26 0 5.7728e-26 0 2.38517e-25 0 8.38152e-25 0 2.60714e-24 0 7.25365e-24 0 1.86412e-23 0 4.55207e-23 0 1.01416e-22 0 2.16523e-22 0 4.34907e-22 0 8.41874e-22 0 1.57365e-21 0 2.84555e-21 0 4.98585e-21 0 8.47793e-21 0 1.40097e-20 0 2.25277e-20 0 3.52919e-20 0 5.48764e-20 0 8.32624e-20 0 1.23394e-19 0 1.81794e-19 0 2.66297e-19 0 3.75491e-19 0 5.27029e-19 0 7.36397e-19 0 1.0244e-18 0 1.3758e-18 0 1.8413e-18 0 2.49317e-18 0 3.26463e-18 0
33.5009 0.000563303 0.000100119 0.000463185 0.822265 0.614867 0 0 2.11036e-42 0 3.05886e-36 0 5.3675e-33 0 7.91489e-31 0 3.11417e-29 0 5.71253e-28 0 6.1647e-27 0 4.5118e-26 0 2.49809e-25 0 1.11174e-24 0 4.28601e-24 0 1.41647e-23 0 4.16856e-23 0 1.10327e-22 0 2.70761e-22 0 6.3298e-22 0 1.35614e-21 0 2.79008e-21 0 5.41653e-21 0 1.01523e-20 0 1.84062e-20 0 3.23342e-20 0 5.51242e-20 0 9.13348e-20 0 1.47274e-19 0 2.31388e-19 0 3.54634e-19 0 5.39674e-19 0 8.02332e-19 0 1.16643e-18 0 1.68627e-18 0 2.42449e-18 0 3.36176e-18 0 4.64102e-18 0 6.37966e-18 0 8.73287e-18 0 1.15608e-17 0 1.52538e-17 0 2.03507e-17 0 2.62993e-17 0
35.2205 0.000566091 9.79207e-05 0.00046817 0.827023 0.607683 0 0 2.5669e-40 0 1.86073e-34 0 2.26725e-31 0 2.61993e-29 0 8.61621e-28 0 1.37124e-26 0 1.31752e-25 0 8.74966e-25 0 4.45615e-24 0 1.84373e-23 0 6.6548e-23 0 2.07464e-22 0 5.79206e-22 0 1.46181e-21 0 3.43367e-21 0 7.70116e-21 0 1.58969e-20 0 3.1574e-20 0 5.93426e-20 0 1.07867e-19 0 1.89965e-19 0 3.24655e-19 0 5.39252e-19 0 8.71724e-19 0 1.37321e-18 0 2.11044e-18 0 3.16781e-18 0 4.72288e-18 0 6.88685e-18 0 9.83082e-18 0 1.39587e-17 0 1.97169e-17 0 2.69063e-17 0 3.65648e-17 0 4.94881e-17 0 6.67118e-17 0 8.71132e-17 0 1.13396e-16 0 1.49171e-16 0 1.90377e-16 0
37.0284 0.000568958 9.57367e-05 0.000473221 0.831733 0.600926 1.12104e-44 0 2.43562e-38 0 9.13612e-33 0 7.86895e-30 0 7.21095e-28 0 1.99964e-26 0 2.78019e-25 0 2.39189e-24 0 1.4482e-23 0 6.8121e-23 0 2.6297e-22 0 8.91515e-22 0 2.62921e-21 0 6.98146e-21 0 1.68413e-20 0 3.79432e-20 0 8.18097e-20 0 1.63002e-19 0 3.13083e-19 0 5.70582e-19 0 1.00733e-18 0 1.72565e-18 0 2.87302e-18 0 4.65531e-18 0 7.3511e-18 0 1.13259e-17 0 1.70451e-17 0 2.50826e-17 0 3.66734e-17 0 5.2501e-17 0 7.36529e-17 0 1.02804e-16 0 1.42784e-16 0 1.91913e-16 0 2.56927e-16 0 3.42634e-16 0 4.55197e-16 0 5.8671e-16 0 7.53955e-16 0 9.78632e-16 0 1.23417e-15 0
38.9291 0.000571589 9.3962e-05 0.000477627 0.835613 0.595275 1.74462e-42 0 1.83299e-36 0 3.67417e-31 0 2.27514e-28 0 1.6722e-26 0 3.94273e-25 0 4.82067e-24 0 3.73371e-23 0 2.07035e-22 0 9.0295e-22 0 3.26323e-21 0 1.04227e-20 0 2.91573e-20 0 7.38177e-20 0 1.70576e-19 0 3.69363e-19 0 7.67066e-19 0 1.47776e-18 0 2.74935e-18 0 4.86589e-18 0 8.35531e-18 0 1.39422e-17 0 2.26416e-17 0 3.5833e-17 0 5.5335e-17 0 8.34751e-17 0 1.23144e-16 0 1.77826e-16 0 2.55223e-16 0 3.59028e-16 0 4.95419e-16 0 6.80336e-16 0 9.2988e-16 0 1.23192e-15 0 1.62592e-15 0 2.13804e-15 0 2.80132e-15 0 3.56619e-15 0 4.52698e-15 0 5.80166e-15 0 7.23417e-15 0
40.9273 0.000573966 9.22019e-05 0.000481764 0.83936 0.5901 2.064e-40 0 1.1023e-34 0 1.21741e-29 0 5.50776e-27 0 3.28198e-25 0 6.63183e-24 0 7.17556e-23 0 5.02902e-22 0 2.56487e-21 0 1.04102e-20 0 3.53344e-20 0 1.06637e-19 0 2.83701e-19 0 6.86401e-19 0 1.52256e-18 0 3.17489e-18 0 6.36228e-18 0 1.18708e-17 0 2.14261e-17 0 3.68781e-17 0 6.16745e-17 0 1.00373e-16 0 1.59189e-16 0 2.46351e-16 0 3.7244e-16 0 5.50675e-16 0 7.97092e-16 0 1.13057e-15 0 1.59427e-15 0 2.20564e-15 0 2.99606e-15 0 4.05112e-15 0 5.45323e-15 0 7.12596e-15 0 9.27851e-15 0 1.2039e-14 0 1.5567e-14 0 1.95852e-14 0 2.45739e-14 0 3.11141e-14 0 3.83809e-14 0
43.0281 0.000575911 9.065e-05 0.000485261 0.842597 0.585597 1.91321e-38 0 5.36673e-33 0 3.36216e-28 0 1.12851e-25 0 5.508e-24 0 9.61063e-23 0 9.2572e-22 0 5.89956e-21 0 2.77879e-20 0 1.05328e-19 0 3.36799e-19 0 9.63075e-19 0 2.44267e-18 0 5.6604e-18 0 1.20768e-17 0 2.42953e-17 0 4.70616e-17 0 8.51746e-17 0 1.49365e-16 0 2.50359e-16 0 4.08315e-16 0 6.48903e-16 0 1.00623e-15 0 1.52433e-15 0 2.25848e-15 0 3.27615e-15 0 4.65731e-15 0 6.49403e-15 0 9.00511e-15 0 1.22625e-14 0 1.64097e-14 0 2.1864e-14 0 2.90071e-14 0 3.74129e-14 0 4.80906e-14 0 6.16095e-14 0 7.8671e-14 0 9.78744e-14 0 1.21452e-13 0 1.52014e-13 0 1.85605e-13 0
45.2368 0.000577569 8.90049e-05 0.000488564 0.845897 0.581325 1.40128e-36 0 2.13051e-31 0 7.78372e-27 0 1.96675e-24 0 7.93963e-23 0 1.20484e-21 0 1.03903e-20 0 6.0492e-20 0 2.64164e-19 0 9.38224e-19 0 2.83457e-18 0 7.70013e-18 0 1.86624e-17 0 4.15079e-17 0 8.53426e-17 0 1.65927e-16 0 3.11201e-16 0 5.47148e-16 0 9.33544e-16 0 1.52579e-15 0 2.42972e-15 0 3.77501e-15 0 5.72971e-15 0 8.50567e-15 0 1.23626e-14 0 1.76104e-14 0 2.46083e-14 0 3.37608e-14 0 4.6074e-14 0 6.18014e-14 0 8.15348e-14 0 1.07124e-13 0 1.40174e-13 0 1.78562e-13 0 2.26727e-13 0 2.86971e-13 0 3.62094e-13 0 4.45703e-13 0 5.47272e-13 0 6.77521e-13 0 8.19213e-13 0
47.5588 0.000578851 8.78881e-05 0.000490963 0.848168 0.577761 8.2608e-35 0 7.01415e-30 0 1.5343e-25 0 2.95916e-23 0 9.97253e-22 0 1.32516e-20 0 1.02868e-19 0 5.49537e-19 0 2.23314e-18 0 7.45548e-18 0 2.13408e-17 0 5.52119e-17 0 1.28154e-16 0 2.74122e-16 0 5.4412e-16 0 1.02411e-15 0 1.86268e-15 0 3.18593e-15 0 5.29587e-15 0 8.45048e-15 0 1.31546e-14 0 2.0003e-14 0 2.97483e-14 0 4.33172e-14 0 6.18207e-14 0 8.65547e-14 0 1.18989e-13 0 1.60744e-13 0 2.16065e-13 0 2.85693e-13 0 3.7185e-13 0 4.82085e-13 0 6.22591e-13 0 7.83776e-13 0 9.83654e-13 0 1.23078e-12 0 1.53544e-12 0 1.87091e-12 0 2.27435e-12 0 2.78644e-12 0 3.33808e-12 0
50 0.000579823 8.65161e-05 0.000493307 0.850789 0.574078 3.92778e-33 0 1.91623e-28 0 2.5733e-24 0 3.83861e-22 0 1.0895e-20 0 1.27596e-19 0 8.96182e-19 0 4.41145e-18 0 1.67406e-17 0 5.26948e-17 0 1.43286e-16 0 3.53891e-16 0 7.88339e-16 0 1.62481e-15 0 3.11902e-15 0 5.69194e-15 0 1.00546e-14 0 1.67527e-14 0 2.7165e-14 0 4.23687e-14 0 6.45442e-14 0 9.61587e-14 0 1.40262e-13 0 2.00526e-13 0 2.81256e-13 0 3.87367e-13 0 5.24315e-13 0 6.97975e-13 0 9.24737e-13 0 1.20618e-12 0 1.54985e-12 0 1.984e-12 0 2.53045e-12 0 3.14996e-12 0 3.90965e-12 0 4.83865e-12 0 5.97156e-12 0 7.20636e-12 0 8.67722e-12 0 1.05261e-11 0 1.24993e-11 0
52.5665 0.00058075 8.55894e-05 0.000495161 0.852623 0.570937 1.53432e-31 0 4.4189e-27 0 3.73085e-23 0 4.35875e-21 0 1.05068e-19 0 1.0912e-18 0 6.96841e-18 0 3.17339e-17 0 1.12833e-16 0 3.35828e-16 0 8.69645e-16 0 2.05511e-15 0 4.40246e-15 0 8.75893e-15 0 1.62869e-14 0 2.88619e-14 0 4.95868e-14 0 8.0586e-14 0 1.27625e-13 0 1.94781e-13 0 2.90691e-13 0 4.24728e-13 0 6.08215e-13 0 8.54493e-13 0 1.17887e-12 0 1.59845e-12 0 2.13182e-12 0 2.79854e-12 0 3.65716e-12 0 4.70872e-12 0 5.97678e-12 0 7.55929e-12 0 9.52749e-12 0 1.17339e-11 0 1.4411e-11 0 1.76506e-11 0 2.15607e-11 0 2.57814e-11 0 3.07632e-11 0 3.69677e-11 0 4.35308e-11 0
55.2648 0.000581398 8.46905e-05 0.000496707 0.854333 0.567836 4.94896e-30 0 8.6335e-26 0 4.68784e-22 0 4.34091e-20 0 8.95795e-19 0 8.29886e-18 0 4.84096e-17 0 2.04727e-16 0 6.8421e-16 0 1.93083e-15 0 4.77303e-15 0 1.08157e-14 0 2.23233e-14 0 4.29465e-14 0 7.74751e-14 0 1.33511e-13 0 2.234e-13 0 3.54552e-13 0 5.49043e-13 0 8.20828e-13 0 1.20129e-12 0 1.72301e-12 0 2.42449e-12 0 3.35013e-12 0 4.54984e-12 0 6.07818e-12 0 7.99315e-12 0 1.03545e-11 0 1.33558e-11 0 1.69851e-11 0 2.13096e-11 0 2.66446e-11 0 3.32047e-11 0 4.04806e-11 0 4.922e-11 0 5.96909e-11 0 7.2205e-11 0 8.55893e-11 0 1.01251e-10 0 1.20585e-10 0 1.40865e-10 0
58.1015 0.000582026 8.39344e-05 0.000498092 0.855789 0.564897 1.33234e-28 0 1.44276e-24 0 5.14792e-21 0 3.8214e-19 0 6.80244e-18 0 5.6529e-17 0 3.02544e-16 0 1.1925e-15 0 3.75739e-15 0 1.00796e-14 0 2.38399e-14 0 5.1906e-14 0 1.03409e-13 0 1.92687e-13 0 3.37735e-13 0 5.66751e-13 0 9.24788e-13 0 1.43498e-12 0 2.1752e-12 0 3.18873e-12 0 4.58077e-12 0 6.45549e-12 0 8.93346e-12 0 1.21508e-11 0 1.62573e-11 0 2.14134e-11 0 2.77858e-11 0 3.55423e-11 0 4.5278e-11 0 5.69102e-11 0 7.06136e-11 0 8.73341e-11 0 1.07673e-10 0 1.30003e-10 0 1.56568e-10 0 1.88096e-10 0 2.25426e-10 0 2.65002e-10 0 3.10933e-10 0 3.67161e-10 0 4.25666e-10 0
61.0839 0.000582535 8.32401e-05 0.000499295 0.857107 0.561935 3.01776e-27 0 2.07624e-23 0 4.96904e-20 0 2.98905e-18 0 4.623e-17 0 3.46443e-16 0 1.70836e-15 0 6.29747e-15 0 1.87612e-14 0 4.79616e-14 0 1.08768e-13 0 2.2799e-13 0 4.39178e-13 0 7.9385e-13 0 1.35382e-12 0 2.21514e-12 0 3.52915e-12 0 5.35989e-12 0 7.96142e-12 0 1.14551e-11 0 1.61673e-11 0 2.24055e-11 0 3.0518e-11 0 4.08903e-11 0 5.39374e-11 0 7.00947e-11 0 8.98047e-11 0 1.13501e-10 0 1.42893e-10 0 1.77609e-10 0 2.18066e-10 0 2.66917e-10 0 3.25733e-10 0 3.89683e-10 0 4.6507e-10 0 5.53738e-10 0 6.57794e-10 0 7.67196e-10 0 8.93169e-10 0 1.04616e-09 0 1.20414e-09 0
64.2193 0.00058303 8.26393e-05 0.00050039 0.858259 0.559026 5.80194e-26 0 2.59298e-22 0 4.24441e-19 0 2.0903e-17 0 2.82832e-16 0 1.92101e-15 0 8.76284e-15 0 3.03087e-14 0 8.5608e-14 0 2.09048e-13 0 4.55501e-13 0 9.20899e-13 0 1.71805e-12 0 3.01704e-12 0 5.01287e-12 0 8.00729e-12 0 1.24703e-11 0 1.85568e-11 0 2.70364e-11 0 3.82157e-11 0 5.30366e-11 0 7.2339e-11 0 9.7056e-11 0 1.28198e-10 0 1.66832e-10 0 2.14052e-10 0 2.70943e-10 0 3.38544e-10 0 4.21446e-10 0 5.18303e-10 0 6.30023e-10 0 7.63588e-10 0 9.22829e-10 0 1.09438e-09 0 1.29487e-09 0 1.52867e-09 0 1.80072e-09 0 2.0845e-09 0 2.40882e-09 0 2.79974e-09 0 3.20047e-09 0
67.5157 0.000583525 8.21825e-05 0.000501342 0.859162 0.556118 9.55112e-25 0 2.8318e-21 0 3.22968e-18 0 1.31498e-16 0 1.56677e-15 0 9.69133e-15 0 4.10505e-14 0 1.33638e-13 0 3.58805e-13 0 8.38802e-13 0 1.7595e-12 0 3.43704e-12 0 6.21995e-12 0 1.06265e-11 0 1.72239e-11 0 2.68905e-11 0 4.09825e-11 0 5.9813e-11 0 8.55579e-11 0 1.18909e-10 0 1.62405e-10 0 2.18181e-10 0 2.88558e-10 0 3.76004e-10 0 4.83064e-10 0 6.12293e-10 0 7.66163e-10 0 9.46968e-10 0 1.16632e-09 0 1.41995e-09 0 1.70965e-09 0 2.05273e-09 0 2.45798e-09 0 2.89075e-09 0 3.39236e-09 0 3.97254e-09 0 4.64225e-09 0 5.33556e-09 0 6.12234e-09 0 7.06385e-09 0 8.02233e-09 0
70.9813 0.000584049 8.18061e-05 0.000502243 0.859933 0.553132 1.3556e-23 0 2.72033e-20 0 2.20018e-17 0 7.47523e-16 0 7.89169e-15 0 4.46592e-14 0 1.76294e-13 0 5.41776e-13 0 1.38614e-12 0 3.10886e-12 0 6.2896e-12 0 1.18911e-11 0 2.09048e-11 0 3.47932e-11 0 5.50799e-11 0 8.41425e-11 0 1.25626e-10 0 1.79995e-10 0 2.53008e-10 0 3.46027e-10 0 4.65462e-10 0 6.16369e-10 0 8.04137e-10 0 1.03437e-09 0 1.31273e-09 0 1.64476e-09 0 2.03569e-09 0 2.49019e-09 0 3.03597e-09 0 3.66084e-09 0 4.36795e-09 0 5.19787e-09 0 6.16951e-09 0 7.19856e-09 0 8.38191e-09 0 9.74006e-09 0 1.12959e-08 0 1.28949e-08 0 1.46974e-08 0 1.68395e-08 0 1.9006e-08 0
74.6248 0.000584639 8.15717e-05 0.000503067 0.860475 0.550265 1.67226e-22 0 2.31501e-19 0 1.35026e-16 0 3.86212e-15 0 3.63411e-14 0 1.88967e-13 0 6.97586e-13 0 2.02943e-12 0 4.95955e-12 0 1.06932e-11 0 2.09021e-11 0 3.83074e-11 0 6.55156e-11 0 1.06363e-10 0 1.64645e-10 0 2.4637e-10 0 3.60706e-10 0 5.07818e-10 0 7.02041e-10 0 9.45583e-10 0 1.25368e-09 0 1.63753e-09 0 2.10882e-09 0 2.67945e-09 0 3.36119e-09 0 4.16523e-09 0 5.10183e-09 0 6.1798e-09 0 7.46167e-09 0 8.91561e-09 0 1.05464e-08 0 1.24441e-08 0 1.46472e-08 0 1.6962e-08 0 1.96042e-08 0 2.26143e-08 0 2.60374e-08 0 2.95318e-08 0 3.34454e-08 0 3.80665e-08 0 4.27108e-08 0
78.4553 0.000585247 8.15194e-05 0.000503727 0.860709 0.54708 1.80633e-21 0 1.75662e-18 0 7.50764e-16 0 1.82307e-14 0 1.5376e-13 0 7.3769e-13 0 2.555e-12 0 7.05545e-12 0 1.65061e-11 0 3.42785e-11 0 6.48471e-11 0 1.15382e-10 0 1.9223e-10 0 3.04784e-10 0 4.61834e-10 0 6.77607e-10 0 9.73778e-10 0 1.34822e-09 0 1.83463e-09 0 2.43541e-09 0 3.18477e-09 0 4.10597e-09 0 5.2228e-09 0 6.55892e-09 0 8.13715e-09 0 9.97864e-09 0 1.2102e-08 0 1.45225e-08 0 1.73743e-08 0 2.05801e-08 0 2.41455e-08 0 2.8261e-08 0 3.30007e-08 0 3.79433e-08 0 4.35448e-08 0 4.98818e-08 0 5.70385e-08 0 6.42969e-08 0 7.23766e-08 0 8.18577e-08 0 9.133e-08 0
82.4824 0.000586073 8.15894e-05 0.000504484 0.860786 0.544179 1.71856e-20 0 1.19444e-17 0 3.79789e-15 0 7.89237e-14 0 5.99836e-13 0 2.66571e-12 0 8.68939e-12 0 2.28342e-11 0 5.12488e-11 0 1.02699e-10 0 1.88328e-10 0 3.25796e-10 0 5.29425e-10 0 8.20734e-10 0 1.21866e-09 0 1.75488e-09 0 2.47765e-09 0 3.37632e-09 0 4.52583e-09 0 5.92535e-09 0 7.64773e-09 0 9.7383e-09 0 1.22425e-08 0 1.52044e-08 0 1.86654e-08 0 2.26626e-08 0 2.72273e-08 0 3.23834e-08 0 3.84048e-08 0 4.51165e-08 0 5.25215e-08 0 6.1003e-08 0 7.06967e-08 0 8.07332e-08 0 9.20308e-08 0 1.04727e-07 0 1.18971e-07 0 1.33329e-07 0 1.49218e-07 0 1.67754e-07 0 1.86168e-07 0
86.7162 0.000587009 8.20362e-05 0.000504973 0.860247 0.541216 1.4537e-19 0 7.34035e-17 0 1.76164e-14 0 3.15681e-13 0 2.17304e-12 0 8.97888e-12 0 2.76276e-11 0 6.92552e-11 0 1.4942e-10 0 2.89435e-10 0 5.1528e-10 0 8.67864e-10 0 1.37726e-09 0 2.08987e-09 0 3.04381e-09 0 4.30575e-09 0 5.97762e-09 0 8.0236e-09 0 1.06026e-08 0 1.36998e-08 0 1.74631e-08 0 2.1976e-08 0 2.73201e-08 0 3.35727e-08 0 4.08043e-08 0 4.90755e-08 0 5.84344e-08 0 6.89143e-08 0 8.10506e-08 0 9.44694e-08 0 1.09162e-07 0 1.25867e-07 0 1.44821e-07 0 1.64312e-07 0 1.86111e-07 0 2.10454e-07 0 2.37595e-07 0 2.64791e-07 0 2.94723e-07 0 3.29445e-07 0 3.63753e-07 0
91.1674 0.000587914 8.2429e-05 0.000505485 0.859794 0.537672 1.09401e-18 0 4.07643e-16 0 7.48634e-14 0 1.16522e-12 0 7.29998e-12 0 2.81444e-11 0 8.19749e-11 0 1.96474e-10 0 4.08278e-10 0 7.65734e-10 0 1.32538e-09 0 2.17618e-09 0 3.3765e-09 0 5.02027e-09 0 7.17883e-09 0 9.98459e-09 0 1.36412e-08 0 1.8049e-08 0 2.3528e-08 0 3.00229e-08 0 3.78194e-08 0 4.70617e-08 0 5.78876e-08 0 7.04239e-08 0 8.47819e-08 0 1.01053e-07 0 1.19303e-07 0 1.39571e-07 0 1.62855e-07 0 1.88403e-07 0 2.16173e-07 0 2.47527e-07 0 2.82858e-07 0 3.18955e-07 0 3.59081e-07 0 4.03618e-07 0 4.52978e-07 0 5.02164e-07 0 5.56014e-07 0 6.18148e-07 0 6.79228e-07 0
95.847 0.000589363 8.29909e-05 0.000506372 0.859185 0.534702 7.38651e-18 0 2.06139e-15 0 2.93503e-13 0 3.99527e-12 0 2.2885e-11 0 8.26053e-11 0 2.28364e-10 0 5.24465e-10 0 1.05162e-09 0 1.9127e-09 0 3.22312e-09 0 5.16555e-09 0 7.84465e-09 0 1.14399e-08 0 1.60756e-08 0 2.20013e-08 0 2.96042e-08 0 3.86382e-08 0 4.97195e-08 0 6.26941e-08 0 7.80896e-08 0 9.61412e-08 0 1.17068e-07 0 1.41064e-07 0 1.68292e-07 0 1.98878e-07 0 2.329e-07 0 2.70387e-07 0 3.13128e-07 0 3.59681e-07 0 4.09936e-07 0 4.663e-07 0 5.29398e-07 0 5.93466e-07 0 6.64272e-07 0 7.42412e-07 0 8.28526e-07 0 9.13879e-07 0 1.00686e-06 0 1.1136e-06 0 1.21802e-06 0
100.767 0.000590675 8.40021e-05 0.000506673 0.857786 0.531542 4.51348e-17 0 9.56801e-15 0 1.06938e-12 0 1.28146e-11 0 6.74064e-11 0 2.28528e-10 0 6.01171e-10 0 1.32574e-09 0 2.5695e-09 0 4.53891e-09 0 7.45617e-09 0 1.16776e-08 0 1.73761e-08 0 2.48773e-08 0 3.43821e-08 0 4.63404e-08 0 6.14571e-08 0 7.91749e-08 0 1.00636e-07 0 1.25468e-07 0 1.54612e-07 0 1.88431e-07 0 2.2725e-07 0 2.71349e-07 0 3.20948e-07 0 3.76198e-07 0 4.3717e-07 0 5.0385e-07 0 5.7933e-07 0 6.60972e-07 0 7.48529e-07 0 8.46107e-07 0 9.54667e-07 0 1.06425e-06 0 1.18469e-06 0 1.31687e-06 0 1.46177e-06 0 1.60465e-06 0 1.75957e-06 0 1.93656e-06 0 2.1089e-06 0
105.939 0.000592049 8.53042e-05 0.000506744 0.855917 0.527594 2.50367e-16 0 4.08608e-14 0 3.62754e-12 0 3.85054e-11 0 1.86774e-10 0 5.96577e-10 0 1.49698e-09 0 3.17618e-09 0 5.96025e-09 0 1.02401e-08 0 1.64189e-08 0 2.51576e-08 0 3.67147e-08 0 5.16513e-08 0 7.02667e-08 0 9.33357e-08 0 1.22088e-07 0 1.55352e-07 0 1.95162e-07 0 2.40715e-07 0 2.93619e-07 0 3.54402e-07 0 4.23522e-07 0 5.01349e-07 0 5.88149e-07 0 6.8407e-07 0 7.89133e-07 0 9.03215e-07 0 1.03147e-06 0 1.16928e-06 0 1.31615e-06 0 1.47885e-06 0 1.65879e-06 0 1.83941e-06 0 2.03687e-06 0 2.25249e-06 0 2.48761e-06 0 2.71837e-06 0 2.96742e-06 0 3.25066e-06 0 3.52524e-06 0
111.377 0.000594505 8.70353e-05 0.00050747 0.8536 0.524448 1.26873e-15 0 1.61461e-13 0 1.15146e-11 0 1.0891e-10 0 4.89081e-10 0 1.47607e-09 0 3.54119e-09 0 7.2425e-09 0 1.31796e-08 0 2.20528e-08 0 3.45536e-08 0 5.18527e-08 0 7.42894e-08 0 1.02785e-07 0 1.37744e-07 0 1.80447e-07 0 2.3296e-07 0 2.92966e-07 0 3.63964e-07 0 4.44341e-07 0 5.36766e-07 0 6.4196e-07 0 7.60519e-07 0 8.92888e-07 0 1.03934e-06 0 1.19996e-06 0 1.37464e-06 0 1.56302e-06 0 1.77343e-06 0 1.9981e-06 0 2.23613e-06 0 2.4983e-06 0 2.78661e-06 0 3.07448e-06 0 3.38763e-06 0 3.72787e-06 0 4.09709e-06 0 4.4578e-06 0 4.84544e-06 0 5.28435e-06 0 5.70807e-06 0
117.094 0.000597467 8.92152e-05 0.000508252 0.850678 0.522084 5.90062e-15 0 5.92698e-13 0 3.4319e-11 0 2.90879e-10 0 1.21388e-09 0 3.47119e-09 0 7.97931e-09 0 1.57592e-08 0 2.78517e-08 0 4.54464e-08 0 6.96636e-08 0 1.02489e-07 0 1.44281e-07 0 1.96484e-07 0 2.59574e-07 0 3.35594e-07 0 4.27888e-07 0 5.32114e-07 0 6.54101e-07 0 7.9081e-07 0 9.46528e-07 0 1.12218e-06 0 1.31847e-06 0 1.53587e-06 0 1.77458e-06 0 2.0345e-06 0 2.31524e-06 0 2.61608e-06 0 2.95e-06 0 3.30442e-06 0 3.6778e-06 0 4.08681e-06 0 4.5342e-06 0 4.97866e-06 0 5.45984e-06 0 5.98019e-06 0 6.54226e-06 0 7.08898e-06 0 7.67411e-06 0 8.3339e-06 0 8.9683e-06 0
123.105 0.000599778 9.10581e-05 0.00050872 0.84818 0.518069 2.50715e-14 0 2.01083e-12 0 9.55025e-11 0 7.29247e-10 0 2.83821e-09 0 7.71027e-09 0 1.70179e-08 0 3.2512e-08 0 5.58839e-08 0 8.90334e-08 0 1.3366e-07 0 1.92969e-07 0 2.67157e-07 0 3.58375e-07 0 4.67054e-07 0 5.96312e-07 0 7.51342e-07 0 9.24464e-07 0 1.125e-06 0 1.34759e-06 0 1.59885e-06 0 1.87986e-06 0 2.19137e-06 0 2.53375e-06 0 2.90698e-06 0 3.3106e-06 0 3.74372e-06 0 4.20502e-06 0 4.71403e-06 0 5.25121e-06 0 5.8141e-06 0 6.42751e-06 0 7.09506e-06 0 7.75506e-06 0 8.46636e-06 0 9.23212e-06 0 1.00556e-05 0 1.08533e-05 0 1.17038e-05 0 1.26589e-05 0 1.35739e-05 0
129.424 0.000602199 9.11368e-05 0.000511062 0.84866 0.51165 9.62537e-14 0 6.23219e-12 0 2.45143e-10 0 1.69502e-09 0 6.17347e-09 0 1.59722e-08 0 3.39167e-08 0 6.27804e-08 0 1.05095e-07 0 1.63671e-07 0 2.40883e-07 0 3.4159e-07 0 4.65464e-07 0 6.155e-07 0 7.91848e-07 0 9.99004e-07 0 1.2446e-06 0 1.51596e-06 0 1.82721e-06 0 2.16952e-06 0 2.55263e-06 0 2.97765e-06 0 3.44519e-06 0 3.95533e-06 0 4.50761e-06 0 5.10099e-06 0 5.73383e-06 0 6.40391e-06 0 7.13915e-06 0 7.9109e-06 0 8.71544e-06 0 9.5879e-06 0 1.05327e-05 0 1.14626e-05 0 1.24605e-05 0 1.35302e-05 0 1.46757e-05 0 1.5781e-05 0 1.6955e-05 0 1.82687e-05 0 1.95224e-05 0
136.067 0.00060579 8.97362e-05 0.000516054 0.851869 0.50519 3.36305e-13 0 1.77634e-11 0 5.84038e-10 0 3.67449e-09 0 1.25645e-08 0 3.10329e-08 0 6.35191e-08 0 1.14093e-07 0 1.86248e-07 0 2.8385e-07 0 4.09949e-07 0 5.71506e-07 0 7.67081e-07 0 1.0006e-06 0 1.27154e-06 0 1.58609e-06 0 1.95493e-06 0 2.35834e-06 0 2.81674e-06 0 3.3165e-06 0 3.87131e-06 0 4.48206e-06 0 5.14902e-06 0 5.87174e-06 0 6.64904e-06 0 7.47902e-06 0 8.35902e-06 0 9.28565e-06 0 1.0297e-05 0 1.1353e-05 0 1.24486e-05 0 1.36312e-05 0 1.49059e-05 0 1.6155e-05 0 1.74899e-05 0 1.89152e-05 0 2.04354e-05 0 2.18968e-05 0 2.34435e-05 0 2.51679e-05 0 2.68082e-05 0
143.051 0.000608047 8.52168e-05 0.00052283 0.859852 0.497883 1.05239e-12 0 4.57987e-11 0 1.26972e-09 0 7.30237e-09 0 2.35148e-08 0 5.55709e-08 0 1.09835e-07 0 1.91724e-07 0 3.05575e-07 0 4.56227e-07 0 6.47183e-07 0 8.87715e-07 0 1.1745e-06 0 1.51229e-06 0 1.89944e-06 0 2.34389e-06 0 2.85961e-06 0 3.41825e-06 0 4.04742e-06 0 4.72769e-06 0 5.47704e-06 0 6.29594e-06 0 7.18399e-06 0 8.13997e-06 0 9.16177e-06 0 1.02464e-05 0 1.139e-05 0 1.25878e-05 0 1.38885e-05 0 1.52401e-05 0 1.66359e-05 0 1.81356e-05 0 1.97452e-05 0 2.1316e-05 0 2.29881e-05 0 2.47665e-05 0 2.66562e-05 0 2.84662e-05 0 3.03756e-05 0 3.24972e-05 0 3.45086e-05 0
150.394 0.000607519 7.94738e-05 0.000528045 0.869183 0.488272 3.01414e-12 0 1.09103e-10 0 2.57183e-09 0 1.35802e-08 0 4.13034e-08 0 9.35958e-08 0 1.78938e-07 0 3.03967e-07 0 4.7357e-07 0 6.93343e-07 0 9.66899e-07 0 1.30595e-06 0 1.7044e-06 0 2.16767e-06 0 2.69247e-06 0 3.28854e-06 0 3.97335e-06 0 4.70836e-06 0 5.52919e-06 0 6.40971e-06 0 7.37252e-06 0 8.41736e-06 0 9.54297e-06 0 1.07471e-05 0 1.20265e-05 0 1.3377e-05 0 1.47934e-05 0 1.62696e-05 0 1.78647e-05 0 1.95147e-05 0 2.12109e-05 0 2.30259e-05 0 2.49657e-05 0 2.68512e-05 0 2.8851e-05 0 3.09701e-05 0 3.32137e-05 0 3.53555e-05 0 3.76076e-05 0 4.01019e-05 0 4.24593e-05 0
158.114 0.000604866 7.37053e-05 0.000531161 0.878146 0.474901 8.02846e-12 0 2.43895e-10 0 4.92724e-09 0 2.39874e-08 0 6.91e-08 0 1.50453e-07 0 2.78681e-07 0 4.61314e-07 0 7.03319e-07 0 1.01072e-06 0 1.3868e-06 0 1.8458e-06 0 2.37784e-06 0 2.98888e-06 0 3.6734e-06 0 4.44305e-06 0 5.31891e-06 0 6.25082e-06 0 7.28319e-06 0 8.38234e-06 0 9.57582e-06 0 1.08624e-05 0 1.22397e-05 0 1.37044e-05 0 1.5252e-05 0 1.68768e-05 0 1.85722e-05 0 2.03308e-05 0 2.22225e-05 0 2.41704e-05 0 2.61647e-05 0 2.82899e-05 0 3.05523e-05 0 3.27432e-05 0 3.50586e-05 0 3.75038e-05 0 4.00837e-05 0 4.25385e-05 0 4.51119e-05 0 4.79535e-05 0 5.06311e-05 0
166.23 0.000603833 6.84076e-05 0.000535425 0.886711 0.460495 2.00793e-11 0 5.16339e-10 0 9.00744e-09 0 4.05901e-08 0 1.1104e-07 0 2.32759e-07 0 4.18352e-07 0 6.75684e-07 0 1.00915e-06 0 1.42478e-06 0 1.92496e-06 0 2.52658e-06 0 3.21484e-06 0 3.99609e-06 0 4.86209e-06 0 5.82643e-06 0 6.91401e-06 0 8.0616e-06 0 9.3232e-06 0 1.06568e-05 0 1.20953e-05 0 1.36362e-05 0 1.5276e-05 0 1.70099e-05 0 1.88321e-05 0 2.07356e-05 0 2.27123e-05 0 2.47534e-05 0 2.69393e-05 0 2.91808e-05 0 3.14665e-05 0 3.3893e-05 0 3.64663e-05 0 3.89494e-05 0 4.15649e-05 0 4.43177e-05 0 4.72128e-05 0 4.99591e-05 0 5.28299e-05 0 5.59905e-05 0 5.89603e-05 0
174.763 0.000605307 6.41024e-05 0.000541204 0.894099 0.448964 4.77209e-11 0 1.04723e-09 0 1.58886e-08 0 6.65247e-08 0 1.73263e-07 0 3.50298e-07 0 6.11843e-07 0 9.65331e-07 0 1.41379e-06 0 1.96274e-06 0 2.61311e-06 0 3.38454e-06 0 4.25618e-06 0 5.23459e-06 0 6.3083e-06 0 7.493e-06 0 8.81768e-06 0 1.02045e-05 0 1.17179e-05 0 1.3307e-05 0 1.50102e-05 0 1.68237e-05 0 1.87426e-05 0 2.07607e-05 0 2.28708e-05 0 2.50645e-05 0 2.73322e-05 0 2.96636e-05 0 3.215e-05 0 3.46895e-05 0 3.72693e-05 0 3.9998e-05 0 4.28815e-05 0 4.56544e-05 0 4.85659e-05 0 5.16206e-05 0 5.48234e-05 0 5.78525e-05 0 6.10104e-05 0 6.44773e-05 0 6.77264e-05 0
183.733 0.000607243 6.17679e-05 0.000545475 0.898281 0.441128 1.10089e-10 0 2.07773e-09 0 2.76038e-08 0 1.07771e-07 0 2.67871e-07 0 5.23277e-07 0 8.89426e-07 0 1.37239e-06 0 1.97286e-06 0 2.69537e-06 0 3.5387e-06 0 4.52588e-06 0 5.62813e-06 0 6.85236e-06 0 8.18303e-06 0 9.63848e-06 0 1.12527e-05 0 1.29299e-05 0 1.47478e-05 0 1.66441e-05 0 1.86643e-05 0 2.08031e-05 0 2.30541e-05 0 2.54094e-05 0 2.78601e-05 0 3.03961e-05 0 3.30065e-05 0 3.56791e-05 0 3.85182e-05 0 4.14069e-05 0 4.43308e-05 0 4.74129e-05 0 5.06586e-05 0 5.37698e-05 0 5.70267e-05 0 6.04335e-05 0 6.39949e-05 0 6.7354e-05 0 7.08466e-05 0 7.46711e-05 0 7.82461e-05 0
193.164 0.000606701 5.98157e-05 0.000546886 0.901408 0.432938 2.41615e-10 0 3.95074e-09 0 4.62605e-08 0 1.6899e-07 0 4.01773e-07 0 7.59605e-07 0 1.25811e-06 0 1.9006e-06 0 2.68419e-06 0 3.61176e-06 0 4.67922e-06 0 5.91311e-06 0 7.27539e-06 0 8.77324e-06 0 1.03866e-05 0 1.21366e-05 0 1.40625e-05 0 1.60493e-05 0 1.81886e-05 0 2.04065e-05 0 2.27559e-05 0 2.52297e-05 0 2.78199e-05 0 3.05169e-05 0 3.33102e-05 0 3.61882e-05 0 3.91384e-05 0 4.21472e-05 0 4.53315e-05 0 4.85595e-05 0 5.18158e-05 0 5.52369e-05 0 5.8828e-05 0 6.22599e-05 0 6.5842e-05 0 6.95784e-05 0 7.34734e-05 0 7.71374e-05 0 8.09378e-05 0 8.50887e-05 0 8.89596e-05 0
203.079 0.000603517 5.79816e-05 0.000545536 0.903927 0.420419 5.03815e-10 0 7.18744e-09 0 7.46339e-08 0 2.55928e-07 0 5.83275e-07 0 1.069e-06 0 1.72746e-06 0 2.5576e-06 0 3.5517e-06 0 4.71032e-06 0 6.02581e-06 0 7.5283e-06 0 9.16943e-06 0 1.09567e-05 0 1.28651e-05 0 1.49189e-05 0 1.71626e-05 0 1.94615e-05 0 2.19213e-05 0 2.44568e-05 0 2.71278e-05 0 2.9926e-05 0 3.28413e-05 0 3.5863e-05 0 3.89789e-05 0 4.21759e-05 0 4.54402e-05 0 4.87572e-05 0 5.2255e-05 0 5.57887e-05 0 5.93418e-05 0 6.3063e-05 0 6.69572e-05 0 7.06678e-05 0 7.45302e-05 0 7.85483e-05 0 8.27257e-05 0 8.66456e-05 0 9.07017e-05 0 9.51215e-05 0 9.92337e-05 0
213.503 0.000600336 5.6387e-05 0.000543949 0.906074 0.402464 1.00296e-09 0 1.25669e-08 0 1.16404e-07 0 3.75856e-07 0 8.2283e-07 0 1.46409e-06 0 2.31113e-06 0 3.35683e-06 0 4.58746e-06 0 6.00069e-06 0 7.58483e-06 0 9.37365e-06 0 1.13077e-05 0 1.33948e-05 0 1.56052e-05 0 1.79662e-05 0 2.05273e-05 0 2.31347e-05 0 2.5908e-05 0 2.87507e-05 0 3.173e-05 0 3.48356e-05 0 3.80565e-05 0 4.13801e-05 0 4.4793e-05 0 4.82812e-05 0 5.18294e-05 0 5.54222e-05 0 5.91981e-05 0 6.30002e-05 0 6.68115e-05 0 7.07913e-05 0 7.49437e-05 0 7.88895e-05 0 8.29862e-05 0 8.7237e-05 0 9.16452e-05 0 9.57718e-05 0 0.000100032 0 0.000104664 0 0.000108965 0
224.463 0.000599788 5.47561e-05 0.000545032 0.908708 0.381499 1.90179e-09 0 2.10622e-08 0 1.75002e-07 0 5.33631e-07 0 1.12439e-06 0 1.94517e-06 0 3.00287e-06 0 4.28281e-06 0 5.76436e-06 0 7.44198e-06 0 9.29968e-06 0 1.13748e-05 0 1.35968e-05 0 1.59739e-05 0 1.84717e-05 0 2.11208e-05 0 2.39753e-05 0 2.68636e-05 0 2.99183e-05 0 3.30331e-05 0 3.62813e-05 0 3.96517e-05 0 4.31316e-05 0 4.67076e-05 0 5.03653e-05 0 5.40895e-05 0 5.78645e-05 0 6.16742e-05 0 6.56651e-05 0 6.96713e-05 0 7.36754e-05 0 7.78447e-05 0 8.21828e-05 0 8.62942e-05 0 9.05524e-05 0 9.496e-05 0 9.95198e-05 0 0.000103779 0 0.000108167 0 0.000112927 0 0.000117337 0
235.984 0.000602879 5.34314e-05 0.000549448 0.911373 0.361835 3.46464e-09 0 3.412e-08 0 2.55654e-07 0 7.38265e-07 0 1.49998e-06 0 2.52643e-06 0 3.8184e-06 0 5.3524e-06 0 7.10027e-06 0 9.05314e-06 0 1.11907e-05 0 1.3554e-05 0 1.60613e-05 0 1.87216e-05 0 2.14963e-05 0 2.44191e-05 0 2.75487e-05 0 3.06969e-05 0 3.40087e-05 0 3.73686e-05 0 4.08562e-05 0 4.44589e-05 0 4.81632e-05 0 5.19546e-05 0 5.58181e-05 0 5.97379e-05 0 6.36979e-05 0 6.76816e-05 0 7.1842e-05 0 7.60061e-05 0 8.01564e-05 0 8.44664e-05 0 8.8939e-05 0 9.31675e-05 0 9.75366e-05 0 0.000102049 0 0.000106706 0 0.000111047 0 0.00011551 0 0.000120342 0 0.00012481 0
248.097 0.000608157 5.25737e-05 0.000555584 0.913552 0.346448 6.09837e-09 0 5.37112e-08 0 3.6476e-07 0 1.00019e-06 0 1.96303e-06 0 3.22327e-06 0 4.77438e-06 0 6.58306e-06 0 8.61325e-06 0 1.08529e-05 0 1.32774e-05 0 1.59319e-05 0 1.87235e-05 0 2.16624e-05 0 2.47061e-05 0 2.78916e-05 0 3.12821e-05 0 3.46738e-05 0 3.82236e-05 0 4.18079e-05 0 4.55119e-05 0 4.93221e-05 0 5.32242e-05 0 5.7203e-05 0 6.12431e-05 0 6.53283e-05 0 6.94422e-05 0 7.35682e-05 0 7.78648e-05 0 8.21533e-05 0 8.64163e-05 0 9.0832e-05 0 9.5403e-05 0 9.97143e-05 0 0.000104159 0 0.000108739 0 0.000113457 0 0.000117844 0 0.000122347 0 0.000127213 0 0.000131704 0
260.832 0.000612857 5.24021e-05 0.000560455 0.914495 0.335394 1.0441e-08 0 8.26917e-08 0 5.1143e-07 0 1.33498e-06 0 2.53529e-06 0 4.06337e-06 0 5.90449e-06 0 8.01471e-06 0 1.03499e-05 0 1.28949e-05 0 1.56214e-05 0 1.85788e-05 0 2.16632e-05 0 2.48862e-05 0 2.82018e-05 0 3.16508e-05 0 3.53008e-05 0 3.89329e-05 0 4.27159e-05 0 4.65185e-05 0 5.04315e-05 0 5.44408e-05 0 5.85312e-05 0 6.26872e-05 0 6.68929e-05 0 7.1132e-05 0 7.53881e-05 0 7.96445e-05 0 8.40647e-05 0 8.84648e-05 0 9.2828e-05 0 9.73365e-05 0 0.000101993 0 0.000106374 0 0.000110882 0 0.000115518 0 0.000120283 0 0.000124706 0 0.000129237 0 0.000134125 0 0.000138628 0
274.221 0.00061402 5.2338e-05 0.000561682 0.914762 0.325788 1.72337e-08 0 1.23373e-07 0 6.9809e-07 0 1.73885e-06 0 3.20051e-06 0 5.01283e-06 0 7.15259e-06 0 9.5653e-06 0 1.21993e-05 0 1.50372e-05 0 1.80473e-05 0 2.12835e-05 0 2.46322e-05 0 2.81067e-05 0 3.16584e-05 0 3.53315e-05 0 3.91976e-05 0 4.30257e-05 0 4.69945e-05 0 5.09668e-05 0 5.50382e-05 0 5.91939e-05 0 6.34186e-05 0 6.76965e-05 0 7.20118e-05 0 7.63482e-05 0 8.06895e-05 0 8.50194e-05 0 8.95043e-05 0 9.39576e-05 0 9.83631e-05 0 0.000102905 0 0.000107585 0 0.00011198 0 0.000116493 0 0.000121124 0 0.000125875 0 0.000130278 0 0.000134781 0 0.000139629 0 0.000144088 0
288.297 0.000610262 5.20224e-05 0.000558239 0.914754 0.313505 2.72873e-08 0 1.77446e-07 0 9.22599e-07 0 2.19795e-06 0 3.92689e-06 0 6.01741e-06 0 8.43848e-06 0 1.11263e-05 0 1.4023e-05 0 1.71101e-05 0 2.03537e-05 0 2.38118e-05 0 2.73633e-05 0 3.10237e-05 0 3.47427e-05 0 3.85678e-05 0 4.25732e-05 0 4.65206e-05 0 5.05952e-05 0 5.46569e-05 0 5.88042e-05 0 6.30222e-05 0 6.72957e-05 0 7.16093e-05 0 7.59474e-05 0 8.02942e-05 0 8.46341e-05 0 8.89517e-05 0 9.34127e-05 0 9.78318e-05 0 0.000102194 0 0.000106681 0 0.000111295 0 0.000115619 0 0.000120051 0 0.000124591 0 0.00012924 0 0.000133541 0 0.000137932 0 0.000142652 0 0.000146987 0
303.095 0.0006024 5.13084e-05 0.000551092 0.914827 0.294189 4.13989e-08 0 2.45696e-07 0 1.17868e-06 0 2.69156e-06 0 4.67458e-06 0 7.01566e-06 0 9.67763e-06 0 1.25895e-05 0 1.56895e-05 0 1.89593e-05 0 2.2364e-05 0 2.59652e-05 0 2.96374e-05 0 3.33981e-05 0 3.71973e-05 0 4.10845e-05 0 4.51352e-05 0 4.91092e-05 0 5.31946e-05 0 5.72513e-05 0 6.13787e-05 0 6.55623e-05 0 6.97874e-05 0 7.40391e-05 0 7.83028e-05 0 8.25634e-05 0 8.68065e-05 0 9.10176e-05 0 9.53584e-05 0 9.96489e-05 0 0.000103875 0 0.000108213 0 0.000112666 0 0.00011683 0 0.000121091 0 0.000125448 0 0.000129902 0 0.000134016 0 0.00013821 0 0.000142712 0 0.00014684 0
318.653 0.000593318 5.03415e-05 0.000542977 0.915153 0.265205 6.0439e-08 0 3.28827e-07 0 1.46126e-06 0 3.20511e-06 0 5.4187e-06 0 7.97319e-06 0 1.08277e-05 0 1.39065e-05 0 1.71465e-05 0 2.05304e-05 0 2.40242e-05 0 2.76917e-05 0 3.14064e-05 0 3.51878e-05 0 3.89871e-05 0 4.28553e-05 0 4.68677e-05 0 5.07875e-05 0 5.48014e-05 0 5.87726e-05 0 6.27994e-05 0 6.68679e-05 0 7.09645e-05 0 7.5075e-05 0 7.91859e-05 0 8.32835e-05 0 8.73543e-05 0 9.13851e-05 0 9.55311e-05 0 9.96203e-05 0 0.00010364 0 0.000107759 0 0.000111978 0 0.000115917 0 0.000119941 0 0.000124049 0 0.000128241 0 0.000132107 0 0.000136043 0 0.000140262 0 0.000144125 0
335.009 0.000586115 4.91064e-05 0.000537009 0.916217 0.226222 8.49942e-08 0 4.25723e-07 0 1.75904e-06 0 3.71329e-06 0 6.1193e-06 0 8.83642e-06 0 1.18227e-05 0 1.50012e-05 0 1.83094e-05 0 2.17323e-05 0 2.5238e-05 0 2.88918e-05 0 3.25691e-05 0 3.6291e-05 0 4.00115e-05 0 4.37818e-05 0 4.76755e-05 0 5.14642e-05 0 5.53295e-05 0 5.91407e-05 0 6.29928e-05 0 6.68732e-05 0 7.0769e-05 0 7.46677e-05 0 7.85567e-05 0 8.24238e-05 0 8.62569e-05 0 9.00441e-05 0 9.39316e-05 0 9.77581e-05 0 0.000101513 0 0.000105353 0 0.000109279 0 0.00011294 0 0.000116672 0 0.000120477 0 0.000124354 0 0.000127924 0 0.000131554 0 0.00013544 0 0.000138993 0
352.205 0.000583359 4.78714e-05 0.000535487 0.917938 0.179715 1.15911e-07 0 5.36666e-07 0 2.06916e-06 0 4.21177e-06 0 6.77406e-06 0 9.6088e-06 0 1.26758e-05 0 1.58991e-05 0 1.92191e-05 0 2.2624e-05 0 2.60847e-05 0 2.96673e-05 0 3.32511e-05 0 3.6859e-05 0 4.0448e-05 0 4.40689e-05 0 4.77931e-05 0 5.14031e-05 0 5.50733e-05 0 5.86804e-05 0 6.23153e-05 0 6.59664e-05 0 6.96222e-05 0 7.32714e-05 0 7.69028e-05 0 8.05055e-05 0 8.40688e-05 0 8.75825e-05 0 9.11821e-05 0 9.47187e-05 0 9.81825e-05 0 0.00010172 0 0.00010533 0 0.00010869 0 0.000112112 0 0.000115594 0 0.000119138 0 0.000122398 0 0.000125707 0 0.000129245 0 0.000132476 0
370.284 0.000586156 4.70178e-05 0.000539138 0.919786 0.129969 1.54768e-07 0 6.64933e-07 0 2.40042e-06 0 4.71984e-06 0 7.41789e-06 0 1.03451e-05 0 1.34652e-05 0 1.67053e-05 0 2.00098e-05 0 2.33705e-05 0 2.67617e-05 0 3.02499e-05 0 3.37194e-05 0 3.71945e-05 0 4.06355e-05 0 4.40928e-05 0 4.76349e-05 0 5.10561e-05 0 5.4523e-05 0 5.79199e-05 0 6.13333e-05 0 6.47526e-05 0 6.81677e-05 0 7.15685e-05 0 7.4945e-05 0 7.82877e-05 0 8.15873e-05 0 8.48347e-05 0 8.81553e-05 0 9.14122e-05 0 9.45968e-05 0 9.78434e-05 0 0.000101152 0 0.000104227 0 0.000107354 0 0.000110532 0 0.000113762 0 0.000116729 0 0.000119738 0 0.00012295 0 0.000125881 0
389.291 0.000593734 4.65391e-05 0.000547195 0.921616 0.0808627 2.02672e-07 0 8.10954e-07 0 2.74999e-06 0 5.23227e-06 0 8.0448e-06 0 1.10402e-05 0 1.41882e-05 0 1.74203e-05 0 2.06859e-05 0 2.39809e-05 0 2.72832e-05 0 3.06594e-05 0 3.39995e-05 0 3.7329e-05 0 4.06116e-05 0 4.38968e-05 0 4.72502e-05 0 5.04784e-05 0 5.37396e-05 0 5.69258e-05 0 6.01188e-05 0 6.33095e-05 0 6.64885e-05 0 6.96471e-05 0 7.27766e-05 0 7.58684e-05 0 7.89147e-05 0 8.19073e-05 0 8.49623e-05 0 8.79537e-05 0 9.08741e-05 0 9.3847e-05 0 9.68722e-05 0 9.96801e-05 0 0.000102531 0 0.000105426 0 0.000108364 0 0.000111059 0 0.00011379 0 0.000116702 0 0.000119356 0
409.273 0.000604359 4.64428e-05 0.000557916 0.923154 0.0351039 2.60743e-07 0 9.75072e-07 0 3.11561e-06 0 5.74558e-06 0 8.65189e-06 0 1.16932e-05 0 1.48471e-05 0 1.80506e-05 0 2.12587e-05 0 2.44717e-05 0 2.7671e-05 0 3.09235e-05 0 3.41248e-05 0 3.73015e-05 0 4.04208e-05 0 4.35309e-05 0 4.66949e-05 0 4.9731e-05 0 5.27893e-05 0 5.57692e-05 0 5.8748e-05 0 6.17176e-05 0 6.46697e-05 0 6.75967e-05 0 7.04909e-05 0 7.3345e-05 0 7.61519e-05 0 7.89049e-05 0 8.17108e-05 0 8.44539e-05 0 8.71281e-05 0 8.98465e-05 0 9.26091e-05 0 9.51698e-05 0 9.7767e-05 0 0.0001004 0 0.00010307 0 0.000105517 0 0.000107993 0 0.000110631 0 0.000113032 0
430.281 0.000615676 4.67911e-05 0.000568885 0.924 -0.00578215 3.30437e-07 0 1.15872e-06 0 3.49895e-06 0 6.26389e-06 0 9.24773e-06 0 1.23186e-05 0 1.54631e-05 0 1.86248e-05 0 2.17648e-05 0 2.48874e-05 0 2.79779e-05 0 3.11029e-05 0 3.41641e-05 0 3.71888e-05 0 4.01476e-05 0 4.30875e-05 0 4.60685e-05 0 4.89206e-05 0 5.17858e-05 0 5.45705e-05 0 5.73477e-05 0 6.011e-05 0 6.28504e-05 0 6.55621e-05 0 6.82384e-05 0 7.08731e-05 0 7.34598e-05 0 7.5993e-05 0 7.85708e-05 0 8.10874e-05 0 8.35375e-05 0 8.60248e-05 0 8.85493e-05 0 9.08864e-05 0 9.32542e-05 0 9.56525e-05 0 9.8081e-05 0 0.000100304 0 0.000102552 0 0.000104945 0 0.000107121 0
452.368 0.000624782 4.73698e-05 0.000577412 0.924182 -0.0417184 4.11051e-07 0 1.3559e-06 0 3.88032e-06 0 6.75369e-06 0 9.7856e-06 0 1.28572e-05 0 1.59649e-05 0 1.906e-05 0 2.21097e-05 0 2.51224e-05 0 2.80871e-05 0 3.10699e-05 0 3.39786e-05 0 3.68413e-05 0 3.96314e-05 0 4.23948e-05 0 4.51883e-05 0 4.78537e-05 0 5.05244e-05 0 5.3114e-05 0 5.56909e-05 0 5.82487e-05 0 6.07812e-05 0 6.32826e-05 0 6.57471e-05 0 6.81691e-05 0 7.05435e-05 0 7.28653e-05 0 7.52248e-05 0 7.75251e-05 0 7.97617e-05 0 8.20296e-05 0 8.43286e-05 0 8.64547e-05 0 8.86063e-05 0 9.07834e-05 0 9.29857e-05 0 9.49999e-05 0 9.70346e-05 0 9.91982e-05 0 0.000101165 0
475.588 0.000628822 4.79927e-05 0.000580829 0.923678 -0.0731331 5.00464e-07 0 1.55763e-06 0 4.23596e-06 0 7.17828e-06 0 1.02175e-05 0 1.3251e-05 0 1.62857e-05 0 1.92809e-05 0 2.22104e-05 0 2.50864e-05 0 2.79015e-05 0 3.07202e-05 0 3.34574e-05 0 3.61412e-05 0 3.87483e-05 0 4.13224e-05 0 4.39173e-05 0 4.63867e-05 0 4.88552e-05 0 5.12433e-05 0 5.36149e-05 0 5.59644e-05 0 5.82865e-05 0 6.0576e-05 0 6.2828e-05 0 6.50379e-05 0 6.72013e-05 0 6.93138e-05 0 7.14577e-05 0 7.35453e-05 0 7.55728e-05 0 7.76262e-05 0 7.97055e-05 0 8.16264e-05 0 8.35685e-05 0 8.55316e-05 0 8.75156e-05 0 8.93286e-05 0 9.11584e-05 0 9.31026e-05 0 9.48681e-05 0
500 0.000625193 4.84865e-05 0.000576706 0.922445 -0.100629 5.94889e-07 0 1.75202e-06 0 4.53938e-06 0 7.49994e-06 0 1.0497e-05 0 1.34466e-05 0 1.63663e-05 0 1.92236e-05 0 2.19987e-05 0 2.47073e-05 0 2.73452e-05 0 2.99748e-05 0 3.25183e-05 0 3.50035e-05 0 3.74099e-05 0 3.97793e-05 0 4.21614e-05 0 4.44228e-05 0 4.66784e-05 0 4.8856e-05 0 5.10145e-05 0 5.31489e-05 0 5.52548e-05 0 5.73279e-05 0 5.9364e-05 0 6.13591e-05 0 6.33096e-05 0 6.52118e-05 0 6.71401e-05 0 6.90154e-05 0 7.08347e-05 0 7.26754e-05 0 7.45373e-05 0 7.62558e-05 0 7.79916e-05 0 7.97446e-05 0 8.15148e-05 0 8.3131e-05 0 8.47609e-05 0 8.64914e-05 0 8.80617e-05 0
525.665 0.000611983 4.88667e-05 0.000563116 0.92015 -0.124655 6.91373e-07 0 1.93207e-06 0 4.78106e-06 0 7.71177e-06 0 1.06226e-05 0 1.34498e-05 0 1.62203e-05 0 1.89101e-05 0 2.15056e-05 0 2.4025e-05 0 2.64669e-05 0 2.88912e-05 0 3.12275e-05 0 3.35027e-05 0 3.56994e-05 0 3.78564e-05 0 4.00198e-05 0 4.20688e-05 0 4.41084e-05 0 4.60737e-05 0 4.80182e-05 0 4.99379e-05 0 5.18289e-05 0 5.36876e-05 0 5.55106e-05 0 5.72946e-05 0 5.90364e-05 0 6.07332e-05 0 6.24513e-05 0 6.41204e-05 0 6.5738e-05 0 6.7373e-05 0 6.90253e-05 0 7.05488e-05 0 7.20865e-05 0 7.36382e-05 0 7.52037e-05 0 7.6632e-05 0 7.80714e-05 0 7.95985e-05 0 8.09833e-05 0
552.648 0.000588204 4.87975e-05 0.000539407 0.91704 -0.146022 7.81057e-07 0 2.07658e-06 0 4.91948e-06 0 7.75651e-06 0 1.05241e-05 0 1.31789e-05 0 1.57562e-05 0 1.82397e-05 0 2.06216e-05 0 2.29217e-05 0 2.51414e-05 0 2.73364e-05 0 2.94445e-05 0 3.14911e-05 0 3.34618e-05 0 3.53921e-05 0 3.73236e-05 0 3.91493e-05 0 4.09629e-05 0 4.27074e-05 0 4.44306e-05 0 4.61291e-05 0 4.77998e-05 0 4.94397e-05 0 5.1046e-05 0 5.2616e-05 0 5.41471e-05 0 5.5637e-05 0 5.7144e-05 0 5.86066e-05 0 6.00227e-05 0 6.14528e-05 0 6.28967e-05 0 6.4227e-05 0 6.55686e-05 0 6.69213e-05 0 6.82851e-05 0 6.95285e-05 0 7.07807e-05 0 7.21083e-05 0 7.33114e-05 0
581.015 0.000554195 4.8182e-05 0.000506013 0.913059 -0.165198 8.56787e-07 0 2.17264e-06 0 4.9387e-06 0 7.6209e-06 0 1.01936e-05 0 1.26326e-05 0 1.49797e-05 0 1.72256e-05 0 1.93673e-05 0 2.14256e-05 0 2.34037e-05 0 2.53528e-05 0 2.72187e-05 0 2.90251e-05 0 3.076e-05 0 3.24554e-05 0 3.41483e-05 0 3.57453e-05 0 3.73289e-05 0 3.88497e-05 0 4.03495e-05 0 4.18257e-05 0 4.32758e-05 0 4.46973e-05 0 4.6088e-05 0 4.74457e-05 0 4.87684e-05 0 5.00542e-05 0 5.13535e-05 0 5.26133e-05 0 5.38321e-05 0 5.50618e-05 0 5.63024e-05 0 5.74445e-05 0 5.85955e-05 0 5.97552e-05 0 6.09236e-05 0 6.19881e-05 0 6.30595e-05 0 6.41947e-05 0 6.52229e-05 0
610.839 0.000511528 4.69921e-05 0.000464536 0.908134 -0.18253 9.12487e-07 0 2.21229e-06 0 4.83574e-06 0 7.31152e-06 0 9.64872e-06 0 1.18403e-05 0 1.39319e-05 0 1.59204e-05 0 1.78064e-05 0 1.96109e-05 0 2.13385e-05 0 2.3035e-05 0 2.46543e-05 0 2.62177e-05 0 2.77158e-05 0 2.91766e-05 0 3.06324e-05 0 3.20032e-05 0 3.33603e-05 0 3.46614e-05 0 3.59429e-05 0 3.72025e-05 0 3.84382e-05 0 3.96482e-05 0 4.08306e-05 0 4.19838e-05 0 4.31061e-05 0 4.4196e-05 0 4.52964e-05 0 4.63625e-05 0 4.7393e-05 0 4.8432e-05 0 4.94793e-05 0 5.04429e-05 0 5.14132e-05 0 5.23903e-05 0 5.33741e-05 0 5.42698e-05 0 5.51709e-05 0 5.61251e-05 0 5.69889e-05 0
642.193 0.000462875 4.52814e-05 0.000417593 0.902173 -0.198305 9.44556e-07 0 2.19456e-06 0 4.62242e-06 0 6.85567e-06 0 8.93264e-06 0 1.08603e-05 0 1.26859e-05 0 1.44109e-05 0 1.60389e-05 0 1.75901e-05 0 1.90698e-05 0 2.05184e-05 0 2.18972e-05 0 2.32253e-05 0 2.4495e-05 0 2.57307e-05 0 2.69598e-05 0 2.81152e-05 0 2.92574e-05 0 3.03509e-05 0 3.14265e-05 0 3.24824e-05 0 3.35171e-05 0 3.4529e-05 0 3.5517e-05 0 3.64795e-05 0 3.74154e-05 0 3.83236e-05 0 3.92397e-05 0 4.01266e-05 0 4.09832e-05 0 4.18462e-05 0 4.27156e-05 0 4.35149e-05 0 4.43194e-05 0 4.5129e-05 0 4.59436e-05 0 4.66849e-05 0 4.74302e-05 0 4.82191e-05 0 4.89328e-05 0
675.157 0.00041134 4.31669e-05 0.000368173 0.895058 -0.212761 9.52398e-07 0 2.12522e-06 0 4.32209e-06 0 6.29468e-06 0 8.10373e-06 0 9.76667e-06 0 1.13303e-05 0 1.27993e-05 0 1.41794e-05 0 1.54892e-05 0 1.67346e-05 0 1.79503e-05 0 1.91044e-05 0 2.02135e-05 0 2.12717e-05 0 2.22997e-05 0 2.33205e-05 0 2.42786e-05 0 2.52243e-05 0 2.61286e-05 0 2.7017e-05 0 2.78881e-05 0 2.87408e-05 0 2.95739e-05 0 3.03865e-05 0 3.11774e-05 0 3.19459e-05 0 3.2691e-05 0 3.3442e-05 0 3.41685e-05 0 3.48698e-05 0 3.55758e-05 0 3.62866e-05 0 3.69397e-05 0 3.75966e-05 0 3.82574e-05 0 3.89219e-05 0 3.95263e-05 0 4.01337e-05 0 4.07762e-05 0 4.13573e-05 0
709.813 0.00035988 4.08423e-05 0.000319038 0.886511 -0.226009 9.3916e-07 0 2.01703e-06 0 3.96827e-06 0 5.681e-06 0 7.23128e-06 0 8.64364e-06 0 9.96278e-06 0 1.11956e-05 0 1.23488e-05 0 1.34393e-05 0 1.44731e-05 0 1.54794e-05 0 1.64325e-05 0 1.73465e-05 0 1.8217e-05 0 1.90612e-05 0 1.98981e-05 0 2.06825e-05 0 2.14558e-05 0 2.21943e-05 0 2.29189e-05 0 2.36288e-05 0 2.43229e-05 0 2.50005e-05 0 2.56608e-05 0 2.6303e-05 0 2.69265e-05 0 2.75305e-05 0 2.81389e-05 0 2.87271e-05 0 2.92945e-05 0 2.98654e-05 0 3.04398e-05 0 3.09673e-05 0 3.14976e-05 0 3.20308e-05 0 3.25666e-05 0 3.30538e-05 0 3.35432e-05 0 3.40607e-05 0 3.45285e-05 0
746.248 0.000311027 3.85231e-05 0.000272503 0.876142 -0.238072 9.10434e-07 0 1.8858e-06 0 3.59564e-06 0 5.06485e-06 0 6.37853e-06 0 7.56539e-06 0 8.66703e-06 0 9.69155e-06 0 1.06461e-05 0 1.15457e-05 0 1.23961e-05 0 1.32219e-05 0 1.40023e-05 0 1.47493e-05 0 1.54594e-05 0 1.6147e-05 0 1.68277e-05 0 1.74648e-05 0 1.80922e-05 0 1.86907e-05 0 1.92773e-05 0 1.98514e-05 0 2.04123e-05 0 2.09593e-05 0 2.14919e-05 0 2.20096e-05 0 2.25118e-05 0 2.2998e-05 0 2.34874e-05 0 2.39603e-05 0 2.44162e-05 0 2.48746e-05 0 2.53357e-05 0 2.57588e-05 0 2.6184e-05 0 2.66113e-05 0 2.70406e-05 0 2.74307e-05 0 2.78224e-05 0 2.82364e-05 0 2.86105e-05 0
784.553 0.000266157 3.61836e-05 0.000229974 0.864052 -0.249192 8.67343e-07 0 1.73603e-06 0 3.2136e-06 0 4.45814e-06 0 5.55832e-06 0 6.54459e-06 0 7.45478e-06 0 8.2974e-06 0 9.07956e-06 0 9.81452e-06 0 1.05074e-05 0 1.11787e-05 0 1.18118e-05 0 1.24167e-05 0 1.29908e-05 0 1.35459e-05 0 1.40948e-05 0 1.46079e-05 0 1.51125e-05 0 1.55934e-05 0 1.60644e-05 0 1.65249e-05 0 1.69744e-05 0 1.74124e-05 0 1.78386e-05 0 1.82526e-05 0 1.86539e-05 0 1.90422e-05 0 1.94329e-05 0 1.98101e-05 0 2.01735e-05 0 2.05389e-05 0 2.09061e-05 0 2.12429e-05 0 2.15813e-05 0 2.19212e-05 0 2.22625e-05 0 2.25725e-05 0 2.28837e-05 0 2.32125e-05 0 2.35095e-05 0
824.824 0.000226112 3.39121e-05 0.0001922 0.850021 -0.259447 8.14227e-07 0 1.57778e-06 0 2.84027e-06 0 3.88399e-06 0 4.7969e-06 0 5.60942e-06 0 6.35526e-06 0 7.04283e-06 0 7.67888e-06 0 8.27487e-06 0 8.83537e-06 0 9.37726e-06 0 9.88738e-06 0 1.03739e-05 0 1.08351e-05 0 1.12804e-05 0 1.17201e-05 0 1.21307e-05 0 1.25342e-05 0 1.29183e-05 0 1.32941e-05 0 1.36613e-05 0 1.40194e-05 0 1.43682e-05 0 1.47073e-05 0 1.50364e-05 0 1.53553e-05 0 1.56637e-05 0 1.59738e-05 0 1.6273e-05 0 1.65612e-05 0 1.68508e-05 0 1.71417e-05 0 1.74085e-05 0 1.76763e-05 0 1.79453e-05 0 1.82152e-05 0 1.84604e-05 0 1.87064e-05 0 1.89662e-05 0 1.92008e-05 0
867.163 0.00019119 3.17665e-05 0.000159424 0.833849 -0.268899 7.54966e-07 0 1.41885e-06 0 2.48785e-06 0 3.35635e-06 0 4.10854e-06 0 4.77356e-06 0 5.38099e-06 0 5.9388e-06 0 6.45319e-06 0 6.93391e-06 0 7.38501e-06 0 7.82027e-06 0 8.22931e-06 0 8.61888e-06 0 8.98759e-06 0 9.3432e-06 0 9.69395e-06 0 1.00212e-05 0 1.03424e-05 0 1.06479e-05 0 1.09466e-05 0 1.12382e-05 0 1.15224e-05 0 1.17991e-05 0 1.20678e-05 0 1.23286e-05 0 1.2581e-05 0 1.28251e-05 0 1.30703e-05 0 1.33069e-05 0 1.35347e-05 0 1.37634e-05 0 1.39931e-05 0 1.42036e-05 0 1.44149e-05 0 1.4627e-05 0 1.48398e-05 0 1.5033e-05 0 1.52268e-05 0 1.54315e-05 0 1.56162e-05 0
911.674 0.00016134 2.97817e-05 0.000131558 0.81541 -0.277585 6.92804e-07 0 1.26495e-06 0 2.1637e-06 0 2.88213e-06 0 3.49868e-06 0 4.04042e-06 0 4.53299e-06 0 4.9837e-06 0 5.39813e-06 0 5.78449e-06 0 6.14631e-06 0 6.4948e-06 0 6.82178e-06 0 7.13276e-06 0 7.42673e-06 0 7.70992e-06 0 7.98897e-06 0 8.24904e-06 0 8.50411e-06 0 8.74655e-06 0 8.98341e-06 0 9.21447e-06 0 9.43954e-06 0 9.65846e-06 0 9.87105e-06 0 1.00772e-05 0 1.02766e-05 0 1.04694e-05 0 1.0663e-05 0 1.08496e-05 0 1.10293e-05 0 1.12096e-05 0 1.13906e-05 0 1.15565e-05 0 1.17229e-05 0 1.18899e-05 0 1.20574e-05 0 1.22094e-05 0 1.23619e-05 0 1.25228e-05 0 1.2668e-05 0
958.471 0.000136056 2.79648e-05 0.000108092 0.794462 -0.285576 6.30055e-07 0 1.11945e-06 0 1.87066e-06 0 2.46216e-06 0 2.9655e-06 0 3.40524e-06 0 3.8034e-06 0 4.16651e-06 0 4.4995e-06 0 4.80926e-06 0 5.09879e-06 0 5.3772e-06 0 5.63804e-06 0 5.88581e-06 0 6.11975e-06 0 6.34489e-06 0 6.56653e-06 0 6.77291e-06 0 6.97516e-06 0 7.16727e-06 0 7.35482e-06 0 7.53766e-06 0 7.71567e-06 0 7.8887e-06 0 8.05665e-06 0 8.2194e-06 0 8.37684e-06 0 8.52889e-06 0 8.68157e-06 0 8.82872e-06 0 8.97026e-06 0 9.11231e-06 0 9.25485e-06 0 9.38542e-06 0 9.51639e-06 0 9.64775e-06 0 9.7795e-06 0 9.89902e-06 0 1.00189e-05 0 1.01453e-05 0 1.02594e-05 0
1007.67 0.000114849 2.6326e-05 8.85234e-05 0.770778 -0.292895 5.68748e-07 0 9.84893e-07 0 1.61007e-06 0 2.09548e-06 0 2.50532e-06 0 2.86151e-06 0 3.18275e-06 0 3.47483e-06 0 3.74203e-06 0 3.99008e-06 0 4.22153e-06 0 4.44376e-06 0 4.65169e-06 0 4.84896e-06 0 5.03503e-06 0 5.21393e-06 0 5.3899e-06 0 5.55362e-06 0 5.71396e-06 0 5.86615e-06 0 6.01464e-06 0 6.15932e-06 0 6.30009e-06 0 6.43687e-06 0 6.56956e-06 0 6.69808e-06 0 6.82237e-06 0 6.94234e-06 0 7.06277e-06 0 7.1788e-06 0 7.29037e-06 0 7.40229e-06 0 7.51458e-06 0 7.6174e-06 0 7.72051e-06 0 7.82389e-06 0 7.92756e-06 0 8.02158e-06 0 8.11582e-06 0 8.21526e-06 0 8.30495e-06 0
1059.39 9.72733e-05 2.49096e-05 7.23638e-05 0.743922 -0.299484 5.11184e-07 0 8.64044e-07 0 1.38366e-06 0 1.78189e-06 0 2.11571e-06 0 2.40442e-06 0 2.66388e-06 0 2.89913e-06 0 3.11385e-06 0 3.31282e-06 0 3.49818e-06 0 3.6759e-06 0 3.84198e-06 0 3.99939e-06 0 4.14772e-06 0 4.29021e-06 0 4.43025e-06 0 4.56045e-06 0 4.68788e-06 0 4.80875e-06 0 4.92662e-06 0 5.04141e-06 0 5.15305e-06 0 5.26146e-06 0 5.36659e-06 0 5.46838e-06 0 5.56677e-06 0 5.66172e-06 0 5.75699e-06 0 5.84875e-06 0 5.93695e-06 0 6.02542e-06 0 6.11413e-06 0 6.19536e-06 0 6.27678e-06 0 6.35841e-06 0 6.44023e-06 0 6.51443e-06 0 6.58879e-06 0 6.66722e-06 0 6.73796e-06 0
1113.77 8.27078e-05 2.36262e-05 5.90816e-05 0.714341 -0.305491 4.56482e-07 0 7.54203e-07 0 1.18456e-06 0 1.51044e-06 0 1.7818e-06 0 2.01545e-06 0 2.22473e-06 0 2.41401e-06 0 2.58641e-06 0 2.74589e-06 0 2.89424e-06 0 3.03631e-06 0 3.16892e-06 0 3.29448e-06 0 3.4127e-06 0 3.52617e-06 0 3.63761e-06 0 3.74116e-06 0 3.84244e-06 0 3.93846e-06 0 4.03204e-06 0 4.12313e-06 0 4.21168e-06 0 4.29764e-06 0 4.38096e-06 0 4.4616e-06 0 4.53953e-06 0 4.6147e-06 0 4.6901e-06 0 4.76271e-06 0 4.83248e-06 0 4.90244e-06 0 4.97258e-06 0 5.03677e-06 0 5.10112e-06 0 5.16561e-06 0 5.23024e-06 0 5.28883e-06 0 5.34754e-06 0 5.40945e-06 0 5.46528e-06 0
1170.94 7.06364e-05 2.24591e-05 4.81773e-05 0.682047 -0.310965 4.05141e-07 0 6.55184e-07 0 1.01045e-06 0 1.27651e-06 0 1.4967e-06 0 1.68551e-06 0 1.85413e-06 0 2.00627e-06 0 2.14459e-06 0 2.27233e-06 0 2.39101e-06 0 2.50452e-06 0 2.61038e-06 0 2.71051e-06 0 2.80472e-06 0 2.89508e-06 0 2.98376e-06 0 3.06611e-06 0 3.14661e-06 0 3.22289e-06 0 3.29721e-06 0 3.36951e-06 0 3.43977e-06 0 3.50794e-06 0 3.574e-06 0 3.63791e-06 0 3.69965e-06 0 3.75919e-06 0 3.8189e-06 0 3.87638e-06 0 3.9316e-06 0 3.98695e-06 0 4.04243e-06 0 4.0932e-06 0 4.14408e-06 0 4.19506e-06 0 4.24614e-06 0 4.29244e-06 0 4.33883e-06 0 4.38774e-06 0 4.43183e-06 0
1231.05 6.06631e-05 2.14097e-05 3.92534e-05 0.647072 -0.315907 3.5776e-07 0 5.67017e-07 0 8.59645e-07 0 1.07656e-06 0 1.25507e-06 0 1.40756e-06 0 1.54338e-06 0 1.66565e-06 0 1.77663e-06 0 1.87897e-06 0 1.97394e-06 0 2.06468e-06 0 2.14922e-06 0 2.22912e-06 0 2.30423e-06 0 2.37624e-06 0 2.44686e-06 0 2.51241e-06 0 2.57645e-06 0 2.63711e-06 0 2.69618e-06 0 2.75363e-06 0 2.80943e-06 0 2.86355e-06 0 2.91598e-06 0 2.9667e-06 0 3.01567e-06 0 3.06288e-06 0 3.11022e-06 0 3.15577e-06 0 3.19953e-06 0 3.24338e-06 0 3.28733e-06 0 3.32753e-06 0 3.36781e-06 0 3.40817e-06 0 3.4486e-06 0 3.48524e-06 0 3.52193e-06 0 3.56062e-06 0 3.5955e-06 0
1294.24 5.24694e-05 2.04792e-05 3.19902e-05 0.609693 -0.320309 3.1466e-07 0 4.89352e-07 0 7.30078e-07 0 9.06845e-07 0 1.05156e-06 0 1.17477e-06 0 1.28422e-06 0 1.38257e-06 0 1.47168e-06 0 1.55376e-06 0 1.62984e-06 0 1.70246e-06 0 1.77006e-06 0 1.83391e-06 0 1.89389e-06 0 1.95135e-06 0 2.00768e-06 0 2.05994e-06 0 2.11097e-06 0 2.15928e-06 0 2.20631e-06 0 2.25204e-06 0 2.29643e-06 0 2.33948e-06 0 2.38117e-06 0 2.42148e-06 0 2.4604e-06 0 2.49792e-06 0 2.53552e-06 0 2.57169e-06 0 2.60644e-06 0 2.64125e-06 0 2.67612e-06 0 2.70803e-06 0 2.73999e-06 0 2.772e-06 0 2.80406e-06 0 2.83311e-06 0 2.86221e-06 0 2.89288e-06 0 2.92052e-06 0
1360.67 4.56866e-05 1.96229e-05 2.60637e-05 0.570488 -0.324271 2.75306e-07 0 4.20602e-07 0 6.18124e-07 0 7.61912e-07 0 8.79074e-07 0 9.78506e-07 0 1.06663e-06 0 1.14568e-06 0 1.2172e-06 0 1.283e-06 0 1.34392e-06 0 1.40202e-06 0 1.45607e-06 0 1.50708e-06 0 1.55497e-06 0 1.60083e-06 0 1.64576e-06 0 1.68742e-06 0 1.72809e-06 0 1.76658e-06 0 1.80403e-06 0 1.84043e-06 0 1.87576e-06 0 1.91001e-06 0 1.94317e-06 0 1.97523e-06 0 2.00617e-06 0 2.03598e-06 0 2.06586e-06 0 2.0946e-06 0 2.1222e-06 0 2.14984e-06 0 2.17754e-06 0 2.20287e-06 0 2.22823e-06 0 2.25364e-06 0 2.27908e-06 0 2.30214e-06 0 2.32522e-06 0 2.34955e-06 0 2.37147e-06 0
1430.51 4.00573e-05 1.88279e-05 2.12295e-05 0.529977 -0.327832 2.39626e-07 0 3.60027e-07 0 5.21676e-07 0 6.38416e-07 0 7.33126e-07 0 8.13272e-07 0 8.84156e-07 0 9.47631e-07 0 1.00499e-06 0 1.0577e-06 0 1.10646e-06 0 1.15292e-06 0 1.19611e-06 0 1.23685e-06 0 1.27508e-06 0 1.31167e-06 0 1.3475e-06 0 1.38071e-06 0 1.41311e-06 0 1.44377e-06 0 1.47359e-06 0 1.50257e-06 0 1.53069e-06 0 1.55794e-06 0 1.58431e-06 0 1.60981e-06 0 1.63441e-06 0 1.65811e-06 0 1.68185e-06 0 1.70469e-06 0 1.72661e-06 0 1.74857e-06 0 1.77057e-06 0 1.79068e-06 0 1.81082e-06 0 1.83099e-06 0 1.85118e-06 0 1.86948e-06 0 1.8878e-06 0 1.9071e-06 0 1.92449e-06 0
1503.94 3.53802e-05 1.80883e-05 1.72919e-05 0.488746 -0.331013 2.07559e-07 0 3.06998e-07 0 4.38978e-07 0 5.33598e-07 0 6.10057e-07 0 6.74589e-07 0 7.31553e-07 0 7.82487e-07 0 8.28457e-07 0 8.7066e-07 0 9.09667e-07 0 9.46813e-07 0 9.81317e-07 0 1.01384e-06 0 1.04435e-06 0 1.07354e-06 0 1.10211e-06 0 1.12858e-06 0 1.1544e-06 0 1.17882e-06 0 1.20257e-06 0 1.22563e-06 0 1.24801e-06 0 1.26969e-06 0 1.29068e-06 0 1.31095e-06 0 1.33051e-06 0 1.34935e-06 0 1.36823e-06 0 1.38638e-06 0 1.4038e-06 0 1.42125e-06 0 1.43872e-06 0 1.4547e-06 0 1.47069e-06 0 1.48671e-06 0 1.50274e-06 0 1.51726e-06 0 1.5318e-06 0 1.54712e-06 0 1.56093e-06 0
1581.14 3.15287e-05 1.74344e-05 1.40944e-05 0.447033 -0.33373 1.79331e-07 0 2.61374e-07 0 3.69122e-07 0 4.45853e-07 0 5.07632e-07 0 5.59648e-07 0 6.05484e-07 0 6.46412e-07 0 6.83311e-07 0 7.17155e-07 0 7.48412e-07 0 7.78158e-07 0 8.05773e-07 0 8.31793e-07 0 8.56186e-07 0 8.7951e-07 0 9.02335e-07 0 9.23475e-07 0 9.4409e-07 0 9.63582e-07 0 9.82532e-07 0 1.00093e-06 0 1.01878e-06 0 1.03607e-06 0 1.0528e-06 0 1.06896e-06 0 1.08455e-06 0 1.09956e-06 0 1.1146e-06 0 1.12906e-06 0 1.14294e-06 0 1.15683e-06 0 1.17074e-06 0 1.18346e-06 0 1.19619e-06 0 1.20894e-06 0 1.2217e-06 0 1.23326e-06 0 1.24482e-06 0 1.25701e-06 0 1.26799e-06 0
1662.3 2.83026e-05 1.68158e-05 1.14868e-05 0.405856 -0.336127 1.54213e-07 0 2.21684e-07 0 3.09442e-07 0 3.71555e-07 0 4.21399e-07 0 4.63274e-07 0 5.00115e-07 0 5.3297e-07 0 5.62561e-07 0 5.8968e-07 0 6.14709e-07 0 6.38513e-07 0 6.606e-07 0 6.81402e-07 0 7.00895e-07 0 7.19527e-07 0 7.37754e-07 0 7.5463e-07 0 7.71082e-07 0 7.86634e-07 0 8.0175e-07 0 8.16426e-07 0 8.30657e-07 0 8.4444e-07 0 8.57773e-07 0 8.70651e-07 0 8.83071e-07 0 8.95032e-07 0 9.0701e-07 0 9.18524e-07 0 9.29572e-07 0 9.40634e-07 0 9.51709e-07 0 9.61833e-07 0 9.71967e-07 0 9.82111e-07 0 9.92265e-07 0 1.00146e-06 0 1.01067e-06 0 1.02036e-06 0 1.0291e-06 0
1747.63 2.55882e-05 1.62274e-05 9.36084e-06 0.365826 -0.338232 1.32007e-07 0 1.87323e-07 0 2.58635e-07 0 3.08826e-07 0 3.4898e-07 0 3.82648e-07 0 4.12225e-07 0 4.38572e-07 0 4.6228e-07 0 4.83991e-07 0 5.04016e-07 0 5.23051e-07 0 5.40705e-07 0 5.57324e-07 0 5.72891e-07 0 5.87766e-07 0 6.02313e-07 0 6.15778e-07 0 6.28902e-07 0 6.41304e-07 0 6.53356e-07 0 6.65054e-07 0 6.76397e-07 0 6.8738e-07 0 6.98002e-07 0 7.0826e-07 0 7.18153e-07 0 7.27678e-07 0 7.37215e-07 0 7.46382e-07 0 7.55177e-07 0 7.63982e-07 0 7.72797e-07 0 7.80853e-07 0 7.88916e-07 0 7.96987e-07 0 8.05066e-07 0 8.12381e-07 0 8.19702e-07 0 8.27415e-07 0 8.34362e-07 0
1837.33 2.32976e-05 1.56656e-05 7.63205e-06 0.327589 -0.340066 1.12505e-07 0 1.57723e-07 0 2.15545e-07 0 2.56034e-07 0 2.88337e-07 0 3.15372e-07 0 3.3909e-07 0 3.60197e-07 0 3.79174e-07 0 3.96541e-07 0 4.1255e-07 0 4.2776e-07 0 4.4186e-07 0 4.55128e-07 0 4.67553e-07 0 4.79421e-07 0 4.91024e-07 0 5.01762e-07 0 5.12224e-07 0 5.2211e-07 0 5.31714e-07 0 5.41035e-07 0 5.50071e-07 0 5.58819e-07 0 5.67278e-07 0 5.75447e-07 0 5.83323e-07 0 5.90905e-07 0 5.98496e-07 0 6.05792e-07 0 6.12791e-07 0 6.19797e-07 0 6.2681e-07 0 6.33219e-07 0 6.39634e-07 0 6.46053e-07 0 6.52478e-07 0 6.58296e-07 0 6.64118e-07 0 6.70251e-07 0 6.75774e-07 0
1931.64 2.13523e-05 1.5127e-05 6.22528e-06 0.291552 -0.341652 9.54796e-08 0 1.3234e-07 0 1.79127e-07 0 2.11734e-07 0 2.37685e-07 0 2.59367e-07 0 2.78366e-07 0 2.95258e-07 0 3.10434e-07 0 3.24313e-07 0 3.37101e-07 0 3.49244e-07 0 3.60497e-07 0 3.71083e-07 0 3.80992e-07 0 3.90455e-07 0 3.99705e-07 0 4.08262e-07 0 4.16598e-07 0 4.24474e-07 0 4.32123e-07 0 4.39546e-07 0 4.4674e-07 0 4.53705e-07 0 4.60438e-07 0 4.66939e-07 0 4.73207e-07 0 4.7924e-07 0 4.8528e-07 0 4.91084e-07 0 4.96651e-07 0 5.02224e-07 0 5.07801e-07 0 5.12898e-07 0 5.17999e-07 0 5.23103e-07 0 5.28211e-07 0 5.32836e-07 0 5.37464e-07 0 5.42339e-07 0 5.46729e-07 0
2030.79 1.97282e-05 1.46512e-05 5.077e-06 0.257347 -0.342848 8.09367e-08 0 1.10992e-07 0 1.48883e-07 0 1.75178e-07 0 1.96057e-07 0 2.13475e-07 0 2.28722e-07 0 2.42265e-07 0 2.54425e-07 0 2.65539e-07 0 2.75775e-07 0 2.85491e-07 0 2.94491e-07 0 3.02954e-07 0 3.10875e-07 0 3.18437e-07 0 3.25826e-07 0 3.32661e-07 0 3.39319e-07 0 3.45607e-07 0 3.51714e-07 0 3.57639e-07 0 3.63381e-07 0 3.68938e-07 0 3.74311e-07 0 3.79497e-07 0 3.84497e-07 0 3.89309e-07 0 3.94126e-07 0 3.98754e-07 0 4.03194e-07 0 4.07637e-07 0 4.12083e-07 0 4.16146e-07 0 4.20212e-07 0 4.24281e-07 0 4.28352e-07 0 4.32038e-07 0 4.35726e-07 0 4.39611e-07 0 4.43109e-07 0
2135.03 1.84247e-05 1.42854e-05 4.1393e-06 0.22466 -0.343436 6.87972e-08 0 9.34055e-08 0 1.24237e-07 0 1.45551e-07 0 1.62438e-07 0 1.76508e-07 0 1.88811e-07 0 1.99731e-07 0 2.09529e-07 0 2.1848e-07 0 2.2672e-07 0 2.34539e-07 0 2.4178e-07 0 2.48586e-07 0 2.54955e-07 0 2.61034e-07 0 2.66973e-07 0 2.72465e-07 0 2.77814e-07 0 2.82864e-07 0 2.87769e-07 0 2.92527e-07 0 2.97137e-07 0 3.01599e-07 0 3.05912e-07 0 3.10075e-07 0 3.14087e-07 0 3.17949e-07 0 3.21814e-07 0 3.25528e-07 0 3.2909e-07 0 3.32654e-07 0 3.36221e-07 0 3.3948e-07 0 3.42741e-07 0 3.46004e-07 0 3.49269e-07 0 3.52225e-07 0 3.55182e-07 0 3.58297e-07 0 3.61101e-07 0
2244.63 1.73044e-05 1.3927e-05 3.37742e-06 0.195177 -0.343795 5.82557e-08 0 7.83546e-08 0 1.03394e-07 0 1.20643e-07 0 1.34284e-07 0 1.45634e-07 0 1.5555e-07 0 1.64345e-07 0 1.72233e-07 0 1.79435e-07 0 1.86063e-07 0 1.92349e-07 0 1.98169e-07 0 2.03638e-07 0 2.08755e-07 0 2.13637e-07 0 2.18406e-07 0 2.22816e-07 0 2.2711e-07 0 2.31164e-07 0 2.35101e-07 0 2.38919e-07 0 2.42618e-07 0 2.46198e-07 0 2.49657e-07 0 2.52996e-07 0 2.56215e-07 0 2.59312e-07 0 2.62411e-07 0 2.65389e-07 0 2.68245e-07 0 2.71102e-07 0 2.73962e-07 0 2.76574e-07 0 2.79188e-07 0 2.81804e-07 0 2.84421e-07 0 2.86789e-07 0 2.8916e-07 0 2.91656e-07 0 2.93903e-07 0
2359.84 1.63301e-05 1.35743e-05 2.75579e-06 0.168755 -0.343947 4.91478e-08 0 6.55252e-08 0 8.58236e-08 0 9.97608e-08 0 1.10764e-07 0 1.19909e-07 0 1.27892e-07 0 1.34969e-07 0 1.41311e-07 0 1.471e-07 0 1.52426e-07 0 1.57475e-07 0 1.62149e-07 0 1.6654e-07 0 1.70647e-07 0 1.74565e-07 0 1.78392e-07 0 1.8193e-07 0 1.85374e-07 0 1.88626e-07 0 1.91783e-07 0 1.94844e-07 0 1.9781e-07 0 2.0068e-07 0 2.03453e-07 0 2.0613e-07 0 2.08709e-07 0 2.11191e-07 0 2.13675e-07 0 2.16061e-07 0 2.18349e-07 0 2.20639e-07 0 2.2293e-07 0 2.25022e-07 0 2.27116e-07 0 2.29211e-07 0 2.31307e-07 0 2.33205e-07 0 2.35103e-07 0 2.37102e-07 0 2.38902e-07 0
2480.97 1.5475e-05 1.32267e-05 2.24831e-06 0.145286 -0.343908 4.13174e-08 0 5.46325e-08 0 7.10582e-08 0 8.23032e-08 0 9.11671e-08 0 9.85266e-08 0 1.04946e-07 0 1.10633e-07 0 1.15728e-07 0 1.20377e-07 0 1.24652e-07 0 1.28704e-07 0 1.32453e-07 0 1.35976e-07 0 1.3927e-07 0 1.42412e-07 0 1.4548e-07 0 1.48316e-07 0 1.51076e-07 0 1.53682e-07 0 1.56212e-07 0 1.58665e-07 0 1.61041e-07 0 1.6334e-07 0 1.65561e-07 0 1.67705e-07 0 1.69771e-07 0 1.71759e-07 0 1.73748e-07 0 1.75658e-07 0 1.7749e-07 0 1.79323e-07 0 1.81157e-07 0 1.82833e-07 0 1.84509e-07 0 1.86186e-07 0 1.87864e-07 0 1.89382e-07 0 1.90902e-07 0 1.92501e-07 0 1.93942e-07 0
2608.32 1.4718e-05 1.28836e-05 1.83443e-06 0.124638 -0.343691 3.46173e-08 0 4.54201e-08 0 5.86896e-08 0 6.77497e-08 0 7.48811e-08 0 8.07966e-08 0 8.59531e-08 0 9.05188e-08 0 9.46074e-08 0 9.83367e-08 0 1.01765e-07 0 1.05014e-07 0 1.0802e-07 0 1.10843e-07 0 1.13482e-07 0 1.15999e-07 0 1.18457e-07 0 1.20728e-07 0 1.22939e-07 0 1.25026e-07 0 1.27052e-07 0 1.29015e-07 0 1.30918e-07 0 1.32758e-07 0 1.34536e-07 0 1.36252e-07 0 1.37905e-07 0 1.39496e-07 0 1.41087e-07 0 1.42616e-07 0 1.44082e-07 0 1.45549e-07 0 1.47016e-07 0 1.48356e-07 0 1.49697e-07 0 1.51039e-07 0 1.52381e-07 0 1.53595e-07 0 1.5481e-07 0 1.5609e-07 0 1.57242e-07 0
2742.21 1.40426e-05 1.25449e-05 1.49774e-06 0.106657 -0.343307 2.89108e-08 0 3.7658e-08 0 4.83609e-08 0 5.56508e-08 0 6.13814e-08 0 6.6131e-08 0 7.02685e-08 0 7.39303e-08 0 7.72082e-08 0 8.01971e-08 0 8.29439e-08 0 8.55467e-08 0 8.79539e-08 0 9.02145e-08 0 9.23275e-08 0 9.43427e-08 0 9.63099e-08 0 9.81278e-08 0 9.98971e-08 0 1.01567e-07 0 1.03187e-07 0 1.04758e-07 0 1.0628e-07 0 1.07752e-07 0 1.09174e-07 0 1.10547e-07 0 1.11869e-07 0 1.13141e-07 0 1.14414e-07 0 1.15636e-07 0 1.16808e-07 0 1.17981e-07 0 1.19154e-07 0 1.20225e-07 0 1.21297e-07 0 1.2237e-07 0 1.23442e-07 0 1.24413e-07 0 1.25385e-07 0 1.26407e-07 0 1.27328e-07 0
2882.97 1.34327e-05 1.221e-05 1.22267e-06 0.0910215 -0.342772 2.40705e-08 0 3.114e-08 0 3.97596e-08 0 4.56176e-08 0 5.02171e-08 0 5.40264e-08 0 5.73429e-08 0 6.02767e-08 0 6.29021e-08 0 6.52954e-08 0 6.74943e-08 0 6.95774e-08 0 7.15036e-08 0 7.33123e-08 0 7.50026e-08 0 7.66145e-08 0 7.81878e-08 0 7.96415e-08 0 8.10562e-08 0 8.23912e-08 0 8.36868e-08 0 8.49428e-08 0 8.61592e-08 0 8.73357e-08 0 8.84724e-08 0 8.95691e-08 0 9.06257e-08 0 9.16422e-08 0 9.26592e-08 0 9.3636e-08 0 9.45725e-08 0 9.55093e-08 0 9.64465e-08 0 9.73026e-08 0 9.81589e-08 0 9.90156e-08 0 9.98725e-08 0 1.00648e-07 0 1.01424e-07 0 1.02241e-07 0 1.02976e-07 0
3030.95 1.28768e-05 1.18789e-05 9.97959e-07 0.0775002 -0.342095 1.99814e-08 0 2.56849e-08 0 3.26166e-08 0 3.73181e-08 0 4.10056e-08 0 4.40574e-08 0 4.67131e-08 0 4.90614e-08 0 5.11622e-08 0 5.30768e-08 0 5.48355e-08 0 5.65012e-08 0 5.80413e-08 0 5.94871e-08 0 6.08382e-08 0 6.21264e-08 0 6.33837e-08 0 6.45453e-08 0 6.56756e-08 0 6.67422e-08 0 6.77771e-08 0 6.87804e-08 0 6.9752e-08 0 7.06917e-08 0 7.15995e-08 0 7.24753e-08 0 7.33191e-08 0 7.41308e-08 0 7.49428e-08 0 7.57228e-08 0 7.64704e-08 0 7.72184e-08 0 7.79667e-08 0 7.86501e-08 0 7.93337e-08 0 8.00175e-08 0 8.07016e-08 0 8.13207e-08 0 8.19399e-08 0 8.25919e-08 0 8.31789e-08 0
3186.53 1.23663e-05 1.15515e-05 8.14867e-07 0.0658939 -0.341286 1.65405e-08 0 2.11343e-08 0 2.6701e-08 0 3.04698e-08 0 3.3423e-08 0 3.58654e-08 0 3.79899e-08 0 3.98679e-08 0 4.15474e-08 0 4.30776e-08 0 4.4483e-08 0 4.58139e-08 0 4.70442e-08 0 4.81991e-08 0 4.92782e-08 0 5.03069e-08 0 5.13108e-08 0 5.22383e-08 0 5.31407e-08 0 5.39921e-08 0 5.48183e-08 0 5.56191e-08 0 5.63945e-08 0 5.71445e-08 0 5.7869e-08 0 5.85679e-08 0 5.92413e-08 0 5.9889e-08 0 6.0537e-08 0 6.11592e-08 0 6.17558e-08 0 6.23526e-08 0 6.29495e-08 0 6.34947e-08 0 6.40401e-08 0 6.45856e-08 0 6.51313e-08 0 6.56252e-08 0 6.61191e-08 0 6.66392e-08 0 6.71074e-08 0
3350.09 1.18933e-05 1.12277e-05 6.65562e-07 0.0559611 -0.340354 1.36553e-08 0 1.73495e-08 0 2.18142e-08 0 2.48319e-08 0 2.71944e-08 0 2.91473e-08 0 3.08452e-08 0 3.23456e-08 0 3.36871e-08 0 3.49091e-08 0 3.60312e-08 0 3.70937e-08 0 3.80757e-08 0 3.89974e-08 0 3.98585e-08 0 4.06794e-08 0 4.14804e-08 0 4.22204e-08 0 4.29403e-08 0 4.36194e-08 0 4.42784e-08 0 4.49172e-08 0 4.55357e-08 0 4.61338e-08 0 4.67116e-08 0 4.72689e-08 0 4.78059e-08 0 4.83223e-08 0 4.8839e-08 0 4.93352e-08 0 4.98108e-08 0 5.02866e-08 0 5.07625e-08 0 5.11972e-08 0 5.1632e-08 0 5.20668e-08 0 5.25018e-08 0 5.28955e-08 0 5.32892e-08 0 5.37038e-08 0 5.4077e-08 0
3522.05 1.14509e-05 1.09074e-05 5.43522e-07 0.0474655 -0.339309 1.12441e-08 0 1.42103e-08 0 1.77866e-08 0 2.02002e-08 0 2.20882e-08 0 2.36481e-08 0 2.50038e-08 0 2.62014e-08 0 2.7272e-08 0 2.8247e-08 0 2.91422e-08 0 2.99897e-08 0 3.07729e-08 0 3.15079e-08 0 3.21945e-08 0 3.2849e-08 0 3.34876e-08 0 3.40775e-08 0 3.46514e-08 0 3.51927e-08 0 3.5718e-08 0 3.62271e-08 0 3.672e-08 0 3.71966e-08 0 3.76571e-08 0 3.81012e-08 0 3.85291e-08 0 3.89406e-08 0 3.93522e-08 0 3.97476e-08 0 4.01265e-08 0 4.05056e-08 0 4.08847e-08 0 4.1231e-08 0 4.15774e-08 0 4.19238e-08 0 4.22703e-08 0 4.25839e-08 0 4.28976e-08 0 4.32278e-08 0 4.3525e-08 0
3702.84 1.1034e-05 1.05902e-05 4.43776e-07 0.040219 -0.338158 9.23544e-09 0 1.16137e-08 0 1.44747e-08 0 1.6403e-08 0 1.79103e-08 0 1.9155e-08 0 2.02365e-08 0 2.11916e-08 0 2.20451e-08 0 2.28224e-08 0 2.35359e-08 0 2.42113e-08 0 2.48354e-08 0 2.54211e-08 0 2.59682e-08 0 2.64896e-08 0 2.69983e-08 0 2.74681e-08 0 2.79252e-08 0 2.83564e-08 0 2.87747e-08 0 2.91802e-08 0 2.95727e-08 0 2.99523e-08 0 3.03189e-08 0 3.06725e-08 0 3.10132e-08 0 3.13409e-08 0 3.16686e-08 0 3.19834e-08 0 3.22851e-08 0 3.25868e-08 0 3.28887e-08 0 3.31644e-08 0 3.34401e-08 0 3.37159e-08 0 3.39917e-08 0 3.42413e-08 0 3.4491e-08 0 3.47538e-08 0 3.49904e-08 0
3892.91 1.06391e-05 1.02765e-05 3.62591e-07 0.034081 -0.336906 7.56747e-09 0 9.47162e-09 0 1.17578e-08 0 1.32967e-08 0 1.44989e-08 0 1.54912e-08 0 1.63531e-08 0 1.71141e-08 0 1.77941e-08 0 1.84132e-08 0 1.89814e-08 0 1.95192e-08 0 2.00162e-08 0 2.04824e-08 0 2.0918e-08 0 2.1333e-08 0 2.17379e-08 0 2.21119e-08 0 2.24757e-08 0 2.28189e-08 0 2.31518e-08 0 2.34744e-08 0 2.37868e-08 0 2.40888e-08 0 2.43805e-08 0 2.46619e-08 0 2.4933e-08 0 2.51937e-08 0 2.54544e-08 0 2.57048e-08 0 2.59448e-08 0 2.61849e-08 0 2.64251e-08 0 2.66443e-08 0 2.68637e-08 0 2.70831e-08 0 2.73025e-08 0 2.7501e-08 0 2.76996e-08 0 2.79087e-08 0 2.80969e-08 0
4092.73 1.02621e-05 9.96582e-06 2.96234e-07 0.0288669 -0.335563 6.18614e-09 0 7.70861e-09 0 9.53322e-09 0 1.07601e-08 0 1.17179e-08 0 1.25082e-08 0 1.31945e-08 0 1.38003e-08 0 1.43415e-08 0 1.48341e-08 0 1.52863e-08 0 1.57142e-08 0 1.61095e-08 0 1.64804e-08 0 1.68268e-08 0 1.7157e-08 0 1.7479e-08 0 1.77764e-08 0 1.80657e-08 0 1.83386e-08 0 1.86033e-08 0 1.88599e-08 0 1.91082e-08 0 1.93484e-08 0 1.95803e-08 0 1.9804e-08 0 2.00195e-08 0 2.02268e-08 0 2.04341e-08 0 2.06331e-08 0 2.08239e-08 0 2.10148e-08 0 2.12056e-08 0 2.138e-08 0 2.15543e-08 0 2.17287e-08 0 2.19031e-08 0 2.20609e-08 0 2.22187e-08 0 2.23849e-08 0 2.25345e-08 0
4302.81 9.89995e-06 9.65798e-06 2.41974e-07 0.0244419 -0.334132 5.04535e-09 0 6.261e-09 0 7.71552e-09 0 8.69253e-09 0 9.45491e-09 0 1.00837e-08 0 1.06296e-08 0 1.11114e-08 0 1.15417e-08 0 1.19334e-08 0 1.22929e-08 0 1.2633e-08 0 1.29472e-08 0 1.3242e-08 0 1.35173e-08 0 1.37797e-08 0 1.40356e-08 0 1.42719e-08 0 1.45018e-08 0 1.47186e-08 0 1.49289e-08 0 1.51327e-08 0 1.533e-08 0 1.55208e-08 0 1.57051e-08 0 1.58828e-08 0 1.6054e-08 0 1.62186e-08 0 1.63833e-08 0 1.65414e-08 0 1.66929e-08 0 1.68445e-08 0 1.69961e-08 0 1.71345e-08 0 1.7273e-08 0 1.74115e-08 0 1.755e-08 0 1.76754e-08 0 1.78007e-08 0 1.79327e-08 0 1.80515e-08 0
4523.68 9.55066e-06 9.353e-06 1.97656e-07 0.0206956 -0.332623 4.10574e-09 0 5.07511e-09 0 6.23324e-09 0 7.01045e-09 0 7.61663e-09 0 8.11644e-09 0 8.55023e-09 0 8.93302e-09 0 9.2749e-09 0 9.58604e-09 0 9.87153e-09 0 1.01417e-08 0 1.03912e-08 0 1.06253e-08 0 1.08439e-08 0 1.10522e-08 0 1.12553e-08 0 1.1443e-08 0 1.16255e-08 0 1.17976e-08 0 1.19645e-08 0 1.21263e-08 0 1.22829e-08 0 1.24344e-08 0 1.25806e-08 0 1.27217e-08 0 1.28575e-08 0 1.29882e-08 0 1.31189e-08 0 1.32444e-08 0 1.33646e-08 0 1.34849e-08 0 1.36052e-08 0 1.37151e-08 0 1.3825e-08 0 1.39349e-08 0 1.40448e-08 0 1.41443e-08 0 1.42438e-08 0 1.43485e-08 0 1.44427e-08 0
4755.88 9.21256e-06 9.05101e-06 1.61549e-07 0.0175357 -0.331042 3.33388e-09 0 4.10587e-09 0 5.02694e-09 0 5.64456e-09 0 6.12604e-09 0 6.52294e-09 0 6.86732e-09 0 7.17117e-09 0 7.44251e-09 0 7.68943e-09 0 7.91597e-09 0 8.13031e-09 0 8.32829e-09 0 8.514e-09 0 8.68742e-09 0 8.85265e-09 0 9.01382e-09 0 9.16265e-09 0 9.3074e-09 0 9.44391e-09 0 9.57633e-09 0 9.70465e-09 0 9.82885e-09 0 9.94895e-09 0 1.00649e-08 0 1.01768e-08 0 1.02845e-08 0 1.03881e-08 0 1.04918e-08 0 1.05913e-08 0 1.06867e-08 0 1.0782e-08 0 1.08775e-08 0 1.09646e-08 0 1.10517e-08 0 1.11388e-08 0 1.1226e-08 0 1.13049e-08 0 1.13837e-08 0 1.14668e-08 0 1.15415e-08 0
5000 8.88373e-06 8.75172e-06 1.32008e-07 0.0148595 -0.329395 2.70129e-09 0 3.31528e-09 0 4.04695e-09 0 4.5372e-09 0 4.91923e-09 0 5.23406e-09 0 5.50719e-09 0 5.74815e-09 0 5.96329e-09 0 6.15905e-09 0 6.33863e-09 0 6.50854e-09 0 6.66547e-09 0 6.81266e-09 0 6.9501e-09 0 7.08106e-09 0 7.20878e-09 0 7.32673e-09 0 7.44143e-09 0 7.54961e-09 0 7.65453e-09 0 7.75621e-09 0 7.85462e-09 0 7.94978e-09 0 8.04167e-09 0 8.1303e-09 0 8.21566e-09 0 8.29776e-09 0 8.37986e-09 0 8.45869e-09 0 8.53425e-09 0 8.60982e-09 0 8.6854e-09 0 8.75442e-09 0 8.82344e-09 0 8.89247e-09 0 8.96151e-09 0 9.02398e-09 0 9.08646e-09 0 9.15223e-09 0 9.21143e-09 0
