# 0.0081128 1 118 : grain size, compostion index, size index
# Heating and cooling timescale: 2.02954e-08 inf
# Ratio of heating to cooling to determine stochastic cutoff: 100
# Equilibrium emission is recorded even for those grains in the stochastic regime.
# Emission spectrum was computed for: 
# Type: ISRF
# Scales: 0.25 0.5 1 1.5 2 2.5 3 3.5 4 4.5 5 5.5 6 6.5 7 7.5 8 8.5 9 9.5 10 10.5 11 11.5 12 12.5 13 13.5 14 14.5 15 15.5 16 16.5 17 17.5 18 18.5 19 19.5 20
# StochasticallyHeated: 0 0 0 0 0 0 0 0 0 0 0 0 0 0 0 0 0 0 0 0 0 0 0 0 0 0 0 0 0 0 0 0 0 0 0 0 0 0 0 0 0
# Temperature: -1
# Wavelength  CExt  CAbs  CSca  Albedo G EqEm1 StEm1 EqEm2 StEm2 EqEm3 StEm3 EqEm4 StEm4 EqEm5 StEm5 EqEm6 StEm6 EqEm7 StEm7 EqEm8 StEm8 EqEm9 StEm9 EqEm10 StEm10 EqEm11 StEm11 EqEm12 StEm12 EqEm13 StEm13 EqEm14 StEm14 EqEm15 StEm15 EqEm16 StEm16 EqEm17 StEm17 EqEm18 StEm18 EqEm19 StEm19 EqEm20 StEm20 EqEm21 StEm21 EqEm22 StEm22 EqEm23 StEm23 EqEm24 StEm24 EqEm25 StEm25 EqEm26 StEm26 EqEm27 StEm27 EqEm28 StEm28 EqEm29 StEm29 EqEm30 StEm30 EqEm31 StEm31 EqEm32 StEm32 EqEm33 StEm33 EqEm34 StEm34 EqEm35 StEm35 EqEm36 StEm36 EqEm37 StEm37 EqEm38 StEm38 EqEm39 StEm39 EqEm40 StEm40 EqEm41 StEm41
0.05 0.000414368 0.000175512 0.000238856 0.576435 0.931528 0 0 0 0 0 0 0 0 0 0 0 0 0 0 0 0 0 0 0 0 0 0 0 0 0 0 0 0 0 0 0 0 0 0 0 0 0 0 0 0 0 0 0 0 0 0 0 0 0 0 0 0 0 0 0 0 0 0 0 0 0 0 0 0 0 0 0 0 0 0 0 0 0 0 0 0 0 0 0 0 0 0
0.0525665 0.0004144 0.000173974 0.000240425 0.580177 0.925691 0 0 0 0 0 0 0 0 0 0 0 0 0 0 0 0 0 0 0 0 0 0 0 0 0 0 0 0 0 0 0 0 0 0 0 0 0 0 0 0 0 0 0 0 0 0 0 0 0 0 0 0 0 0 0 0 0 0 0 0 0 0 0 0 0 0 0 0 0 0 0 0 0 0 0 0 0 0 0 0 0 0
0.0552647 0.000414432 0.000171428 0.000243004 0.586355 0.916763 0 0 0 0 0 0 0 0 0 0 0 0 0 0 0 0 0 0 0 0 0 0 0 0 0 0 0 0 0 0 0 0 0 0 0 0 0 0 0 0 0 0 0 0 0 0 0 0 0 0 0 0 0 0 0 0 0 0 0 0 0 0 0 0 0 0 0 0 0 0 0 0 0 0 0 0 0 0 0 0 0 0
0.0581015 0.000414469 0.000167568 0.000246902 0.595705 0.902881 0 0 0 0 0 0 0 0 0 0 0 0 0 0 0 0 0 0 0 0 0 0 0 0 0 0 0 0 0 0 0 0 0 0 0 0 0 0 0 0 0 0 0 0 0 0 0 0 0 0 0 0 0 0 0 0 0 0 0 0 0 0 0 0 0 0 0 0 0 0 0 0 0 0 0 0 0 0 0 0 0 0
0.0610839 0.000414509 0.000163669 0.00025084 0.60515 0.887314 0 0 0 0 0 0 0 0 0 0 0 0 0 0 0 0 0 0 0 0 0 0 0 0 0 0 0 0 0 0 0 0 0 0 0 0 0 0 0 0 0 0 0 0 0 0 0 0 0 0 0 0 0 0 0 0 0 0 0 0 0 0 0 0 0 0 0 0 0 0 0 0 0 0 0 0 0 0 0 0 0 0
0.0642193 0.000414551 0.00016093 0.000253621 0.611796 0.87465 0 0 0 0 0 0 0 0 0 0 0 0 0 0 0 0 0 0 0 0 0 0 0 0 0 0 0 0 0 0 0 0 0 0 0 0 0 0 0 0 0 0 0 0 0 0 0 0 0 0 0 0 0 0 0 0 0 0 0 0 0 0 0 0 0 0 0 0 0 0 0 0 0 0 0 0 0 0 0 0 0 0
0.0675157 0.000414595 0.000159366 0.000255229 0.61561 0.86571 0 0 0 0 0 0 0 0 0 0 0 0 0 0 0 0 0 0 0 0 0 0 0 0 0 0 0 0 0 0 0 0 0 0 0 0 0 0 0 0 0 0 0 0 0 0 0 0 0 0 0 0 0 0 0 0 0 0 0 0 0 0 0 0 0 0 0 0 0 0 0 0 0 0 0 0 0 0 0 0 0 0
0.0709813 0.00041464 0.00015876 0.00025588 0.617114 0.860067 0 0 0 0 0 0 0 0 0 0 0 0 0 0 0 0 0 0 0 0 0 0 0 0 0 0 0 0 0 0 0 0 0 0 0 0 0 0 0 0 0 0 0 0 0 0 0 0 0 0 0 0 0 0 0 0 0 0 0 0 0 0 0 0 0 0 0 0 0 0 0 0 0 0 0 0 0 0 0 0 0 0
0.0746248 0.000414685 0.00015895 0.000255735 0.616697 0.857311 0 0 0 0 0 0 0 0 0 0 0 0 0 0 0 0 0 0 0 0 0 0 0 0 0 0 0 0 0 0 0 0 0 0 0 0 0 0 0 0 0 0 0 0 0 0 0 0 0 0 0 0 0 0 0 0 0 0 0 0 0 0 0 0 0 0 0 0 0 0 0 0 0 0 0 0 0 0 0 0 0 0
0.0784553 0.000414731 0.000160043 0.000254688 0.614104 0.857945 0 0 0 0 0 0 0 0 0 0 0 0 0 0 0 0 0 0 0 0 0 0 0 0 0 0 0 0 0 0 0 0 0 0 0 0 0 0 0 0 0 0 0 0 0 0 0 0 0 0 0 0 0 0 0 0 0 0 0 0 0 0 0 0 0 0 0 0 0 0 0 0 0 0 0 0 0 0 0 0 0 0
0.0824824 0.000414776 0.000162419 0.000252357 0.608417 0.863516 0 0 0 0 0 0 0 0 0 0 0 0 0 0 0 0 0 0 0 0 0 0 0 0 0 0 0 0 0 0 0 0 0 0 0 0 0 0 0 0 0 0 0 0 0 0 0 0 0 0 0 0 0 0 0 0 0 0 0 0 0 0 0 0 0 0 0 0 0 0 0 0 0 0 0 0 0 0 0 0 0 0
0.0867162 0.000414817 0.000163408 0.000251409 0.606071 0.866498 0 0 0 0 0 0 0 0 0 0 0 0 0 0 0 0 0 0 0 0 0 0 0 0 0 0 0 0 0 0 0 0 0 0 0 0 0 0 0 0 0 0 0 0 0 0 0 0 0 0 0 0 0 0 0 0 0 0 0 0 0 0 0 0 0 0 0 0 0 0 0 0 0 0 0 0 0 0 0 0 0 0
0.0911674 0.000414867 0.00016191 0.000252957 0.60973 0.859922 0 0 0 0 0 0 0 0 0 0 0 0 0 0 0 0 0 0 0 0 0 0 0 0 0 0 0 0 0 0 0 0 0 0 0 0 0 0 0 0 0 0 0 0 0 0 0 0 0 0 0 0 0 0 0 0 0 0 0 0 0 0 0 0 0 0 0 0 0 0 0 0 0 0 0 0 0 0 0 0 0 0
0.095847 0.000414919 0.00016166 0.000253259 0.610381 0.856595 0 0 0 0 0 0 0 0 0 0 0 0 0 0 0 0 0 0 0 0 0 0 0 0 0 0 0 0 0 0 0 0 0 0 0 0 0 0 0 0 0 0 0 0 0 0 0 0 0 0 0 0 0 0 0 0 0 0 0 0 0 0 0 0 0 0 0 0 0 0 0 0 0 0 0 0 0 0 0 0 0 0
0.100767 0.00041497 0.000162104 0.000252866 0.609361 0.856114 0 0 0 0 0 0 0 0 0 0 0 0 0 0 0 0 0 0 0 0 0 0 0 0 0 0 0 0 0 0 0 0 0 0 0 0 0 0 0 0 0 0 0 0 0 0 0 0 0 0 0 0 0 0 0 0 0 0 0 0 0 0 0 0 0 0 0 0 0 0 0 0 0 0 0 0 0 0 0 0 0 0
0.105939 0.000415019 0.000163707 0.000251312 0.605543 0.860057 0 0 0 0 0 0 0 0 0 0 0 0 0 0 0 0 0 0 0 0 0 0 0 0 0 0 0 0 0 0 0 0 0 0 0 0 0 0 0 0 0 0 0 0 0 0 0 0 0 0 0 0 0 0 0 0 0 0 0 0 0 0 0 0 0 0 0 0 0 0 0 0 0 0 0 0 0 0 0 0 0 0
0.111377 0.000415067 0.000165372 0.000249695 0.601578 0.865156 0 0 0 0 0 0 0 0 0 0 0 0 0 0 0 0 0 0 0 0 0 0 0 0 0 0 0 0 0 0 0 0 0 0 0 0 0 0 0 0 0 0 0 0 0 0 0 0 0 0 0 0 0 0 0 0 0 0 0 0 0 0 0 0 0 0 0 0 0 0 0 0 0 0 0 0 0 0 0 0 0 0
0.117094 0.000415117 0.00016645 0.000248667 0.599029 0.86835 0 0 0 0 0 0 0 0 0 0 0 0 0 0 0 0 0 0 0 0 0 0 0 0 0 0 0 0 0 0 0 0 0 0 0 0 0 0 0 0 0 0 0 0 0 0 0 0 0 0 0 0 0 0 0 0 0 0 0 0 0 0 0 0 0 0 0 0 0 0 0 0 0 0 0 0 0 0 0 0 0 0
0.123105 0.000415169 0.000167175 0.000247994 0.597333 0.870359 0 0 0 0 0 0 0 0 0 0 0 0 0 0 0 0 0 0 0 0 0 0 0 0 0 0 0 0 0 0 0 0 0 0 0 0 0 0 0 0 0 0 0 0 0 0 0 0 0 0 0 0 0 0 0 0 0 0 0 0 0 0 0 0 0 0 0 0 0 0 0 0 0 0 0 0 0 0 0 0 0 0
0.129424 0.000415222 0.00016761 0.000247612 0.596337 0.871332 0 0 0 0 0 0 0 0 0 0 0 0 0 0 0 0 0 0 0 0 0 0 0 0 0 0 0 0 0 0 0 0 0 0 0 0 0 0 0 0 0 0 0 0 0 0 0 0 0 0 0 0 0 0 0 0 0 0 0 0 0 0 0 0 0 0 0 0 0 0 0 0 0 0 0 0 0 0 0 0 0 0
0.136067 0.000415279 0.000167721 0.000247558 0.596124 0.87108 0 0 0 0 0 0 0 0 0 0 0 0 0 0 0 0 0 0 0 0 0 0 0 0 0 0 0 0 0 0 0 0 0 0 0 0 0 0 0 0 0 0 0 0 0 0 0 0 0 0 0 0 0 0 0 0 0 0 0 0 0 0 0 0 0 0 0 0 0 0 0 0 0 0 0 0 0 0 0 0 0 0
0.143051 0.000415337 0.000167323 0.000248014 0.59714 0.868725 0 0 0 0 0 0 0 0 0 0 0 0 0 0 0 0 0 0 0 0 0 0 0 0 0 0 0 0 0 0 0 0 0 0 0 0 0 0 0 0 0 0 0 0 0 0 0 0 0 0 0 0 0 0 0 0 0 0 0 0 0 0 0 0 0 0 0 0 0 0 0 0 0 0 0 0 0 0 0 0 0 0
0.150394 0.000415391 0.00016788 0.000247511 0.595851 0.869967 0 0 0 0 0 0 0 0 0 0 0 0 0 0 0 0 0 0 0 0 0 0 0 0 0 0 0 0 0 0 0 0 0 0 0 0 0 0 0 0 0 0 0 0 0 0 0 0 0 0 0 0 0 0 0 0 0 0 0 0 0 0 0 0 0 0 0 0 0 0 0 0 0 0 0 0 0 0 0 0 0 0
0.158114 0.000415445 0.000169655 0.000245789 0.591629 0.87647 0 0 0 0 0 0 0 0 0 0 0 0 0 0 0 0 0 0 0 0 0 0 0 0 0 0 0 0 0 0 0 0 0 0 0 0 0 0 0 0 0 0 0 0 0 0 0 0 0 0 0 0 0 0 0 0 0 0 0 0 0 0 0 0 0 0 0 0 0 0 0 0 0 0 0 0 0 0 0 0 0 0
0.16623 0.000415502 0.000171676 0.000243826 0.586822 0.88437 0 0 0 0 0 0 0 0 0 0 0 0 0 0 0 0 0 0 0 0 0 0 0 0 0 0 0 0 0 0 0 0 0 0 0 0 0 0 0 0 0 0 0 0 0 0 0 0 0 0 0 0 0 0 0 0 0 0 0 0 0 0 0 0 0 0 0 0 0 0 0 0 0 0 0 0 0 0 0 0 0 0
0.174762 0.000415564 0.000173466 0.000242099 0.582578 0.89154 0 0 0 0 0 0 0 0 0 0 0 0 0 0 0 0 0 0 0 0 0 0 0 0 0 0 0 0 0 0 0 0 0 0 0 0 0 0 0 0 0 0 0 0 0 0 0 0 0 0 0 0 0 0 0 0 0 0 0 0 0 0 0 0 0 0 0 0 0 0 0 0 0 0 0 0 0 0 0 0 0 0
0.183733 0.00041563 0.00017505 0.00024058 0.578833 0.897955 0 0 0 0 0 0 0 0 0 0 0 0 0 0 0 0 0 0 0 0 0 0 0 0 0 0 0 0 0 0 0 0 0 0 0 0 0 0 0 0 0 0 0 0 0 0 0 0 0 0 0 0 0 0 0 0 0 0 0 0 0 0 0 0 0 0 0 0 0 0 0 0 0 0 0 0 0 0 0 0 0 0
0.193164 0.000415697 0.000176389 0.000239308 0.575678 0.9034 0 0 0 0 0 0 0 0 0 0 0 0 0 0 0 0 0 0 0 0 0 0 0 0 0 0 0 0 0 0 0 0 0 0 0 0 0 0 0 0 0 0 0 0 0 0 0 0 0 0 0 0 0 0 0 0 0 0 0 0 0 0 0 0 0 0 0 0 0 0 0 0 0 0 0 0 0 0 0 0 0 0
0.203079 0.00041577 0.000177529 0.000238241 0.573011 0.90803 0 0 0 0 0 0 0 0 0 0 0 0 0 0 0 0 0 0 0 0 0 0 0 0 0 0 0 0 0 0 0 0 0 0 0 0 0 0 0 0 0 0 0 0 0 0 0 0 0 0 0 0 0 0 0 0 0 0 0 0 0 0 0 0 0 0 0 0 0 0 0 0 0 0 0 0 0 0 0 0 0 0
0.213503 0.000415845 0.000178534 0.00023731 0.570671 0.912103 0 0 0 0 0 0 0 0 0 0 0 0 0 0 0 0 0 0 0 0 0 0 0 0 0 0 0 0 0 0 0 0 0 0 0 0 0 0 0 0 0 0 0 0 0 0 0 0 0 0 0 0 0 0 0 0 0 0 0 0 0 0 0 0 0 0 0 0 0 0 0 0 0 0 0 0 0 0 0 0 0 0
0.224463 0.000415922 0.000179372 0.00023655 0.568736 0.915477 0 0 0 0 0 0 0 0 0 0 0 0 0 0 0 0 0 0 0 0 0 0 0 0 0 0 0 0 0 0 0 0 0 0 0 0 0 0 0 0 0 0 0 0 0 0 0 0 0 0 0 0 0 0 0 0 0 0 0 0 0 0 0 0 0 0 0 0 0 0 0 0 0 0 0 0 0 0 0 0 0 0
0.235984 0.000416003 0.000180032 0.000235971 0.567234 0.918104 0 0 0 0 0 0 0 0 0 0 0 0 0 0 0 0 0 0 0 0 0 0 0 0 0 0 0 0 0 0 0 0 0 0 0 0 0 0 0 0 0 0 0 0 0 0 0 0 0 0 0 0 0 0 0 0 0 0 0 0 0 0 0 0 0 0 0 0 0 0 0 0 0 0 0 0 0 0 0 0 0 0
0.248097 0.000416086 0.000180537 0.000235549 0.566106 0.920082 0 0 0 0 0 0 0 0 0 0 0 0 0 0 0 0 0 0 0 0 0 0 0 0 0 0 0 0 0 0 0 0 0 0 0 0 0 0 0 0 0 0 0 0 0 0 0 0 0 0 0 0 0 0 0 0 0 0 0 0 0 0 0 0 0 0 0 0 0 0 0 0 0 0 0 0 0 0 0 0 0 0
0.260832 0.000416172 0.00018095 0.000235222 0.565205 0.921666 0 0 0 0 0 0 0 0 0 0 0 0 0 0 0 0 0 0 0 0 0 0 0 0 0 0 0 0 0 0 0 0 0 0 0 0 0 0 0 0 0 0 0 0 0 0 0 0 0 0 0 0 0 0 0 0 0 0 0 0 0 0 0 0 0 0 0 0 0 0 0 0 0 0 0 0 0 0 0 0 0 0
0.274221 0.000416261 0.000181301 0.00023496 0.564453 0.922992 0 0 0 0 0 0 0 0 0 0 0 0 0 0 0 0 0 0 0 0 0 0 0 0 0 0 0 0 0 0 0 0 0 0 0 0 0 0 0 0 0 0 0 0 0 0 0 0 0 0 0 0 0 0 0 0 0 0 0 0 0 0 0 0 0 0 0 0 0 0 0 0 0 0 0 0 0 0 0 0 0 0
0.288297 0.000416353 0.000181601 0.000234752 0.563829 0.924095 0 0 0 0 0 0 0 0 0 0 0 0 0 0 0 0 0 0 0 0 0 0 0 0 0 0 0 0 0 0 0 0 0 0 0 0 0 0 0 0 0 0 0 0 0 0 0 0 0 0 0 0 0 0 0 0 0 0 0 0 0 0 0 0 0 0 0 0 0 0 0 0 0 0 0 0 0 0 0 0 0 0
0.303095 0.000416447 0.000181859 0.000234588 0.563309 0.925014 0 0 0 0 0 0 0 0 0 0 0 0 0 0 0 0 0 0 0 0 0 0 0 0 0 0 0 0 0 0 0 0 0 0 0 0 0 0 0 0 0 0 0 0 0 0 0 0 0 0 0 0 0 0 0 0 0 0 0 0 0 0 0 0 0 0 0 0 0 0 0 0 0 0 0 0 0 0 0 0 0 0
0.318653 0.000416546 0.000182088 0.000234458 0.562863 0.925808 0 0 0 0 0 0 0 0 0 0 0 0 0 0 0 0 0 0 0 0 0 0 0 0 0 0 0 0 0 0 0 0 0 0 0 0 0 0 0 0 0 0 0 0 0 0 0 0 0 0 0 0 0 0 0 0 0 0 0 0 0 0 0 0 0 0 0 0 0 0 0 0 0 0 0 0 0 0 0 0 0 0
0.335009 0.000416648 0.000182289 0.000234359 0.562486 0.926481 0 0 0 0 0 0 0 0 0 0 0 0 0 0 0 0 0 0 0 0 0 0 0 0 0 0 0 0 0 0 0 0 0 0 0 0 0 0 0 0 0 0 0 0 0 0 0 0 0 0 0 0 0 0 0 0 0 0 0 0 0 0 0 0 0 0 0 0 0 0 0 0 0 0 0 0 0 0 0 0 0 0
0.352205 0.000416752 0.000182473 0.000234279 0.562155 0.927073 0 0 0 0 0 0 0 0 0 0 0 0 0 0 0 0 0 0 0 0 0 0 0 0 0 0 0 0 0 0 0 0 0 0 0 0 0 0 0 0 0 0 0 0 0 0 0 0 0 0 0 0 0 0 0 0 0 0 0 0 0 0 0 0 0 0 0 0 0 0 0 0 0 0 0 0 0 0 0 0 0 0
0.370284 0.000416861 0.000182641 0.00023422 0.561865 0.927592 0 0 0 0 0 0 0 0 0 0 0 0 0 0 0 0 0 0 0 0 0 0 0 0 0 0 0 0 0 0 0 0 0 0 0 0 0 0 0 0 0 0 0 0 0 0 0 0 0 0 0 0 0 0 0 0 0 0 0 0 0 0 0 0 0 0 0 0 0 0 0 0 0 0 0 0 0 0 0 0 0 0
0.389291 0.000416973 0.000182789 0.000234183 0.561628 0.928018 0 0 0 0 0 0 0 0 0 0 0 0 0 0 0 0 0 0 0 0 0 0 0 0 0 0 0 0 0 0 0 0 0 0 0 0 0 0 0 0 0 0 0 0 0 0 0 0 0 0 0 0 0 0 0 0 0 0 0 0 0 0 0 0 0 0 0 0 0 0 0 0 0 0 0 0 0 0 0 0 0 0
0.409273 0.00041709 0.000182924 0.000234165 0.561427 0.928382 0 0 0 0 0 0 0 0 0 0 0 0 0 0 0 0 0 0 0 0 0 0 0 0 0 0 0 0 0 0 0 0 0 0 0 0 0 0 0 0 0 0 0 0 0 0 0 0 0 0 0 0 0 0 0 0 0 0 0 0 0 0 0 0 0 0 0 0 0 0 0 0 0 0 0 0 0 0 0 0 0 0
0.430281 0.000417208 0.000183056 0.000234153 0.561237 0.928723 0 0 0 0 0 0 0 0 0 0 0 0 0 0 0 0 0 0 0 0 0 0 0 0 0 0 0 0 0 0 0 0 0 0 0 0 0 0 0 0 0 0 0 0 0 0 0 0 0 0 0 0 0 0 0 0 0 0 0 0 0 0 0 0 0 0 0 0 0 0 0 0 0 0 0 0 0 0 0 0 0 0
0.452368 0.000417332 0.00018317 0.000234162 0.561093 0.928982 0 0 0 0 0 0 0 0 0 0 0 0 0 0 0 0 0 0 0 0 0 0 0 0 0 0 0 0 0 0 0 0 0 0 0 0 0 0 0 0 0 0 0 0 0 0 0 0 0 0 0 0 0 0 0 0 0 0 0 0 0 0 0 0 0 0 0 0 0 0 0 0 0 0 0 0 0 0 0 0 0 0
0.475588 0.00041746 0.00018328 0.000234179 0.560963 0.929215 0 0 0 0 0 0 0 0 0 0 0 0 0 0 0 0 0 0 0 0 0 0 0 0 0 0 0 0 0 0 0 0 0 0 0 0 0 0 0 0 0 0 0 0 0 0 0 0 0 0 0 0 0 0 0 0 0 0 0 0 0 0 0 0 0 0 0 0 0 0 0 0 0 0 0 0 0 0 0 0 0 0
0.5 0.000417592 0.000183387 0.000234206 0.560848 0.929421 0 0 0 0 0 0 0 0 0 0 0 0 0 0 0 0 0 0 0 0 0 0 0 0 0 0 0 0 0 0 0 0 0 0 0 0 0 0 0 0 0 0 0 0 0 0 0 0 0 0 0 0 0 0 0 0 0 0 0 0 0 0 0 0 0 0 0 0 0 0 0 0 0 0 0 0 0 0 0 0 0 0
0.525665 0.000417729 0.00018349 0.000234239 0.560744 0.929604 0 0 0 0 0 0 0 0 0 0 0 0 0 0 0 0 0 0 0 0 0 0 0 0 0 0 0 0 0 0 0 0 0 0 0 0 0 0 0 0 0 0 0 0 0 0 0 0 0 0 0 0 0 0 0 0 0 0 0 0 0 0 0 0 0 0 0 0 0 0 0 0 0 0 0 0 0 0 0 0 0 0
0.552648 0.000417871 0.000183596 0.000234275 0.560639 0.929787 0 0 0 0 0 0 0 0 0 0 0 0 0 0 0 0 0 0 0 0 0 0 0 0 0 0 0 0 0 0 0 0 0 0 0 0 0 0 0 0 0 0 0 0 0 0 0 0 0 0 0 0 0 0 0 0 0 0 0 0 0 0 0 0 0 0 0 0 0 0 0 0 0 0 0 0 0 0 0 0 0 0
0.581015 0.000418016 0.000183684 0.000234333 0.560582 0.929882 0 0 0 0 0 0 0 0 0 0 0 0 0 0 0 0 0 0 0 0 0 0 0 0 0 0 0 0 0 0 0 0 0 0 0 0 0 0 0 0 0 0 0 0 0 0 0 0 0 0 0 0 0 0 0 0 0 0 0 0 0 0 0 0 0 0 0 0 0 0 0 0 0 0 0 0 0 0 0 0 0 0
0.610839 0.000418168 0.000183776 0.000234392 0.560521 0.929982 0 0 0 0 0 0 0 0 0 0 0 0 0 0 0 0 0 0 0 0 0 0 0 0 0 0 0 0 0 0 0 0 0 0 0 0 0 0 0 0 0 0 0 0 0 0 0 0 0 0 0 0 0 0 0 0 0 0 0 0 0 0 0 0 0 0 0 0 0 0 0 0 0 0 0 0 0 0 0 0 0 0
0.642193 0.000418325 0.000183872 0.000234453 0.560457 0.930087 0 0 0 0 0 0 0 0 0 0 0 0 0 0 0 0 0 0 0 0 0 0 0 0 0 0 0 0 0 0 0 0 0 0 0 0 0 0 0 0 0 0 0 0 0 0 0 0 0 0 0 0 0 0 0 0 0 0 0 0 0 0 0 0 0 0 0 0 0 0 0 0 0 0 0 0 0 0 0 0 0 0
0.675157 0.000418485 0.000183965 0.000234519 0.560401 0.930166 0 0 0 0 0 0 0 0 0 0 0 0 0 0 0 0 0 0 0 0 0 0 0 0 0 0 0 0 0 0 0 0 0 0 0 0 0 0 0 0 0 0 0 0 0 0 0 0 0 0 0 0 0 0 0 0 0 0 0 0 0 0 0 0 0 0 0 0 0 0 0 0 0 0 0 0 0 0 0 0 0 0
0.709813 0.000418651 0.000184057 0.000234594 0.560357 0.930224 0 0 0 0 0 0 0 0 0 0 0 0 0 0 0 0 0 0 0 0 0 0 0 0 0 0 0 0 0 0 0 0 0 0 0 0 0 0 0 0 0 0 0 0 0 0 0 0 0 0 0 0 0 0 0 0 0 0 0 0 0 0 0 0 0 0 0 0 0 0 0 0 0 0 0 0 0 0 0 0 0 0
0.746248 0.000418826 0.000184152 0.000234673 0.560313 0.93028 0 0 0 0 0 0 0 0 0 0 0 0 0 0 0 0 0 0 0 0 0 0 0 0 0 0 0 0 0 0 0 0 0 0 0 0 0 0 0 0 0 0 0 0 0 0 0 0 0 0 0 0 0 0 0 0 0 0 0 0 0 0 0 0 0 0 0 0 0 0 0 0 0 0 0 0 0 0 0 0 0 0
0.784553 0.000419003 0.000184252 0.000234751 0.560262 0.930339 0 0 0 0 0 0 0 0 0 0 0 0 0 0 0 0 0 0 0 0 0 0 0 0 0 0 0 0 0 0 0 0 0 0 0 0 0 0 0 0 0 0 0 0 0 0 0 0 0 0 0 0 0 0 0 0 0 0 0 0 0 0 0 0 0 0 0 0 0 0 0 0 0 0 0 0 0 0 0 0 0 0
0.824824 0.000419187 0.000184349 0.000234838 0.560223 0.930373 0 0 0 0 0 0 0 0 0 0 0 0 0 0 0 0 0 0 0 0 0 0 0 0 0 0 0 0 0 0 0 0 0 0 0 0 0 0 0 0 0 0 0 0 0 0 0 0 0 0 0 0 0 0 0 0 0 0 0 0 0 0 0 0 0 0 0 0 0 0 0 0 0 0 0 0 0 0 0 0 0 0
0.867162 0.000419378 0.000184446 0.000234932 0.560191 0.93039 0 0 0 0 0 0 0 0 0 0 0 0 0 0 0 0 0 0 0 0 0 0 0 0 0 0 0 0 0 0 0 0 0 0 0 0 0 0 0 0 0 0 0 0 0 0 0 0 0 0 0 0 0 0 0 0 0 0 0 0 0 0 0 0 0 0 0 0 0 0 0 0 0 0 0 0 0 0 0 0 0 0
0.911674 0.000419574 0.000184548 0.000235027 0.560155 0.930406 0 0 0 0 0 0 0 0 0 0 0 0 0 0 0 0 0 0 0 0 0 0 0 0 0 0 0 0 0 0 0 0 0 0 0 0 0 0 0 0 0 0 0 0 0 0 0 0 0 0 0 0 0 0 0 0 0 0 0 0 0 0 0 0 0 0 0 0 0 0 0 0 0 0 0 0 0 0 0 0 0 0
0.95847 0.000419777 0.000184651 0.000235126 0.560121 0.930412 0 0 0 0 0 0 0 0 0 0 0 0 0 0 0 0 0 0 0 0 0 0 0 0 0 0 0 0 0 0 0 0 0 0 0 0 0 0 0 0 0 0 0 0 0 0 0 0 0 0 0 0 0 0 0 0 0 0 0 0 0 0 0 0 0 0 0 0 0 0 0 0 0 0 0 0 0 0 0 0 0 0
1.00767 0.000419988 0.00018476 0.000235228 0.560083 0.93042 0 0 0 0 0 0 0 0 0 0 0 0 0 0 0 0 0 0 0 0 0 0 0 0 0 0 0 0 0 0 0 0 0 0 0 0 0 0 0 0 0 0 0 0 0 0 0 0 0 0 0 0 0 0 0 0 0 0 0 0 0 0 0 0 0 0 0 0 0 0 0 0 0 0 0 0 0 0 0 0 0 0
1.05939 0.000420205 0.000184875 0.00023533 0.560037 0.930431 0 0 0 0 0 0 0 0 0 0 0 0 0 0 0 0 0 0 0 0 0 0 0 0 0 0 0 0 0 0 0 0 0 0 0 0 0 0 0 0 0 0 0 0 0 0 0 0 0 0 0 0 0 0 0 0 0 0 0 0 0 0 0 0 0 0 0 0 0 0 0 0 0 0 0 0 0 0 0 0 0 0
1.11377 0.000420429 0.000184994 0.000235435 0.559987 0.930442 0 0 0 0 0 0 0 0 0 0 0 0 0 0 0 0 0 0 0 0 0 0 0 0 0 0 0 0 0 0 0 0 0 0 0 0 0 0 0 0 0 0 0 0 0 0 0 0 0 0 0 0 0 0 0 0 0 0 0 0 0 0 0 0 0 0 0 0 0 0 0 0 0 0 0 0 0 0 0 0 0 0
1.17094 0.000420661 0.000185122 0.000235539 0.559926 0.930462 0 0 0 0 0 0 0 0 0 0 0 0 0 0 0 0 0 0 0 0 0 0 0 0 0 0 0 0 0 0 0 0 0 0 0 0 0 0 0 0 0 0 0 0 0 0 0 0 0 0 0 0 0 0 0 0 0 0 0 0 0 0 0 0 0 0 0 0 0 0 0 0 0 0 0 0 0 0 0 0 0 0
1.23105 0.000420902 0.000185255 0.000235647 0.559861 0.930485 0 0 0 0 0 0 0 0 0 0 0 0 0 0 0 0 0 0 0 0 0 0 0 0 0 0 0 0 0 0 0 0 0 0 0 0 0 0 0 0 0 0 0 0 0 0 0 0 0 0 0 0 0 0 0 0 0 0 0 0 0 0 0 0 0 0 0 0 0 0 0 0 0 0 0 0 0 0 0 0 0 0
1.29424 0.000421149 0.000185398 0.000235752 0.559781 0.930519 0 0 0 0 0 0 0 0 0 0 0 0 0 0 0 0 0 0 0 0 0 0 0 0 0 0 0 0 0 0 0 0 0 0 0 0 0 0 0 0 0 0 0 0 0 0 0 0 0 0 0 0 0 0 0 0 0 0 0 0 0 0 0 0 0 0 0 0 0 0 0 0 0 0 0 0 0 0 0 0 0 0
1.36067 0.000421405 0.000185538 0.000235867 0.559716 0.930519 0 0 0 0 0 0 0 0 0 0 0 0 0 0 0 0 0 0 0 0 0 0 0 0 0 0 0 0 0 0 0 0 0 0 0 0 0 0 0 0 0 0 0 0 0 0 0 0 0 0 0 0 0 0 0 0 0 0 0 0 0 0 0 0 0 0 0 0 0 0 0 0 0 0 0 0 0 0 0 0 0 0
1.43051 0.00042167 0.000185693 0.000235977 0.559624 0.930554 0 0 0 0 0 0 0 0 0 0 0 0 0 0 0 0 0 0 0 0 0 0 0 0 0 0 0 0 0 0 0 0 0 0 0 0 0 0 0 0 0 0 0 0 0 0 0 0 0 0 0 0 0 0 0 0 0 0 0 0 0 0 0 0 0 0 0 0 0 0 0 0 0 0 0 0 0 0 0 0 0 0
1.50394 0.000421942 0.000185852 0.00023609 0.559532 0.930577 0 0 0 0 0 0 0 0 0 0 0 0 0 0 0 0 0 0 0 0 0 0 0 0 0 0 0 0 0 0 0 0 0 0 0 0 0 0 0 0 0 0 0 0 0 0 0 0 0 0 0 0 0 0 0 0 0 0 0 0 0 0 0 0 0 0 0 0 0 0 0 0 0 0 0 0 0 0 0 0 0 0
1.58114 0.000422226 0.000186019 0.000236207 0.559433 0.9306 0 0 0 0 0 0 0 0 0 0 0 0 0 0 0 0 0 0 0 0 0 0 0 0 0 0 0 0 0 0 0 0 0 0 0 0 0 0 0 0 0 0 0 0 0 0 0 0 0 0 0 0 0 0 0 0 0 0 0 0 0 0 0 0 0 0 0 0 0 0 0 0 0 0 0 0 0 0 0 0 0 0
1.6623 0.000422517 0.0001862 0.000236317 0.559308 0.930653 0 0 0 0 0 0 0 0 0 0 0 0 0 0 0 0 0 0 0 0 0 0 0 0 0 0 0 0 0 0 0 0 0 0 0 0 0 0 0 0 0 0 0 0 0 0 0 0 0 0 0 0 0 0 0 0 0 0 0 0 0 0 0 0 0 0 0 0 0 0 0 0 0 0 0 0 0 0 0 0 0 0
1.74763 0.000422819 0.000186388 0.000236431 0.559177 0.930706 0 0 0 0 0 0 0 0 0 0 0 0 0 0 0 0 0 0 0 0 0 0 0 0 0 0 0 0 0 0 0 0 0 0 0 0 0 0 0 0 0 0 0 0 0 0 0 0 0 0 0 0 0 0 0 0 0 0 0 0 0 0 0 0 0 0 0 0 0 0 0 0 0 0 0 0 0 0 0 0 0 0
1.83733 0.000423131 0.00018659 0.000236541 0.559026 0.930779 0 0 0 0 0 0 0 0 0 0 0 0 0 0 0 0 0 0 0 0 0 0 0 0 0 0 0 0 0 0 0 0 0 0 0 0 0 0 0 0 0 0 0 0 0 0 0 0 0 0 0 0 0 0 0 0 0 0 0 0 0 0 0 0 0 0 0 0 0 0 0 0 0 0 0 0 0 0 0 0 0 0
1.93164 0.000423453 0.000186801 0.000236651 0.558861 0.930857 0 0 0 0 0 0 0 0 0 0 0 0 0 0 0 0 0 0 0 0 0 0 0 0 0 0 0 0 0 0 0 0 0 0 0 0 0 0 0 0 0 0 0 0 0 0 0 0 0 0 0 0 0 0 0 0 0 0 0 0 0 0 0 0 0 0 0 0 0 0 0 0 0 0 0 0 0 0 0 0 0 0
2.03079 0.000423787 0.00018702 0.000236767 0.558694 0.930929 0 0 0 0 0 0 0 0 0 0 0 0 0 0 0 0 0 0 0 0 0 0 0 0 0 0 0 0 0 0 0 0 0 0 0 0 0 0 0 0 0 0 0 0 0 0 0 0 0 0 0 0 0 0 0 0 0 0 0 0 0 0 0 0 0 0 0 0 0 0 0 0 0 0 0 0 0 0 0 0 0 0
2.13503 0.00042413 0.000187255 0.000236875 0.558497 0.931028 0 0 0 0 0 0 0 0 0 0 0 0 0 0 0 0 0 0 0 0 0 0 0 0 0 0 0 0 0 0 0 0 0 0 0 0 0 0 0 0 0 0 0 0 0 0 0 0 0 0 0 0 0 0 0 0 0 0 0 0 0 0 0 0 0 0 0 0 0 0 0 0 0 0 0 0 0 0 0 0 0 0
2.24463 0.000424486 0.000187505 0.000236982 0.558279 0.93115 0 0 0 0 0 0 0 0 0 0 0 0 0 0 0 0 0 0 0 0 0 0 0 0 0 0 0 0 0 0 0 0 0 0 0 0 0 0 0 0 0 0 0 0 0 0 0 0 0 0 0 0 0 0 0 0 0 0 0 0 0 0 0 0 0 0 0 0 0 0 0 0 0 0 0 0 0 0 0 0 0 0
2.35984 0.000424853 0.000187767 0.000237086 0.558042 0.931282 0 0 0 0 0 0 0 0 0 0 0 0 0 0 0 0 0 0 0 0 0 0 0 0 0 0 0 0 0 0 0 0 0 0 0 0 0 0 0 0 0 0 0 0 0 0 0 0 0 0 0 0 0 0 0 0 0 0 0 0 0 0 0 0 0 0 0 0 0 0 0 0 0 0 0 0 0 0 0 0 0 0
2.48097 0.000425234 0.000188052 0.000237182 0.557769 0.931458 0 0 0 0 0 0 0 0 0 0 0 0 0 0 0 0 0 0 0 0 0 0 0 0 0 0 0 0 0 0 0 0 0 0 0 0 0 0 0 0 0 0 0 0 0 0 0 0 0 0 0 0 0 0 0 0 0 0 0 0 0 0 0 0 0 0 0 0 0 0 0 0 0 0 0 0 0 0 0 0 0 0
2.60832 0.000425625 0.000188349 0.000237277 0.557478 0.931642 0 0 0 0 0 0 0 0 0 0 0 0 0 0 0 0 0 0 0 0 0 0 0 0 0 0 0 0 0 0 0 0 0 0 0 0 0 0 0 0 0 0 0 0 0 0 0 0 0 0 0 0 0 0 0 0 0 0 0 0 0 0 0 0 0 0 0 0 0 0 0 0 0 0 0 0 0 0 0 0 0 0
2.74221 0.000426031 0.000188659 0.000237371 0.55717 0.931834 0 0 0 0 0 0 0 0 0 0 0 0 0 0 0 0 0 0 0 0 0 0 0 0 0 0 0 0 0 0 0 0 0 0 0 0 0 0 0 0 0 0 0 0 0 0 0 0 0 0 0 0 0 0 0 0 0 0 0 0 0 0 0 0 0 0 0 0 0 0 0 0 0 0 0 0 0 0 0 0 0 0
2.88297 0.000426448 0.000188999 0.000237449 0.556806 0.932094 0 0 0 0 0 0 0 0 0 0 0 0 0 0 0 0 0 0 0 0 0 0 0 0 0 0 0 0 0 0 0 0 0 0 0 0 0 0 0 0 0 0 0 0 0 0 0 0 0 0 0 0 0 0 0 0 0 0 0 0 0 0 0 0 0 0 0 0 0 0 0 0 0 0 0 0 0 0 0 0 0 0
3.03095 0.000426882 0.000189357 0.000237524 0.556417 0.932376 0 0 0 0 0 0 0 0 0 0 0 0 0 0 0 0 0 0 0 0 0 0 0 0 0 0 0 0 0 0 0 0 0 0 0 0 0 0 0 0 0 0 0 0 0 0 0 0 0 0 0 0 0 0 0 0 0 0 0 0 0 0 0 0 0 0 0 0 0 0 0 0 0 0 0 0 0 0 0 0 0 0
3.18653 0.000427329 0.000189736 0.000237593 0.555996 0.932683 0 0 0 0 0 0 0 0 0 0 0 0 0 0 0 0 0 0 0 0 0 0 0 0 0 0 0 0 0 0 0 0 0 0 0 0 0 0 0 0 0 0 0 0 0 0 0 0 0 0 0 0 0 0 0 0 0 0 0 0 0 0 0 0 0 0 0 0 0 0 0 0 0 0 0 0 0 0 0 0 0 0
3.35009 0.000427791 0.00019014 0.000237651 0.555531 0.933037 0 0 0 0 0 0 0 0 0 0 0 0 0 0 0 0 0 0 0 0 0 0 0 0 0 0 0 0 0 0 0 0 0 0 0 0 0 0 0 0 0 0 0 0 0 0 0 0 0 0 0 0 0 0 0 0 0 0 0 0 0 0 0 0 0 0 0 0 0 0 0 0 0 0 0 0 0 0 0 0 0 0
3.52205 0.000428269 0.000190576 0.000237693 0.555009 0.93346 0 0 0 0 0 0 0 0 0 0 0 0 0 0 0 0 0 0 0 0 0 0 0 0 0 0 0 0 0 0 0 0 0 0 0 0 0 0 0 0 0 0 0 0 0 0 0 0 0 0 0 0 0 0 0 0 0 0 0 0 0 0 0 0 0 0 0 0 0 0 0 0 0 0 0 0 0 0 0 0 0 0
3.70284 0.000428762 0.000191041 0.00023772 0.554435 0.933936 0 0 0 0 0 0 0 0 0 0 0 0 0 0 0 0 0 0 0 0 0 0 0 0 0 0 0 0 0 0 0 0 0 0 0 0 0 0 0 0 0 0 0 0 0 0 0 0 0 0 0 0 0 0 0 0 0 0 0 0 0 0 0 0 0 0 0 0 0 0 0 0 0 0 0 0 0 0 0 0 0 0
3.89291 0.000429272 0.000191544 0.000237729 0.553795 0.934491 0 0 0 0 0 0 0 0 0 0 0 0 0 0 0 0 0 0 0 0 0 0 0 0 0 0 0 0 0 0 0 0 0 0 0 0 0 0 0 0 0 0 0 0 0 0 0 0 0 0 0 0 0 0 0 0 0 0 0 0 0 0 0 0 0 0 0 0 0 0 0 0 0 0 0 0 0 0 0 0 0 0
4.09273 0.0004298 0.000192091 0.000237709 0.55307 0.93515 0 0 0 0 0 0 0 0 0 0 0 0 0 0 0 0 0 0 0 0 0 0 0 0 0 0 0 0 0 0 0 0 0 0 0 0 0 0 0 0 0 0 0 0 0 0 0 0 0 0 0 0 0 0 0 0 0 0 0 0 0 0 0 0 0 0 0 0 0 0 0 0 0 0 0 0 0 0 0 0 0 0
4.30281 0.000430346 0.000192687 0.000237659 0.552251 0.935928 0 0 0 0 0 0 0 0 0 0 0 0 0 0 0 0 0 0 0 0 0 0 0 0 0 0 0 0 0 0 0 0 0 0 0 0 0 0 0 0 0 0 0 0 0 0 0 0 0 0 0 0 0 0 0 0 0 0 0 0 0 0 0 0 0 0 0 0 0 0 0 0 0 0 0 0 0 0 0 0 0 0
4.52368 0.000430909 0.000193338 0.000237571 0.551326 0.936838 0 0 0 0 0 0 0 0 0 0 0 0 0 0 0 0 0 0 0 0 0 0 0 0 0 0 0 0 0 0 0 0 0 0 0 0 0 0 0 0 0 0 0 0 0 0 0 0 0 0 0 0 0 0 0 0 0 0 0 0 0 0 0 0 0 0 0 0 0 0 0 0 0 0 0 0 0 0 0 0 0 0
4.75588 0.000431491 0.00019405 0.000237441 0.550281 0.937898 0 0 0 0 0 0 0 0 0 0 0 0 0 0 0 0 0 0 0 0 0 0 0 0 0 0 0 0 0 0 0 0 0 0 0 0 0 0 0 0 0 0 0 0 0 0 0 0 0 0 0 0 0 0 0 0 0 0 0 0 0 0 0 0 0 0 0 0 0 0 0 0 0 0 0 0 0 0 0 0 0 0
5 0.000432094 0.000194847 0.000237247 0.549064 0.939191 0 0 0 0 0 0 0 0 0 0 0 0 0 0 0 0 0 0 0 0 0 0 0 0 0 0 0 0 0 0 0 0 0 0 0 0 0 0 0 0 0 0 0 0 0 0 0 0 0 0 0 0 0 0 0 0 0 0 0 0 0 0 0 0 0 0 0 0 0 0 0 0 0 0 0 0 0 0 0 0 0 0
5.25665 0.000432712 0.000195737 0.000236975 0.547651 0.940737 0 0 0 0 0 0 0 0 0 0 0 0 0 0 0 0 0 0 0 0 0 0 0 0 0 0 0 0 0 0 0 0 0 0 0 0 0 0 0 0 0 0 0 0 0 0 0 0 0 0 0 0 0 0 0 0 0 0 0 0 0 0 0 0 0 0 0 0 0 0 0 0 0 0 0 0 0 0 0 0 0 0
5.52648 0.000433354 0.000196717 0.000236637 0.546059 0.942513 0 0 0 0 0 0 0 0 0 0 0 0 0 0 0 0 0 0 0 0 0 0 0 0 0 0 0 0 0 0 0 0 0 0 0 0 0 0 0 0 0 0 0 0 0 0 0 0 0 0 0 0 0 0 0 0 0 0 0 0 0 0 0 0 0 0 0 0 0 0 0 0 0 0 0 0 0 0 0 0 0 0
5.81015 0.000434012 0.000197836 0.000236176 0.54417 0.944679 0 0 0 0 0 0 0 0 0 0 0 0 0 0 0 0 0 0 0 0 0 0 0 0 0 0 0 0 0 0 0 0 0 0 0 0 0 0 0 0 0 0 0 0 0 0 0 0 0 0 0 0 0 0 0 0 0 0 0 0 0 0 0 0 0 0 0 0 0 0 0 0 0 0 0 0 0 0 0 0 0 0
6.10839 0.000434687 0.000199092 0.000235595 0.541988 0.947207 0 0 0 0 0 0 0 0 0 0 0 0 0 0 0 0 0 0 0 0 0 0 0 0 0 0 0 0 0 0 0 0 0 0 0 0 0 0 0 0 0 0 0 0 0 0 0 0 0 0 0 0 0 0 0 0 0 0 0 0 0 0 0 0 0 0 0 0 0 0 0 0 0 0 0 0 0 0 0 0 0 0
6.42193 0.000435382 0.000200545 0.000234837 0.539381 0.950277 0 0 0 0 0 0 0 0 0 0 0 0 0 0 0 0 0 0 0 0 0 0 0 0 0 0 0 0 0 0 0 0 0 0 0 0 0 0 0 0 0 0 0 0 0 0 0 0 0 0 0 0 0 0 0 0 0 0 0 0 0 0 0 0 0 0 0 0 0 0 0 0 0 0 0 0 0 0 0 0 0 0
6.75157 0.00043609 0.000202351 0.000233739 0.535987 0.954339 0 0 0 0 0 0 0 0 0 0 0 0 0 0 0 0 0 0 0 0 0 0 0 0 0 0 0 0 0 0 0 0 0 0 0 0 0 0 0 0 0 0 0 0 0 0 0 0 0 0 0 0 0 0 0 0 0 0 0 0 0 0 0 0 0 0 0 0 0 0 0 0 0 0 0 0 0 0 0 0 0 0
7.09813 0.000436794 0.000204782 0.000232012 0.531169 0.96014 0 0 0 0 0 0 0 0 0 0 0 0 0 0 0 0 0 0 0 0 0 0 0 0 0 0 0 0 0 0 0 0 0 0 0 0 0 0 0 0 0 0 0 0 0 0 0 0 0 0 0 0 0 0 0 0 0 0 0 0 0 0 0 0 0 0 0 0 0 0 0 0 0 0 0 0 0 0 0 0 0 0
7.46248 0.000437214 0.000208287 0.000228927 0.523605 0.968902 0 0 0 0 0 0 0 0 0 0 0 0 0 0 0 0 0 0 0 0 0 0 0 0 0 0 0 0 0 0 0 0 0 0 0 0 0 0 0 0 0 0 0 0 0 0 0 0 0 0 0 0 0 0 0 0 0 0 0 0 0 0 0 0 0 0 0 0 0 0 0 0 0 0 0 0 0 0 0 0 0 0
7.84553 0.000435297 0.000210617 0.00022468 0.516153 0.976917 0 0 0 0 0 0 0 0 0 0 0 0 0 0 0 0 0 0 0 0 0 0 0 0 0 0 0 0 0 0 0 0 0 0 0 0 0 0 0 0 0 0 0 0 0 0 0 0 0 0 0 0 0 0 0 0 0 0 0 0 0 0 0 0 0 0 0 0 0 0 0 0 0 0 0 0 0 0 0 0 0 0
8.24824 0.000432402 0.000203808 0.000228594 0.528661 0.966831 0 0 0 0 0 0 0 0 0 0 0 0 0 0 0 0 0 0 0 0 0 0 0 0 0 0 0 0 0 0 0 0 0 0 0 0 0 0 0 0 0 0 0 0 0 0 0 0 0 0 0 0 0 0 0 0 0 0 0 0 0 0 0 0 0 0 0 0 0 0 0 0 0 0 0 0 0 0 0 0 0 0
8.67162 0.00043437 0.000195162 0.000239208 0.550701 0.942649 0 0 0 0 0 0 0 0 0 0 0 0 0 0 0 0 0 0 0 0 0 0 0 0 0 0 0 0 0 0 0 0 0 0 0 0 0 0 0 0 0 0 0 0 0 0 0 0 0 0 0 0 0 0 0 0 0 0 0 0 0 0 0 0 0 0 0 0 0 0 0 0 0 0 0 0 0 0 0 0 0 0
9.11674 0.000437974 0.000183955 0.000254019 0.579987 0.902813 0 0 0 0 0 0 0 0 0 0 0 0 0 0 0 0 0 0 0 0 0 0 0 0 0 0 0 0 0 0 0 0 0 0 0 0 0 0 0 0 0 0 0 0 0 0 0 0 0 0 0 0 0 0 0 0 0 0 0 0 0 0 0 0 0 0 0 0 0 0 0 0 0 0 0 0 0 0 0 0 0 0
9.5847 0.000441991 0.000177875 0.000264116 0.59756 0.870526 0 0 0 0 0 0 0 0 0 0 0 0 0 0 0 0 0 0 0 0 0 0 0 0 0 0 0 0 0 0 0 0 0 0 0 0 0 0 0 0 0 0 0 0 0 0 0 0 0 0 0 0 0 0 0 0 0 0 0 0 0 0 0 0 0 0 0 0 0 0 0 0 0 0 0 0 0 0 0 0 0 0
10.0767 0.000444498 0.000176901 0.000267597 0.602021 0.857422 0 0 0 0 0 0 0 0 0 0 0 0 0 0 0 0 0 0 0 0 0 0 0 0 0 0 0 0 0 0 0 0 0 0 0 0 0 0 0 0 0 0 0 0 0 0 0 0 0 0 0 0 0 0 0 0 0 0 0 0 0 0 0 0 0 0 0 0 0 0 0 0 0 0 0 0 0 0 0 0 0 0
10.5939 0.000446672 0.000175924 0.000270748 0.606145 0.845118 0 0 0 0 0 0 0 0 0 0 0 0 0 0 0 0 0 0 0 0 0 0 0 0 0 0 0 0 0 0 0 0 0 0 0 0 0 0 0 0 0 0 0 0 0 0 0 0 0 0 0 0 0 0 0 0 0 0 0 0 0 0 0 0 0 0 0 0 0 0 0 0 0 0 0 0 0 0 0 0 0 0
11.1377 0.000447757 0.000177784 0.000269973 0.602946 0.844465 0 0 0 0 0 0 0 0 0 0 0 0 0 0 0 0 0 0 0 0 0 0 0 0 0 0 0 0 0 0 0 0 0 0 0 0 0 0 0 0 0 0 0 0 0 0 0 0 0 0 0 0 0 0 0 0 0 0 0 0 0 0 0 0 0 0 0 0 0 0 0 0 0 0 0 0 0 0 0 0 0 0
11.7094 0.000448543 0.00017962 0.000268923 0.599548 0.845483 0 0 0 0 0 0 0 0 0 0 0 0 0 0 0 0 0 0 0 0 0 0 0 0 0 0 0 0 0 0 0 0 0 0 0 0 0 0 0 0 0 0 0 0 0 0 0 0 0 0 0 0 0 0 0 0 0 0 0 0 0 0 0 0 0 0 0 0 0 0 0 0 0 0 0 0 0 0 0 0 0 0
12.3105 0.000449054 0.000182097 0.000266956 0.594486 0.849664 0 0 0 0 0 0 0 0 0 0 0 0 0 0 0 0 0 0 0 0 0 0 0 0 0 0 0 0 0 0 0 0 0 0 0 0 0 0 0 0 0 0 0 0 0 0 0 0 0 0 0 0 0 0 0 0 0 0 0 0 0 0 0 0 0 0 0 0 0 0 0 0 0 0 0 0 0 0 0 0 0 0
12.9424 0.000449466 0.0001854 0.000264066 0.58751 0.857695 0 0 0 0 0 0 0 0 0 0 0 0 0 0 0 0 0 0 0 0 0 0 0 0 0 0 0 0 0 0 0 0 0 0 0 0 0 0 0 0 0 0 0 0 0 0 0 0 0 0 0 0 0 0 0 0 0 0 0 0 0 0 0 0 0 0 0 0 0 0 0 0 0 0 0 0 0 0 0 0 0 0
13.6067 0.000449965 0.00018976 0.000260205 0.578278 0.87014 0 0 0 0 0 0 0 0 0 0 0 0 0 0 0 0 0 0 0 0 0 0 0 0 0 0 0 0 0 0 0 0 0 0 0 0 0 0 0 0 0 0 0 0 0 0 0 0 0 0 0 0 0 0 0 0 0 0 0 0 0 0 0 0 0 0 0 0 0 0 0 0 0 0 0 0 0 0 0 0 0 0
14.3051 0.000450695 0.000194858 0.000255836 0.567649 0.885746 0 0 0 0 0 0 0 0 0 0 0 0 0 0 0 0 0 0 0 0 0 0 0 0 0 0 0 0 0 0 0 0 0 0 0 0 0 0 0 0 0 0 0 0 0 0 0 0 0 0 0 0 0 0 0 0 0 0 0 0 0 0 0 0 0 0 0 0 0 0 0 0 0 0 0 0 0 0 0 0 0 0
15.0394 0.000451688 0.000197709 0.000253979 0.562289 0.893563 0 0 0 0 0 0 0 0 0 0 0 0 0 0 0 0 0 0 0 0 0 0 0 0 0 0 0 0 0 0 0 0 0 0 0 0 0 0 0 0 0 0 0 0 0 0 0 0 0 0 0 0 0 0 0 0 0 0 0 0 0 0 0 0 0 0 0 0 0 0 0 0 0 0 0 0 0 0 0 0 0 0
15.8114 0.000452895 0.000198217 0.000254678 0.562333 0.893076 0 0 0 0 0 0 0 0 0 0 0 0 0 0 0 0 0 0 0 0 0 0 0 0 0 0 0 0 0 0 0 0 0 0 0 0 0 0 0 0 0 0 0 0 0 0 0 0 0 0 0 0 0 0 0 0 0 0 0 0 0 0 0 0 0 0 0 0 0 0 0 0 0 0 0 0 0 0 0 0 0 0
16.623 0.000454558 0.000196758 0.0002578 0.567144 0.885321 0 0 0 0 0 0 0 0 0 0 0 0 0 0 0 0 0 0 0 0 0 0 0 0 0 0 0 0 0 0 0 0 0 0 0 0 0 0 0 0 0 0 0 0 0 0 0 0 0 0 0 0 0 0 0 0 0 0 0 0 0 0 0 0 0 0 0 0 0 0 0 0 0 0 0 0 0 0 0 0 0 0
17.4762 0.000456865 0.000193906 0.000262959 0.575574 0.871647 0 0 0 0 0 0 0 0 0 0 0 0 0 0 0 0 0 0 0 0 0 0 0 0 0 0 0 0 0 0 0 0 0 0 0 0 0 0 0 0 0 0 0 0 0 0 0 0 0 0 0 0 0 0 0 0 0 0 0 0 0 0 0 0 0 0 0 0 0 0 0 0 0 0 0 0 0 0 0 0 0 0
18.3733 0.000459652 0.000190596 0.000269056 0.585346 0.855131 0 0 0 0 0 0 0 0 0 0 0 0 0 0 0 0 0 0 0 0 0 0 0 0 0 0 0 0 0 0 0 0 0 0 0 0 0 0 0 0 0 0 0 0 0 0 0 0 0 0 0 0 0 0 0 0 0 0 0 0 0 0 0 0 1.4013e-45 0 1.4013e-45 0 4.2039e-45 0 7.00649e-45 0 1.4013e-44 0 2.66247e-44 0 4.48416e-44 0 8.12753e-44 0 1.37327e-43 0
19.3164 0.000462422 0.000187844 0.000274578 0.593782 0.839728 0 0 0 0 0 0 0 0 0 0 0 0 0 0 0 0 0 0 0 0 0 0 0 0 0 0 0 0 0 0 0 0 0 0 0 0 0 0 0 0 0 0 0 0 0 0 0 0 0 0 1.4013e-45 0 2.8026e-45 0 7.00649e-45 0 1.4013e-44 0 2.8026e-44 0 5.74532e-44 0 1.17709e-43 0 2.24208e-43 0 4.25995e-43 0 8.02944e-43 0 1.46856e-42 0 2.66807e-42 0 4.71397e-42 0 7.92715e-42 0 1.38448e-41 0 2.30444e-41 0
20.3079 0.000464607 0.000186552 0.000278055 0.598473 0.829324 0 0 0 0 0 0 0 0 0 0 0 0 0 0 0 0 0 0 0 0 0 0 0 0 0 0 0 0 0 0 0 0 0 0 0 0 0 0 1.4013e-45 0 2.8026e-45 0 7.00649e-45 0 1.82169e-44 0 4.62428e-44 0 1.12104e-43 0 2.56438e-43 0 5.75934e-43 0 1.22333e-42 0 2.57138e-42 0 5.10913e-42 0 1.00655e-41 0 1.96574e-41 0 3.64338e-41 0 6.70465e-41 0 1.22506e-40 0 2.17629e-40 0 3.84155e-40 0 6.60058e-40 0 1.08235e-39 0 1.83949e-39 0 2.98654e-39 0
21.3503 0.000466413 0.00018624 0.000280173 0.600697 0.822866 0 0 0 0 0 0 0 0 0 0 0 0 0 0 0 0 0 0 0 0 0 0 0 0 0 0 0 0 0 0 1.4013e-45 0 5.60519e-45 0 1.96182e-44 0 6.02558e-44 0 1.77965e-43 0 5.11474e-43 0 1.33544e-42 0 3.3491e-42 0 8.07428e-42 0 1.87522e-41 0 4.10482e-41 0 8.88143e-41 0 1.81732e-40 0 3.68205e-40 0 7.0756e-40 0 1.34839e-39 0 2.54865e-39 0 4.58379e-39 0 8.18759e-39 0 1.45263e-38 0 2.50918e-38 0 4.30797e-38 0 7.20893e-38 0 1.1539e-37 0 1.91097e-37 0 3.03004e-37 0
22.4463 0.000468131 0.000186053 0.000282078 0.602562 0.817083 0 0 0 0 0 0 0 0 0 0 0 0 0 0 0 0 0 0 0 0 0 0 0 0 4.2039e-45 0 1.82169e-44 0 7.84727e-44 0 3.11088e-43 0 1.0804e-42 0 3.46961e-42 0 1.0343e-41 0 2.87364e-41 0 7.82821e-41 0 1.95142e-40 0 4.67896e-40 0 1.08081e-39 0 2.40874e-39 0 5.07487e-39 0 1.05742e-38 0 2.08938e-38 0 4.08982e-38 0 7.61251e-38 0 1.40574e-37 0 2.57574e-37 0 4.50164e-37 0 7.8163e-37 0 1.34848e-36 0 2.26793e-36 0 3.79237e-36 0 6.18859e-36 0 9.6809e-36 0 1.56424e-35 0 2.42507e-35 0
23.5984 0.000469714 0.000186292 0.000283422 0.603392 0.812905 0 0 0 0 0 0 0 0 0 0 0 0 0 0 0 0 0 0 2.8026e-45 0 2.24208e-44 0 1.38729e-43 0 7.18866e-43 0 3.28604e-42 0 1.29886e-41 0 4.83434e-41 0 1.57978e-40 0 4.79152e-40 0 1.35421e-39 0 3.57931e-39 0 9.28481e-39 0 2.21356e-38 0 5.08567e-38 0 1.1277e-37 0 2.41681e-37 0 4.90995e-37 0 9.87038e-37 0 1.88652e-36 0 3.57361e-36 0 6.45294e-36 0 1.15646e-35 0 2.05724e-35 0 3.49877e-35 0 5.91353e-35 0 9.93401e-35 0 1.62887e-34 0 2.65624e-34 0 4.23218e-34 0 6.4774e-34 0 1.02238e-33 0 1.55145e-33 0
24.8097 0.000471318 0.000186453 0.000284865 0.604401 0.80855 0 0 0 0 0 0 0 0 0 0 0 0 0 0 4.2039e-45 0 6.16571e-44 0 5.43704e-43 0 3.83535e-42 0 2.21153e-41 0 1.05928e-40 0 4.49301e-40 0 1.66074e-39 0 5.79698e-39 0 1.78795e-38 0 5.13693e-38 0 1.38002e-37 0 3.47849e-37 0 8.61296e-37 0 1.96811e-36 0 4.34177e-36 0 9.26037e-36 0 1.91211e-35 0 3.75247e-35 0 7.29069e-35 0 1.35009e-34 0 2.47891e-34 0 4.3489e-34 0 7.57497e-34 0 1.31016e-33 0 2.17117e-33 0 3.57681e-33 0 5.85835e-33 0 9.37675e-33 0 1.49301e-32 0 2.32532e-32 0 3.48574e-32 0 5.3806e-32 0 8.00038e-32 0
26.0832 0.000472826 0.00018691 0.000285915 0.604695 0.805197 0 0 0 0 0 0 0 0 0 0 1.4013e-45 0 5.60519e-44 0 9.01035e-43 0 1.01272e-41 0 8.02398e-41 0 5.14921e-40 0 2.72613e-39 0 1.20961e-38 0 4.78117e-38 0 1.65797e-37 0 5.44466e-37 0 1.58943e-36 0 4.33722e-36 0 1.1103e-35 0 2.67511e-35 0 6.33692e-35 0 1.39076e-34 0 2.95184e-34 0 6.06727e-34 0 1.20922e-33 0 2.29621e-33 0 4.31897e-33 0 7.76082e-33 0 1.38332e-32 0 2.36115e-32 0 4.00274e-32 0 6.74035e-32 0 1.08979e-31 0 1.7521e-31 0 2.80141e-31 0 4.38208e-31 0 6.82067e-31 0 1.03957e-30 0 1.52785e-30 0 2.30893e-30 0 3.36729e-30 0
27.4221 0.000474311 0.000187354 0.000286956 0.604997 0.801821 0 0 0 0 0 0 0 0 7.00649e-45 0 3.72745e-43 0 9.08462e-42 0 1.28203e-40 0 1.28118e-39 0 9.17546e-39 0 5.37724e-38 0 2.62438e-37 0 1.08276e-36 0 4.002e-36 0 1.30603e-35 0 4.04701e-35 0 1.12122e-34 0 2.91322e-34 0 7.1231e-34 0 1.64409e-33 0 3.73401e-33 0 7.88645e-33 0 1.61349e-32 0 3.20176e-32 0 6.16987e-32 0 1.1355e-31 0 2.0709e-31 0 3.61626e-31 0 6.26641e-31 0 1.04203e-30 0 1.72157e-30 0 2.82617e-30 0 4.46346e-30 0 7.01165e-30 0 1.09569e-29 0 1.67688e-29 0 2.55428e-29 0 3.8138e-29 0 5.50075e-29 0 8.14698e-29 0 1.16645e-28 0
28.8297 0.00047582 0.000187834 0.000287986 0.605242 0.798543 0 0 0 0 0 0 8.40779e-45 0 1.25556e-42 0 5.46661e-41 0 1.14173e-39 0 1.41586e-38 0 1.26451e-37 0 8.22612e-37 0 4.42214e-36 0 1.9975e-35 0 7.69023e-35 0 2.66665e-34 0 8.21414e-34 0 2.40858e-33 0 6.34905e-33 0 1.57451e-32 0 3.6854e-32 0 8.16592e-32 0 1.78181e-31 0 3.62839e-31 0 7.16836e-31 0 1.37566e-30 0 2.56738e-30 0 4.58634e-30 0 8.12263e-30 0 1.38031e-29 0 2.32851e-29 0 3.7771e-29 0 6.08913e-29 0 9.75707e-29 0 1.50696e-28 0 2.31566e-28 0 3.54058e-28 0 5.30723e-28 0 7.91973e-28 0 1.15958e-27 0 1.64285e-27 0 2.38695e-27 0 3.35817e-27 0
30.3095 0.000477326 0.00018832 0.000289006 0.605469 0.795259 0 0 0 0 1.4013e-45 0 1.51761e-42 0 1.71637e-40 0 6.21822e-39 0 1.11963e-37 0 1.22785e-36 0 9.8542e-36 0 5.8504e-35 0 2.89708e-34 0 1.21574e-33 0 4.38239e-33 0 1.43011e-32 0 4.16977e-32 0 1.16012e-31 0 2.91673e-31 0 6.91951e-31 0 1.55375e-30 0 3.31156e-30 0 6.95576e-30 0 1.3681e-29 0 2.61448e-29 0 4.86022e-29 0 8.79839e-29 0 1.52784e-28 0 2.63141e-28 0 4.35738e-28 0 7.16538e-28 0 1.13517e-27 0 1.78786e-27 0 2.79962e-27 0 4.23316e-27 0 6.36983e-27 0 9.53949e-27 0 1.40196e-26 0 2.05159e-26 0 2.94846e-26 0 4.10682e-26 0 5.8591e-26 0 8.10682e-26 0
31.8653 0.00047883 0.000189035 0.000289794 0.605214 0.792606 0 0 0 0 2.92871e-43 0 2.03434e-40 0 1.82633e-38 0 5.55285e-37 0 8.68221e-36 0 8.47075e-35 0 6.14096e-34 0 3.3422e-33 0 1.53068e-32 0 5.989e-32 0 2.02785e-31 0 6.24621e-31 0 1.72849e-30 0 4.57466e-30 0 1.09953e-29 0 2.50073e-29 0 5.39784e-29 0 1.10873e-28 0 2.24595e-28 0 4.27396e-28 0 7.91345e-28 0 1.42721e-27 0 2.50988e-27 0 4.24253e-27 0 7.11554e-27 0 1.14961e-26 0 1.84509e-26 0 2.85815e-26 0 4.40275e-26 0 6.74499e-26 0 9.99492e-26 0 1.47427e-25 0 2.16477e-25 0 3.12218e-25 0 4.48476e-25 0 6.3322e-25 0 8.67838e-25 0 1.21683e-24 0 1.65716e-24 0
33.5009 0.000480335 0.000189694 0.000290641 0.605079 0.789724 0 0 1.4013e-45 0 4.21118e-41 0 2.12042e-38 0 1.52833e-36 0 3.93325e-35 0 5.37731e-34 0 4.69413e-33 0 3.08934e-32 0 1.54788e-31 0 6.58149e-31 0 2.40917e-30 0 7.68575e-30 0 2.24085e-29 0 5.9004e-29 0 1.48914e-28 0 3.42916e-28 0 7.49248e-28 0 1.55763e-27 0 3.08892e-27 0 6.04525e-27 0 1.11481e-26 0 2.00297e-26 0 3.50988e-26 0 6.00463e-26 0 9.893e-26 0 1.61788e-25 0 2.55339e-25 0 4.00453e-25 0 6.0721e-25 0 9.15834e-25 0 1.37413e-24 0 1.99751e-24 0 2.89098e-24 0 4.16614e-24 0 5.90221e-24 0 8.32947e-24 0 1.15643e-23 0 1.5607e-23 0 2.15249e-23 0 2.88754e-23 0
35.2205 0.00048193 0.000190577 0.000291352 0.604554 0.787341 0 0 1.34525e-43 0 4.68894e-39 0 1.74249e-36 0 1.0192e-34 0 2.23834e-33 0 2.6933e-32 0 2.11511e-31 0 1.26967e-30 0 5.88018e-30 0 2.32964e-29 0 8.00417e-29 0 2.41289e-28 0 6.67689e-28 0 1.67692e-27 0 4.04518e-27 0 8.9434e-27 0 1.88091e-26 0 3.77302e-26 0 7.23625e-26 0 1.37051e-25 0 2.45298e-25 0 4.28294e-25 0 7.30241e-25 0 1.21695e-24 0 1.95672e-24 0 3.12404e-24 0 4.82184e-24 0 7.39786e-24 0 1.09917e-23 0 1.62491e-23 0 2.39023e-23 0 3.41166e-23 0 4.84936e-23 0 6.86475e-23 0 9.56137e-23 0 1.32684e-22 0 1.81285e-22 0 2.41104e-22 0 3.27349e-22 0 4.3288e-22 0
37.0284 0.000483538 0.000191438 0.0002921 0.604089 0.784783 0 0 1.95299e-41 0 4.09778e-37 0 1.14068e-34 0 5.46986e-33 0 1.03309e-31 0 1.1009e-30 0 7.81799e-30 0 4.29982e-29 0 1.84777e-28 0 6.8447e-28 0 2.21417e-27 0 6.32462e-27 0 1.66529e-26 0 3.99855e-26 0 9.23965e-26 0 1.96516e-25 0 3.98565e-25 0 7.72786e-25 0 1.43574e-24 0 2.63574e-24 0 4.58532e-24 0 7.79114e-24 0 1.29423e-23 0 2.10373e-23 0 3.30502e-23 0 5.15753e-23 0 7.79353e-23 0 1.17099e-22 0 1.70654e-22 0 2.47509e-22 0 3.57287e-22 0 5.01187e-22 0 7.00263e-22 0 9.74613e-22 0 1.33568e-21 0 1.82411e-21 0 2.45458e-21 0 3.2194e-21 0 4.30623e-21 0 5.61731e-21 0
38.9291 0.000485155 0.000192241 0.000292914 0.603754 0.781963 1.079e-43 0 2.2032e-39 0 2.84369e-35 0 6.01367e-33 0 2.3872e-31 0 3.9061e-30 0 3.70836e-29 0 2.39311e-28 0 1.21107e-27 0 4.84679e-27 0 1.6842e-26 0 5.14466e-26 0 1.39613e-25 0 3.50632e-25 0 8.06661e-25 0 1.78931e-24 0 3.66796e-24 0 7.18675e-24 0 1.34913e-23 0 2.43184e-23 0 4.33392e-23 0 7.33851e-23 0 1.21506e-22 0 1.969e-22 0 3.12553e-22 0 4.8032e-22 0 7.33436e-22 0 1.08618e-21 0 1.59987e-21 0 2.28909e-21 0 3.26028e-21 0 4.62271e-21 0 6.37827e-21 0 8.76743e-21 0 1.2007e-20 0 1.62039e-20 0 2.17953e-20 0 2.89064e-20 0 3.74145e-20 0 4.93395e-20 0 6.35316e-20 0
40.9273 0.000486776 0.000192987 0.000293789 0.60354 0.778883 1.54872e-41 0 1.94912e-37 0 1.58475e-33 0 2.58042e-31 0 8.5582e-30 0 1.22172e-28 0 1.03917e-27 0 6.12254e-27 0 2.86257e-26 0 1.07062e-25 0 3.50076e-25 0 1.01262e-24 0 2.61727e-24 0 6.28418e-24 0 1.3881e-23 0 2.96157e-23 0 5.86195e-23 0 1.11145e-22 0 2.02327e-22 0 3.54358e-22 0 6.13955e-22 0 1.0132e-21 0 1.63679e-21 0 2.59064e-21 0 4.02056e-21 0 6.05037e-21 0 9.04979e-21 0 1.31477e-20 0 1.90031e-20 0 2.67181e-20 0 3.74023e-20 0 5.21359e-20 0 7.08137e-20 0 9.58386e-20 0 1.29251e-19 0 1.71896e-19 0 2.27888e-19 0 2.98102e-19 0 3.81013e-19 0 4.95711e-19 0 6.30468e-19 0
43.0281 0.000488419 0.000193912 0.000294507 0.602981 0.776139 1.726e-39 0 1.37008e-35 0 7.17725e-32 0 9.11385e-30 0 2.5477e-28 0 3.19422e-27 0 2.44731e-26 0 1.32229e-25 0 5.73387e-25 0 2.01074e-24 0 6.2053e-24 0 1.70422e-23 0 4.20524e-23 0 9.67429e-23 0 2.05583e-22 0 4.22689e-22 0 8.09213e-22 0 1.48711e-21 0 2.6291e-21 0 4.48035e-21 0 7.55706e-21 0 1.217e-20 0 1.92052e-20 0 2.97232e-20 0 4.51497e-20 0 6.66016e-20 0 9.76795e-20 0 1.39346e-19 0 1.97814e-19 0 2.73537e-19 0 3.76682e-19 0 5.1662e-19 0 6.91288e-19 0 9.21861e-19 0 1.22523e-18 0 1.60695e-18 0 2.10126e-18 0 2.71286e-18 0 3.4261e-18 0 4.40057e-18 0 5.53152e-18 0
45.2368 0.000490075 0.00019486 0.000295215 0.602387 0.773324 1.51011e-37 0 7.73238e-34 0 2.66649e-30 0 2.67282e-28 0 6.35031e-27 0 7.03707e-26 0 4.88135e-25 0 2.42889e-24 0 9.80443e-24 0 3.23389e-23 0 9.44577e-23 0 2.46933e-22 0 5.83031e-22 0 1.28782e-21 0 2.63778e-21 0 5.23586e-21 0 9.71092e-21 0 1.73236e-20 0 2.97865e-20 0 4.94563e-20 0 8.13161e-20 0 1.27941e-19 0 1.97454e-19 0 2.99145e-19 0 4.45222e-19 0 6.44411e-19 0 9.27602e-19 0 1.30053e-18 0 1.81491e-18 0 2.47024e-18 0 3.34899e-18 0 4.52285e-18 0 5.96656e-18 0 7.84562e-18 0 1.02836e-17 0 1.33101e-17 0 1.7178e-17 0 2.1903e-17 0 2.7348e-17 0 3.46998e-17 0 4.31333e-17 0
47.5588 0.000491785 0.000195985 0.0002958 0.601482 0.77077 1.05037e-35 0 3.54441e-32 0 8.212e-29 0 6.57327e-27 0 1.33793e-25 0 1.31834e-24 0 8.3197e-24 0 3.82782e-23 0 1.44337e-22 0 4.49133e-22 0 1.24497e-21 0 3.10545e-21 0 7.03106e-21 0 1.4941e-20 0 2.95503e-20 0 5.67249e-20 0 1.02082e-19 0 1.77032e-19 0 2.96442e-19 0 4.80166e-19 0 7.70554e-19 0 1.18584e-18 0 1.79176e-18 0 2.66004e-18 0 3.88286e-18 0 5.51947e-18 0 7.80498e-18 0 1.07638e-17 0 1.47786e-17 0 1.98144e-17 0 2.64669e-17 0 3.52232e-17 0 4.58423e-17 0 5.94791e-17 0 7.6939e-17 0 9.83356e-17 0 1.25341e-16 0 1.57932e-16 0 1.95068e-16 0 2.44646e-16 0 3.00892e-16 0
50 0.000493518 0.000197094 0.000296425 0.600635 0.767999 5.86794e-34 0 1.33176e-30 0 2.1137e-27 0 1.36599e-25 0 2.39997e-24 0 2.1149e-23 0 1.21985e-22 0 5.20939e-22 0 1.84107e-21 0 5.41997e-21 0 1.42943e-20 0 3.40994e-20 0 7.41848e-20 0 1.51947e-19 0 2.90678e-19 0 5.40501e-19 0 9.45175e-19 0 1.59567e-18 0 2.60555e-18 0 4.12216e-18 0 6.46409e-18 0 9.74069e-18 0 1.44242e-17 0 2.10049e-17 0 3.00998e-17 0 4.20584e-17 0 5.84764e-17 0 7.93887e-17 0 1.07326e-16 0 1.41852e-16 0 1.86818e-16 0 2.45179e-16 0 3.15017e-16 0 4.03562e-16 0 5.15507e-16 0 6.51023e-16 0 8.20035e-16 0 1.02167e-15 0 1.24896e-15 0 1.54917e-15 0 1.88618e-15 0
52.5665 0.000495309 0.000198346 0.000296963 0.599551 0.765377 2.6635e-32 0 4.14516e-29 0 4.59082e-26 0 2.42049e-24 0 3.69731e-23 0 2.92973e-22 0 1.55127e-21 0 6.17143e-21 0 2.05069e-20 0 5.72706e-20 0 1.44057e-19 0 3.29369e-19 0 6.89874e-19 0 1.3644e-18 0 2.52877e-18 0 4.56185e-18 0 7.76258e-18 0 1.27741e-17 0 2.03654e-17 0 3.15058e-17 0 4.83318e-17 0 7.13873e-17 0 1.03705e-16 0 1.48271e-16 0 2.08772e-16 0 2.8699e-16 0 3.92651e-16 0 5.25173e-16 0 6.99608e-16 0 9.12161e-16 0 1.18527e-15 0 1.53503e-15 0 1.94829e-15 0 2.46591e-15 0 3.11251e-15 0 3.88618e-15 0 4.84022e-15 0 5.96597e-15 0 7.22203e-15 0 8.86425e-15 0 1.06894e-14 0
55.2648 0.00049717 0.000199711 0.000297459 0.598304 0.762777 9.9212e-31 0 1.07846e-27 0 8.48232e-25 0 3.68512e-23 0 4.92752e-22 0 3.52923e-21 0 1.72265e-20 0 6.40644e-20 0 2.00756e-19 0 5.3324e-19 0 1.28223e-18 0 2.81566e-18 0 5.6884e-18 0 1.08819e-17 0 1.95698e-17 0 3.43011e-17 0 5.68723e-17 0 9.13408e-17 0 1.42343e-16 0 2.15567e-16 0 3.23855e-16 0 4.69319e-16 0 6.69464e-16 0 9.40603e-16 0 1.30246e-15 0 1.76284e-15 0 2.37523e-15 0 3.1321e-15 0 4.1144e-15 0 5.29538e-15 0 6.79342e-15 0 8.68774e-15 0 1.0899e-14 0 1.36369e-14 0 1.70181e-14 0 2.10192e-14 0 2.59002e-14 0 3.15999e-14 0 3.78977e-14 0 4.60522e-14 0 5.5029e-14 0
58.1015 0.000499072 0.000201145 0.000297927 0.596963 0.760123 3.0615e-29 0 2.36554e-26 0 1.34358e-23 0 4.85544e-22 0 5.72033e-21 0 3.72156e-20 0 1.68123e-19 0 5.86403e-19 0 1.73791e-18 0 4.40118e-18 0 1.01393e-17 0 2.14261e-17 0 4.18256e-17 0 7.75176e-17 0 1.35469e-16 0 2.31026e-16 0 3.73709e-16 0 5.86477e-16 0 8.94365e-16 0 1.32727e-15 0 1.95479e-15 0 2.78196e-15 0 3.90012e-15 0 5.38947e-15 0 7.34521e-15 0 9.79566e-15 0 1.30078e-14 0 1.69226e-14 0 2.19359e-14 0 2.78866e-14 0 3.53431e-14 0 4.46588e-14 0 5.5409e-14 0 6.85735e-14 0 8.46554e-14 0 1.03486e-13 0 1.26224e-13 0 1.52513e-13 0 1.81293e-13 0 2.18216e-13 0 2.58494e-13 0
61.0839 0.000501076 0.000202726 0.000298349 0.595417 0.757514 7.90183e-28 0 4.41287e-25 0 1.83897e-22 0 5.57796e-21 0 5.82596e-20 0 3.4591e-19 0 1.45175e-18 0 4.76396e-18 0 1.33895e-17 0 3.24043e-17 0 7.16715e-17 0 1.46021e-16 0 2.75887e-16 0 4.96144e-16 0 8.43742e-16 0 1.40189e-15 0 2.21507e-15 0 3.40055e-15 0 5.08001e-15 0 7.39503e-15 0 1.06873e-14 0 1.49499e-14 0 2.06159e-14 0 2.80422e-14 0 3.76448e-14 0 4.95029e-14 0 6.48317e-14 0 8.32669e-14 0 1.06575e-13 0 1.33909e-13 0 1.67762e-13 0 2.09573e-13 0 2.57297e-13 0 3.15131e-13 0 3.85054e-13 0 4.66113e-13 0 5.6304e-13 0 6.7405e-13 0 7.94511e-13 0 9.47709e-13 0 1.11339e-12 0
64.2193 0.000503119 0.000204376 0.000298743 0.593782 0.754795 1.72016e-26 0 7.05412e-24 0 2.1897e-21 0 5.62254e-20 0 5.23695e-19 0 2.85039e-18 0 1.11537e-17 0 3.45381e-17 0 9.22958e-17 0 2.13934e-16 0 4.55189e-16 0 8.9572e-16 0 1.64058e-15 0 2.867e-15 0 4.75085e-15 0 7.70033e-15 0 1.18982e-14 0 1.78877e-14 0 2.62036e-14 0 3.74519e-14 0 5.31612e-14 0 7.31555e-14 0 9.93107e-14 0 1.33071e-13 0 1.76089e-13 0 2.28481e-13 0 2.95316e-13 0 3.74685e-13 0 4.73825e-13 0 5.88746e-13 0 7.29514e-13 0 9.01483e-13 0 1.09574e-12 0 1.32881e-12 0 1.60785e-12 0 1.92825e-12 0 2.30784e-12 0 2.73869e-12 0 3.20232e-12 0 3.78705e-12 0 4.41426e-12 0
67.5157 0.000505289 0.000206167 0.000299123 0.591983 0.752082 3.18585e-25 0 9.73933e-23 0 2.28457e-20 0 5.00648e-19 0 4.18178e-18 0 2.09537e-17 0 7.67088e-17 0 2.24781e-16 0 5.72533e-16 0 1.27372e-15 0 2.61201e-15 0 4.97281e-15 0 8.84289e-15 0 1.5038e-14 0 2.43121e-14 0 3.84876e-14 0 5.82194e-14 0 8.58016e-14 0 1.23369e-13 0 1.73279e-13 0 2.4179e-13 0 3.27583e-13 0 4.38116e-13 0 5.78724e-13 0 7.55407e-13 0 9.6778e-13 0 1.2353e-12 0 1.54919e-12 0 1.93677e-12 0 2.38113e-12 0 2.91973e-12 0 3.57091e-12 0 4.29923e-12 0 5.16485e-12 0 6.19153e-12 0 7.35975e-12 0 8.73162e-12 0 1.02755e-11 0 1.19236e-11 0 1.39858e-11 0 1.61806e-11 0
70.9813 0.000507513 0.00020806 0.000299453 0.59004 0.74923 5.05881e-24 0 1.16952e-21 0 2.10164e-19 0 3.9612e-18 0 2.98296e-17 0 1.38158e-16 0 4.74726e-16 0 1.31996e-15 0 3.21202e-15 0 6.87219e-15 0 1.36072e-14 0 2.5104e-14 0 4.3404e-14 0 7.19227e-14 0 1.13583e-13 0 1.75821e-13 0 2.60641e-13 0 3.76918e-13 0 5.32422e-13 0 7.35517e-13 0 1.00977e-12 0 1.34792e-12 0 1.77733e-12 0 2.31605e-12 0 2.98407e-12 0 3.77704e-12 0 4.764e-12 0 5.90884e-12 0 7.30704e-12 0 8.89339e-12 0 1.0797e-11 0 1.30759e-11 0 1.56008e-11 0 1.85748e-11 0 2.20709e-11 0 2.60147e-11 0 3.06074e-11 0 3.57341e-11 0 4.11655e-11 0 4.79106e-11 0 5.50361e-11 0
74.6248 0.000509845 0.000210054 0.00029979 0.588003 0.746324 6.93913e-23 0 1.22984e-20 0 1.71522e-18 0 2.80107e-17 0 1.91133e-16 0 8.21409e-16 0 2.65739e-15 0 7.02892e-15 0 1.63775e-14 0 3.37628e-14 0 6.46588e-14 0 1.15775e-13 0 1.94892e-13 0 3.1508e-13 0 4.86608e-13 0 7.37346e-13 0 1.07225e-12 0 1.52292e-12 0 2.11526e-12 0 2.87639e-12 0 3.88828e-12 0 5.11772e-12 0 6.65757e-12 0 8.5641e-12 0 1.08985e-11 0 1.36369e-11 0 1.70064e-11 0 2.08726e-11 0 2.55454e-11 0 3.07944e-11 0 3.70335e-11 0 4.44326e-11 0 5.25573e-11 0 6.20456e-11 0 7.31056e-11 0 8.548e-11 0 9.97757e-11 0 1.1561e-10 0 1.32266e-10 0 1.52801e-10 0 1.74343e-10 0
78.4553 0.000512327 0.000212211 0.000300116 0.585791 0.743306 8.28362e-22 0 1.1402e-19 0 1.24954e-17 0 1.78046e-16 0 1.10617e-15 0 4.42722e-15 0 1.35248e-14 0 3.41146e-14 0 7.62718e-14 0 1.5178e-13 0 2.81595e-13 0 4.90074e-13 0 8.04259e-13 0 1.2701e-12 0 1.92035e-12 0 2.85141e-12 0 4.0714e-12 0 5.68442e-12 0 7.76972e-12 0 1.04081e-11 0 1.38641e-11 0 1.80046e-11 0 2.31231e-11 0 2.93814e-11 0 3.69528e-11 0 4.57341e-11 0 5.64231e-11 0 6.8561e-11 0 8.30863e-11 0 9.92491e-11 0 1.18287e-10 0 1.40664e-10 0 1.65026e-10 0 1.93247e-10 0 2.25877e-10 0 2.62102e-10 0 3.03635e-10 0 3.49302e-10 0 3.97006e-10 0 4.55426e-10 0 5.16294e-10 0
82.4824 0.000514773 0.000214399 0.000300374 0.583507 0.739953 8.65939e-21 0 9.37183e-19 0 8.16593e-17 0 1.02201e-15 0 5.80783e-15 0 2.17227e-14 0 6.28398e-14 0 1.51505e-13 0 3.25679e-13 0 6.26684e-13 0 1.12812e-12 0 1.91092e-12 0 3.06107e-12 0 4.72744e-12 0 7.00491e-12 0 1.02024e-11 0 1.43163e-11 0 1.96652e-11 0 2.64722e-11 0 3.4959e-11 0 4.59195e-11 0 5.88775e-11 0 7.46974e-11 0 9.38109e-11 0 1.16672e-10 0 1.42902e-10 0 1.74503e-10 0 2.10034e-10 0 2.52155e-10 0 2.98605e-10 0 3.52847e-10 0 4.16061e-10 0 4.8433e-10 0 5.62798e-10 0 6.52838e-10 0 7.52055e-10 0 8.64992e-10 0 9.88302e-10 0 1.11628e-09 0 1.27198e-09 0 1.43318e-09 0
86.7162 0.000517354 0.000216723 0.000300632 0.581095 0.736506 7.98225e-20 0 6.87287e-18 0 4.81495e-16 0 5.3267e-15 0 2.78085e-14 0 9.75229e-14 0 2.67857e-13 0 6.18635e-13 0 1.28107e-12 0 2.38754e-12 0 4.17631e-12 0 6.89454e-12 0 1.07931e-11 0 1.63186e-11 0 2.37203e-11 0 3.39192e-11 0 4.68159e-11 0 6.33182e-11 0 8.40076e-11 0 1.09444e-10 0 1.41856e-10 0 1.79691e-10 0 2.2534e-10 0 2.79869e-10 0 3.44384e-10 0 4.17653e-10 0 5.05059e-10 0 6.02423e-10 0 7.16809e-10 0 8.41873e-10 0 9.86729e-10 0 1.15418e-09 0 1.33363e-09 0 1.53838e-09 0 1.77162e-09 0 2.02681e-09 0 2.31531e-09 0 2.62822e-09 0 2.95095e-09 0 3.3412e-09 0 3.74276e-09 0
91.1674 0.000520143 0.000219239 0.000300904 0.578503 0.733029 6.53011e-19 0 4.52333e-17 0 2.57519e-15 0 2.53344e-14 0 1.22008e-13 0 4.02449e-13 0 1.05217e-12 0 2.33274e-12 0 4.66195e-12 0 8.42843e-12 0 1.4346e-11 0 2.31108e-11 0 3.53957e-11 0 5.24472e-11 0 7.48566e-11 0 1.05189e-10 0 1.42918e-10 0 1.90467e-10 0 2.49238e-10 0 3.20536e-10 0 4.10235e-10 0 5.13689e-10 0 6.37105e-10 0 7.82947e-10 0 9.53725e-10 0 1.14579e-09 0 1.37279e-09 0 1.62339e-09 0 1.91531e-09 0 2.23189e-09 0 2.59572e-09 0 3.01307e-09 0 3.45707e-09 0 3.96011e-09 0 4.52918e-09 0 5.14766e-09 0 5.8423e-09 0 6.59095e-09 0 7.35855e-09 0 8.28132e-09 0 9.22535e-09 0
95.847 0.0005232 0.000221825 0.000301376 0.576024 0.729493 4.76613e-18 0 2.68436e-16 0 1.25455e-14 0 1.10386e-13 0 4.92332e-13 0 1.53206e-12 0 3.82182e-12 0 8.15023e-12 0 1.57467e-11 0 2.76575e-11 0 4.58691e-11 0 7.21925e-11 0 1.0829e-10 0 1.57407e-10 0 2.20794e-10 0 3.05151e-10 0 4.08443e-10 0 5.36752e-10 0 6.93212e-10 0 8.80633e-10 0 1.11357e-09 0 1.37917e-09 0 1.69263e-09 0 2.05927e-09 0 2.48439e-09 0 2.9581e-09 0 3.51299e-09 0 4.12043e-09 0 4.82228e-09 0 5.57753e-09 0 6.43909e-09 0 7.42019e-09 0 8.45665e-09 0 9.62314e-09 0 1.09341e-08 0 1.23498e-08 0 1.39299e-08 0 1.56227e-08 0 1.73486e-08 0 1.94118e-08 0 2.1511e-08 0
100.767 0.0005264 0.000224468 0.000301932 0.573579 0.725797 3.12075e-17 0 1.44364e-15 0 5.59227e-14 0 4.42487e-13 0 1.83461e-12 0 5.40118e-12 0 1.28855e-11 0 2.64815e-11 0 4.95448e-11 0 8.46597e-11 0 1.3698e-10 0 2.10869e-10 0 3.10107e-10 0 4.42604e-10 0 6.10666e-10 0 8.30751e-10 0 1.09624e-09 0 1.42152e-09 0 1.8131e-09 0 2.27655e-09 0 2.84593e-09 0 3.4881e-09 0 4.23829e-09 0 5.10721e-09 0 6.10536e-09 0 7.2078e-09 0 8.48832e-09 0 9.87883e-09 0 1.14731e-08 0 1.3176e-08 0 1.5105e-08 0 1.72864e-08 0 1.95756e-08 0 2.21358e-08 0 2.49949e-08 0 2.80638e-08 0 3.14691e-08 0 3.50961e-08 0 3.87745e-08 0 4.31485e-08 0 4.75754e-08 0
105.939 0.000529444 0.000227387 0.000302057 0.570517 0.721318 1.84468e-16 0 7.07651e-15 0 2.29303e-13 0 1.64007e-12 0 6.34379e-12 0 1.77174e-11 0 4.05111e-11 0 8.03788e-11 0 1.45853e-10 0 2.42791e-10 0 3.83716e-10 0 5.78386e-10 0 8.34717e-10 0 1.17084e-09 0 1.59024e-09 0 2.1311e-09 0 2.77432e-09 0 3.55219e-09 0 4.4772e-09 0 5.55948e-09 0 6.87461e-09 0 8.34253e-09 0 1.00408e-08 0 1.19897e-08 0 1.42086e-08 0 1.66388e-08 0 1.9439e-08 0 2.24564e-08 0 2.58906e-08 0 2.95333e-08 0 3.36319e-08 0 3.82362e-08 0 4.30377e-08 0 4.83751e-08 0 5.43005e-08 0 6.06238e-08 0 6.76007e-08 0 7.49918e-08 0 8.24493e-08 0 9.12725e-08 0 1.00158e-07 0
111.377 0.000531602 0.000230559 0.000301043 0.566294 0.71527 9.89174e-16 0 3.17569e-14 0 8.68312e-13 0 5.64172e-12 0 2.04275e-11 0 5.42609e-11 0 1.19159e-10 0 2.28647e-10 0 4.02998e-10 0 6.54359e-10 0 1.01132e-09 0 1.49415e-09 0 2.11806e-09 0 2.92228e-09 0 3.91016e-09 0 5.16568e-09 0 6.63878e-09 0 8.39822e-09 0 1.04662e-08 0 1.28596e-08 0 1.57376e-08 0 1.89184e-08 0 2.25646e-08 0 2.67119e-08 0 3.1394e-08 0 3.64813e-08 0 4.22984e-08 0 4.85211e-08 0 5.5554e-08 0 6.29643e-08 0 7.12489e-08 0 8.04972e-08 0 9.00838e-08 0 1.00679e-07 0 1.12376e-07 0 1.24789e-07 0 1.38412e-07 0 1.52769e-07 0 1.67186e-07 0 1.84161e-07 0 2.01174e-07 0
117.094 0.000532812 0.000232949 0.000299863 0.562793 0.706379 4.8136e-15 0 1.3046e-13 0 3.03503e-12 0 1.79977e-11 0 6.11981e-11 0 1.54987e-10 0 3.27532e-10 0 6.08799e-10 0 1.04375e-09 0 1.65512e-09 0 2.50421e-09 0 3.62995e-09 0 5.05877e-09 0 6.87075e-09 0 9.06361e-09 0 1.18122e-08 0 1.49959e-08 0 1.87536e-08 0 2.31217e-08 0 2.81248e-08 0 3.40816e-08 0 4.06034e-08 0 4.8014e-08 0 5.63725e-08 0 6.57332e-08 0 7.58269e-08 0 8.72851e-08 0 9.94574e-08 0 1.13123e-07 0 1.27431e-07 0 1.4333e-07 0 1.60973e-07 0 1.79157e-07 0 1.99145e-07 0 2.2109e-07 0 2.4426e-07 0 2.69559e-07 0 2.9609e-07 0 3.22607e-07 0 3.53688e-07 0 3.84701e-07 0
123.105 0.000537112 0.000235739 0.000301373 0.561099 0.700303 2.1464e-14 0 4.95172e-13 0 9.87902e-12 0 5.37063e-11 0 1.72026e-10 0 4.1634e-10 0 8.48284e-10 0 1.52974e-09 0 2.55451e-09 0 3.96064e-09 0 5.87253e-09 0 8.35958e-09 0 1.14628e-08 0 1.53376e-08 0 1.9961e-08 0 2.568e-08 0 3.22237e-08 0 3.9861e-08 0 4.86456e-08 0 5.86084e-08 0 7.03585e-08 0 8.31086e-08 0 9.74758e-08 0 1.13552e-07 0 1.31418e-07 0 1.50544e-07 0 1.72106e-07 0 1.94861e-07 0 2.20247e-07 0 2.46665e-07 0 2.75853e-07 0 3.08057e-07 0 3.41069e-07 0 3.77168e-07 0 4.166e-07 0 4.58024e-07 0 5.03037e-07 0 5.50021e-07 0 5.96776e-07 0 6.5134e-07 0 7.0555e-07 0
129.424 0.000544429 0.000238847 0.000305583 0.56129 0.698025 8.8049e-14 0 1.74269e-12 0 3.00405e-11 0 1.50355e-10 0 4.54991e-10 0 1.05467e-09 0 2.07548e-09 0 3.63655e-09 0 5.92253e-09 0 8.98808e-09 0 1.3073e-08 0 1.82914e-08 0 2.46978e-08 0 3.25801e-08 0 4.1859e-08 0 5.31937e-08 0 6.60127e-08 0 8.08147e-08 0 9.76701e-08 0 1.16608e-07 0 1.38743e-07 0 1.62558e-07 0 1.89181e-07 0 2.18745e-07 0 2.51362e-07 0 2.86041e-07 0 3.2488e-07 0 3.6561e-07 0 4.10777e-07 0 4.57512e-07 0 5.08863e-07 0 5.65214e-07 0 6.2268e-07 0 6.85212e-07 0 7.53183e-07 0 8.24251e-07 0 9.01122e-07 0 9.81001e-07 0 1.06016e-06 0 1.15216e-06 0 1.24319e-06 0
136.067 0.000552243 0.000241392 0.000310851 0.562888 0.698136 3.32421e-13 0 5.68699e-12 0 8.53102e-11 0 3.94697e-10 0 1.13154e-09 0 2.51742e-09 0 4.79296e-09 0 8.17118e-09 0 1.29945e-08 0 1.9323e-08 0 2.75956e-08 0 3.79829e-08 0 5.05398e-08 0 6.57739e-08 0 8.34789e-08 0 1.04849e-07 0 1.28753e-07 0 1.56073e-07 0 1.86889e-07 0 2.21204e-07 0 2.60969e-07 0 3.03409e-07 0 3.50495e-07 0 4.02404e-07 0 4.59279e-07 0 5.19356e-07 0 5.86219e-07 0 6.55921e-07 0 7.32773e-07 0 8.1186e-07 0 8.98305e-07 0 9.92679e-07 0 1.08845e-06 0 1.19217e-06 0 1.3044e-06 0 1.4212e-06 0 1.547e-06 0 1.67716e-06 0 1.80564e-06 0 1.95437e-06 0 2.10097e-06 0
143.051 0.00055836 0.000245206 0.000313154 0.560846 0.697933 1.16845e-12 0 1.74018e-11 0 2.28713e-10 0 9.8191e-10 0 2.6739e-09 0 5.72106e-09 0 1.05553e-08 0 1.75323e-08 0 2.7257e-08 0 3.97539e-08 0 5.5794e-08 0 7.56071e-08 0 9.92091e-08 0 1.27463e-07 0 1.59902e-07 0 1.98614e-07 0 2.4146e-07 0 2.8996e-07 0 3.44169e-07 0 4.04023e-07 0 4.72821e-07 0 5.45684e-07 0 6.25944e-07 0 7.13819e-07 0 8.09468e-07 0 9.09874e-07 0 1.02096e-06 0 1.1361e-06 0 1.26237e-06 0 1.39163e-06 0 1.53222e-06 0 1.68496e-06 0 1.83922e-06 0 2.00556e-06 0 2.18473e-06 0 2.37043e-06 0 2.56958e-06 0 2.77481e-06 0 2.97663e-06 0 3.2094e-06 0 3.43797e-06 0
150.394 0.000559722 0.000250219 0.000309504 0.552959 0.689642 3.83601e-12 0 5.0072e-11 0 5.80325e-10 0 2.32037e-09 0 6.01714e-09 0 1.24049e-08 0 2.22126e-08 0 3.59923e-08 0 5.47635e-08 0 7.84135e-08 0 1.08246e-07 0 1.44525e-07 0 1.87142e-07 0 2.37515e-07 0 2.94681e-07 0 3.62169e-07 0 4.36118e-07 0 5.19058e-07 0 6.10964e-07 0 7.11623e-07 0 8.26431e-07 0 9.47135e-07 0 1.07919e-06 0 1.22282e-06 0 1.37819e-06 0 1.54032e-06 0 1.71868e-06 0 1.90256e-06 0 2.10316e-06 0 2.30751e-06 0 2.52872e-06 0 2.76792e-06 0 3.00844e-06 0 3.26668e-06 0 3.54368e-06 0 3.8296e-06 0 4.13503e-06 0 4.44857e-06 0 4.7558e-06 0 5.10888e-06 0 5.45438e-06 0
158.114 0.000548573 0.00025345 0.000295123 0.537982 0.67578 1.16642e-11 0 1.34306e-10 0 1.38108e-09 0 5.16082e-09 0 1.27745e-08 0 2.54219e-08 0 4.42447e-08 0 7.00224e-08 0 1.04381e-07 0 1.46861e-07 0 1.99568e-07 0 2.62721e-07 0 3.35925e-07 0 4.21413e-07 0 5.17364e-07 0 6.29482e-07 0 7.51167e-07 0 8.86454e-07 0 1.03514e-06 0 1.19674e-06 0 1.3797e-06 0 1.57072e-06 0 1.77835e-06 0 2.00279e-06 0 2.24411e-06 0 2.49452e-06 0 2.76853e-06 0 3.04956e-06 0 3.35464e-06 0 3.66396e-06 0 3.99729e-06 0 4.35614e-06 0 4.71545e-06 0 5.09967e-06 0 5.51017e-06 0 5.93223e-06 0 6.38139e-06 0 6.84082e-06 0 7.28946e-06 0 7.8033e-06 0 8.30446e-06 0
166.23 0.000537613 0.000256432 0.000281181 0.523018 0.638079 3.31674e-11 0 3.38953e-10 0 3.11063e-09 0 1.08992e-08 0 2.5811e-08 0 4.96678e-08 0 8.41356e-08 0 1.30203e-07 0 1.90344e-07 0 2.63382e-07 0 3.52588e-07 0 4.57974e-07 0 5.78598e-07 0 7.17853e-07 0 8.72517e-07 0 1.05148e-06 0 1.24396e-06 0 1.45618e-06 0 1.68761e-06 0 1.93729e-06 0 2.21801e-06 0 2.50917e-06 0 2.82367e-06 0 3.16164e-06 0 3.52297e-06 0 3.89592e-06 0 4.3019e-06 0 4.71627e-06 0 5.164e-06 0 5.61592e-06 0 6.10085e-06 0 6.62068e-06 0 7.13911e-06 0 7.69134e-06 0 8.2791e-06 0 8.88119e-06 0 9.51966e-06 0 1.01704e-05 0 1.08039e-05 0 1.15271e-05 0 1.22302e-05 0
174.763 0.000546781 0.000260309 0.000286472 0.523924 0.599296 8.88786e-11 0 8.10849e-10 0 6.67797e-09 0 2.20093e-08 0 4.99729e-08 0 9.31376e-08 0 1.53764e-07 0 2.32936e-07 0 3.34273e-07 0 4.55263e-07 0 6.0084e-07 0 7.70525e-07 0 9.62423e-07 0 1.18155e-06 0 1.4225e-06 0 1.69873e-06 0 1.99327e-06 0 2.31544e-06 0 2.66417e-06 0 3.03781e-06 0 3.4551e-06 0 3.88517e-06 0 4.34702e-06 0 4.84052e-06 0 5.36529e-06 0 5.9042e-06 0 6.48799e-06 0 7.08107e-06 0 7.71903e-06 0 8.36024e-06 0 9.04549e-06 0 9.77712e-06 0 1.0504e-05 0 1.12754e-05 0 1.20935e-05 0 1.29286e-05 0 1.38111e-05 0 1.47077e-05 0 1.55778e-05 0 1.6568e-05 0 1.75278e-05 0
183.733 0.000555648 0.000263874 0.000291774 0.525106 0.599472 2.24067e-10 0 1.83503e-09 0 1.36345e-08 0 4.23946e-08 0 9.24808e-08 0 1.67202e-07 0 2.69364e-07 0 3.99866e-07 0 5.63795e-07 0 7.56366e-07 0 9.84795e-07 0 1.24767e-06 0 1.54157e-06 0 1.8737e-06 0 2.23545e-06 0 2.64651e-06 0 3.08124e-06 0 3.55317e-06 0 4.06041e-06 0 4.6003e-06 0 5.19943e-06 0 5.81324e-06 0 6.46871e-06 0 7.16536e-06 0 7.90238e-06 0 8.65557e-06 0 9.46773e-06 0 1.02892e-05 0 1.1169e-05 0 1.20498e-05 0 1.29874e-05 0 1.39847e-05 0 1.49718e-05 0 1.60158e-05 0 1.71192e-05 0 1.82418e-05 0 1.94243e-05 0 2.06219e-05 0 2.17806e-05 0 2.30956e-05 0 2.43664e-05 0
193.164 0.0005719 0.000265461 0.000306439 0.535827 0.589368 5.29702e-10 0 3.91478e-09 0 2.63741e-08 0 7.75883e-08 0 1.62929e-07 0 2.86174e-07 0 4.5042e-07 0 6.55867e-07 0 9.09364e-07 0 1.20259e-06 0 1.54574e-06 0 1.93585e-06 0 2.36729e-06 0 2.85003e-06 0 3.37111e-06 0 3.95824e-06 0 4.57435e-06 0 5.2384e-06 0 5.94734e-06 0 6.69718e-06 0 7.5243e-06 0 8.36686e-06 0 9.26183e-06 0 1.02082e-05 0 1.12045e-05 0 1.2218e-05 0 1.3306e-05 0 1.44019e-05 0 1.55709e-05 0 1.67366e-05 0 1.79731e-05 0 1.92834e-05 0 2.0576e-05 0 2.19385e-05 0 2.33738e-05 0 2.48294e-05 0 2.6358e-05 0 2.79015e-05 0 2.93907e-05 0 3.1076e-05 0 3.27004e-05 0
203.079 0.000600448 0.000249836 0.000350612 0.583917 0.549689 1.10997e-09 0 7.44005e-09 0 4.56665e-08 0 1.27449e-07 0 2.58111e-07 0 4.41058e-07 0 6.78992e-07 0 9.70722e-07 0 1.32461e-06 0 1.72799e-06 0 2.194e-06 0 2.7177e-06 0 3.2909e-06 0 3.92626e-06 0 4.60619e-06 0 5.3662e-06 0 6.15781e-06 0 7.00522e-06 0 7.90414e-06 0 8.84924e-06 0 9.88579e-06 0 1.0936e-05 0 1.20458e-05 0 1.32138e-05 0 1.44376e-05 0 1.56772e-05 0 1.70023e-05 0 1.83316e-05 0 1.97442e-05 0 2.11478e-05 0 2.26312e-05 0 2.41979e-05 0 2.57382e-05 0 2.73568e-05 0 2.90565e-05 0 3.07752e-05 0 3.25747e-05 0 3.43866e-05 0 3.61301e-05 0 3.80981e-05 0 3.999e-05 0
213.503 0.000635594 0.000242064 0.00039353 0.619153 0.558789 2.27476e-09 0 1.3895e-08 0 7.80557e-08 0 2.07196e-07 0 4.05404e-07 0 6.74864e-07 0 1.01727e-06 0 1.42919e-06 0 1.92084e-06 0 2.47348e-06 0 3.10414e-06 0 3.80511e-06 0 4.5648e-06 0 5.39937e-06 0 6.28521e-06 0 7.26787e-06 0 8.28417e-06 0 9.36507e-06 0 1.05047e-05 0 1.16961e-05 0 1.29956e-05 0 1.43055e-05 0 1.56832e-05 0 1.71262e-05 0 1.86317e-05 0 2.01502e-05 0 2.1767e-05 0 2.33827e-05 0 2.50935e-05 0 2.67874e-05 0 2.85717e-05 0 3.045e-05 0 3.22909e-05 0 3.42196e-05 0 3.6239e-05 0 3.8275e-05 0 4.04008e-05 0 4.25355e-05 0 4.45844e-05 0 4.68914e-05 0 4.91037e-05 0
224.463 0.000669702 0.000256609 0.000413092 0.616831 0.609949 4.85771e-09 0 2.71633e-08 0 1.4026e-07 0 3.54984e-07 0 6.72178e-07 0 1.09146e-06 0 1.6126e-06 0 2.22828e-06 0 2.9519e-06 0 3.75455e-06 0 4.65989e-06 0 5.65568e-06 0 6.72482e-06 0 7.88936e-06 0 9.11585e-06 0 1.04666e-05 0 1.18542e-05 0 1.33209e-05 0 1.48584e-05 0 1.64571e-05 0 1.81918e-05 0 1.99318e-05 0 2.17534e-05 0 2.36531e-05 0 2.56268e-05 0 2.76096e-05 0 2.97128e-05 0 3.1807e-05 0 3.40167e-05 0 3.61974e-05 0 3.84872e-05 0 4.08901e-05 0 4.32381e-05 0 4.56911e-05 0 4.82523e-05 0 5.08275e-05 0 5.35093e-05 0 5.61952e-05 0 5.87671e-05 0 6.1656e-05 0 6.44198e-05 0
235.984 0.000657709 0.000256778 0.000400931 0.609588 0.606384 9.34795e-09 0 4.80583e-08 0 2.29039e-07 0 5.53983e-07 0 1.0168e-06 0 1.61242e-06 0 2.33734e-06 0 3.17913e-06 0 4.15411e-06 0 5.22198e-06 0 6.41316e-06 0 7.71037e-06 0 9.09076e-06 0 1.05822e-05 0 1.21414e-05 0 1.38467e-05 0 1.55874e-05 0 1.74166e-05 0 1.93236e-05 0 2.12961e-05 0 2.34261e-05 0 2.55525e-05 0 2.77691e-05 0 3.00711e-05 0 3.24531e-05 0 3.48371e-05 0 3.73569e-05 0 3.98571e-05 0 4.24867e-05 0 4.50735e-05 0 4.77816e-05 0 5.0615e-05 0 5.33759e-05 0 5.62525e-05 0 5.92478e-05 0 6.22518e-05 0 6.53722e-05 0 6.84898e-05 0 7.14682e-05 0 7.48062e-05 0 7.79926e-05 0
248.097 0.000620476 0.000238026 0.00038245 0.616381 0.537563 1.59444e-08 0 7.56735e-08 0 3.34177e-07 0 7.74167e-07 0 1.37942e-06 0 2.13877e-06 0 3.04464e-06 0 4.07944e-06 0 5.26138e-06 0 6.54043e-06 0 7.9522e-06 0 9.47514e-06 0 1.1082e-05 0 1.28049e-05 0 1.45933e-05 0 1.65366e-05 0 1.85082e-05 0 2.05685e-05 0 2.27051e-05 0 2.49045e-05 0 2.72682e-05 0 2.96176e-05 0 3.20564e-05 0 3.45792e-05 0 3.71798e-05 0 3.97733e-05 0 4.25051e-05 0 4.52068e-05 0 4.80394e-05 0 5.08175e-05 0 5.37178e-05 0 5.67436e-05 0 5.9684e-05 0 6.27397e-05 0 6.59136e-05 0 6.90887e-05 0 7.23791e-05 0 7.56589e-05 0 7.87853e-05 0 8.22819e-05 0 8.56124e-05 0
260.832 0.000595707 0.000233177 0.00036253 0.608571 0.500454 2.75587e-08 0 1.2122e-07 0 4.97866e-07 0 1.10703e-06 0 1.91766e-06 0 2.91032e-06 0 4.07216e-06 0 5.37882e-06 0 6.85161e-06 0 8.42726e-06 0 1.0149e-05 0 1.19897e-05 0 1.39162e-05 0 1.59667e-05 0 1.8081e-05 0 2.03642e-05 0 2.26672e-05 0 2.50611e-05 0 2.75313e-05 0 3.00623e-05 0 3.27703e-05 0 3.54506e-05 0 3.82219e-05 0 4.10779e-05 0 4.40113e-05 0 4.69268e-05 0 4.99877e-05 0 5.30056e-05 0 5.61603e-05 0 5.92455e-05 0 6.24575e-05 0 6.57997e-05 0 6.90392e-05 0 7.23975e-05 0 7.58773e-05 0 7.93504e-05 0 8.29412e-05 0 8.65127e-05 0 8.99102e-05 0 9.37021e-05 0 9.73068e-05 0
274.221 0.000529758 0.000223003 0.000306755 0.579047 0.492449 4.46815e-08 0 1.82824e-07 0 7.00838e-07 0 1.49872e-06 0 2.52746e-06 0 3.75845e-06 0 5.17336e-06 0 6.74117e-06 0 8.48615e-06 0 1.03328e-05 0 1.23315e-05 0 1.445e-05 0 1.66503e-05 0 1.8976e-05 0 2.13588e-05 0 2.39167e-05 0 2.64828e-05 0 2.91366e-05 0 3.18622e-05 0 3.46424e-05 0 3.76046e-05 0 4.05246e-05 0 4.35326e-05 0 4.66214e-05 0 4.97831e-05 0 5.29152e-05 0 5.61935e-05 0 5.94161e-05 0 6.27753e-05 0 6.60516e-05 0 6.94538e-05 0 7.29848e-05 0 7.63992e-05 0 7.99305e-05 0 8.35811e-05 0 8.72166e-05 0 9.09673e-05 0 9.46899e-05 0 9.82243e-05 0 0.000102161 0 0.000105897 0
288.297 0.000459616 0.000243801 0.000215815 0.469555 0.458774 7.97247e-08 0 3.04525e-07 0 1.09324e-06 0 2.25269e-06 0 3.70329e-06 0 5.40134e-06 0 7.31968e-06 0 9.41552e-06 0 1.17204e-05 0 1.41343e-05 0 1.67235e-05 0 1.94456e-05 0 2.22523e-05 0 2.51991e-05 0 2.82003e-05 0 3.14039e-05 0 3.46009e-05 0 3.78915e-05 0 4.12558e-05 0 4.46732e-05 0 4.82997e-05 0 5.18609e-05 0 5.55164e-05 0 5.92573e-05 0 6.30741e-05 0 6.68436e-05 0 7.07774e-05 0 7.46335e-05 0 7.86423e-05 0 8.25421e-05 0 8.65819e-05 0 9.07645e-05 0 9.47996e-05 0 9.89637e-05 0 0.000103259 0 0.000107528 0 0.000111923 0 0.000116276 0 0.000120402 0 0.000124989 0 0.000129333 0
303.095 0.000479333 0.000284971 0.000194362 0.405484 0.266761 1.46693e-07 0 5.24834e-07 0 1.77017e-06 0 3.52106e-06 0 5.64965e-06 0 8.08975e-06 0 1.08015e-05 0 1.37247e-05 0 1.69028e-05 0 2.01988e-05 0 2.37037e-05 0 2.736e-05 0 3.11039e-05 0 3.50101e-05 0 3.89655e-05 0 4.31651e-05 0 4.73354e-05 0 5.16081e-05 0 5.59581e-05 0 6.0359e-05 0 6.50113e-05 0 6.95634e-05 0 7.42203e-05 0 7.89706e-05 0 8.38023e-05 0 8.85603e-05 0 9.35118e-05 0 9.83526e-05 0 0.000103372 0 0.000108244 0 0.000113278 0 0.000118478 0 0.000123484 0 0.00012864 0 0.000133947 0 0.00013921 0 0.000144618 0 0.000149966 0 0.000155024 0 0.000160639 0 0.000165947 0
318.653 0.000598039 0.00032613 0.00027191 0.454669 0.218652 2.5534e-07 0 8.58427e-07 0 2.72848e-06 0 5.2481e-06 0 8.22864e-06 0 1.1578e-05 0 1.52426e-05 0 1.91427e-05 0 2.33372e-05 0 2.76468e-05 0 3.21919e-05 0 3.68987e-05 0 4.16866e-05 0 4.66523e-05 0 5.16531e-05 0 5.69358e-05 0 6.21568e-05 0 6.7483e-05 0 7.28836e-05 0 7.83268e-05 0 8.40599e-05 0 8.96504e-05 0 9.53514e-05 0 0.000101149 0 0.000107028 0 0.000112802 0 0.000118795 0 0.000124639 0 0.000130684 0 0.000136537 0 0.000142573 0 0.000148794 0 0.00015477 0 0.000160912 0 0.000167223 0 0.000173469 0 0.000179876 0 0.0001862 0 0.000192172 0 0.000198789 0 0.000205035 0
335.009 0.000533833 0.000241331 0.000292501 0.547927 0.251129 2.78142e-07 0 8.81339e-07 0 2.64755e-06 0 4.93243e-06 0 7.56584e-06 0 1.04696e-05 0 1.35997e-05 0 1.68908e-05 0 2.03941e-05 0 2.39615e-05 0 2.76947e-05 0 3.15337e-05 0 3.54145e-05 0 3.94166e-05 0 4.34262e-05 0 4.76414e-05 0 5.17888e-05 0 5.60024e-05 0 6.02584e-05 0 6.45326e-05 0 6.90189e-05 0 7.33795e-05 0 7.78127e-05 0 8.23077e-05 0 8.68538e-05 0 9.13065e-05 0 9.59163e-05 0 0.000100401 0 0.000105029 0 0.000109501 0 0.000114103 0 0.000118836 0 0.000123373 0 0.000128029 0 0.000132802 0 0.000137519 0 0.000142349 0 0.000147108 0 0.000151595 0 0.000156559 0 0.000161238 0
352.205 0.000388523 0.00017714 0.000211383 0.544069 0.23669 2.9133e-07 0 8.7259e-07 0 2.48425e-06 0 4.48981e-06 0 6.74469e-06 0 9.18663e-06 0 1.17821e-05 0 1.44796e-05 0 1.7323e-05 0 2.01941e-05 0 2.31765e-05 0 2.62232e-05 0 2.92847e-05 0 3.2425e-05 0 3.55557e-05 0 3.88318e-05 0 4.20417e-05 0 4.529e-05 0 4.85592e-05 0 5.18311e-05 0 5.52542e-05 0 5.85711e-05 0 6.19335e-05 0 6.53335e-05 0 6.8763e-05 0 7.21137e-05 0 7.55745e-05 0 7.89336e-05 0 8.23929e-05 0 8.57281e-05 0 8.91533e-05 0 9.26697e-05 0 9.60346e-05 0 9.94805e-05 0 0.000103008 0 0.000106488 0 0.000110045 0 0.000113543 0 0.000116838 0 0.000120477 0 0.000123902 0
370.284 0.000402898 0.000210031 0.000192867 0.4787 0.348791 4.78549e-07 0 1.35861e-06 0 3.67541e-06 0 6.45358e-06 0 9.50427e-06 0 1.27519e-05 0 1.61576e-05 0 1.96586e-05 0 2.33149e-05 0 2.69772e-05 0 3.07548e-05 0 3.45896e-05 0 3.84214e-05 0 4.23318e-05 0 4.62119e-05 0 5.02549e-05 0 5.42001e-05 0 5.81779e-05 0 6.21674e-05 0 6.61473e-05 0 7.02983e-05 0 7.43088e-05 0 7.83632e-05 0 8.24522e-05 0 8.65665e-05 0 9.05767e-05 0 9.47094e-05 0 9.87121e-05 0 0.000102826 0 0.000106784 0 0.000110842 0 0.000114999 0 0.000118971 0 0.000123031 0 0.000127181 0 0.000131268 0 0.000135439 0 0.000139536 0 0.000143388 0 0.000147637 0 0.000151631 0
389.291 0.000651789 0.000344455 0.000307333 0.471523 0.418027 1.05714e-06 0 2.8522e-06 0 7.35032e-06 0 1.25569e-05 0 1.81472e-05 0 2.40021e-05 0 3.00643e-05 0 3.62316e-05 0 4.26156e-05 0 4.89617e-05 0 5.54641e-05 0 6.20256e-05 0 6.85471e-05 0 7.517e-05 0 8.17128e-05 0 8.85021e-05 0 9.51021e-05 0 0.000101733 0 0.000108362 0 0.000114955 0 0.000121811 0 0.000128417 0 0.000135078 0 0.000141779 0 0.000148506 0 0.000155048 0 0.000161776 0 0.000168278 0 0.000174948 0 0.000181354 0 0.000187909 0 0.000194615 0 0.00020101 0 0.000207537 0 0.000214197 0 0.000220747 0 0.000227422 0 0.000233968 0 0.000240115 0 0.000246887 0 0.000253243 0
409.273 0.000895982 0.000376664 0.000519317 0.579607 0.257643 1.51597e-06 0 3.89676e-06 0 9.58913e-06 0 1.59596e-05 0 2.26551e-05 0 2.95598e-05 0 3.66228e-05 0 4.37376e-05 0 5.1041e-05 0 5.82487e-05 0 6.55875e-05 0 7.2951e-05 0 8.02328e-05 0 8.75938e-05 0 9.48356e-05 0 0.000102321 0 0.000109571 0 0.000116832 0 0.000124068 0 0.000131243 0 0.000138685 0 0.000145836 0 0.000153029 0 0.000160249 0 0.00016748 0 0.000174498 0 0.0001817 0 0.000188648 0 0.000195762 0 0.000202583 0 0.000209551 0 0.000216666 0 0.000223442 0 0.000230347 0 0.000237383 0 0.000244292 0 0.000251323 0 0.00025821 0 0.000264668 0 0.000271775 0 0.000278437 0
430.281 0.000947374 0.000218422 0.000728953 0.769445 0.16592 1.12387e-06 0 2.75884e-06 0 6.49739e-06 0 1.0549e-05 0 1.47218e-05 0 1.89621e-05 0 2.32501e-05 0 2.75292e-05 0 3.18869e-05 0 3.61583e-05 0 4.04814e-05 0 4.47958e-05 0 4.9042e-05 0 5.33158e-05 0 5.75037e-05 0 6.18166e-05 0 6.59799e-05 0 7.01361e-05 0 7.42658e-05 0 7.83501e-05 0 8.25747e-05 0 8.66244e-05 0 9.06886e-05 0 9.47589e-05 0 9.8827e-05 0 0.000102767 0 0.000106804 0 0.00011069 0 0.000114663 0 0.000118466 0 0.000122344 0 0.000126299 0 0.000130059 0 0.000133886 0 0.000137779 0 0.000141598 0 0.000145479 0 0.000149275 0 0.000152831 0 0.000156739 0 0.000160398 0
452.368 0.00100737 0.00015273 0.000854643 0.848388 0.0901597 9.80661e-07 0 2.30414e-06 0 5.20479e-06 0 8.2536e-06 0 1.13335e-05 0 1.442e-05 0 1.75073e-05 0 2.05609e-05 0 2.36474e-05 0 2.66532e-05 0 2.96782e-05 0 3.26819e-05 0 3.56247e-05 0 3.85745e-05 0 4.14542e-05 0 4.44095e-05 0 4.72532e-05 0 5.00837e-05 0 5.28884e-05 0 5.56551e-05 0 5.85099e-05 0 6.124e-05 0 6.3974e-05 0 6.67065e-05 0 6.9432e-05 0 7.20671e-05 0 7.47614e-05 0 7.73517e-05 0 7.99948e-05 0 8.25208e-05 0 8.50935e-05 0 8.77129e-05 0 9.01999e-05 0 9.27277e-05 0 9.52964e-05 0 9.78121e-05 0 0.000100366 0 0.000102861 0 0.000105196 0 0.000107759 0 0.000110156 0
475.588 0.00098965 0.000123486 0.000866165 0.875223 0.0241438 9.66926e-07 0 2.17922e-06 0 4.73123e-06 0 7.33659e-06 0 9.92076e-06 0 1.24764e-05 0 1.50064e-05 0 1.7488e-05 0 1.99784e-05 0 2.23889e-05 0 2.48018e-05 0 2.71864e-05 0 2.95126e-05 0 3.18353e-05 0 3.40948e-05 0 3.64061e-05 0 3.86234e-05 0 4.08242e-05 0 4.29994e-05 0 4.51398e-05 0 4.73432e-05 0 4.94459e-05 0 5.15472e-05 0 5.36433e-05 0 5.57302e-05 0 5.77442e-05 0 5.98001e-05 0 6.17734e-05 0 6.3784e-05 0 6.57026e-05 0 6.7654e-05 0 6.96381e-05 0 7.15195e-05 0 7.34294e-05 0 7.53678e-05 0 7.72639e-05 0 7.91865e-05 0 8.10629e-05 0 8.28167e-05 0 8.47402e-05 0 8.65374e-05 0
500 0.000963547 0.000121398 0.000842149 0.874009 -0.0238965 1.13415e-06 0 2.4569e-06 0 5.13689e-06 0 7.79813e-06 0 1.03922e-05 0 1.29257e-05 0 1.54095e-05 0 1.78264e-05 0 2.02356e-05 0 2.25541e-05 0 2.48633e-05 0 2.71349e-05 0 2.93421e-05 0 3.1538e-05 0 3.3667e-05 0 3.58381e-05 0 3.79149e-05 0 3.99709e-05 0 4.1998e-05 0 4.39882e-05 0 4.60325e-05 0 4.79793e-05 0 4.99211e-05 0 5.18545e-05 0 5.37761e-05 0 5.56275e-05 0 5.75145e-05 0 5.9323e-05 0 6.11629e-05 0 6.29163e-05 0 6.46974e-05 0 6.6506e-05 0 6.82188e-05 0 6.99556e-05 0 7.17162e-05 0 7.34366e-05 0 7.51791e-05 0 7.6878e-05 0 7.84643e-05 0 8.02024e-05 0 8.18249e-05 0
525.665 0.00101485 0.000157058 0.000857795 0.84524 -0.0288883 1.71461e-06 0 3.57724e-06 0 7.21642e-06 0 1.07362e-05 0 1.41112e-05 0 1.73684e-05 0 2.05324e-05 0 2.35881e-05 0 2.66149e-05 0 2.95118e-05 0 3.23834e-05 0 3.51963e-05 0 3.7919e-05 0 4.06185e-05 0 4.32277e-05 0 4.58807e-05 0 4.84116e-05 0 5.09112e-05 0 5.33698e-05 0 5.57785e-05 0 5.82477e-05 0 6.05945e-05 0 6.29312e-05 0 6.52538e-05 0 6.75583e-05 0 6.97753e-05 0 7.20316e-05 0 7.41909e-05 0 7.63848e-05 0 7.8473e-05 0 8.05914e-05 0 8.274e-05 0 8.47725e-05 0 8.68312e-05 0 8.8916e-05 0 9.0951e-05 0 9.301e-05 0 9.50155e-05 0 9.68865e-05 0 9.89346e-05 0 0.000100845 0
552.648 0.00124446 0.000259282 0.000985179 0.791651 0.0625196 3.24295e-06 0 6.52833e-06 0 1.27298e-05 0 1.85797e-05 0 2.41021e-05 0 2.93725e-05 0 3.44476e-05 0 3.93144e-05 0 4.41064e-05 0 4.86693e-05 0 5.31721e-05 0 5.75653e-05 0 6.18024e-05 0 6.59899e-05 0 7.00253e-05 0 7.41174e-05 0 7.80114e-05 0 8.18482e-05 0 8.56141e-05 0 8.92962e-05 0 9.30634e-05 0 9.66376e-05 0 0.00010019 0 0.000103716 0 0.000107208 0 0.000110564 0 0.000113974 0 0.000117233 0 0.00012054 0 0.000123684 0 0.00012687 0 0.000130098 0 0.000133148 0 0.000136234 0 0.000139357 0 0.000142401 0 0.000145479 0 0.000148474 0 0.000151266 0 0.000154319 0 0.000157165 0
581.015 0.00141902 0.000369989 0.00104903 0.739265 0.277911 5.20309e-06 0 1.01247e-05 0 1.91162e-05 0 2.73991e-05 0 3.51039e-05 0 4.23797e-05 0 4.93286e-05 0 5.59479e-05 0 6.2429e-05 0 6.85705e-05 0 7.46055e-05 0 8.04716e-05 0 8.61105e-05 0 9.16663e-05 0 9.70057e-05 0 0.000102406 0 0.000107533 0 0.000112574 0 0.000117512 0 0.000122331 0 0.000127252 0 0.000131913 0 0.000136539 0 0.000141122 0 0.000145657 0 0.000150007 0 0.000154423 0 0.000158638 0 0.00016291 0 0.000166966 0 0.000171073 0 0.000175229 0 0.000179152 0 0.000183119 0 0.000187127 0 0.000191032 0 0.000194977 0 0.000198812 0 0.000202384 0 0.000206288 0 0.000209923 0
610.839 0.000883067 0.000238858 0.000644209 0.729513 0.466518 3.70995e-06 0 6.99025e-06 0 1.28006e-05 0 1.80342e-05 0 2.28352e-05 0 2.73239e-05 0 3.15779e-05 0 3.56048e-05 0 3.95268e-05 0 4.32265e-05 0 4.68477e-05 0 5.03552e-05 0 5.37162e-05 0 5.70183e-05 0 6.01836e-05 0 6.33776e-05 0 6.64031e-05 0 6.93717e-05 0 7.22742e-05 0 7.51017e-05 0 7.79846e-05 0 8.07107e-05 0 8.34123e-05 0 8.60854e-05 0 8.87264e-05 0 9.12568e-05 0 9.38221e-05 0 9.62681e-05 0 9.87446e-05 0 0.000101094 0 0.000103469 0 0.000105871 0 0.000108137 0 0.000110425 0 0.000112735 0 0.000114985 0 0.000117254 0 0.00011946 0 0.000121512 0 0.000123753 0 0.000125839 0
642.193 0.000470817 0.000115648 0.000355169 0.754367 0.502656 1.95058e-06 0 3.56456e-06 0 6.34092e-06 0 8.78912e-06 0 1.10057e-05 0 1.30587e-05 0 1.49903e-05 0 1.6808e-05 0 1.85696e-05 0 2.02243e-05 0 2.18379e-05 0 2.33957e-05 0 2.48841e-05 0 2.63425e-05 0 2.77371e-05 0 2.91413e-05 0 3.04686e-05 0 3.17685e-05 0 3.30372e-05 0 3.42711e-05 0 3.55272e-05 0 3.67133e-05 0 3.78871e-05 0 3.9047e-05 0 4.01915e-05 0 4.12869e-05 0 4.2396e-05 0 4.34525e-05 0 4.45211e-05 0 4.55338e-05 0 4.65569e-05 0 4.75904e-05 0 4.85643e-05 0 4.95472e-05 0 5.05389e-05 0 5.15035e-05 0 5.24762e-05 0 5.34206e-05 0 5.42989e-05 0 5.52574e-05 0 5.61488e-05 0
675.157 0.000289377 6.24001e-05 0.000226976 0.784363 0.45628 1.12466e-06 0 1.99647e-06 0 3.45526e-06 0 4.71606e-06 0 5.84355e-06 0 6.87868e-06 0 7.84596e-06 0 8.75121e-06 0 9.62445e-06 0 1.04414e-05 0 1.12354e-05 0 1.19995e-05 0 1.27276e-05 0 1.34393e-05 0 1.41183e-05 0 1.48005e-05 0 1.54441e-05 0 1.60734e-05 0 1.66865e-05 0 1.72819e-05 0 1.78872e-05 0 1.84579e-05 0 1.9022e-05 0 1.95787e-05 0 2.01275e-05 0 2.0652e-05 0 2.11827e-05 0 2.16876e-05 0 2.21978e-05 0 2.2681e-05 0 2.31686e-05 0 2.36609e-05 0 2.41243e-05 0 2.45917e-05 0 2.50629e-05 0 2.55209e-05 0 2.59825e-05 0 2.64302e-05 0 2.68464e-05 0 2.73003e-05 0 2.77222e-05 0
709.813 0.000198615 3.83167e-05 0.000160299 0.807081 0.393538 7.26784e-07 0 1.25517e-06 0 2.11654e-06 0 2.84704e-06 0 3.49276e-06 0 4.0807e-06 0 4.6266e-06 0 5.13486e-06 0 5.62303e-06 0 6.07805e-06 0 6.51883e-06 0 6.94182e-06 0 7.34383e-06 0 7.73587e-06 0 8.10913e-06 0 8.48343e-06 0 8.83595e-06 0 9.18001e-06 0 9.51476e-06 0 9.83938e-06 0 1.01689e-05 0 1.04792e-05 0 1.07856e-05 0 1.10876e-05 0 1.1385e-05 0 1.1669e-05 0 1.1956e-05 0 1.22288e-05 0 1.25043e-05 0 1.27649e-05 0 1.30278e-05 0 1.32929e-05 0 1.35423e-05 0 1.37936e-05 0 1.40469e-05 0 1.42929e-05 0 1.45406e-05 0 1.47808e-05 0 1.50039e-05 0 1.52471e-05 0 1.5473e-05 0
746.248 0.000145269 2.59229e-05 0.000119346 0.821553 0.336658 5.10034e-07 0 8.58185e-07 0 1.41194e-06 0 1.87327e-06 0 2.27664e-06 0 2.64108e-06 0 2.97744e-06 0 3.2891e-06 0 3.58723e-06 0 3.86416e-06 0 4.13161e-06 0 4.38759e-06 0 4.63029e-06 0 4.86646e-06 0 5.09088e-06 0 5.31553e-06 0 5.52675e-06 0 5.73259e-06 0 5.93257e-06 0 6.12625e-06 0 6.32261e-06 0 6.50731e-06 0 6.68945e-06 0 6.86884e-06 0 7.04527e-06 0 7.2136e-06 0 7.38358e-06 0 7.54503e-06 0 7.7079e-06 0 7.86187e-06 0 8.01705e-06 0 8.17345e-06 0 8.3205e-06 0 8.46858e-06 0 8.61769e-06 0 8.76243e-06 0 8.9081e-06 0 9.04926e-06 0 9.18031e-06 0 9.32309e-06 0 9.45564e-06 0
784.553 0.000109941 1.87132e-05 9.1228e-05 0.829789 0.289196 3.76708e-07 0 6.18403e-07 0 9.94034e-07 0 1.30177e-06 0 1.56811e-06 0 1.80701e-06 0 2.02628e-06 0 2.22854e-06 0 2.42128e-06 0 2.59974e-06 0 2.77161e-06 0 2.9357e-06 0 3.09093e-06 0 3.24169e-06 0 3.38469e-06 0 3.52759e-06 0 3.66174e-06 0 3.7923e-06 0 3.91897e-06 0 4.0415e-06 0 4.16558e-06 0 4.28217e-06 0 4.39703e-06 0 4.51003e-06 0 4.62108e-06 0 4.72694e-06 0 4.83374e-06 0 4.93511e-06 0 5.03729e-06 0 5.13381e-06 0 5.23104e-06 0 5.32895e-06 0 5.42096e-06 0 5.51356e-06 0 5.60674e-06 0 5.69714e-06 0 5.78808e-06 0 5.87615e-06 0 5.95787e-06 0 6.04687e-06 0 6.12944e-06 0
824.824 8.49521e-05 1.4153e-05 7.07991e-05 0.8334 0.250193 2.87744e-07 0 4.6146e-07 0 7.25631e-07 0 9.3868e-07 0 1.12132e-06 0 1.28403e-06 0 1.43261e-06 0 1.56908e-06 0 1.69867e-06 0 1.81831e-06 0 1.93322e-06 0 2.04268e-06 0 2.14602e-06 0 2.2462e-06 0 2.34106e-06 0 2.43571e-06 0 2.52444e-06 0 2.61068e-06 0 2.69425e-06 0 2.775e-06 0 2.85668e-06 0 2.93336e-06 0 3.00882e-06 0 3.083e-06 0 3.15583e-06 0 3.22521e-06 0 3.29514e-06 0 3.36148e-06 0 3.42829e-06 0 3.49137e-06 0 3.55487e-06 0 3.61878e-06 0 3.6788e-06 0 3.73917e-06 0 3.79988e-06 0 3.85876e-06 0 3.91795e-06 0 3.97524e-06 0 4.02839e-06 0 4.08624e-06 0 4.13988e-06 0
867.163 6.65521e-05 1.10651e-05 5.5487e-05 0.833737 0.217979 2.24426e-07 0 3.52058e-07 0 5.42228e-07 0 6.93355e-07 0 8.21761e-07 0 9.35443e-07 0 1.03874e-06 0 1.13326e-06 0 1.22272e-06 0 1.30508e-06 0 1.38399e-06 0 1.459e-06 0 1.52969e-06 0 1.59809e-06 0 1.66276e-06 0 1.7272e-06 0 1.78752e-06 0 1.84608e-06 0 1.90277e-06 0 1.95749e-06 0 2.01278e-06 0 2.06464e-06 0 2.11563e-06 0 2.16571e-06 0 2.21484e-06 0 2.26161e-06 0 2.30873e-06 0 2.35338e-06 0 2.39833e-06 0 2.44075e-06 0 2.48342e-06 0 2.52634e-06 0 2.56662e-06 0 2.60713e-06 0 2.64784e-06 0 2.6873e-06 0 2.72696e-06 0 2.76532e-06 0 2.80089e-06 0 2.8396e-06 0 2.87548e-06 0
911.674 5.27015e-05 8.87634e-06 4.38251e-05 0.831573 0.191163 1.77525e-07 0 2.72737e-07 0 4.11915e-07 0 5.21008e-07 0 6.12932e-07 0 6.9384e-07 0 7.67028e-07 0 8.33752e-07 0 8.96719e-07 0 9.54535e-07 0 1.00981e-06 0 1.06225e-06 0 1.11158e-06 0 1.15924e-06 0 1.20423e-06 0 1.249e-06 0 1.29087e-06 0 1.33146e-06 0 1.37072e-06 0 1.40857e-06 0 1.44679e-06 0 1.48261e-06 0 1.51779e-06 0 1.55233e-06 0 1.58618e-06 0 1.61839e-06 0 1.65081e-06 0 1.68152e-06 0 1.71241e-06 0 1.74155e-06 0 1.77084e-06 0 1.8003e-06 0 1.82793e-06 0 1.85569e-06 0 1.88359e-06 0 1.91062e-06 0 1.93777e-06 0 1.96402e-06 0 1.98836e-06 0 2.01482e-06 0 2.03935e-06 0
958.471 4.20547e-05 7.27362e-06 3.47811e-05 0.827044 0.168519 1.41877e-07 0 2.1372e-07 0 3.16878e-07 0 3.96704e-07 0 4.63451e-07 0 5.2188e-07 0 5.74514e-07 0 6.22339e-07 0 6.67345e-07 0 7.08571e-07 0 7.47908e-07 0 7.85154e-07 0 8.20132e-07 0 8.53879e-07 0 8.85699e-07 0 9.17322e-07 0 9.46859e-07 0 9.75471e-07 0 1.00311e-06 0 1.02974e-06 0 1.05661e-06 0 1.08176e-06 0 1.10646e-06 0 1.13068e-06 0 1.15441e-06 0 1.17696e-06 0 1.19966e-06 0 1.22114e-06 0 1.24275e-06 0 1.26311e-06 0 1.28358e-06 0 1.30414e-06 0 1.32343e-06 0 1.3428e-06 0 1.36225e-06 0 1.38109e-06 0 1.40001e-06 0 1.41829e-06 0 1.43524e-06 0 1.45366e-06 0 1.47072e-06 0
1007.67 3.37498e-05 6.04641e-06 2.77034e-05 0.820846 0.149159 1.13838e-07 0 1.68327e-07 0 2.45271e-07 0 3.04105e-07 0 3.52947e-07 0 3.95488e-07 0 4.33662e-07 0 4.68241e-07 0 5.00698e-07 0 5.30364e-07 0 5.58615e-07 0 5.85321e-07 0 6.10363e-07 0 6.34492e-07 0 6.57215e-07 0 6.79771e-07 0 7.00818e-07 0 7.21187e-07 0 7.40848e-07 0 7.59774e-07 0 7.78853e-07 0 7.96702e-07 0 8.14215e-07 0 8.3138e-07 0 8.48187e-07 0 8.64154e-07 0 8.80211e-07 0 8.95404e-07 0 9.10674e-07 0 9.25058e-07 0 9.39509e-07 0 9.54024e-07 0 9.6763e-07 0 9.8129e-07 0 9.95005e-07 0 1.00828e-06 0 1.02161e-06 0 1.03448e-06 0 1.04641e-06 0 1.05937e-06 0 1.07138e-06 0
1059.39 2.72543e-05 5.11195e-06 2.21424e-05 0.812435 0.132467 9.19917e-08 0 1.33662e-07 0 1.91599e-07 0 2.35408e-07 0 2.71536e-07 0 3.02857e-07 0 3.30863e-07 0 3.56159e-07 0 3.79846e-07 0 4.01452e-07 0 4.21992e-07 0 4.41378e-07 0 4.59532e-07 0 4.77002e-07 0 4.93435e-07 0 5.09732e-07 0 5.24923e-07 0 5.39612e-07 0 5.5378e-07 0 5.67407e-07 0 5.81135e-07 0 5.93969e-07 0 6.06554e-07 0 6.18882e-07 0 6.30946e-07 0 6.42401e-07 0 6.53915e-07 0 6.64803e-07 0 6.75743e-07 0 6.86043e-07 0 6.96387e-07 0 7.06772e-07 0 7.16503e-07 0 7.2627e-07 0 7.36072e-07 0 7.45557e-07 0 7.55075e-07 0 7.64269e-07 0 7.72782e-07 0 7.82032e-07 0 7.90596e-07 0
1113.77 2.21115e-05 4.3604e-06 1.77511e-05 0.802799 0.117991 7.43103e-08 0 1.06205e-07 0 1.49913e-07 0 1.82624e-07 0 2.09433e-07 0 2.32576e-07 0 2.53201e-07 0 2.71781e-07 0 2.89142e-07 0 3.04948e-07 0 3.1995e-07 0 3.34088e-07 0 3.47312e-07 0 3.60022e-07 0 3.71966e-07 0 3.838e-07 0 3.94822e-07 0 4.0547e-07 0 4.15733e-07 0 4.25598e-07 0 4.35529e-07 0 4.44808e-07 0 4.53902e-07 0 4.62805e-07 0 4.71513e-07 0 4.79778e-07 0 4.88081e-07 0 4.9593e-07 0 5.03812e-07 0 5.11231e-07 0 5.18678e-07 0 5.26152e-07 0 5.33153e-07 0 5.40178e-07 0 5.47226e-07 0 5.54043e-07 0 5.60882e-07 0 5.67487e-07 0 5.736e-07 0 5.80241e-07 0 5.86388e-07 0
1170.94 1.80024e-05 3.74348e-06 1.42589e-05 0.792056 0.105335 5.98933e-08 0 8.42808e-08 0 1.17255e-07 0 1.41698e-07 0 1.61618e-07 0 1.78745e-07 0 1.93962e-07 0 2.07638e-07 0 2.2039e-07 0 2.3198e-07 0 2.42964e-07 0 2.53303e-07 0 2.62961e-07 0 2.72235e-07 0 2.80942e-07 0 2.8956e-07 0 2.97581e-07 0 3.05325e-07 0 3.12783e-07 0 3.19947e-07 0 3.27155e-07 0 3.33887e-07 0 3.4048e-07 0 3.46932e-07 0 3.53239e-07 0 3.59223e-07 0 3.65232e-07 0 3.7091e-07 0 3.7661e-07 0 3.81973e-07 0 3.87355e-07 0 3.92755e-07 0 3.97811e-07 0 4.02882e-07 0 4.07969e-07 0 4.12888e-07 0 4.17821e-07 0 4.22584e-07 0 4.26991e-07 0 4.31778e-07 0 4.36207e-07 0
1231.05 1.47145e-05 3.23864e-06 1.14759e-05 0.779902 0.0942385 4.82485e-08 0 6.69095e-08 0 9.18291e-08 0 1.10138e-07 0 1.24981e-07 0 1.37696e-07 0 1.48963e-07 0 1.59065e-07 0 1.68467e-07 0 1.77e-07 0 1.85075e-07 0 1.92667e-07 0 1.99751e-07 0 2.06547e-07 0 2.12921e-07 0 2.19227e-07 0 2.2509e-07 0 2.30747e-07 0 2.36193e-07 0 2.41421e-07 0 2.46677e-07 0 2.51584e-07 0 2.56388e-07 0 2.61086e-07 0 2.65678e-07 0 2.70032e-07 0 2.74402e-07 0 2.78531e-07 0 2.82674e-07 0 2.86571e-07 0 2.9048e-07 0 2.94401e-07 0 2.98071e-07 0 3.01752e-07 0 3.05443e-07 0 3.09011e-07 0 3.12588e-07 0 3.16041e-07 0 3.19236e-07 0 3.22704e-07 0 3.25914e-07 0
1294.24 1.20931e-05 2.83531e-06 9.25778e-06 0.765543 0.0844564 3.90292e-08 0 5.33859e-08 0 7.2338e-08 0 8.61491e-08 0 9.72917e-08 0 1.06805e-07 0 1.15212e-07 0 1.22736e-07 0 1.29726e-07 0 1.3606e-07 0 1.42048e-07 0 1.4767e-07 0 1.52912e-07 0 1.57936e-07 0 1.62645e-07 0 1.67299e-07 0 1.71625e-07 0 1.75795e-07 0 1.79807e-07 0 1.83657e-07 0 1.87526e-07 0 1.91136e-07 0 1.94669e-07 0 1.98122e-07 0 2.01496e-07 0 2.04694e-07 0 2.07903e-07 0 2.10934e-07 0 2.13974e-07 0 2.16832e-07 0 2.19699e-07 0 2.22574e-07 0 2.25264e-07 0 2.27961e-07 0 2.30665e-07 0 2.33278e-07 0 2.35897e-07 0 2.38425e-07 0 2.40764e-07 0 2.43302e-07 0 2.4565e-07 0
1360.67 9.97178e-06 2.49313e-06 7.47865e-06 0.749981 0.0757846 3.14812e-08 0 4.25089e-08 0 5.69122e-08 0 6.73296e-08 0 7.56969e-08 0 8.28184e-08 0 8.90975e-08 0 9.47058e-08 0 9.99086e-08 0 1.04617e-07 0 1.09062e-07 0 1.13233e-07 0 1.17117e-07 0 1.20837e-07 0 1.24321e-07 0 1.27763e-07 0 1.30959e-07 0 1.34039e-07 0 1.37001e-07 0 1.39841e-07 0 1.42695e-07 0 1.45356e-07 0 1.47959e-07 0 1.50503e-07 0 1.52987e-07 0 1.55341e-07 0 1.57702e-07 0 1.59932e-07 0 1.62167e-07 0 1.64269e-07 0 1.66376e-07 0 1.68489e-07 0 1.70465e-07 0 1.72446e-07 0 1.74431e-07 0 1.7635e-07 0 1.78272e-07 0 1.80127e-07 0 1.81843e-07 0 1.83705e-07 0 1.85427e-07 0
1430.51 8.24606e-06 2.19793e-06 6.04812e-06 0.733457 0.0680768 2.52856e-08 0 3.37314e-08 0 4.46546e-08 0 5.25002e-08 0 5.87762e-08 0 6.41026e-08 0 6.87887e-08 0 7.29671e-08 0 7.68378e-08 0 8.03363e-08 0 8.36362e-08 0 8.67289e-08 0 8.96072e-08 0 9.23617e-08 0 9.49399e-08 0 9.74849e-08 0 9.98473e-08 0 1.02123e-07 0 1.04309e-07 0 1.06406e-07 0 1.08511e-07 0 1.10474e-07 0 1.12392e-07 0 1.14267e-07 0 1.16097e-07 0 1.17831e-07 0 1.1957e-07 0 1.21211e-07 0 1.22856e-07 0 1.24402e-07 0 1.25952e-07 0 1.27505e-07 0 1.28958e-07 0 1.30414e-07 0 1.31873e-07 0 1.33283e-07 0 1.34695e-07 0 1.36058e-07 0 1.37317e-07 0 1.38684e-07 0 1.39948e-07 0
1503.94 6.83937e-06 1.94253e-06 4.89684e-06 0.715978 0.0612116 2.023e-08 0 2.66815e-08 0 3.49503e-08 0 4.08516e-08 0 4.55545e-08 0 4.95355e-08 0 5.3031e-08 0 5.61429e-08 0 5.90218e-08 0 6.16211e-08 0 6.40704e-08 0 6.6364e-08 0 6.84971e-08 0 7.0537e-08 0 7.24452e-08 0 7.43278e-08 0 7.60743e-08 0 7.77559e-08 0 7.93712e-08 0 8.09192e-08 0 8.2473e-08 0 8.3921e-08 0 8.53364e-08 0 8.67188e-08 0 8.80679e-08 0 8.93455e-08 0 9.06265e-08 0 9.18351e-08 0 9.30465e-08 0 9.41848e-08 0 9.53256e-08 0 9.64687e-08 0 9.75377e-08 0 9.86088e-08 0 9.96818e-08 0 1.00718e-07 0 1.01757e-07 0 1.02758e-07 0 1.03684e-07 0 1.04689e-07 0 1.05618e-07 0
1581.14 5.70959e-06 1.73832e-06 3.97127e-06 0.695544 0.0550889 1.62897e-08 0 2.12562e-08 0 2.75689e-08 0 3.20477e-08 0 3.56048e-08 0 3.86086e-08 0 4.12414e-08 0 4.35819e-08 0 4.57446e-08 0 4.76952e-08 0 4.95316e-08 0 5.12501e-08 0 5.28471e-08 0 5.43735e-08 0 5.58005e-08 0 5.72076e-08 0 5.85125e-08 0 5.97683e-08 0 6.09741e-08 0 6.21293e-08 0 6.32884e-08 0 6.43682e-08 0 6.54234e-08 0 6.64537e-08 0 6.74589e-08 0 6.84106e-08 0 6.93646e-08 0 7.02644e-08 0 7.11662e-08 0 7.20134e-08 0 7.28622e-08 0 7.37126e-08 0 7.45078e-08 0 7.53043e-08 0 7.61021e-08 0 7.68728e-08 0 7.76446e-08 0 7.83889e-08 0 7.9077e-08 0 7.98234e-08 0 8.05133e-08 0
1662.3 4.78082e-06 1.558e-06 3.22282e-06 0.674114 0.0496095 1.30633e-08 0 1.68761e-08 0 2.16852e-08 0 2.5079e-08 0 2.77659e-08 0 3.00299e-08 0 3.2011e-08 0 3.37698e-08 0 3.53932e-08 0 3.68561e-08 0 3.82323e-08 0 3.95191e-08 0 4.07143e-08 0 4.1856e-08 0 4.29228e-08 0 4.39743e-08 0 4.49489e-08 0 4.58865e-08 0 4.67865e-08 0 4.76484e-08 0 4.8513e-08 0 4.93181e-08 0 5.01047e-08 0 5.08726e-08 0 5.16215e-08 0 5.23305e-08 0 5.30409e-08 0 5.3711e-08 0 5.43823e-08 0 5.50129e-08 0 5.56445e-08 0 5.62773e-08 0 5.68688e-08 0 5.74612e-08 0 5.80546e-08 0 5.86276e-08 0 5.92014e-08 0 5.97547e-08 0 6.02661e-08 0 6.08208e-08 0 6.13335e-08 0
1747.63 4.01456e-06 1.3976e-06 2.61696e-06 0.651866 0.0446988 1.04296e-08 0 1.33475e-08 0 1.70022e-08 0 1.95685e-08 0 2.15944e-08 0 2.32982e-08 0 2.47867e-08 0 2.61067e-08 0 2.73238e-08 0 2.84197e-08 0 2.94498e-08 0 3.04125e-08 0 3.1306e-08 0 3.21592e-08 0 3.2956e-08 0 3.37411e-08 0 3.44685e-08 0 3.5168e-08 0 3.58392e-08 0 3.64819e-08 0 3.71263e-08 0 3.77263e-08 0 3.83123e-08 0 3.88843e-08 0 3.9442e-08 0 3.99697e-08 0 4.04986e-08 0 4.09972e-08 0 4.14968e-08 0 4.19659e-08 0 4.24357e-08 0 4.29063e-08 0 4.33461e-08 0 4.37866e-08 0 4.42277e-08 0 4.46536e-08 0 4.508e-08 0 4.54912e-08 0 4.58712e-08 0 4.62833e-08 0 4.66641e-08 0
1837.33 3.38157e-06 1.2543e-06 2.12727e-06 0.629077 0.0402994 8.28947e-09 0 1.05154e-08 0 1.32855e-08 0 1.52219e-08 0 1.67465e-08 0 1.80263e-08 0 1.9143e-08 0 2.01321e-08 0 2.10433e-08 0 2.18631e-08 0 2.26332e-08 0 2.33524e-08 0 2.40197e-08 0 2.46565e-08 0 2.5251e-08 0 2.58365e-08 0 2.63789e-08 0 2.69002e-08 0 2.74004e-08 0 2.78791e-08 0 2.8359e-08 0 2.88057e-08 0 2.92419e-08 0 2.96675e-08 0 3.00825e-08 0 3.04751e-08 0 3.08684e-08 0 3.12392e-08 0 3.16106e-08 0 3.19594e-08 0 3.23086e-08 0 3.26583e-08 0 3.29852e-08 0 3.33124e-08 0 3.36401e-08 0 3.39564e-08 0 3.42732e-08 0 3.45785e-08 0 3.48606e-08 0 3.51666e-08 0 3.54493e-08 0
1931.64 2.85638e-06 1.12553e-06 1.73085e-06 0.605959 0.0363525 6.55684e-09 0 8.24896e-09 0 1.03424e-08 0 1.17997e-08 0 1.29444e-08 0 1.39037e-08 0 1.47396e-08 0 1.54793e-08 0 1.61602e-08 0 1.67723e-08 0 1.7347e-08 0 1.78835e-08 0 1.8381e-08 0 1.88555e-08 0 1.92984e-08 0 1.97344e-08 0 2.01381e-08 0 2.05261e-08 0 2.08982e-08 0 2.12543e-08 0 2.16112e-08 0 2.19433e-08 0 2.22676e-08 0 2.25839e-08 0 2.28922e-08 0 2.31839e-08 0 2.3476e-08 0 2.37514e-08 0 2.40272e-08 0 2.42861e-08 0 2.45454e-08 0 2.4805e-08 0 2.50476e-08 0 2.52904e-08 0 2.55335e-08 0 2.57682e-08 0 2.60032e-08 0 2.62297e-08 0 2.64389e-08 0 2.66658e-08 0 2.68755e-08 0
2030.79 2.42179e-06 1.01306e-06 1.40873e-06 0.58169 0.0328007 5.17945e-09 0 6.46573e-09 0 8.04849e-09 0 9.14619e-09 0 1.00065e-08 0 1.07264e-08 0 1.1353e-08 0 1.19069e-08 0 1.24164e-08 0 1.28742e-08 0 1.33038e-08 0 1.37046e-08 0 1.40761e-08 0 1.44303e-08 0 1.47608e-08 0 1.5086e-08 0 1.53871e-08 0 1.56764e-08 0 1.59538e-08 0 1.62191e-08 0 1.6485e-08 0 1.67324e-08 0 1.69739e-08 0 1.72094e-08 0 1.7439e-08 0 1.76561e-08 0 1.78736e-08 0 1.80785e-08 0 1.82837e-08 0 1.84763e-08 0 1.86692e-08 0 1.88623e-08 0 1.90427e-08 0 1.92233e-08 0 1.94041e-08 0 1.95785e-08 0 1.97532e-08 0 1.99216e-08 0 2.00771e-08 0 2.02457e-08 0 2.04015e-08 0
2135.03 2.06651e-06 9.19688e-07 1.14682e-06 0.554956 0.0296001 4.10978e-09 0 5.09322e-09 0 6.29738e-09 0 7.12963e-09 0 7.78059e-09 0 8.32454e-09 0 8.79751e-09 0 9.2153e-09 0 9.59932e-09 0 9.94415e-09 0 1.02676e-08 0 1.05692e-08 0 1.08486e-08 0 1.1115e-08 0 1.13635e-08 0 1.16079e-08 0 1.18341e-08 0 1.20514e-08 0 1.22597e-08 0 1.24589e-08 0 1.26586e-08 0 1.28442e-08 0 1.30255e-08 0 1.32022e-08 0 1.33744e-08 0 1.35373e-08 0 1.37003e-08 0 1.3854e-08 0 1.40079e-08 0 1.41523e-08 0 1.42969e-08 0 1.44416e-08 0 1.45768e-08 0 1.47121e-08 0 1.48476e-08 0 1.49783e-08 0 1.51092e-08 0 1.52353e-08 0 1.53518e-08 0 1.54781e-08 0 1.55948e-08 0
2244.63 1.76943e-06 8.34761e-07 9.34668e-07 0.528232 0.0267251 3.24787e-09 0 3.99769e-09 0 4.91167e-09 0 5.54138e-09 0 6.03302e-09 0 6.44332e-09 0 6.79975e-09 0 7.11435e-09 0 7.40336e-09 0 7.66272e-09 0 7.90587e-09 0 8.13253e-09 0 8.34247e-09 0 8.54253e-09 0 8.72906e-09 0 8.91254e-09 0 9.0823e-09 0 9.24533e-09 0 9.40158e-09 0 9.551e-09 0 9.70067e-09 0 9.83988e-09 0 9.97572e-09 0 1.01082e-08 0 1.02372e-08 0 1.03593e-08 0 1.04814e-08 0 1.05966e-08 0 1.07118e-08 0 1.082e-08 0 1.09282e-08 0 1.10366e-08 0 1.11378e-08 0 1.12391e-08 0 1.13405e-08 0 1.14384e-08 0 1.15363e-08 0 1.16307e-08 0 1.17179e-08 0 1.18124e-08 0 1.18997e-08 0
2359.84 1.51904e-06 7.57042e-07 7.62003e-07 0.501633 0.0241348 2.55534e-09 0 3.12522e-09 0 3.81701e-09 0 4.29227e-09 0 4.66272e-09 0 4.97152e-09 0 5.23954e-09 0 5.47595e-09 0 5.693e-09 0 5.8877e-09 0 6.07014e-09 0 6.24016e-09 0 6.39758e-09 0 6.54755e-09 0 6.68735e-09 0 6.82482e-09 0 6.95199e-09 0 7.07409e-09 0 7.19109e-09 0 7.30296e-09 0 7.415e-09 0 7.51919e-09 0 7.62084e-09 0 7.71995e-09 0 7.8165e-09 0 7.90779e-09 0 7.99917e-09 0 8.08528e-09 0 8.17146e-09 0 8.25233e-09 0 8.33328e-09 0 8.41429e-09 0 8.48997e-09 0 8.5657e-09 0 8.6415e-09 0 8.71464e-09 0 8.78783e-09 0 8.85836e-09 0 8.9235e-09 0 8.99412e-09 0 9.05935e-09 0
2480.97 1.30729e-06 6.85972e-07 6.21322e-07 0.475273 0.0217991 2.00197e-09 0 2.43379e-09 0 2.95602e-09 0 3.31386e-09 0 3.59236e-09 0 3.82427e-09 0 4.0254e-09 0 4.2027e-09 0 4.3654e-09 0 4.51127e-09 0 4.64792e-09 0 4.77521e-09 0 4.89304e-09 0 5.00527e-09 0 5.10985e-09 0 5.21268e-09 0 5.30777e-09 0 5.39907e-09 0 5.48653e-09 0 5.57015e-09 0 5.65388e-09 0 5.73173e-09 0 5.80768e-09 0 5.88172e-09 0 5.95384e-09 0 6.02202e-09 0 6.09027e-09 0 6.15456e-09 0 6.21892e-09 0 6.2793e-09 0 6.33972e-09 0 6.4002e-09 0 6.45669e-09 0 6.51321e-09 0 6.56978e-09 0 6.62436e-09 0 6.67897e-09 0 6.7316e-09 0 6.78021e-09 0 6.83289e-09 0 6.88155e-09 0
2608.32 1.13328e-06 6.26475e-07 5.06804e-07 0.447201 0.0196949 1.5758e-09 0 1.90494e-09 0 2.30163e-09 0 2.57281e-09 0 2.78357e-09 0 2.95891e-09 0 3.11087e-09 0 3.24474e-09 0 3.36753e-09 0 3.47759e-09 0 3.58064e-09 0 3.67662e-09 0 3.76543e-09 0 3.85e-09 0 3.9288e-09 0 4.00625e-09 0 4.07788e-09 0 4.14662e-09 0 4.21247e-09 0 4.27542e-09 0 4.33844e-09 0 4.39704e-09 0 4.45419e-09 0 4.5099e-09 0 4.56416e-09 0 4.61545e-09 0 4.66679e-09 0 4.71514e-09 0 4.76354e-09 0 4.80895e-09 0 4.85439e-09 0 4.89986e-09 0 4.94233e-09 0 4.98483e-09 0 5.02735e-09 0 5.06838e-09 0 5.10943e-09 0 5.14899e-09 0 5.18552e-09 0 5.22511e-09 0 5.26168e-09 0
2742.21 9.85615e-07 5.71857e-07 4.13758e-07 0.419797 0.0178003 1.23605e-09 0 1.48635e-09 0 1.7871e-09 0 1.99224e-09 0 2.15147e-09 0 2.28383e-09 0 2.39847e-09 0 2.49941e-09 0 2.59196e-09 0 2.67487e-09 0 2.7525e-09 0 2.82476e-09 0 2.89162e-09 0 2.95527e-09 0 3.01457e-09 0 3.07284e-09 0 3.12672e-09 0 3.17842e-09 0 3.22794e-09 0 3.27527e-09 0 3.32266e-09 0 3.36671e-09 0 3.40967e-09 0 3.45154e-09 0 3.49231e-09 0 3.53086e-09 0 3.56943e-09 0 3.60577e-09 0 3.64213e-09 0 3.67624e-09 0 3.71037e-09 0 3.74452e-09 0 3.77642e-09 0 3.80834e-09 0 3.84027e-09 0 3.87108e-09 0 3.90191e-09 0 3.93161e-09 0 3.95904e-09 0 3.98877e-09 0 4.01622e-09 0
2882.97 8.59068e-07 5.21261e-07 3.37807e-07 0.393225 0.0160893 9.65481e-10 0 1.15526e-09 0 1.38263e-09 0 1.53741e-09 0 1.65742e-09 0 1.75711e-09 0 1.84339e-09 0 1.91933e-09 0 1.98892e-09 0 2.05126e-09 0 2.10959e-09 0 2.16389e-09 0 2.21412e-09 0 2.26192e-09 0 2.30645e-09 0 2.3502e-09 0 2.39065e-09 0 2.42946e-09 0 2.46662e-09 0 2.50214e-09 0 2.53769e-09 0 2.57074e-09 0 2.60297e-09 0 2.63438e-09 0 2.66496e-09 0 2.69387e-09 0 2.7228e-09 0 2.75004e-09 0 2.77731e-09 0 2.80288e-09 0 2.82847e-09 0 2.85408e-09 0 2.87799e-09 0 2.90192e-09 0 2.92585e-09 0 2.94895e-09 0 2.97205e-09 0 2.99431e-09 0 3.01487e-09 0 3.03714e-09 0 3.05772e-09 0
3030.95 7.51201e-07 4.75408e-07 2.75793e-07 0.367136 0.0145433 7.52587e-10 0 8.96336e-10 0 1.06812e-09 0 1.18485e-09 0 1.27527e-09 0 1.35032e-09 0 1.41524e-09 0 1.47236e-09 0 1.52468e-09 0 1.57154e-09 0 1.61538e-09 0 1.65617e-09 0 1.6939e-09 0 1.7298e-09 0 1.76323e-09 0 1.79608e-09 0 1.82644e-09 0 1.85557e-09 0 1.88347e-09 0 1.91012e-09 0 1.9368e-09 0 1.96159e-09 0 1.98577e-09 0 2.00933e-09 0 2.03228e-09 0 2.05396e-09 0 2.07565e-09 0 2.09609e-09 0 2.11653e-09 0 2.13571e-09 0 2.1549e-09 0 2.1741e-09 0 2.19202e-09 0 2.20996e-09 0 2.2279e-09 0 2.24522e-09 0 2.26254e-09 0 2.27922e-09 0 2.29463e-09 0 2.31132e-09 0 2.32674e-09 0
3186.53 6.62272e-07 4.37011e-07 2.25262e-07 0.340135 0.0131467 5.89816e-10 0 6.99413e-10 0 8.30078e-10 0 9.18726e-10 0 9.87325e-10 0 1.04422e-09 0 1.09343e-09 0 1.13669e-09 0 1.17632e-09 0 1.2118e-09 0 1.24498e-09 0 1.27585e-09 0 1.3044e-09 0 1.33156e-09 0 1.35685e-09 0 1.38169e-09 0 1.40465e-09 0 1.42668e-09 0 1.44777e-09 0 1.46791e-09 0 1.48808e-09 0 1.50682e-09 0 1.5251e-09 0 1.5429e-09 0 1.56024e-09 0 1.57662e-09 0 1.59302e-09 0 1.60845e-09 0 1.6239e-09 0 1.63839e-09 0 1.65288e-09 0 1.66739e-09 0 1.68093e-09 0 1.69447e-09 0 1.70803e-09 0 1.7211e-09 0 1.73418e-09 0 1.74678e-09 0 1.75842e-09 0 1.77102e-09 0 1.78267e-09 0
3350.09 5.85316e-07 4.01251e-07 1.84065e-07 0.314472 0.0118863 4.60651e-10 0 5.44011e-10 0 6.43184e-10 0 7.10369e-10 0 7.62313e-10 0 8.05374e-10 0 8.42592e-10 0 8.75312e-10 0 9.05269e-10 0 9.32079e-10 0 9.57152e-10 0 9.80475e-10 0 1.00204e-09 0 1.02255e-09 0 1.04165e-09 0 1.06041e-09 0 1.07774e-09 0 1.09437e-09 0 1.11029e-09 0 1.1255e-09 0 1.14072e-09 0 1.15486e-09 0 1.16865e-09 0 1.18209e-09 0 1.19517e-09 0 1.20753e-09 0 1.21989e-09 0 1.23154e-09 0 1.24319e-09 0 1.25412e-09 0 1.26505e-09 0 1.27599e-09 0 1.2862e-09 0 1.29642e-09 0 1.30664e-09 0 1.3165e-09 0 1.32636e-09 0 1.33587e-09 0 1.34464e-09 0 1.35415e-09 0 1.36292e-09 0
3522.05 5.18241e-07 3.67847e-07 1.50394e-07 0.290201 0.0107471 3.58438e-10 0 4.21674e-10 0 4.9676e-10 0 5.47559e-10 0 5.86804e-10 0 6.1932e-10 0 6.47413e-10 0 6.72103e-10 0 6.94702e-10 0 7.14923e-10 0 7.3383e-10 0 7.51415e-10 0 7.6767e-10 0 7.83131e-10 0 7.97524e-10 0 8.1166e-10 0 8.24721e-10 0 8.37249e-10 0 8.49242e-10 0 8.60698e-10 0 8.72163e-10 0 8.82815e-10 0 8.93201e-10 0 9.03319e-10 0 9.13169e-10 0 9.22477e-10 0 9.3179e-10 0 9.40559e-10 0 9.49331e-10 0 9.57559e-10 0 9.6579e-10 0 9.74024e-10 0 9.81712e-10 0 9.89403e-10 0 9.97097e-10 0 1.00452e-09 0 1.01194e-09 0 1.01909e-09 0 1.0257e-09 0 1.03285e-09 0 1.03946e-09 0
3702.84 4.59461e-07 3.3659e-07 1.22871e-07 0.267424 0.00971722 2.77814e-10 0 3.25645e-10 0 3.8234e-10 0 4.20649e-10 0 4.50225e-10 0 4.74718e-10 0 4.95872e-10 0 5.14458e-10 0 5.31466e-10 0 5.4668e-10 0 5.60904e-10 0 5.74131e-10 0 5.86357e-10 0 5.97984e-10 0 6.08806e-10 0 6.19435e-10 0 6.29254e-10 0 6.38671e-10 0 6.47686e-10 0 6.56296e-10 0 6.64913e-10 0 6.72918e-10 0 6.80723e-10 0 6.88326e-10 0 6.95727e-10 0 7.02721e-10 0 7.09717e-10 0 7.16305e-10 0 7.22896e-10 0 7.29076e-10 0 7.3526e-10 0 7.41445e-10 0 7.4722e-10 0 7.52997e-10 0 7.58775e-10 0 7.64349e-10 0 7.69924e-10 0 7.75295e-10 0 7.80254e-10 0 7.85627e-10 0 7.90588e-10 0
3892.91 4.07819e-07 3.07355e-07 1.00464e-07 0.246344 0.00878842 2.14472e-10 0 2.50544e-10 0 2.93232e-10 0 3.22045e-10 0 3.44275e-10 0 3.62677e-10 0 3.78564e-10 0 3.92519e-10 0 4.05287e-10 0 4.16707e-10 0 4.27382e-10 0 4.37307e-10 0 4.46479e-10 0 4.55201e-10 0 4.63319e-10 0 4.71291e-10 0 4.78655e-10 0 4.85717e-10 0 4.92477e-10 0 4.98933e-10 0 5.05393e-10 0 5.11395e-10 0 5.17246e-10 0 5.22946e-10 0 5.28494e-10 0 5.33737e-10 0 5.38981e-10 0 5.43919e-10 0 5.48858e-10 0 5.53491e-10 0 5.58124e-10 0 5.6276e-10 0 5.67088e-10 0 5.71416e-10 0 5.75747e-10 0 5.79923e-10 0 5.84101e-10 0 5.88125e-10 0 5.9184e-10 0 5.95866e-10 0 5.99583e-10 0
4092.73 3.63763e-07 2.81622e-07 8.21403e-08 0.225807 0.00794835 1.65841e-10 0 1.93115e-10 0 2.25344e-10 0 2.47076e-10 0 2.63834e-10 0 2.777e-10 0 2.89668e-10 0 3.00178e-10 0 3.09792e-10 0 3.18389e-10 0 3.26424e-10 0 3.33894e-10 0 3.40796e-10 0 3.4736e-10 0 3.53468e-10 0 3.59466e-10 0 3.65006e-10 0 3.70318e-10 0 3.75403e-10 0 3.80259e-10 0 3.85118e-10 0 3.89632e-10 0 3.94032e-10 0 3.98319e-10 0 4.02491e-10 0 4.06433e-10 0 4.10376e-10 0 4.14089e-10 0 4.17803e-10 0 4.21285e-10 0 4.24769e-10 0 4.28254e-10 0 4.31508e-10 0 4.34762e-10 0 4.38017e-10 0 4.41157e-10 0 4.44297e-10 0 4.47322e-10 0 4.50115e-10 0 4.53141e-10 0 4.55935e-10 0
4302.81 3.26532e-07 2.59383e-07 6.71481e-08 0.20564 0.00718815 1.28686e-10 0 1.49399e-10 0 1.73843e-10 0 1.90311e-10 0 2.03002e-10 0 2.135e-10 0 2.22559e-10 0 2.30512e-10 0 2.37786e-10 0 2.44289e-10 0 2.50367e-10 0 2.56016e-10 0 2.61236e-10 0 2.66199e-10 0 2.70818e-10 0 2.75352e-10 0 2.7954e-10 0 2.83557e-10 0 2.874e-10 0 2.91071e-10 0 2.94743e-10 0 2.98155e-10 0 3.0148e-10 0 3.0472e-10 0 3.07873e-10 0 3.10851e-10 0 3.13831e-10 0 3.16636e-10 0 3.19443e-10 0 3.22074e-10 0 3.24706e-10 0 3.27339e-10 0 3.29797e-10 0 3.32256e-10 0 3.34715e-10 0 3.37087e-10 0 3.39459e-10 0 3.41744e-10 0 3.43854e-10 0 3.4614e-10 0 3.4825e-10 0
4523.68 2.93369e-07 2.38472e-07 5.48966e-08 0.187125 0.006501 9.9517e-11 0 1.15208e-10 0 1.33705e-10 0 1.46155e-10 0 1.55746e-10 0 1.63676e-10 0 1.70517e-10 0 1.76523e-10 0 1.82014e-10 0 1.86924e-10 0 1.91511e-10 0 1.95775e-10 0 1.99714e-10 0 2.03459e-10 0 2.06944e-10 0 2.10365e-10 0 2.13525e-10 0 2.16555e-10 0 2.19454e-10 0 2.22223e-10 0 2.24993e-10 0 2.27566e-10 0 2.30075e-10 0 2.32518e-10 0 2.34896e-10 0 2.37142e-10 0 2.39389e-10 0 2.41505e-10 0 2.43621e-10 0 2.45605e-10 0 2.4759e-10 0 2.49575e-10 0 2.51429e-10 0 2.53282e-10 0 2.55136e-10 0 2.56925e-10 0 2.58713e-10 0 2.60436e-10 0 2.62027e-10 0 2.6375e-10 0 2.65341e-10 0
4755.88 2.63723e-07 2.18815e-07 4.49084e-08 0.170286 0.00588078 7.66935e-11 0 8.85498e-11 0 1.0251e-10 0 1.11901e-10 0 1.19131e-10 0 1.25108e-10 0 1.30263e-10 0 1.34787e-10 0 1.38924e-10 0 1.42622e-10 0 1.46077e-10 0 1.49287e-10 0 1.52253e-10 0 1.55073e-10 0 1.57697e-10 0 1.60272e-10 0 1.62651e-10 0 1.64931e-10 0 1.67114e-10 0 1.69198e-10 0 1.71283e-10 0 1.73219e-10 0 1.75107e-10 0 1.76945e-10 0 1.78735e-10 0 1.80425e-10 0 1.82116e-10 0 1.83708e-10 0 1.853e-10 0 1.86793e-10 0 1.88287e-10 0 1.89781e-10 0 1.91175e-10 0 1.9257e-10 0 1.93965e-10 0 1.9531e-10 0 1.96656e-10 0 1.97952e-10 0 1.99148e-10 0 2.00445e-10 0 2.01642e-10 0
5000 2.37154e-07 2.00423e-07 3.67309e-08 0.154882 0.00531956 5.89172e-11 0 6.7855e-11 0 7.83687e-11 0 8.54357e-11 0 9.08751e-11 0 9.53704e-11 0 9.92467e-11 0 1.02648e-10 0 1.05758e-10 0 1.08537e-10 0 1.11134e-10 0 1.13547e-10 0 1.15776e-10 0 1.17894e-10 0 1.19866e-10 0 1.21801e-10 0 1.23588e-10 0 1.25301e-10 0 1.2694e-10 0 1.28506e-10 0 1.30072e-10 0 1.31527e-10 0 1.32944e-10 0 1.34325e-10 0 1.35669e-10 0 1.36939e-10 0 1.38209e-10 0 1.39404e-10 0 1.406e-10 0 1.41721e-10 0 1.42843e-10 0 1.43965e-10 0 1.45012e-10 0 1.46059e-10 0 1.47106e-10 0 1.48117e-10 0 1.49127e-10 0 1.501e-10 0 1.50999e-10 0 1.51972e-10 0 1.52871e-10 0
