# 0.00480947 1 113 : grain size, compostion index, size index
# Heating and cooling timescale: 7.88548e-08 inf
# Ratio of heating to cooling to determine stochastic cutoff: 100
# Equilibrium emission is recorded even for those grains in the stochastic regime.
# Emission spectrum was computed for: 
# Type: ISRF
# Scales: 0.25 0.5 1 1.5 2 2.5 3 3.5 4 4.5 5 5.5 6 6.5 7 7.5 8 8.5 9 9.5 10 10.5 11 11.5 12 12.5 13 13.5 14 14.5 15 15.5 16 16.5 17 17.5 18 18.5 19 19.5 20
# StochasticallyHeated: 0 0 0 0 0 0 0 0 0 0 0 0 0 0 0 0 0 0 0 0 0 0 0 0 0 0 0 0 0 0 0 0 0 0 0 0 0 0 0 0 0
# Temperature: -1
# Wavelength  CExt  CAbs  CSca  Albedo G EqEm1 StEm1 EqEm2 StEm2 EqEm3 StEm3 EqEm4 StEm4 EqEm5 StEm5 EqEm6 StEm6 EqEm7 StEm7 EqEm8 StEm8 EqEm9 StEm9 EqEm10 StEm10 EqEm11 StEm11 EqEm12 StEm12 EqEm13 StEm13 EqEm14 StEm14 EqEm15 StEm15 EqEm16 StEm16 EqEm17 StEm17 EqEm18 StEm18 EqEm19 StEm19 EqEm20 StEm20 EqEm21 StEm21 EqEm22 StEm22 EqEm23 StEm23 EqEm24 StEm24 EqEm25 StEm25 EqEm26 StEm26 EqEm27 StEm27 EqEm28 StEm28 EqEm29 StEm29 EqEm30 StEm30 EqEm31 StEm31 EqEm32 StEm32 EqEm33 StEm33 EqEm34 StEm34 EqEm35 StEm35 EqEm36 StEm36 EqEm37 StEm37 EqEm38 StEm38 EqEm39 StEm39 EqEm40 StEm40 EqEm41 StEm41
0.05 0.000145746 5.15226e-05 9.42234e-05 0.64649 0.853901 0 0 0 0 0 0 0 0 0 0 0 0 0 0 0 0 0 0 0 0 0 0 0 0 0 0 0 0 0 0 0 0 0 0 0 0 0 0 0 0 0 0 0 0 0 0 0 0 0 0 0 0 0 0 0 0 0 0 0 0 0 0 0 0 0 0 0 0 0 0 0 0 0 0 0 0 0 0 0 0 0 0
0.0525665 0.000145763 5.06849e-05 9.50783e-05 0.652279 0.841405 0 0 0 0 0 0 0 0 0 0 0 0 0 0 0 0 0 0 0 0 0 0 0 0 0 0 0 0 0 0 0 0 0 0 0 0 0 0 0 0 0 0 0 0 0 0 0 0 0 0 0 0 0 0 0 0 0 0 0 0 0 0 0 0 0 0 0 0 0 0 0 0 0 0 0 0 0 0 0 0 0 0
0.0552647 0.000145781 5.0051e-05 9.57303e-05 0.656671 0.831031 0 0 0 0 0 0 0 0 0 0 0 0 0 0 0 0 0 0 0 0 0 0 0 0 0 0 0 0 0 0 0 0 0 0 0 0 0 0 0 0 0 0 0 0 0 0 0 0 0 0 0 0 0 0 0 0 0 0 0 0 0 0 0 0 0 0 0 0 0 0 0 0 0 0 0 0 0 0 0 0 0 0
0.0581015 0.0001458 4.97645e-05 9.60352e-05 0.658679 0.824665 0 0 0 0 0 0 0 0 0 0 0 0 0 0 0 0 0 0 0 0 0 0 0 0 0 0 0 0 0 0 0 0 0 0 0 0 0 0 0 0 0 0 0 0 0 0 0 0 0 0 0 0 0 0 0 0 0 0 0 0 0 0 0 0 0 0 0 0 0 0 0 0 0 0 0 0 0 0 0 0 0 0
0.0610839 0.000145818 4.90597e-05 9.67582e-05 0.663555 0.815894 0 0 0 0 0 0 0 0 0 0 0 0 0 0 0 0 0 0 0 0 0 0 0 0 0 0 0 0 0 0 0 0 0 0 0 0 0 0 0 0 0 0 0 0 0 0 0 0 0 0 0 0 0 0 0 0 0 0 0 0 0 0 0 0 0 0 0 0 0 0 0 0 0 0 0 0 0 0 0 0 0 0
0.0642193 0.000145839 4.73008e-05 9.85384e-05 0.675665 0.797598 0 0 0 0 0 0 0 0 0 0 0 0 0 0 0 0 0 0 0 0 0 0 0 0 0 0 0 0 0 0 0 0 0 0 0 0 0 0 0 0 0 0 0 0 0 0 0 0 0 0 0 0 0 0 0 0 0 0 0 0 0 0 0 0 0 0 0 0 0 0 0 0 0 0 0 0 0 0 0 0 0 0
0.0675157 0.000145864 4.55525e-05 0.000100311 0.687705 0.777614 0 0 0 0 0 0 0 0 0 0 0 0 0 0 0 0 0 0 0 0 0 0 0 0 0 0 0 0 0 0 0 0 0 0 0 0 0 0 0 0 0 0 0 0 0 0 0 0 0 0 0 0 0 0 0 0 0 0 0 0 0 0 0 0 0 0 0 0 0 0 0 0 0 0 0 0 0 0 0 0 0 0
0.0709813 0.00014589 4.53765e-05 0.000100513 0.688967 0.770491 0 0 0 0 0 0 0 0 0 0 0 0 0 0 0 0 0 0 0 0 0 0 0 0 0 0 0 0 0 0 0 0 0 0 0 0 0 0 0 0 0 0 0 0 0 0 0 0 0 0 0 0 0 0 0 0 0 0 0 0 0 0 0 0 0 0 0 0 0 0 0 0 0 0 0 0 0 0 0 0 0 0
0.0746248 0.000145915 4.60659e-05 9.98495e-05 0.684297 0.771846 0 0 0 0 0 0 0 0 0 0 0 0 0 0 0 0 0 0 0 0 0 0 0 0 0 0 0 0 0 0 0 0 0 0 0 0 0 0 0 0 0 0 0 0 0 0 0 0 0 0 0 0 0 0 0 0 0 0 0 0 0 0 0 0 0 0 0 0 0 0 0 0 0 0 0 0 0 0 0 0 0 0
0.0784553 0.000145941 4.7027e-05 9.89137e-05 0.677766 0.776756 0 0 0 0 0 0 0 0 0 0 0 0 0 0 0 0 0 0 0 0 0 0 0 0 0 0 0 0 0 0 0 0 0 0 0 0 0 0 0 0 0 0 0 0 0 0 0 0 0 0 0 0 0 0 0 0 0 0 0 0 0 0 0 0 0 0 0 0 0 0 0 0 0 0 0 0 0 0 0 0 0 0
0.0824824 0.000145966 4.8125e-05 9.7841e-05 0.6703 0.782642 0 0 0 0 0 0 0 0 0 0 0 0 0 0 0 0 0 0 0 0 0 0 0 0 0 0 0 0 0 0 0 0 0 0 0 0 0 0 0 0 0 0 0 0 0 0 0 0 0 0 0 0 0 0 0 0 0 0 0 0 0 0 0 0 0 0 0 0 0 0 0 0 0 0 0 0 0 0 0 0 0 0
0.0867162 0.000145992 4.83809e-05 9.76113e-05 0.668606 0.781519 0 0 0 0 0 0 0 0 0 0 0 0 0 0 0 0 0 0 0 0 0 0 0 0 0 0 0 0 0 0 0 0 0 0 0 0 0 0 0 0 0 0 0 0 0 0 0 0 0 0 0 0 0 0 0 0 0 0 0 0 0 0 0 0 0 0 0 0 0 0 0 0 0 0 0 0 0 0 0 0 0 0
0.0911674 0.000146021 4.81558e-05 9.78648e-05 0.670212 0.776367 0 0 0 0 0 0 0 0 0 0 0 0 0 0 0 0 0 0 0 0 0 0 0 0 0 0 0 0 0 0 0 0 0 0 0 0 0 0 0 0 0 0 0 0 0 0 0 0 0 0 0 0 0 0 0 0 0 0 0 0 0 0 0 0 0 0 0 0 0 0 0 0 0 0 0 0 0 0 0 0 0 0
0.095847 0.000146051 4.83591e-05 9.76917e-05 0.668889 0.774619 0 0 0 0 0 0 0 0 0 0 0 0 0 0 0 0 0 0 0 0 0 0 0 0 0 0 0 0 0 0 0 0 0 0 0 0 0 0 0 0 0 0 0 0 0 0 0 0 0 0 0 0 0 0 0 0 0 0 0 0 0 0 0 0 0 0 0 0 0 0 0 0 0 0 0 0 0 0 0 0 0 0
0.100767 0.000146075 5.00596e-05 9.60158e-05 0.657303 0.786096 0 0 0 0 0 0 0 0 0 0 0 0 0 0 0 0 0 0 0 0 0 0 0 0 0 0 0 0 0 0 0 0 0 0 0 0 0 0 0 0 0 0 0 0 0 0 0 0 0 0 0 0 0 0 0 0 0 0 0 0 0 0 0 0 0 0 0 0 0 0 0 0 0 0 0 0 0 0 0 0 0 0
0.105939 0.000146097 5.17706e-05 9.43262e-05 0.645642 0.800764 0 0 0 0 0 0 0 0 0 0 0 0 0 0 0 0 0 0 0 0 0 0 0 0 0 0 0 0 0 0 0 0 0 0 0 0 0 0 0 0 0 0 0 0 0 0 0 0 0 0 0 0 0 0 0 0 0 0 0 0 0 0 0 0 0 0 0 0 0 0 0 0 0 0 0 0 0 0 0 0 0 0
0.111377 0.00014611 5.48922e-05 9.12183e-05 0.62431 0.828804 0 0 0 0 0 0 0 0 0 0 0 0 0 0 0 0 0 0 0 0 0 0 0 0 0 0 0 0 0 0 0 0 0 0 0 0 0 0 0 0 0 0 0 0 0 0 0 0 0 0 0 0 0 0 0 0 0 0 0 0 0 0 0 0 0 0 0 0 0 0 0 0 0 0 0 0 0 0 0 0 0 0
0.117094 0.00014612 5.81147e-05 8.80057e-05 0.602282 0.861158 0 0 0 0 0 0 0 0 0 0 0 0 0 0 0 0 0 0 0 0 0 0 0 0 0 0 0 0 0 0 0 0 0 0 0 0 0 0 0 0 0 0 0 0 0 0 0 0 0 0 0 0 0 0 0 0 0 0 0 0 0 0 0 0 0 0 0 0 0 0 0 0 0 0 0 0 0 0 0 0 0 0
0.123105 0.000146138 6.01926e-05 8.59456e-05 0.588112 0.883807 0 0 0 0 0 0 0 0 0 0 0 0 0 0 0 0 0 0 0 0 0 0 0 0 0 0 0 0 0 0 0 0 0 0 0 0 0 0 0 0 0 0 0 0 0 0 0 0 0 0 0 0 0 0 0 0 0 0 0 0 0 0 0 0 0 0 0 0 0 0 0 0 0 0 0 0 0 0 0 0 0 0
0.129424 0.00014616 6.19552e-05 8.42045e-05 0.576113 0.903792 0 0 0 0 0 0 0 0 0 0 0 0 0 0 0 0 0 0 0 0 0 0 0 0 0 0 0 0 0 0 0 0 0 0 0 0 0 0 0 0 0 0 0 0 0 0 0 0 0 0 0 0 0 0 0 0 0 0 0 0 0 0 0 0 0 0 0 0 0 0 0 0 0 0 0 0 0 0 0 0 0 0
0.136067 0.000146182 6.33628e-05 8.28195e-05 0.566549 0.920005 0 0 0 0 0 0 0 0 0 0 0 0 0 0 0 0 0 0 0 0 0 0 0 0 0 0 0 0 0 0 0 0 0 0 0 0 0 0 0 0 0 0 0 0 0 0 0 0 0 0 0 0 0 0 0 0 0 0 0 0 0 0 0 0 0 0 0 0 0 0 0 0 0 0 0 0 0 0 0 0 0 0
0.143051 0.000146202 6.44549e-05 8.1747e-05 0.559138 0.932656 0 0 0 0 0 0 0 0 0 0 0 0 0 0 0 0 0 0 0 0 0 0 0 0 0 0 0 0 0 0 0 0 0 0 0 0 0 0 0 0 0 0 0 0 0 0 0 0 0 0 0 0 0 0 0 0 0 0 0 0 0 0 0 0 0 0 0 0 0 0 0 0 0 0 0 0 0 0 0 0 0 0
0.150394 0.000146217 6.50767e-05 8.11399e-05 0.554929 0.940813 0 0 0 0 0 0 0 0 0 0 0 0 0 0 0 0 0 0 0 0 0 0 0 0 0 0 0 0 0 0 0 0 0 0 0 0 0 0 0 0 0 0 0 0 0 0 0 0 0 0 0 0 0 0 0 0 0 0 0 0 0 0 0 0 0 0 0 0 0 0 0 0 0 0 0 0 0 0 0 0 0 0
0.158114 0.000146231 6.48613e-05 8.13696e-05 0.556446 0.941699 0 0 0 0 0 0 0 0 0 0 0 0 0 0 0 0 0 0 0 0 0 0 0 0 0 0 0 0 0 0 0 0 0 0 0 0 0 0 0 0 0 0 0 0 0 0 0 0 0 0 0 0 0 0 0 0 0 0 0 0 0 0 0 0 0 0 0 0 0 0 0 0 0 0 0 0 0 0 0 0 0 0
0.16623 0.000146256 6.33326e-05 8.29238e-05 0.566976 0.930885 0 0 0 0 0 0 0 0 0 0 0 0 0 0 0 0 0 0 0 0 0 0 0 0 0 0 0 0 0 0 0 0 0 0 0 0 0 0 0 0 0 0 0 0 0 0 0 0 0 0 0 0 0 0 0 0 0 0 0 0 0 0 0 0 0 0 0 0 0 0 0 0 0 0 0 0 0 0 0 0 0 0
0.174762 0.000146299 6.03026e-05 8.59965e-05 0.587813 0.90435 0 0 0 0 0 0 0 0 0 0 0 0 0 0 0 0 0 0 0 0 0 0 0 0 0 0 0 0 0 0 0 0 0 0 0 0 0 0 0 0 0 0 0 0 0 0 0 0 0 0 0 0 0 0 0 0 0 0 0 0 0 0 0 0 0 0 0 0 0 0 0 0 0 0 0 0 0 0 0 0 0 0
0.183733 0.000146349 5.64783e-05 8.98705e-05 0.614084 0.868506 0 0 0 0 0 0 0 0 0 0 0 0 0 0 0 0 0 0 0 0 0 0 0 0 0 0 0 0 0 0 0 0 0 0 0 0 0 0 0 0 0 0 0 0 0 0 0 0 0 0 0 0 0 0 0 0 0 0 0 0 0 0 0 0 0 0 0 0 0 0 0 0 0 0 0 0 0 0 0 0 0 0
0.193164 0.000146404 5.2502e-05 9.39019e-05 0.641389 0.831612 0 0 0 0 0 0 0 0 0 0 0 0 0 0 0 0 0 0 0 0 0 0 0 0 0 0 0 0 0 0 0 0 0 0 0 0 0 0 0 0 0 0 0 0 0 0 0 0 0 0 0 0 0 0 0 0 0 0 0 0 0 0 0 0 0 0 0 0 0 0 0 0 0 0 0 0 0 0 0 0 0 0
0.203079 0.000146461 4.90454e-05 9.74161e-05 0.665131 0.801118 0 0 0 0 0 0 0 0 0 0 0 0 0 0 0 0 0 0 0 0 0 0 0 0 0 0 0 0 0 0 0 0 0 0 0 0 0 0 0 0 0 0 0 0 0 0 0 0 0 0 0 0 0 0 0 0 0 0 0 0 0 0 0 0 0 0 0 0 0 0 0 0 0 0 0 0 0 0 0 0 0 0
0.213503 0.000146524 4.60773e-05 0.000100446 0.68553 0.776297 0 0 0 0 0 0 0 0 0 0 0 0 0 0 0 0 0 0 0 0 0 0 0 0 0 0 0 0 0 0 0 0 0 0 0 0 0 0 0 0 0 0 0 0 0 0 0 0 0 0 0 0 0 0 0 0 0 0 0 0 0 0 0 0 0 0 0 0 0 0 0 0 0 0 0 0 0 0 0 0 0 0
0.224463 0.000146593 4.40964e-05 0.000102496 0.699191 0.75912 0 0 0 0 0 0 0 0 0 0 0 0 0 0 0 0 0 0 0 0 0 0 0 0 0 0 0 0 0 0 0 0 0 0 0 0 0 0 0 0 0 0 0 0 0 0 0 0 0 0 0 0 0 0 0 0 0 0 0 0 0 0 0 0 0 0 0 0 0 0 0 0 0 0 0 0 0 0 0 0 0 0
0.235984 0.000146668 4.297e-05 0.000103698 0.707026 0.747541 0 0 0 0 0 0 0 0 0 0 0 0 0 0 0 0 0 0 0 0 0 0 0 0 0 0 0 0 0 0 0 0 0 0 0 0 0 0 0 0 0 0 0 0 0 0 0 0 0 0 0 0 0 0 0 0 0 0 0 0 0 0 0 0 0 0 0 0 0 0 0 0 0 0 0 0 0 0 0 0 0 0
0.248097 0.000146749 4.31561e-05 0.000103593 0.705919 0.743766 0 0 0 0 0 0 0 0 0 0 0 0 0 0 0 0 0 0 0 0 0 0 0 0 0 0 0 0 0 0 0 0 0 0 0 0 0 0 0 0 0 0 0 0 0 0 0 0 0 0 0 0 0 0 0 0 0 0 0 0 0 0 0 0 0 0 0 0 0 0 0 0 0 0 0 0 0 0 0 0 0 0
0.260832 0.000146821 4.4191e-05 0.00010263 0.699015 0.745911 0 0 0 0 0 0 0 0 0 0 0 0 0 0 0 0 0 0 0 0 0 0 0 0 0 0 0 0 0 0 0 0 0 0 0 0 0 0 0 0 0 0 0 0 0 0 0 0 0 0 0 0 0 0 0 0 0 0 0 0 0 0 0 0 0 0 0 0 0 0 0 0 0 0 0 0 0 0 0 0 0 0
0.274221 0.000146884 4.5451e-05 0.000101433 0.690565 0.750139 0 0 0 0 0 0 0 0 0 0 0 0 0 0 0 0 0 0 0 0 0 0 0 0 0 0 0 0 0 0 0 0 0 0 0 0 0 0 0 0 0 0 0 0 0 0 0 0 0 0 0 0 0 0 0 0 0 0 0 0 0 0 0 0 0 0 0 0 0 0 0 0 0 0 0 0 0 0 0 0 0 0
0.288297 0.000146924 4.71244e-05 9.97995e-05 0.67926 0.759629 0 0 0 0 0 0 0 0 0 0 0 0 0 0 0 0 0 0 0 0 0 0 0 0 0 0 0 0 0 0 0 0 0 0 0 0 0 0 0 0 0 0 0 0 0 0 0 0 0 0 0 0 0 0 0 0 0 0 0 0 0 0 0 0 0 0 0 0 0 0 0 0 0 0 0 0 0 0 0 0 0 0
0.303095 0.000146964 4.82723e-05 9.86919e-05 0.671537 0.766856 0 0 0 0 0 0 0 0 0 0 0 0 0 0 0 0 0 0 0 0 0 0 0 0 0 0 0 0 0 0 0 0 0 0 0 0 0 0 0 0 0 0 0 0 0 0 0 0 0 0 0 0 0 0 0 0 0 0 0 0 0 0 0 0 0 0 0 0 0 0 0 0 0 0 0 0 0 0 0 0 0 0
0.318653 0.000147006 4.92072e-05 9.77984e-05 0.66527 0.773208 0 0 0 0 0 0 0 0 0 0 0 0 0 0 0 0 0 0 0 0 0 0 0 0 0 0 0 0 0 0 0 0 0 0 0 0 0 0 0 0 0 0 0 0 0 0 0 0 0 0 0 0 0 0 0 0 0 0 0 0 0 0 0 0 0 0 0 0 0 0 0 0 0 0 0 0 0 0 0 0 0 0
0.335009 0.00014705 4.99474e-05 9.71026e-05 0.660337 0.778661 0 0 0 0 0 0 0 0 0 0 0 0 0 0 0 0 0 0 0 0 0 0 0 0 0 0 0 0 0 0 0 0 0 0 0 0 0 0 0 0 0 0 0 0 0 0 0 0 0 0 0 0 0 0 0 0 0 0 0 0 0 0 0 0 0 0 0 0 0 0 0 0 0 0 0 0 0 0 0 0 0 0
0.352205 0.0001471 5.04547e-05 9.66453e-05 0.657004 0.782504 0 0 0 0 0 0 0 0 0 0 0 0 0 0 0 0 0 0 0 0 0 0 0 0 0 0 0 0 0 0 0 0 0 0 0 0 0 0 0 0 0 0 0 0 0 0 0 0 0 0 0 0 0 0 0 0 0 0 0 0 0 0 0 0 0 0 0 0 0 0 0 0 0 0 0 0 0 0 0 0 0 0
0.370284 0.000147155 5.07803e-05 9.63743e-05 0.654919 0.784872 0 0 0 0 0 0 0 0 0 0 0 0 0 0 0 0 0 0 0 0 0 0 0 0 0 0 0 0 0 0 0 0 0 0 0 0 0 0 0 0 0 0 0 0 0 0 0 0 0 0 0 0 0 0 0 0 0 0 0 0 0 0 0 0 0 0 0 0 0 0 0 0 0 0 0 0 0 0 0 0 0 0
0.389291 0.000147213 5.09477e-05 9.62656e-05 0.653919 0.785773 0 0 0 0 0 0 0 0 0 0 0 0 0 0 0 0 0 0 0 0 0 0 0 0 0 0 0 0 0 0 0 0 0 0 0 0 0 0 0 0 0 0 0 0 0 0 0 0 0 0 0 0 0 0 0 0 0 0 0 0 0 0 0 0 0 0 0 0 0 0 0 0 0 0 0 0 0 0 0 0 0 0
0.409273 0.000147273 5.10687e-05 9.62047e-05 0.653239 0.786309 0 0 0 0 0 0 0 0 0 0 0 0 0 0 0 0 0 0 0 0 0 0 0 0 0 0 0 0 0 0 0 0 0 0 0 0 0 0 0 0 0 0 0 0 0 0 0 0 0 0 0 0 0 0 0 0 0 0 0 0 0 0 0 0 0 0 0 0 0 0 0 0 0 0 0 0 0 0 0 0 0 0
0.430281 0.000147336 5.11685e-05 9.61676e-05 0.652709 0.786682 0 0 0 0 0 0 0 0 0 0 0 0 0 0 0 0 0 0 0 0 0 0 0 0 0 0 0 0 0 0 0 0 0 0 0 0 0 0 0 0 0 0 0 0 0 0 0 0 0 0 0 0 0 0 0 0 0 0 0 0 0 0 0 0 0 0 0 0 0 0 0 0 0 0 0 0 0 0 0 0 0 0
0.452368 0.000147402 5.12696e-05 9.6132e-05 0.652177 0.78724 0 0 0 0 0 0 0 0 0 0 0 0 0 0 0 0 0 0 0 0 0 0 0 0 0 0 0 0 0 0 0 0 0 0 0 0 0 0 0 0 0 0 0 0 0 0 0 0 0 0 0 0 0 0 0 0 0 0 0 0 0 0 0 0 0 0 0 0 0 0 0 0 0 0 0 0 0 0 0 0 0 0
0.475588 0.00014747 5.13584e-05 9.61111e-05 0.651735 0.787743 0 0 0 0 0 0 0 0 0 0 0 0 0 0 0 0 0 0 0 0 0 0 0 0 0 0 0 0 0 0 0 0 0 0 0 0 0 0 0 0 0 0 0 0 0 0 0 0 0 0 0 0 0 0 0 0 0 0 0 0 0 0 0 0 0 0 0 0 0 0 0 0 0 0 0 0 0 0 0 0 0 0
0.5 0.000147541 5.1413e-05 9.61285e-05 0.651535 0.787981 0 0 0 0 0 0 0 0 0 0 0 0 0 0 0 0 0 0 0 0 0 0 0 0 0 0 0 0 0 0 0 0 0 0 0 0 0 0 0 0 0 0 0 0 0 0 0 0 0 0 0 0 0 0 0 0 0 0 0 0 0 0 0 0 0 0 0 0 0 0 0 0 0 0 0 0 0 0 0 0 0 0
0.525665 0.000147617 5.1445e-05 9.61719e-05 0.651496 0.788055 0 0 0 0 0 0 0 0 0 0 0 0 0 0 0 0 0 0 0 0 0 0 0 0 0 0 0 0 0 0 0 0 0 0 0 0 0 0 0 0 0 0 0 0 0 0 0 0 0 0 0 0 0 0 0 0 0 0 0 0 0 0 0 0 0 0 0 0 0 0 0 0 0 0 0 0 0 0 0 0 0 0
0.552648 0.000147695 5.1465e-05 9.62304e-05 0.651546 0.788008 0 0 0 0 0 0 0 0 0 0 0 0 0 0 0 0 0 0 0 0 0 0 0 0 0 0 0 0 0 0 0 0 0 0 0 0 0 0 0 0 0 0 0 0 0 0 0 0 0 0 0 0 0 0 0 0 0 0 0 0 0 0 0 0 0 0 0 0 0 0 0 0 0 0 0 0 0 0 0 0 0 0
0.581015 0.000147779 5.13963e-05 9.63827e-05 0.652208 0.787156 0 0 0 0 0 0 0 0 0 0 0 0 0 0 0 0 0 0 0 0 0 0 0 0 0 0 0 0 0 0 0 0 0 0 0 0 0 0 0 0 0 0 0 0 0 0 0 0 0 0 0 0 0 0 0 0 0 0 0 0 0 0 0 0 0 0 0 0 0 0 0 0 0 0 0 0 0 0 0 0 0 0
0.610839 0.000147866 5.13238e-05 9.6542e-05 0.652903 0.786265 0 0 0 0 0 0 0 0 0 0 0 0 0 0 0 0 0 0 0 0 0 0 0 0 0 0 0 0 0 0 0 0 0 0 0 0 0 0 0 0 0 0 0 0 0 0 0 0 0 0 0 0 0 0 0 0 0 0 0 0 0 0 0 0 0 0 0 0 0 0 0 0 0 0 0 0 0 0 0 0 0 0
0.642193 0.000147956 5.12471e-05 9.67088e-05 0.653633 0.785333 0 0 0 0 0 0 0 0 0 0 0 0 0 0 0 0 0 0 0 0 0 0 0 0 0 0 0 0 0 0 0 0 0 0 0 0 0 0 0 0 0 0 0 0 0 0 0 0 0 0 0 0 0 0 0 0 0 0 0 0 0 0 0 0 0 0 0 0 0 0 0 0 0 0 0 0 0 0 0 0 0 0
0.675157 0.00014805 5.11365e-05 9.69136e-05 0.6546 0.784081 0 0 0 0 0 0 0 0 0 0 0 0 0 0 0 0 0 0 0 0 0 0 0 0 0 0 0 0 0 0 0 0 0 0 0 0 0 0 0 0 0 0 0 0 0 0 0 0 0 0 0 0 0 0 0 0 0 0 0 0 0 0 0 0 0 0 0 0 0 0 0 0 0 0 0 0 0 0 0 0 0 0
0.709813 0.000148149 5.09947e-05 9.71545e-05 0.655788 0.782531 0 0 0 0 0 0 0 0 0 0 0 0 0 0 0 0 0 0 0 0 0 0 0 0 0 0 0 0 0 0 0 0 0 0 0 0 0 0 0 0 0 0 0 0 0 0 0 0 0 0 0 0 0 0 0 0 0 0 0 0 0 0 0 0 0 0 0 0 0 0 0 0 0 0 0 0 0 0 0 0 0 0
0.746248 0.000148251 5.08381e-05 9.74133e-05 0.657082 0.780826 0 0 0 0 0 0 0 0 0 0 0 0 0 0 0 0 0 0 0 0 0 0 0 0 0 0 0 0 0 0 0 0 0 0 0 0 0 0 0 0 0 0 0 0 0 0 0 0 0 0 0 0 0 0 0 0 0 0 0 0 0 0 0 0 0 0 0 0 0 0 0 0 0 0 0 0 0 0 0 0 0 0
0.784553 0.000148358 5.06766e-05 9.76813e-05 0.658417 0.779081 0 0 0 0 0 0 0 0 0 0 0 0 0 0 0 0 0 0 0 0 0 0 0 0 0 0 0 0 0 0 0 0 0 0 0 0 0 0 0 0 0 0 0 0 0 0 0 0 0 0 0 0 0 0 0 0 0 0 0 0 0 0 0 0 0 0 0 0 0 0 0 0 0 0 0 0 0 0 0 0 0 0
0.824824 0.000148468 5.05114e-05 9.79564e-05 0.659782 0.777285 0 0 0 0 0 0 0 0 0 0 0 0 0 0 0 0 0 0 0 0 0 0 0 0 0 0 0 0 0 0 0 0 0 0 0 0 0 0 0 0 0 0 0 0 0 0 0 0 0 0 0 0 0 0 0 0 0 0 0 0 0 0 0 0 0 0 0 0 0 0 0 0 0 0 0 0 0 0 0 0 0 0
0.867162 0.000148581 5.03421e-05 9.82389e-05 0.661181 0.775445 0 0 0 0 0 0 0 0 0 0 0 0 0 0 0 0 0 0 0 0 0 0 0 0 0 0 0 0 0 0 0 0 0 0 0 0 0 0 0 0 0 0 0 0 0 0 0 0 0 0 0 0 0 0 0 0 0 0 0 0 0 0 0 0 0 0 0 0 0 0 0 0 0 0 0 0 0 0 0 0 0 0
0.911674 0.000148698 5.01727e-05 9.85255e-05 0.662587 0.773598 0 0 0 0 0 0 0 0 0 0 0 0 0 0 0 0 0 0 0 0 0 0 0 0 0 0 0 0 0 0 0 0 0 0 0 0 0 0 0 0 0 0 0 0 0 0 0 0 0 0 0 0 0 0 0 0 0 0 0 0 0 0 0 0 0 0 0 0 0 0 0 0 0 0 0 0 0 0 0 0 0 0
0.95847 0.000148818 5.0012e-05 9.88064e-05 0.663939 0.771803 0 0 0 0 0 0 0 0 0 0 0 0 0 0 0 0 0 0 0 0 0 0 0 0 0 0 0 0 0 0 0 0 0 0 0 0 0 0 0 0 0 0 0 0 0 0 0 0 0 0 0 0 0 0 0 0 0 0 0 0 0 0 0 0 0 0 0 0 0 0 0 0 0 0 0 0 0 0 0 0 0 0
1.00767 0.000148942 4.98504e-05 9.90918e-05 0.665304 0.769998 0 0 0 0 0 0 0 0 0 0 0 0 0 0 0 0 0 0 0 0 0 0 0 0 0 0 0 0 0 0 0 0 0 0 0 0 0 0 0 0 0 0 0 0 0 0 0 0 0 0 0 0 0 0 0 0 0 0 0 0 0 0 0 0 0 0 0 0 0 0 0 0 0 0 0 0 0 0 0 0 0 0
1.05939 0.000149069 4.9704e-05 9.93648e-05 0.66657 0.768305 0 0 0 0 0 0 0 0 0 0 0 0 0 0 0 0 0 0 0 0 0 0 0 0 0 0 0 0 0 0 0 0 0 0 0 0 0 0 0 0 0 0 0 0 0 0 0 0 0 0 0 0 0 0 0 0 0 0 0 0 0 0 0 0 0 0 0 0 0 0 0 0 0 0 0 0 0 0 0 0 0 0
1.11377 0.000149199 4.95529e-05 9.96464e-05 0.667874 0.766574 0 0 0 0 0 0 0 0 0 0 0 0 0 0 0 0 0 0 0 0 0 0 0 0 0 0 0 0 0 0 0 0 0 0 0 0 0 0 0 0 0 0 0 0 0 0 0 0 0 0 0 0 0 0 0 0 0 0 0 0 0 0 0 0 0 0 0 0 0 0 0 0 0 0 0 0 0 0 0 0 0 0
1.17094 0.000149334 4.94149e-05 9.99191e-05 0.669098 0.764947 0 0 0 0 0 0 0 0 0 0 0 0 0 0 0 0 0 0 0 0 0 0 0 0 0 0 0 0 0 0 0 0 0 0 0 0 0 0 0 0 0 0 0 0 0 0 0 0 0 0 0 0 0 0 0 0 0 0 0 0 0 0 0 0 0 0 0 0 0 0 0 0 0 0 0 0 0 0 0 0 0 0
1.23105 0.000149472 4.92778e-05 0.000100194 0.670321 0.763326 0 0 0 0 0 0 0 0 0 0 0 0 0 0 0 0 0 0 0 0 0 0 0 0 0 0 0 0 0 0 0 0 0 0 0 0 0 0 0 0 0 0 0 0 0 0 0 0 0 0 0 0 0 0 0 0 0 0 0 0 0 0 0 0 0 0 0 0 0 0 0 0 0 0 0 0 0 0 0 0 0 0
1.29424 0.000149616 4.91249e-05 0.000100491 0.671659 0.761577 0 0 0 0 0 0 0 0 0 0 0 0 0 0 0 0 0 0 0 0 0 0 0 0 0 0 0 0 0 0 0 0 0 0 0 0 0 0 0 0 0 0 0 0 0 0 0 0 0 0 0 0 0 0 0 0 0 0 0 0 0 0 0 0 0 0 0 0 0 0 0 0 0 0 0 0 0 0 0 0 0 0
1.36067 0.000149762 4.89786e-05 0.000100784 0.672958 0.759876 0 0 0 0 0 0 0 0 0 0 0 0 0 0 0 0 0 0 0 0 0 0 0 0 0 0 0 0 0 0 0 0 0 0 0 0 0 0 0 0 0 0 0 0 0 0 0 0 0 0 0 0 0 0 0 0 0 0 0 0 0 0 0 0 0 0 0 0 0 0 0 0 0 0 0 0 0 0 0 0 0 0
1.43051 0.000149912 4.88427e-05 0.00010107 0.674192 0.758253 0 0 0 0 0 0 0 0 0 0 0 0 0 0 0 0 0 0 0 0 0 0 0 0 0 0 0 0 0 0 0 0 0 0 0 0 0 0 0 0 0 0 0 0 0 0 0 0 0 0 0 0 0 0 0 0 0 0 0 0 0 0 0 0 0 0 0 0 0 0 0 0 0 0 0 0 0 0 0 0 0 0
1.50394 0.000150067 4.87137e-05 0.000101353 0.675387 0.756681 0 0 0 0 0 0 0 0 0 0 0 0 0 0 0 0 0 0 0 0 0 0 0 0 0 0 0 0 0 0 0 0 0 0 0 0 0 0 0 0 0 0 0 0 0 0 0 0 0 0 0 0 0 0 0 0 0 0 0 0 0 0 0 0 0 0 0 0 0 0 0 0 0 0 0 0 0 0 0 0 0 0
1.58114 0.000150226 4.85787e-05 0.000101648 0.67663 0.755064 0 0 0 0 0 0 0 0 0 0 0 0 0 0 0 0 0 0 0 0 0 0 0 0 0 0 0 0 0 0 0 0 0 0 0 0 0 0 0 0 0 0 0 0 0 0 0 0 0 0 0 0 0 0 0 0 0 0 0 0 0 0 0 0 0 0 0 0 0 0 0 0 0 0 0 0 0 0 0 0 0 0
1.6623 0.000150392 4.843e-05 0.000101961 0.677974 0.753347 0 0 0 0 0 0 0 0 0 0 0 0 0 0 0 0 0 0 0 0 0 0 0 0 0 0 0 0 0 0 0 0 0 0 0 0 0 0 0 0 0 0 0 0 0 0 0 0 0 0 0 0 0 0 0 0 0 0 0 0 0 0 0 0 0 0 0 0 0 0 0 0 0 0 0 0 0 0 0 0 0 0
1.74763 0.00015056 4.8279e-05 0.000102281 0.679337 0.751609 0 0 0 0 0 0 0 0 0 0 0 0 0 0 0 0 0 0 0 0 0 0 0 0 0 0 0 0 0 0 0 0 0 0 0 0 0 0 0 0 0 0 0 0 0 0 0 0 0 0 0 0 0 0 0 0 0 0 0 0 0 0 0 0 0 0 0 0 0 0 0 0 0 0 0 0 0 0 0 0 0 0
1.83733 0.000150732 4.81348e-05 0.000102597 0.68066 0.749923 0 0 0 0 0 0 0 0 0 0 0 0 0 0 0 0 0 0 0 0 0 0 0 0 0 0 0 0 0 0 0 0 0 0 0 0 0 0 0 0 0 0 0 0 0 0 0 0 0 0 0 0 0 0 0 0 0 0 0 0 0 0 0 0 0 0 0 0 0 0 0 0 0 0 0 0 0 0 0 0 0 0
1.93164 0.000150908 4.79912e-05 0.000102917 0.681984 0.748248 0 0 0 0 0 0 0 0 0 0 0 0 0 0 0 0 0 0 0 0 0 0 0 0 0 0 0 0 0 0 0 0 0 0 0 0 0 0 0 0 0 0 0 0 0 0 0 0 0 0 0 0 0 0 0 0 0 0 0 0 0 0 0 0 0 0 0 0 0 0 0 0 0 0 0 0 0 0 0 0 0 0
2.03079 0.000151089 4.78473e-05 0.000103241 0.683317 0.746575 0 0 0 0 0 0 0 0 0 0 0 0 0 0 0 0 0 0 0 0 0 0 0 0 0 0 0 0 0 0 0 0 0 0 0 0 0 0 0 0 0 0 0 0 0 0 0 0 0 0 0 0 0 0 0 0 0 0 0 0 0 0 0 0 0 0 0 0 0 0 0 0 0 0 0 0 0 0 0 0 0 0
2.13503 0.000151274 4.76938e-05 0.000103581 0.68472 0.744827 0 0 0 0 0 0 0 0 0 0 0 0 0 0 0 0 0 0 0 0 0 0 0 0 0 0 0 0 0 0 0 0 0 0 0 0 0 0 0 0 0 0 0 0 0 0 0 0 0 0 0 0 0 0 0 0 0 0 0 0 0 0 0 0 0 0 0 0 0 0 0 0 0 0 0 0 0 0 0 0 0 0
2.24463 0.000151464 4.75426e-05 0.000103921 0.686112 0.743112 0 0 0 0 0 0 0 0 0 0 0 0 0 0 0 0 0 0 0 0 0 0 0 0 0 0 0 0 0 0 0 0 0 0 0 0 0 0 0 0 0 0 0 0 0 0 0 0 0 0 0 0 0 0 0 0 0 0 0 0 0 0 0 0 0 0 0 0 0 0 0 0 0 0 0 0 0 0 0 0 0 0
2.35984 0.000151656 4.73971e-05 0.000104259 0.68747 0.741435 0 0 0 0 0 0 0 0 0 0 0 0 0 0 0 0 0 0 0 0 0 0 0 0 0 0 0 0 0 0 0 0 0 0 0 0 0 0 0 0 0 0 0 0 0 0 0 0 0 0 0 0 0 0 0 0 0 0 0 0 0 0 0 0 0 0 0 0 0 0 0 0 0 0 0 0 0 0 0 0 0 0
2.48097 0.000151854 4.7254e-05 0.0001046 0.688819 0.739793 0 0 0 0 0 0 0 0 0 0 0 0 0 0 0 0 0 0 0 0 0 0 0 0 0 0 0 0 0 0 0 0 0 0 0 0 0 0 0 0 0 0 0 0 0 0 0 0 0 0 0 0 0 0 0 0 0 0 0 0 0 0 0 0 0 0 0 0 0 0 0 0 0 0 0 0 0 0 0 0 0 0
2.60832 0.000152056 4.709e-05 0.000104966 0.690311 0.738007 0 0 0 0 0 0 0 0 0 0 0 0 0 0 0 0 0 0 0 0 0 0 0 0 0 0 0 0 0 0 0 0 0 0 0 0 0 0 0 0 0 0 0 0 0 0 0 0 0 0 0 0 0 0 0 0 0 0 0 0 0 0 0 0 0 0 0 0 0 0 0 0 0 0 0 0 0 0 0 0 0 0
2.74221 0.000152261 4.69194e-05 0.000105342 0.691849 0.736191 0 0 0 0 0 0 0 0 0 0 0 0 0 0 0 0 0 0 0 0 0 0 0 0 0 0 0 0 0 0 0 0 0 0 0 0 0 0 0 0 0 0 0 0 0 0 0 0 0 0 0 0 0 0 0 0 0 0 0 0 0 0 0 0 0 0 0 0 0 0 0 0 0 0 0 0 0 0 0 0 0 0
2.88297 0.000152466 4.67635e-05 0.000105702 0.693285 0.734486 0 0 0 0 0 0 0 0 0 0 0 0 0 0 0 0 0 0 0 0 0 0 0 0 0 0 0 0 0 0 0 0 0 0 0 0 0 0 0 0 0 0 0 0 0 0 0 0 0 0 0 0 0 0 0 0 0 0 0 0 0 0 0 0 0 0 0 0 0 0 0 0 0 0 0 0 0 0 0 0 0 0
3.03095 0.000152679 4.66035e-05 0.000106075 0.694761 0.732777 0 0 0 0 0 0 0 0 0 0 0 0 0 0 0 0 0 0 0 0 0 0 0 0 0 0 0 0 0 0 0 0 0 0 0 0 0 0 0 0 0 0 0 0 0 0 0 0 0 0 0 0 0 0 0 0 0 0 0 0 0 0 0 0 0 0 0 0 0 0 0 0 0 0 0 0 0 0 0 0 0 0
3.18653 0.000152892 4.64378e-05 0.000106454 0.696271 0.731038 0 0 0 0 0 0 0 0 0 0 0 0 0 0 0 0 0 0 0 0 0 0 0 0 0 0 0 0 0 0 0 0 0 0 0 0 0 0 0 0 0 0 0 0 0 0 0 0 0 0 0 0 0 0 0 0 0 0 0 0 0 0 0 0 0 0 0 0 0 0 0 0 0 0 0 0 0 0 0 0 0 0
3.35009 0.000153112 4.62694e-05 0.000106842 0.697807 0.729299 0 0 0 0 0 0 0 0 0 0 0 0 0 0 0 0 0 0 0 0 0 0 0 0 0 0 0 0 0 0 0 0 0 0 0 0 0 0 0 0 0 0 0 0 0 0 0 0 0 0 0 0 0 0 0 0 0 0 0 0 0 0 0 0 0 0 0 0 0 0 0 0 0 0 0 0 0 0 0 0 0 0
3.52205 0.000153349 4.61028e-05 0.000107247 0.699361 0.727611 0 0 0 0 0 0 0 0 0 0 0 0 0 0 0 0 0 0 0 0 0 0 0 0 0 0 0 0 0 0 0 0 0 0 0 0 0 0 0 0 0 0 0 0 0 0 0 0 0 0 0 0 0 0 0 0 0 0 0 0 0 0 0 0 0 0 0 0 0 0 0 0 0 0 0 0 0 0 0 0 0 0
3.70284 0.000153543 4.59365e-05 0.000107606 0.700822 0.725881 0 0 0 0 0 0 0 0 0 0 0 0 0 0 0 0 0 0 0 0 0 0 0 0 0 0 0 0 0 0 0 0 0 0 0 0 0 0 0 0 0 0 0 0 0 0 0 0 0 0 0 0 0 0 0 0 0 0 0 0 0 0 0 0 0 0 0 0 0 0 0 0 0 0 0 0 0 0 0 0 0 0
3.89291 0.000153784 4.57741e-05 0.00010801 0.702349 0.724255 0 0 0 0 0 0 0 0 0 0 0 0 0 0 0 0 0 0 0 0 0 0 0 0 0 0 0 0 0 0 0 0 0 0 0 0 0 0 0 0 0 0 0 0 0 0 0 0 0 0 0 0 0 0 0 0 0 0 0 0 0 0 0 0 0 0 0 0 0 0 0 0 0 0 0 0 0 0 0 0 0 0
4.09273 0.000153978 4.55971e-05 0.000108381 0.703872 0.722495 0 0 0 0 0 0 0 0 0 0 0 0 0 0 0 0 0 0 0 0 0 0 0 0 0 0 0 0 0 0 0 0 0 0 0 0 0 0 0 0 0 0 0 0 0 0 0 0 0 0 0 0 0 0 0 0 0 0 0 0 0 0 0 0 0 0 0 0 0 0 0 0 0 0 0 0 0 0 0 0 0 0
4.30281 0.000154285 4.54158e-05 0.000108869 0.705636 0.72088 0 0 0 0 0 0 0 0 0 0 0 0 0 0 0 0 0 0 0 0 0 0 0 0 0 0 0 0 0 0 0 0 0 0 0 0 0 0 0 0 0 0 0 0 0 0 0 0 0 0 0 0 0 0 0 0 0 0 0 0 0 0 0 0 0 0 0 0 0 0 0 0 0 0 0 0 0 0 0 0 0 0
4.52368 0.000154458 4.52315e-05 0.000109227 0.70716 0.719086 0 0 0 0 0 0 0 0 0 0 0 0 0 0 0 0 0 0 0 0 0 0 0 0 0 0 0 0 0 0 0 0 0 0 0 0 0 0 0 0 0 0 0 0 0 0 0 0 0 0 0 0 0 0 0 0 0 0 0 0 0 0 0 0 0 0 0 0 0 0 0 0 0 0 0 0 0 0 0 0 0 0
4.75588 0.000154664 4.5044e-05 0.00010962 0.708763 0.71733 0 0 0 0 0 0 0 0 0 0 0 0 0 0 0 0 0 0 0 0 0 0 0 0 0 0 0 0 0 0 0 0 0 0 0 0 0 0 0 0 0 0 0 0 0 0 0 0 0 0 0 0 0 0 0 0 0 0 0 0 0 0 0 0 0 0 0 0 0 0 0 0 0 0 0 0 0 0 0 0 0 0
5 0.00015493 4.48532e-05 0.000110077 0.710494 0.715673 0 0 0 0 0 0 0 0 0 0 0 0 0 0 0 0 0 0 0 0 0 0 0 0 0 0 0 0 0 0 0 0 0 0 0 0 0 0 0 0 0 0 0 0 0 0 0 0 0 0 0 0 0 0 0 0 0 0 0 0 0 0 0 0 0 0 0 0 0 0 0 0 0 0 0 0 0 0 0 0 0 0
5.25665 0.000155257 4.46372e-05 0.00011062 0.712495 0.713968 0 0 0 0 0 0 0 0 0 0 0 0 0 0 0 0 0 0 0 0 0 0 0 0 0 0 0 0 0 0 0 0 0 0 0 0 0 0 0 0 0 0 0 0 0 0 0 0 0 0 0 0 0 0 0 0 0 0 0 0 0 0 0 0 0 0 0 0 0 0 0 0 0 0 0 0 0 0 0 0 0 0
5.52648 0.000155506 4.44183e-05 0.000111088 0.714363 0.712178 0 0 0 0 0 0 0 0 0 0 0 0 0 0 0 0 0 0 0 0 0 0 0 0 0 0 0 0 0 0 0 0 0 0 0 0 0 0 0 0 0 0 0 0 0 0 0 0 0 0 0 0 0 0 0 0 0 0 0 0 0 0 0 0 0 0 0 0 0 0 0 0 0 0 0 0 0 0 0 0 0 0
5.81015 0.000155774 4.42073e-05 0.000111566 0.716208 0.710493 0 0 0 0 0 0 0 0 0 0 0 0 0 0 0 0 0 0 0 0 0 0 0 0 0 0 0 0 0 0 0 0 0 0 0 0 0 0 0 0 0 0 0 0 0 0 0 0 0 0 0 0 0 0 0 0 0 0 0 0 0 0 0 0 0 0 0 0 0 0 0 0 0 0 0 0 0 0 0 0 0 0
6.10839 0.000156077 4.39959e-05 0.000112081 0.718113 0.708827 0 0 0 0 0 0 0 0 0 0 0 0 0 0 0 0 0 0 0 0 0 0 0 0 0 0 0 0 0 0 0 0 0 0 0 0 0 0 0 0 0 0 0 0 0 0 0 0 0 0 0 0 0 0 0 0 0 0 0 0 0 0 0 0 0 0 0 0 0 0 0 0 0 0 0 0 0 0 0 0 0 0
6.42193 0.000156296 4.37957e-05 0.0001125 0.71979 0.707135 0 0 0 0 0 0 0 0 0 0 0 0 0 0 0 0 0 0 0 0 0 0 0 0 0 0 0 0 0 0 0 0 0 0 0 0 0 0 0 0 0 0 0 0 0 0 0 0 0 0 0 0 0 0 0 0 0 0 0 0 0 0 0 0 0 0 0 0 0 0 0 0 0 0 0 0 0 0 0 0 0 0
6.75157 0.000156504 4.35852e-05 0.000112919 0.721508 0.705462 0 0 0 0 0 0 0 0 0 0 0 0 0 0 0 0 0 0 0 0 0 0 0 0 0 0 0 0 0 0 0 0 0 0 0 0 0 0 0 0 0 0 0 0 0 0 0 0 0 0 0 0 0 0 0 0 0 0 0 0 0 0 0 0 0 0 0 0 0 0 0 0 0 0 0 0 0 0 0 0 0 0
7.09813 0.000156609 4.33787e-05 0.000113231 0.723013 0.703581 0 0 0 0 0 0 0 0 0 0 0 0 0 0 0 0 0 0 0 0 0 0 0 0 0 0 0 0 0 0 0 0 0 0 0 0 0 0 0 0 0 0 0 0 0 0 0 0 0 0 0 0 0 0 0 0 0 0 0 0 0 0 0 0 0 0 0 0 0 0 0 0 0 0 0 0 0 0 0 0 0 0
7.46248 0.000156687 4.31988e-05 0.000113488 0.724299 0.701828 0 0 0 0 0 0 0 0 0 0 0 0 0 0 0 0 0 0 0 0 0 0 0 0 0 0 0 0 0 0 0 0 0 0 0 0 0 0 0 0 0 0 0 0 0 0 0 0 0 0 0 0 0 0 0 0 0 0 0 0 0 0 0 0 0 0 0 0 0 0 0 0 0 0 0 0 0 0 0 0 0 0
7.84553 0.000157028 4.30259e-05 0.000114002 0.725998 0.700549 0 0 0 0 0 0 0 0 0 0 0 0 0 0 0 0 0 0 0 0 0 0 0 0 0 0 0 0 0 0 0 0 0 0 0 0 0 0 0 0 0 0 0 0 0 0 0 0 0 0 0 0 0 0 0 0 0 0 0 0 0 0 0 0 0 0 0 0 0 0 0 0 0 0 0 0 0 0 0 0 0 0
8.24824 0.000157602 4.28449e-05 0.000114757 0.728145 0.699503 0 0 0 0 0 0 0 0 0 0 0 0 0 0 0 0 0 0 0 0 0 0 0 0 0 0 0 0 0 0 0 0 0 0 0 0 0 0 0 0 0 0 0 0 0 0 0 0 0 0 0 0 0 0 0 0 0 0 0 0 0 0 0 0 0 0 0 0 0 0 0 0 0 0 0 0 0 0 0 0 0 0
8.67162 0.000157864 4.26837e-05 0.00011518 0.729617 0.698167 0 0 0 0 0 0 0 0 0 0 0 0 0 0 0 0 0 0 0 0 0 0 0 0 0 0 0 0 0 0 0 0 0 0 0 0 0 0 0 0 0 0 0 0 0 0 0 0 0 0 0 0 0 0 0 0 0 0 0 0 0 0 0 0 0 0 0 0 0 0 0 0 0 0 0 0 0 0 0 0 0 0
9.11674 0.000157713 4.25482e-05 0.000115165 0.730218 0.696383 0 0 0 0 0 0 0 0 0 0 0 0 0 0 0 0 0 0 0 0 0 0 0 0 0 0 0 0 0 0 0 0 0 0 0 0 0 0 0 0 0 0 0 0 0 0 0 0 0 0 0 0 0 0 0 0 0 0 0 0 0 0 0 0 0 0 0 0 0 0 0 0 0 0 0 0 0 0 0 0 0 0
9.5847 0.00015819 4.24424e-05 0.000115747 0.7317 0.695696 0 0 0 0 0 0 0 0 0 0 0 0 0 0 0 0 0 0 0 0 0 0 0 0 0 0 0 0 0 0 0 0 0 0 0 0 0 0 0 0 0 0 0 0 0 0 0 0 0 0 0 0 0 0 0 0 0 0 0 0 0 0 0 0 0 0 0 0 0 0 0 0 0 0 0 0 0 0 0 0 0 0
10.0767 0.000158675 4.23474e-05 0.000116327 0.733118 0.694965 0 0 0 0 0 0 0 0 0 0 0 0 0 0 0 0 0 0 0 0 0 0 0 0 0 0 0 0 0 0 0 0 0 0 0 0 0 0 0 0 0 0 0 0 0 0 0 0 0 0 0 0 0 0 0 0 0 0 0 0 0 0 0 0 0 0 0 0 0 0 0 0 0 0 0 0 0 0 0 0 0 0
10.5939 0.000158526 4.22599e-05 0.000116266 0.73342 0.693586 0 0 0 0 0 0 0 0 0 0 0 0 0 0 0 0 0 0 0 0 0 0 0 0 0 0 0 0 0 0 0 0 0 0 0 0 0 0 0 0 0 0 0 0 0 0 0 0 0 0 0 0 0 0 0 0 0 0 0 0 0 0 0 0 0 0 0 0 0 0 0 0 0 0 0 0 0 0 0 0 0 0
11.1377 0.000159007 4.22081e-05 0.000116799 0.734552 0.693246 0 0 0 0 0 0 0 0 0 0 0 0 0 0 0 0 0 0 0 0 0 0 0 0 0 0 0 0 0 0 0 0 0 0 0 0 0 0 0 0 0 0 0 0 0 0 0 0 0 0 0 0 0 0 0 0 0 0 0 0 0 0 0 0 0 0 0 0 0 0 0 0 0 0 0 0 0 0 0 0 0 0
11.7094 0.000159236 4.19079e-05 0.000117328 0.736819 0.69033 0 0 0 0 0 0 0 0 0 0 0 0 0 0 0 0 0 0 0 0 0 0 0 0 0 0 0 0 0 0 0 0 0 0 0 0 0 0 0 0 0 0 0 0 0 0 0 0 0 0 0 0 0 0 0 0 0 0 0 0 0 0 0 0 0 0 0 0 0 0 0 0 0 0 0 0 0 0 0 0 0 0
12.3105 0.000159628 4.19189e-05 0.000117709 0.737397 0.690654 0 0 0 0 0 0 0 0 0 0 0 0 0 0 0 0 0 0 0 0 0 0 0 0 0 0 0 0 0 0 0 0 0 0 0 0 0 0 0 0 0 0 0 0 0 0 0 0 0 0 0 0 0 0 0 0 0 0 0 0 0 0 0 0 0 0 0 0 0 0 0 0 0 0 0 0 0 0 0 0 0 0
12.9424 0.000159904 4.17737e-05 0.00011813 0.738758 0.689625 0 0 0 0 0 0 0 0 0 0 0 0 0 0 0 0 0 0 0 0 0 0 0 0 0 0 0 0 0 0 0 0 0 0 0 0 0 0 0 0 0 0 0 0 0 0 0 0 0 0 0 0 0 0 0 0 0 0 0 0 0 0 0 0 0 0 0 0 0 0 0 0 0 0 0 0 0 0 0 0 0 0
13.6067 0.000160107 4.16337e-05 0.000118473 0.739963 0.68858 0 0 0 0 0 0 0 0 0 0 0 0 0 0 0 0 0 0 0 0 0 0 0 0 0 0 0 0 0 0 0 0 0 0 0 0 0 0 0 0 0 0 0 0 0 0 0 0 0 0 0 0 0 0 0 0 0 0 0 0 0 0 0 0 0 0 0 0 0 0 0 0 1.4013e-45 0 1.4013e-45 0 2.8026e-45 0 5.60519e-45 0 1.12104e-44 0
14.3051 0.000160467 4.1511e-05 0.000118956 0.741311 0.687742 0 0 0 0 0 0 0 0 0 0 0 0 0 0 0 0 0 0 0 0 0 0 0 0 0 0 0 0 0 0 0 0 0 0 0 0 0 0 0 0 0 0 0 0 0 0 0 0 0 0 0 0 0 0 0 0 0 0 1.4013e-45 0 2.8026e-45 0 5.60519e-45 0 1.26117e-44 0 2.52234e-44 0 5.04467e-44 0 1.00893e-43 0 1.9478e-43 0 3.58732e-43 0 6.7963e-43 0 1.19671e-42 0 2.09354e-42 0
15.0394 0.000160671 4.13963e-05 0.000119274 0.742353 0.686772 0 0 0 0 0 0 0 0 0 0 0 0 0 0 0 0 0 0 0 0 0 0 0 0 0 0 0 0 0 0 0 0 0 0 0 0 0 0 0 0 0 0 0 0 0 0 1.4013e-45 0 2.8026e-45 0 8.40779e-45 0 2.10195e-44 0 4.76441e-44 0 1.12104e-43 0 2.55036e-43 0 5.35296e-43 0 1.15187e-42 0 2.29252e-42 0 4.67753e-42 0 8.8464e-42 0 1.71589e-41 0 3.19524e-41 0 5.71982e-41 0 1.05019e-40 0 1.79791e-40 0 3.06086e-40 0
15.8114 0.000161004 4.13043e-05 0.0001197 0.743458 0.686059 0 0 0 0 0 0 0 0 0 0 0 0 0 0 0 0 0 0 0 0 0 0 0 0 0 0 0 0 0 0 0 0 0 0 0 0 1.4013e-45 0 2.8026e-45 0 9.80909e-45 0 2.94273e-44 0 8.54792e-44 0 2.35418e-43 0 6.1517e-43 0 1.52601e-42 0 3.72886e-42 0 8.37556e-42 0 1.85854e-41 0 4.0747e-41 0 8.25925e-41 0 1.71379e-40 0 3.29822e-40 0 6.50027e-40 0 1.19167e-39 0 2.23791e-39 0 4.04282e-39 0 7.03421e-39 0 1.25376e-38 0 2.09079e-38 0 3.4682e-38 0
16.623 0.000161253 4.11937e-05 0.000120059 0.744539 0.685183 0 0 0 0 0 0 0 0 0 0 0 0 0 0 0 0 0 0 0 0 0 0 0 0 0 0 0 0 0 0 2.8026e-45 0 1.12104e-44 0 4.48416e-44 0 1.65353e-43 0 5.53513e-43 0 1.7306e-42 0 5.09792e-42 0 1.41755e-41 0 3.72998e-41 0 9.31191e-41 0 2.2107e-40 0 5.17317e-40 0 1.11697e-39 0 2.38382e-39 0 5.02992e-39 0 9.84984e-39 0 1.97226e-38 0 3.67626e-38 0 7.00926e-38 0 1.24751e-37 0 2.2718e-37 0 3.98722e-37 0 6.7524e-37 0 1.17004e-36 0 1.90307e-36 0 3.07976e-36 0
17.4762 0.000161519 4.10651e-05 0.000120454 0.745757 0.684322 0 0 0 0 0 0 0 0 0 0 0 0 0 0 0 0 0 0 0 0 0 0 0 0 2.8026e-45 0 1.96182e-44 0 1.02295e-43 0 4.83448e-43 0 2.02768e-42 0 7.57822e-42 0 2.64173e-41 0 8.31194e-41 0 2.46095e-40 0 6.8771e-40 0 1.81897e-39 0 4.56549e-39 0 1.08999e-38 0 2.48074e-38 0 5.56903e-38 0 1.1581e-37 0 2.38177e-37 0 4.8457e-37 0 9.18276e-37 0 1.77741e-36 0 3.21384e-36 0 5.93754e-36 0 1.02744e-35 0 1.81706e-35 0 3.10272e-35 0 5.12106e-35 0 8.63867e-35 0 1.3721e-34 0 2.16891e-34 0
18.3733 0.000161748 4.09285e-05 0.00012082 0.746962 0.683456 0 0 0 0 0 0 0 0 0 0 0 0 0 0 0 0 0 0 1.4013e-45 0 9.80909e-45 0 8.54792e-44 0 5.84341e-43 0 3.31687e-42 0 1.64863e-41 0 7.23294e-41 0 2.8254e-40 0 9.90135e-40 0 3.24734e-39 0 9.66152e-39 0 2.71288e-38 0 7.21011e-38 0 1.81861e-37 0 4.36402e-37 0 9.98548e-37 0 2.18319e-36 0 4.71131e-36 0 9.45327e-36 0 1.87693e-35 0 3.68845e-35 0 6.77497e-35 0 1.26975e-34 0 2.23046e-34 0 3.99909e-34 0 6.73724e-34 0 1.1588e-33 0 1.92768e-33 0 3.10476e-33 0 5.10537e-33 0 7.92786e-33 0 1.22547e-32 0
19.3164 0.000161929 4.07312e-05 0.000121198 0.748462 0.682314 0 0 0 0 0 0 0 0 0 0 0 0 0 0 0 0 1.26117e-44 0 1.73761e-43 0 1.71939e-42 0 1.36416e-41 0 8.52368e-41 0 4.45057e-40 0 2.04519e-39 0 8.34772e-39 0 3.05096e-38 0 1.00569e-37 0 3.11251e-37 0 8.78029e-37 0 2.34424e-36 0 5.94001e-36 0 1.43208e-35 0 3.29272e-35 0 7.23578e-35 0 1.52272e-34 0 3.16491e-34 0 6.13813e-34 0 1.17858e-33 0 2.24094e-33 0 3.99577e-33 0 7.26257e-33 0 1.24114e-32 0 2.16276e-32 0 3.55198e-32 0 5.94971e-32 0 9.65456e-32 0 1.51921e-31 0 2.43821e-31 0 3.70569e-31 0 5.60764e-31 0
20.3079 0.000162012 4.03805e-05 0.000121631 0.750756 0.680613 0 0 0 0 0 0 0 0 0 0 0 0 4.2039e-45 0 1.13505e-43 0 2.08233e-42 0 2.65168e-41 0 2.34282e-40 0 1.68049e-39 0 9.60132e-39 0 4.62455e-38 0 1.97266e-37 0 7.51731e-37 0 2.57899e-36 0 8.02017e-36 0 2.34897e-35 0 6.29919e-35 0 1.60308e-34 0 3.88173e-34 0 8.9649e-34 0 1.97915e-33 0 4.18519e-33 0 8.49324e-33 0 1.70334e-32 0 3.19838e-32 0 5.94868e-32 0 1.09614e-31 0 1.90009e-31 0 3.35424e-31 0 5.58423e-31 0 9.47053e-31 0 1.51815e-30 0 2.47973e-30 0 3.92985e-30 0 6.04851e-30 0 9.48574e-30 0 1.41251e-29 0 2.09469e-29 0
21.3503 0.000161981 3.99563e-05 0.000122025 0.753327 0.678447 0 0 0 0 0 0 0 0 0 0 1.12104e-44 0 6.37591e-43 0 1.74111e-41 0 2.77184e-40 0 3.1165e-39 0 2.47561e-38 0 1.61288e-37 0 8.46333e-37 0 3.77526e-36 0 1.50027e-35 0 5.35567e-35 0 1.73006e-34 0 5.09023e-34 0 1.41464e-33 0 3.61523e-33 0 8.79022e-33 0 2.03854e-32 0 4.5195e-32 0 9.59912e-32 0 1.95699e-31 0 3.83654e-31 0 7.43725e-31 0 1.3542e-30 0 2.44351e-30 0 4.37018e-30 0 7.37466e-30 0 1.26623e-29 0 2.05624e-29 0 3.39847e-29 0 5.32376e-29 0 8.4899e-29 0 1.31556e-28 0 1.98263e-28 0 3.04174e-28 0 4.44222e-28 0 6.46208e-28 0
22.4463 0.000161878 3.94073e-05 0.000122471 0.756562 0.675455 0 0 0 0 0 0 0 0 1.54143e-44 0 1.98564e-42 0 8.84079e-41 0 2.05555e-39 0 2.85886e-38 0 2.85617e-37 0 2.05048e-36 0 1.21909e-35 0 5.89965e-35 0 2.44639e-34 0 9.08851e-34 0 3.04897e-33 0 9.30116e-33 0 2.59616e-32 0 6.8638e-32 0 1.67556e-31 0 3.90108e-31 0 8.68296e-31 0 1.85164e-30 0 3.79076e-30 0 7.46412e-30 0 1.41598e-29 0 2.65762e-29 0 4.69954e-29 0 8.23896e-29 0 1.43229e-28 0 2.35602e-28 0 3.9399e-28 0 6.24836e-28 0 1.00768e-27 0 1.54433e-27 0 2.40729e-27 0 3.65132e-27 0 5.39366e-27 0 8.1038e-27 0 1.16181e-26 0 1.65944e-26 0
23.5984 0.000161784 3.86808e-05 0.000123103 0.760911 0.671032 0 0 0 0 0 0 4.2039e-45 0 2.43406e-42 0 2.56065e-40 0 9.47259e-39 0 1.88882e-37 0 2.31014e-36 0 2.06265e-35 0 1.34493e-34 0 7.32963e-34 0 3.28426e-33 0 1.27051e-32 0 4.42708e-32 0 1.39995e-31 0 4.04434e-31 0 1.07368e-30 0 2.70704e-30 0 6.32655e-30 0 1.41342e-29 0 3.02544e-29 0 6.21756e-29 0 1.22913e-28 0 2.34144e-28 0 4.30511e-28 0 7.83557e-28 0 1.34755e-27 0 2.29857e-27 0 3.88947e-27 0 6.24433e-27 0 1.01833e-26 0 1.57904e-26 0 2.4878e-26 0 3.73405e-26 0 5.69581e-26 0 8.46533e-26 0 1.22689e-25 0 1.80708e-25 0 2.54558e-25 0 3.57316e-25 0
24.8097 0.000161848 3.77155e-05 0.000124132 0.766969 0.664533 0 0 0 0 0 0 7.97339e-43 0 3.04732e-40 0 2.55379e-38 0 7.9203e-37 0 1.3646e-35 0 1.47693e-34 0 1.18502e-33 0 7.05091e-33 0 3.53731e-32 0 1.47308e-31 0 5.33435e-31 0 1.74884e-30 0 5.228e-30 0 1.43409e-29 0 3.62995e-29 0 8.74803e-29 0 1.96147e-28 0 4.21349e-28 0 8.69005e-28 0 1.72417e-27 0 3.2969e-27 0 6.08593e-27 0 1.08621e-26 0 1.92e-26 0 3.21573e-26 0 5.34405e-26 0 8.81353e-26 0 1.38263e-25 0 2.20161e-25 0 3.3415e-25 0 5.14903e-25 0 7.57669e-25 0 1.13215e-24 0 1.6504e-24 0 2.34899e-24 0 3.39502e-24 0 4.70313e-24 0 6.49325e-24 0
26.0832 0.000162236 3.66638e-05 0.000125572 0.774009 0.655877 0 0 0 0 1.96182e-44 0 1.03672e-40 0 2.96424e-38 0 2.00115e-36 0 5.24822e-35 0 7.86896e-34 0 7.58176e-33 0 5.49516e-32 0 2.99699e-31 0 1.38968e-30 0 5.39784e-30 0 1.83565e-29 0 5.67913e-29 0 1.60933e-28 0 4.20232e-28 0 1.01653e-27 0 2.34683e-27 0 5.05862e-27 0 1.04684e-26 0 2.08406e-26 0 3.99889e-26 0 7.40833e-26 0 1.32722e-25 0 2.30275e-25 0 3.95874e-25 0 6.46545e-25 0 1.04814e-24 0 1.6869e-24 0 2.5888e-24 0 4.02967e-24 0 5.99271e-24 0 9.04146e-24 0 1.30558e-23 0 1.91297e-23 0 2.73781e-23 0 3.83011e-23 0 5.43705e-23 0 7.41304e-23 0 1.00747e-22 0
27.4221 0.000162864 3.55843e-05 0.00012728 0.781509 0.645905 0 0 0 0 2.92731e-42 0 1.04694e-38 0 2.27115e-36 0 1.24823e-34 0 2.791e-33 0 3.66651e-32 0 3.16278e-31 0 2.08104e-30 0 1.04476e-29 0 4.49489e-29 0 1.634e-28 0 5.2344e-28 0 1.53254e-27 0 4.12752e-27 0 1.02844e-26 0 2.38278e-26 0 5.28082e-26 0 1.0964e-25 0 2.18974e-25 0 4.21526e-25 0 7.83494e-25 0 1.40845e-24 0 2.45246e-24 0 4.14211e-24 0 6.93493e-24 0 1.10582e-23 0 1.75089e-23 0 2.75321e-23 0 4.13777e-23 0 6.3031e-23 0 9.19376e-23 0 1.35953e-22 0 1.92824e-22 0 2.77311e-22 0 3.89996e-22 0 5.36721e-22 0 7.48984e-22 0 1.00585e-21 0 1.34668e-21 0
28.8297 0.000163824 3.4612e-05 0.000129212 0.788724 0.635212 0 0 0 0 3.47872e-40 0 8.34309e-37 0 1.39182e-34 0 6.29035e-33 0 1.20852e-31 0 1.40003e-30 0 1.08708e-29 0 6.52419e-29 0 3.02726e-28 0 1.21286e-27 0 4.13978e-27 0 1.25287e-26 0 3.48075e-26 0 8.93187e-26 0 2.12851e-25 0 4.73328e-25 0 1.00903e-24 0 2.02153e-24 0 3.90337e-24 0 7.27751e-24 0 1.31235e-23 0 2.29256e-23 0 3.88527e-23 0 6.39628e-23 0 1.04429e-22 0 1.62767e-22 0 2.51999e-22 0 3.87598e-22 0 5.71046e-22 0 8.52185e-22 0 1.22031e-21 0 1.77039e-21 0 2.46849e-21 0 3.48765e-21 0 4.82387e-21 0 6.53601e-21 0 8.97367e-21 0 1.18789e-20 0 1.56791e-20 0
30.3095 0.00016495 3.36921e-05 0.000131258 0.795743 0.624367 0 0 2.38221e-44 0 3.23184e-38 0 5.30073e-35 0 6.88797e-33 0 2.5845e-31 0 4.29818e-30 0 4.418e-29 0 3.10379e-28 0 1.7067e-27 0 7.34748e-27 0 2.75088e-26 0 8.84312e-26 0 2.53544e-25 0 6.70122e-25 0 1.64226e-24 0 3.75112e-24 0 8.02235e-24 0 1.64814e-23 0 3.19181e-23 0 5.96819e-23 0 1.07939e-22 0 1.89122e-22 0 3.21503e-22 0 5.31006e-22 0 8.53169e-22 0 1.35998e-21 0 2.07429e-21 0 3.14365e-21 0 4.73464e-21 0 6.84478e-21 0 1.00169e-20 0 1.40947e-20 0 2.00801e-20 0 2.75473e-20 0 3.82695e-20 0 5.21e-20 0 6.95527e-20 0 9.40266e-20 0 1.22775e-19 0 1.59871e-19 0
31.8653 0.000166184 3.29684e-05 0.000133215 0.801615 0.614528 0 0 3.51866e-42 0 2.38663e-36 0 2.72714e-33 0 2.79422e-31 0 8.78379e-30 0 1.27345e-28 0 1.16819e-27 0 7.46181e-27 0 3.77543e-26 0 1.51354e-25 0 5.31294e-25 0 1.61327e-24 0 4.39361e-24 0 1.10742e-23 0 2.59773e-23 0 5.69901e-23 0 1.17441e-22 0 2.32942e-22 0 4.36792e-22 0 7.92156e-22 0 1.39181e-21 0 2.37276e-21 0 3.93048e-21 0 6.33462e-21 0 9.94492e-21 0 1.54958e-20 0 2.31525e-20 0 3.43832e-20 0 5.07593e-20 0 7.2073e-20 0 1.03532e-19 0 1.43269e-19 0 2.00612e-19 0 2.70999e-19 0 3.70485e-19 0 4.96837e-19 0 6.53979e-19 0 8.7118e-19 0 1.12282e-18 0 1.44335e-18 0
33.5009 0.000167511 3.22451e-05 0.000135265 0.807504 0.604949 0 0 4.00135e-40 0 1.40905e-34 0 1.14169e-31 0 9.33122e-30 0 2.47885e-28 0 3.15391e-27 0 2.5965e-26 0 1.51495e-25 0 7.08179e-25 0 2.65294e-24 0 8.75877e-24 0 2.51922e-23 0 6.53333e-23 0 1.57407e-22 0 3.54182e-22 0 7.47778e-22 0 1.48752e-21 0 2.85343e-21 0 5.18877e-21 0 9.14066e-21 0 1.56242e-20 0 2.59513e-20 0 4.19419e-20 0 6.60395e-20 0 1.01419e-19 0 1.54642e-19 0 2.26569e-19 0 3.30036e-19 0 4.78049e-19 0 6.6726e-19 0 9.41706e-19 0 1.28265e-18 0 1.76675e-18 0 2.35184e-18 0 3.1665e-18 0 4.18601e-18 0 5.43655e-18 0 7.14145e-18 0 9.09095e-18 0 1.15437e-17 0
35.2205 0.00016875 3.17485e-05 0.000137001 0.81186 0.597149 2.66247e-44 0 3.58762e-38 0 6.77193e-33 0 3.95662e-30 0 2.60822e-28 0 5.90357e-27 0 6.63412e-26 0 4.92744e-25 0 2.63774e-24 0 1.14361e-23 0 4.01658e-23 0 1.25097e-22 0 3.41717e-22 0 8.45921e-22 0 1.95242e-21 0 4.2226e-21 0 8.59569e-21 0 1.65344e-20 0 3.07241e-20 0 5.42621e-20 0 9.2983e-20 0 1.5483e-19 0 2.50876e-19 0 3.96067e-19 0 6.09955e-19 0 9.17316e-19 0 1.37019e-18 0 1.9704e-18 0 2.818e-18 0 4.00862e-18 0 5.50487e-18 0 7.63944e-18 0 1.02495e-17 0 1.38988e-17 0 1.82451e-17 0 2.42109e-17 0 3.15729e-17 0 4.0485e-17 0 5.24776e-17 0 6.60205e-17 0 8.28609e-17 0
37.0284 0.000169931 3.11789e-05 0.000138752 0.81652 0.589404 3.84797e-42 0 2.5428e-36 0 2.65233e-31 0 1.13544e-28 0 6.10057e-27 0 1.18576e-25 0 1.18404e-24 0 7.97421e-24 0 3.933e-23 0 1.58732e-22 0 5.24334e-22 0 1.54493e-21 0 4.01811e-21 0 9.51621e-21 0 2.10849e-20 0 4.3916e-20 0 8.63479e-20 0 1.60874e-19 0 2.90029e-19 0 4.98193e-19 0 8.31542e-19 0 1.35059e-18 0 2.13744e-18 0 3.30006e-18 0 4.97617e-18 0 7.33606e-18 0 1.07453e-17 0 1.51805e-17 0 2.13347e-17 0 2.9831e-17 0 4.03362e-17 0 5.50885e-17 0 7.28567e-17 0 9.73392e-17 0 1.26092e-16 0 1.65026e-16 0 2.12435e-16 0 2.69113e-16 0 3.44439e-16 0 4.28498e-16 0 5.31866e-16 0
38.9291 0.000170986 3.06809e-05 0.000140306 0.820565 0.582861 4.21457e-40 0 1.4476e-34 0 8.58912e-30 0 2.73527e-27 0 1.20985e-25 0 2.03443e-24 0 1.8156e-23 0 1.11404e-22 0 5.08275e-22 0 1.91627e-21 0 5.97121e-21 0 1.66897e-20 0 4.14281e-20 0 9.40709e-20 0 2.00491e-19 0 4.02891e-19 0 7.66443e-19 0 1.38523e-18 0 2.42649e-18 0 4.05942e-18 0 6.60827e-18 0 1.0482e-17 0 1.62211e-17 0 2.45187e-17 0 3.62378e-17 0 5.24203e-17 0 7.53636e-17 0 1.0469e-16 0 1.44706e-16 0 1.99049e-16 0 2.6521e-16 0 3.56737e-16 0 4.65402e-16 0 6.13061e-16 0 7.84177e-16 0 1.01292e-15 0 1.28793e-15 0 1.61282e-15 0 2.03954e-15 0 2.51038e-15 0 3.08326e-15 0
40.9273 0.00017178 3.00941e-05 0.000141686 0.82481 0.576203 3.61101e-38 0 6.65638e-33 0 2.30934e-28 0 5.55049e-26 0 2.04038e-24 0 2.98936e-23 0 2.39742e-22 0 1.34634e-21 0 5.70388e-21 0 2.01552e-20 0 5.94147e-20 0 1.57938e-19 0 3.75019e-19 0 8.18136e-19 0 1.68043e-18 0 3.26373e-18 0 6.01686e-18 0 1.05648e-17 0 1.80066e-17 0 2.93769e-17 0 4.6698e-17 0 7.24222e-17 0 1.09711e-16 0 1.6252e-16 0 2.35661e-16 0 3.34809e-16 0 4.72891e-16 0 6.46449e-16 0 8.79536e-16 0 1.19115e-15 0 1.56499e-15 0 2.07483e-15 0 2.67192e-15 0 3.47262e-15 0 4.38882e-15 0 5.59862e-15 0 7.03568e-15 0 8.71425e-15 0 1.08943e-14 0 1.32739e-14 0 1.61403e-14 0
43.0281 0.000172497 2.95731e-05 0.000142924 0.828559 0.570296 2.46162e-36 0 2.51039e-31 0 5.22778e-27 0 9.61432e-25 0 2.96395e-23 0 3.80903e-22 0 2.75954e-21 0 1.42449e-20 0 5.62419e-20 0 1.86858e-19 0 5.22509e-19 0 1.32421e-18 0 3.0143e-18 0 6.33021e-18 0 1.25531e-17 0 2.36031e-17 0 4.22333e-17 0 7.21455e-17 0 1.19805e-16 0 1.9084e-16 0 2.96574e-16 0 4.50196e-16 0 6.68301e-16 0 9.71176e-16 0 1.38293e-15 0 1.93136e-15 0 2.68228e-15 0 3.61118e-15 0 4.83994e-15 0 6.45835e-15 0 8.37295e-15 0 1.09489e-14 0 1.39267e-14 0 1.787e-14 0 2.2328e-14 0 2.81463e-14 0 3.49785e-14 0 4.28734e-14 0 5.30178e-14 0 6.39786e-14 0 7.70551e-14 0
45.2368 0.000172946 2.89532e-05 0.000143993 0.832589 0.564363 1.34274e-34 0 7.79791e-30 0 9.99319e-26 0 1.42475e-23 0 3.7153e-22 0 4.21497e-21 0 2.77221e-20 0 1.32083e-19 0 4.87673e-19 0 1.52799e-18 0 4.06349e-18 0 9.84109e-18 0 2.15195e-17 0 4.35844e-17 0 8.35885e-17 0 1.52397e-16 0 2.65048e-16 0 4.41089e-16 0 7.14556e-16 0 1.11265e-15 0 1.69229e-15 0 2.51706e-15 0 3.66511e-15 0 5.22983e-15 0 7.31972e-15 0 1.00572e-14 0 1.37453e-14 0 1.82386e-14 0 2.40976e-14 0 3.17058e-14 0 4.05872e-14 0 5.23834e-14 0 6.58524e-14 0 8.34757e-14 0 1.03172e-13 0 1.28595e-13 0 1.58123e-13 0 1.91897e-13 0 2.34854e-13 0 2.80819e-13 0 3.35158e-13 0
47.5588 0.000173304 2.85338e-05 0.00014477 0.835354 0.5587 5.98525e-33 0 2.03456e-28 0 1.64301e-24 0 1.83868e-22 0 4.08897e-21 0 4.12016e-20 0 2.47176e-19 0 1.09124e-18 0 3.78014e-18 0 1.12017e-17 0 2.84003e-17 0 6.58736e-17 0 1.38647e-16 0 2.71297e-16 0 5.04025e-16 0 8.92374e-16 0 1.51064e-15 0 2.45223e-15 0 3.8801e-15 0 5.91257e-15 0 8.81049e-15 0 1.28529e-14 0 1.8375e-14 0 2.57685e-14 0 3.54786e-14 0 4.79966e-14 0 6.46047e-14 0 8.45484e-14 0 1.10199e-13 0 1.43063e-13 0 1.80943e-13 0 2.30641e-13 0 2.86723e-13 0 3.59271e-13 0 4.39474e-13 0 5.41905e-13 0 6.59649e-13 0 7.93012e-13 0 9.61006e-13 0 1.13911e-12 0 1.34784e-12 0
50 0.00017363 2.80405e-05 0.000145589 0.838504 0.553037 2.1817e-31 0 4.45598e-27 0 2.31926e-23 0 2.06149e-21 0 3.94021e-20 0 3.54678e-19 0 1.94956e-18 0 8.00508e-18 0 2.6098e-17 0 7.33412e-17 0 1.77689e-16 0 3.95557e-16 0 8.0284e-16 0 1.5203e-15 0 2.74033e-15 0 4.71829e-15 0 7.78461e-15 0 1.23414e-14 0 1.90949e-14 0 2.85048e-14 0 4.16566e-14 0 5.96593e-14 0 8.38156e-14 0 1.15616e-13 0 1.56716e-13 0 2.08906e-13 0 2.77142e-13 0 3.57964e-13 0 4.6057e-13 0 5.90348e-13 0 7.38146e-13 0 9.29803e-13 0 1.14367e-12 0 1.41736e-12 0 1.71679e-12 0 2.09539e-12 0 2.5263e-12 0 3.00987e-12 0 3.61344e-12 0 4.2477e-12 0 4.98493e-12 0
52.5665 0.000173802 2.76291e-05 0.000146173 0.841031 0.54782 6.60314e-30 0 8.30726e-26 0 2.84717e-22 0 2.0328e-20 0 3.36412e-19 0 2.72015e-18 0 1.37582e-17 0 5.27278e-17 0 1.62264e-16 0 4.33564e-16 0 1.00601e-15 0 2.15369e-15 0 4.22272e-15 0 7.75093e-15 0 1.35748e-14 0 2.27612e-14 0 3.66463e-14 0 5.6805e-14 0 8.60366e-14 0 1.25948e-13 0 1.80681e-13 0 2.54266e-13 0 3.51339e-13 0 4.77088e-13 0 6.37156e-13 0 8.37505e-13 0 1.09584e-12 0 1.39784e-12 0 1.77651e-12 0 2.24966e-12 0 2.78237e-12 0 3.46552e-12 0 4.21977e-12 0 5.17508e-12 0 6.21e-12 0 7.50609e-12 0 8.96744e-12 0 1.0593e-11 0 1.26042e-11 0 1.47001e-11 0 1.71171e-11 0
55.2648 0.000173997 2.73562e-05 0.00014664 0.842777 0.542173 1.67833e-28 0 1.33174e-24 0 3.06751e-21 0 1.77813e-19 0 2.56587e-18 0 1.87343e-17 0 8.75457e-17 0 3.14214e-16 0 9.15319e-16 0 2.33112e-15 0 5.19118e-15 0 1.07079e-14 0 2.0316e-14 0 3.62012e-14 0 6.16907e-14 0 1.00861e-13 0 1.58657e-13 0 2.40725e-13 0 3.57285e-13 0 5.13382e-13 0 7.2362e-13 0 1.00148e-12 0 1.36215e-12 0 1.82225e-12 0 2.39951e-12 0 3.11219e-12 0 4.01906e-12 0 5.0661e-12 0 6.36359e-12 0 7.96608e-12 0 9.75068e-12 0 1.20153e-11 0 1.44903e-11 0 1.75946e-11 0 2.09261e-11 0 2.50606e-11 0 2.96807e-11 0 3.47769e-11 0 4.103e-11 0 4.74946e-11 0 5.48944e-11 0
58.1015 0.000174165 2.70662e-05 0.000147099 0.844594 0.536195 3.5939e-27 0 1.83958e-23 0 2.90348e-20 0 1.38042e-18 0 1.74857e-17 0 1.15859e-16 0 5.02152e-16 0 1.69328e-15 0 4.68171e-15 0 1.13913e-14 0 2.43949e-14 0 4.85722e-14 0 8.93185e-14 0 1.5473e-13 0 2.56904e-13 0 4.1006e-13 0 6.30927e-13 0 9.37998e-13 0 1.3656e-12 0 1.9278e-12 0 2.67211e-12 0 3.63996e-12 0 4.87703e-12 0 6.43234e-12 0 8.35694e-12 0 1.07023e-11 0 1.36494e-11 0 1.70119e-11 0 2.11323e-11 0 2.61653e-11 0 3.17125e-11 0 3.86812e-11 0 4.62247e-11 0 5.5598e-11 0 6.55679e-11 0 7.78343e-11 0 9.14252e-11 0 1.06297e-10 0 1.24402e-10 0 1.42978e-10 0 1.6409e-10 0
61.0839 0.000174352 2.67683e-05 0.000147584 0.84647 0.530897 6.53992e-26 0 2.20612e-22 0 2.43042e-19 0 9.56952e-18 0 1.07084e-16 0 6.46958e-16 0 2.61027e-15 0 8.29477e-15 0 2.18231e-14 0 5.08431e-14 0 1.04908e-13 0 2.01974e-13 0 3.60522e-13 0 6.08016e-13 0 9.84824e-13 0 1.53646e-12 0 2.31481e-12 0 3.37544e-12 0 4.82488e-12 0 6.69754e-12 0 9.13659e-12 0 1.22595e-11 0 1.6193e-11 0 2.10704e-11 0 2.70272e-11 0 3.41967e-11 0 4.30986e-11 0 5.31415e-11 0 6.53173e-11 0 8.00347e-11 0 9.6096e-11 0 1.16082e-10 0 1.37518e-10 0 1.63919e-10 0 1.91763e-10 0 2.2574e-10 0 2.63081e-10 0 3.03634e-10 0 3.52632e-10 0 4.02541e-10 0 4.58885e-10 0
64.2193 0.000174542 2.66341e-05 0.000147908 0.847405 0.525514 1.026e-24 0 2.32781e-21 0 1.82169e-18 0 5.99514e-17 0 5.96246e-16 0 3.29942e-15 0 1.24357e-14 0 3.73485e-14 0 9.37288e-14 0 2.09534e-13 0 4.17324e-13 0 7.7816e-13 0 1.35027e-12 0 2.21984e-12 0 3.51188e-12 0 5.36131e-12 0 7.91726e-12 0 1.13342e-11 0 1.59211e-11 0 2.17494e-11 0 2.92234e-11 0 3.86532e-11 0 5.03663e-11 0 6.46996e-11 0 8.1988e-11 0 1.02552e-10 0 1.27796e-10 0 1.55972e-10 0 1.89787e-10 0 2.30255e-10 0 2.74005e-10 0 3.27951e-10 0 3.85312e-10 0 4.55364e-10 0 5.28648e-10 0 6.17378e-10 0 7.14147e-10 0 8.18481e-10 0 9.43641e-10 0 1.07026e-09 0 1.21228e-09 0
67.5157 0.000174598 2.65281e-05 0.00014807 0.848062 0.518508 1.39117e-23 0 2.16441e-20 0 1.22347e-17 0 3.39496e-16 0 3.01823e-15 0 1.53635e-14 0 5.42732e-14 0 1.5448e-13 0 3.70647e-13 0 7.96681e-13 0 1.53424e-12 0 2.7751e-12 0 4.68752e-12 0 7.52148e-12 0 1.16358e-11 0 1.74002e-11 0 2.52112e-11 0 3.54652e-11 0 4.8998e-11 0 6.59232e-11 0 8.7309e-11 0 1.13916e-10 0 1.4653e-10 0 1.85942e-10 0 2.32918e-10 0 2.88173e-10 0 3.55271e-10 0 4.29402e-10 0 5.17516e-10 0 6.21966e-10 0 7.33884e-10 0 8.70699e-10 0 1.01497e-09 0 1.18975e-09 0 1.3712e-09 0 1.58926e-09 0 1.82535e-09 0 2.07814e-09 0 2.37933e-09 0 2.68206e-09 0 3.01954e-09 0
70.9813 0.000174744 2.63374e-05 0.000148406 0.84928 0.511046 1.63509e-22 0 1.77688e-19 0 7.37114e-17 0 1.73905e-15 0 1.38963e-14 0 6.53327e-14 0 2.17004e-13 0 5.86911e-13 0 1.34929e-12 0 2.79385e-12 0 5.21095e-12 0 9.15661e-12 0 1.50759e-11 0 2.36384e-11 0 3.57979e-11 0 5.24911e-11 0 7.46898e-11 0 1.03332e-10 0 1.40526e-10 0 1.86348e-10 0 2.43438e-10 0 3.13524e-10 0 3.9836e-10 0 4.99661e-10 0 6.19051e-10 0 7.57988e-10 0 9.24976e-10 0 1.10769e-09 0 1.32287e-09 0 1.57566e-09 0 1.84423e-09 0 2.16986e-09 0 2.51053e-09 0 2.92012e-09 0 3.34222e-09 0 3.84591e-09 0 4.38745e-09 0 4.96354e-09 0 5.6455e-09 0 6.32667e-09 0 7.08167e-09 0
74.6248 0.000175184 2.6259e-05 0.000148925 0.850106 0.505154 1.68981e-21 0 1.30532e-18 0 4.03439e-16 0 8.15701e-15 0 5.88913e-14 0 2.5672e-13 0 8.04161e-13 0 2.07182e-12 0 4.57333e-12 0 9.13897e-12 0 1.65346e-11 0 2.82656e-11 0 4.54187e-11 0 6.96677e-11 0 1.03388e-10 0 1.48793e-10 0 2.08104e-10 0 2.8338e-10 0 3.79641e-10 0 4.96543e-10 0 6.40256e-10 0 8.14465e-10 0 1.02282e-09 0 1.2688e-09 0 1.55562e-09 0 1.88601e-09 0 2.27925e-09 0 2.70555e-09 0 3.20326e-09 0 3.78294e-09 0 4.39384e-09 0 5.12876e-09 0 5.89188e-09 0 6.80275e-09 0 7.73492e-09 0 8.83985e-09 0 1.00199e-08 0 1.12675e-08 0 1.27353e-08 0 1.41927e-08 0 1.57992e-08 0
78.4553 0.000175575 2.63729e-05 0.000149202 0.849791 0.499712 1.55028e-20 0 8.6555e-18 0 2.02199e-15 0 3.53005e-14 0 2.31411e-13 0 9.38803e-13 0 2.78129e-12 0 6.84207e-12 0 1.45304e-11 0 2.80714e-11 0 4.93388e-11 0 8.21644e-11 0 1.29004e-10 0 1.93789e-10 0 2.82097e-10 0 3.98833e-10 0 5.4875e-10 0 7.36067e-10 0 9.72119e-10 0 1.25491e-09 0 1.59815e-09 0 2.00925e-09 0 2.49534e-09 0 3.06307e-09 0 3.71829e-09 0 4.46583e-09 0 5.34728e-09 0 6.29449e-09 0 7.39124e-09 0 8.6582e-09 0 9.98316e-09 0 1.15653e-08 0 1.31965e-08 0 1.513e-08 0 1.70958e-08 0 1.94109e-08 0 2.18679e-08 0 2.44502e-08 0 2.74706e-08 0 3.04528e-08 0 3.37228e-08 0
82.4824 0.000175592 2.65235e-05 0.000149069 0.848948 0.49186 1.26289e-19 0 5.17766e-17 0 9.2679e-15 0 1.40716e-13 0 8.41545e-13 0 3.18841e-12 0 8.95811e-12 0 2.10897e-11 0 4.3171e-11 0 8.07633e-11 0 1.38096e-10 0 2.24316e-10 0 3.44521e-10 0 5.07355e-10 0 7.25137e-10 0 1.00802e-09 0 1.36549e-09 0 1.80552e-09 0 2.35238e-09 0 2.99906e-09 0 3.77455e-09 0 4.69274e-09 0 5.76672e-09 0 7.00823e-09 0 8.42722e-09 0 1.00313e-08 0 1.19061e-08 0 1.3904e-08 0 1.61991e-08 0 1.88298e-08 0 2.15609e-08 0 2.47992e-08 0 2.81151e-08 0 3.20201e-08 0 3.59651e-08 0 4.05832e-08 0 4.54549e-08 0 5.05463e-08 0 5.64682e-08 0 6.22843e-08 0 6.86297e-08 0
86.7162 0.000175575 2.65868e-05 0.000148988 0.848573 0.481349 9.14577e-19 0 2.79526e-16 0 3.88398e-14 0 5.16369e-13 0 2.8299e-12 0 1.00467e-11 0 2.68387e-11 0 6.05982e-11 0 1.19782e-10 0 2.17336e-10 0 3.62013e-10 0 5.74273e-10 0 8.63723e-10 0 1.24814e-09 0 1.75307e-09 0 2.39808e-09 0 3.20071e-09 0 4.17482e-09 0 5.36948e-09 0 6.76489e-09 0 8.41906e-09 0 1.03564e-08 0 1.25991e-08 0 1.51665e-08 0 1.80739e-08 0 2.1332e-08 0 2.51079e-08 0 2.90999e-08 0 3.36514e-08 0 3.883e-08 0 4.41689e-08 0 5.04567e-08 0 5.6854e-08 0 6.43408e-08 0 7.1859e-08 0 8.0609e-08 0 8.97873e-08 0 9.93281e-08 0 1.10367e-07 0 1.21153e-07 0 1.32865e-07 0
91.1674 0.000176065 2.6662e-05 0.000149403 0.848567 0.471048 5.94333e-18 0 1.37371e-15 0 1.50012e-13 0 1.7577e-12 0 8.86512e-12 0 2.9585e-11 0 7.53311e-11 0 1.63457e-10 0 3.12526e-10 0 5.50801e-10 0 8.94887e-10 0 1.38796e-09 0 2.04635e-09 0 2.90444e-09 0 4.01231e-09 0 5.40526e-09 0 7.11339e-09 0 9.15873e-09 0 1.16357e-08 0 1.44952e-08 0 1.78479e-08 0 2.17341e-08 0 2.61889e-08 0 3.12413e-08 0 3.69128e-08 0 4.32158e-08 0 5.04621e-08 0 5.80654e-08 0 6.66726e-08 0 7.6397e-08 0 8.63563e-08 0 9.80109e-08 0 1.09796e-07 0 1.23506e-07 0 1.37195e-07 0 1.5304e-07 0 1.6957e-07 0 1.86666e-07 0 2.06347e-07 0 2.25484e-07 0 2.4617e-07 0
95.847 0.00017707 2.69357e-05 0.000150134 0.847881 0.463403 3.50845e-17 0 6.21678e-15 0 5.39862e-13 0 5.60944e-12 0 2.61425e-11 0 8.22584e-11 0 2.00108e-10 0 4.18089e-10 0 7.74477e-10 0 1.3277e-09 0 2.10661e-09 0 3.19807e-09 0 4.62655e-09 0 6.45528e-09 0 8.77798e-09 0 1.16546e-08 0 1.51334e-08 0 1.92458e-08 0 2.41667e-08 0 2.97843e-08 0 3.63028e-08 0 4.37842e-08 0 5.22804e-08 0 6.18317e-08 0 7.24639e-08 0 8.41869e-08 0 9.75619e-08 0 1.11495e-07 0 1.27161e-07 0 1.44743e-07 0 1.62636e-07 0 1.83448e-07 0 2.0437e-07 0 2.28572e-07 0 2.52607e-07 0 2.80282e-07 0 3.09004e-07 0 3.38566e-07 0 3.72434e-07 0 4.05217e-07 0 4.405e-07 0
100.767 0.000177987 2.74583e-05 0.000150528 0.845728 0.457534 1.89398e-16 0 2.60643e-14 0 1.82015e-12 0 1.68697e-11 0 7.29291e-11 0 2.16984e-10 0 5.05431e-10 0 1.01869e-09 0 1.83109e-09 0 3.05754e-09 0 4.74314e-09 0 7.05535e-09 0 1.00244e-08 0 1.37611e-08 0 1.84338e-08 0 2.41384e-08 0 3.09462e-08 0 3.88965e-08 0 4.8302e-08 0 5.89255e-08 0 7.11311e-08 0 8.50086e-08 0 1.00629e-07 0 1.18043e-07 0 1.37273e-07 0 1.58317e-07 0 1.82153e-07 0 2.06815e-07 0 2.34366e-07 0 2.65088e-07 0 2.96168e-07 0 3.32109e-07 0 3.68039e-07 0 4.09381e-07 0 4.50226e-07 0 4.97021e-07 0 5.45351e-07 0 5.94865e-07 0 6.51332e-07 0 7.05751e-07 0 7.64082e-07 0
105.939 0.000178345 2.81297e-05 0.000150216 0.842274 0.450068 9.35684e-16 0 1.01247e-13 0 5.74657e-12 0 4.77744e-11 0 1.92285e-10 0 5.42442e-10 0 1.21243e-09 0 2.36144e-09 0 4.12487e-09 0 6.71741e-09 0 1.01997e-08 0 1.48805e-08 0 2.07831e-08 0 2.80923e-08 0 3.7098e-08 0 4.79432e-08 0 6.07236e-08 0 7.54765e-08 0 9.27414e-08 0 1.12046e-07 0 1.34018e-07 0 1.58776e-07 0 1.8641e-07 0 2.1697e-07 0 2.50465e-07 0 2.86857e-07 0 3.27793e-07 0 3.69874e-07 0 4.16594e-07 0 4.68379e-07 0 5.20468e-07 0 5.80375e-07 0 6.39946e-07 0 7.08142e-07 0 7.75187e-07 0 8.51636e-07 0 9.30224e-07 0 1.01038e-06 0 1.10141e-06 0 1.18877e-06 0 1.28204e-06 0
111.377 0.000178194 2.87554e-05 0.000149438 0.838628 0.438002 4.21964e-15 0 3.63253e-13 0 1.69277e-11 0 1.26904e-10 0 4.772e-10 0 1.27973e-09 0 2.75022e-09 0 5.18502e-09 0 8.81369e-09 0 1.40155e-08 0 2.08515e-08 0 2.98648e-08 0 4.10363e-08 0 5.46582e-08 0 7.12071e-08 0 9.08786e-08 0 1.13784e-07 0 1.39934e-07 0 1.70223e-07 0 2.03766e-07 0 2.41601e-07 0 2.83876e-07 0 3.30683e-07 0 3.82052e-07 0 4.3795e-07 0 4.98272e-07 0 5.65683e-07 0 6.34549e-07 0 7.10563e-07 0 7.94333e-07 0 8.7814e-07 0 9.7402e-07 0 1.06889e-06 0 1.17696e-06 0 1.28271e-06 0 1.40276e-06 0 1.52561e-06 0 1.65041e-06 0 1.79153e-06 0 1.92643e-06 0 2.06993e-06 0
117.094 0.000178224 2.92619e-05 0.000148962 0.835813 0.421308 1.74051e-14 0 1.20542e-12 0 4.6566e-11 0 3.16398e-10 0 1.11525e-09 0 2.85018e-09 0 5.90066e-09 0 1.07855e-08 0 1.78647e-08 0 2.77723e-08 0 4.05243e-08 0 5.70323e-08 0 7.71599e-08 0 1.01345e-07 0 1.30335e-07 0 1.64371e-07 0 2.03554e-07 0 2.4782e-07 0 2.9859e-07 0 3.54303e-07 0 4.16612e-07 0 4.85671e-07 0 5.6155e-07 0 6.44225e-07 0 7.33574e-07 0 8.29373e-07 0 9.35763e-07 0 1.04381e-06 0 1.16241e-06 0 1.2924e-06 0 1.42178e-06 0 1.56906e-06 0 1.71408e-06 0 1.87853e-06 0 2.03874e-06 0 2.21982e-06 0 2.40436e-06 0 2.59107e-06 0 2.80138e-06 0 3.00167e-06 0 3.21397e-06 0
123.105 0.000179148 2.97079e-05 0.000149441 0.834171 0.402972 6.6081e-14 0 3.72118e-12 0 1.20263e-10 0 7.44158e-10 0 2.46656e-09 0 6.02137e-09 0 1.20308e-08 0 2.13522e-08 0 3.45065e-08 0 5.25002e-08 0 7.5206e-08 0 1.04091e-07 0 1.38763e-07 0 1.79846e-07 0 2.28469e-07 0 2.84887e-07 0 3.49135e-07 0 4.20995e-07 0 5.02649e-07 0 5.91476e-07 0 6.90014e-07 0 7.98392e-07 0 9.1661e-07 0 1.04453e-06 0 1.18188e-06 0 1.32824e-06 0 1.48982e-06 0 1.653e-06 0 1.83118e-06 0 2.02544e-06 0 2.21784e-06 0 2.43583e-06 0 2.64951e-06 0 2.89075e-06 0 3.12477e-06 0 3.38821e-06 0 3.65561e-06 0 3.92512e-06 0 4.22757e-06 0 4.51457e-06 0 4.81778e-06 0
129.424 0.000181021 2.98445e-05 0.000151176 0.835132 0.385913 2.29948e-13 0 1.06356e-11 0 2.90077e-10 0 1.64211e-09 0 5.13355e-09 0 1.19977e-08 0 2.3175e-08 0 3.99949e-08 0 6.3137e-08 0 9.41121e-08 0 1.3247e-07 0 1.80461e-07 0 2.37219e-07 0 3.03583e-07 0 3.81179e-07 0 4.70214e-07 0 5.70563e-07 0 6.8174e-07 0 8.06952e-07 0 9.42041e-07 0 1.09075e-06 0 1.25311e-06 0 1.42899e-06 0 1.61806e-06 0 1.81982e-06 0 2.03356e-06 0 2.26819e-06 0 2.50389e-06 0 2.75995e-06 0 3.03775e-06 0 3.31161e-06 0 3.6205e-06 0 3.92196e-06 0 4.26089e-06 0 4.58837e-06 0 4.95557e-06 0 5.32687e-06 0 5.69977e-06 0 6.11676e-06 0 6.5111e-06 0 6.92638e-06 0
136.067 0.00018332 2.96474e-05 0.000153673 0.838275 0.371979 7.35625e-13 0 2.82156e-11 0 6.54853e-10 0 3.40622e-09 0 1.00721e-08 0 2.2584e-08 0 4.22438e-08 0 7.09867e-08 0 1.09591e-07 0 1.60204e-07 0 2.21766e-07 0 2.97583e-07 0 3.85988e-07 0 4.88059e-07 0 6.06034e-07 0 7.39968e-07 0 8.89445e-07 0 1.05356e-06 0 1.23684e-06 0 1.43302e-06 0 1.6474e-06 0 1.87984e-06 0 2.12999e-06 0 2.39723e-06 0 2.68072e-06 0 2.97937e-06 0 3.30546e-06 0 3.63137e-06 0 3.98375e-06 0 4.36426e-06 0 4.7377e-06 0 5.1571e-06 0 5.56474e-06 0 6.02122e-06 0 6.46059e-06 0 6.95146e-06 0 7.44598e-06 0 7.94095e-06 0 8.49258e-06 0 9.01256e-06 0 9.55849e-06 0
143.051 0.000184733 2.84113e-05 0.000156321 0.846203 0.359334 2.11819e-12 0 6.79939e-11 0 1.35346e-09 0 6.49549e-09 0 1.82168e-08 0 3.92671e-08 0 7.12382e-08 0 1.16714e-07 0 1.76405e-07 0 2.53138e-07 0 3.44894e-07 0 4.56207e-07 0 5.84269e-07 0 7.30359e-07 0 8.97368e-07 0 1.08506e-06 0 1.29258e-06 0 1.51847e-06 0 1.76873e-06 0 2.0346e-06 0 2.32311e-06 0 2.63386e-06 0 2.96619e-06 0 3.31914e-06 0 3.69145e-06 0 4.0816e-06 0 4.50543e-06 0 4.92699e-06 0 5.38071e-06 0 5.86845e-06 0 6.34511e-06 0 6.87827e-06 0 7.39444e-06 0 7.97028e-06 0 8.52252e-06 0 9.13733e-06 0 9.75457e-06 0 1.03704e-05 0 1.10545e-05 0 1.16973e-05 0 1.23703e-05 0
150.394 0.000184617 2.67562e-05 0.000157861 0.855072 0.346467 5.61132e-12 0 1.5206e-10 0 2.6156e-09 0 1.16273e-08 0 3.10079e-08 0 6.4379e-08 0 1.13448e-07 0 1.81442e-07 0 2.68764e-07 0 3.78931e-07 0 5.08544e-07 0 6.63551e-07 0 8.39613e-07 0 1.03818e-06 0 1.26281e-06 0 1.51284e-06 0 1.78685e-06 0 2.08268e-06 0 2.40791e-06 0 2.751e-06 0 3.12082e-06 0 3.51666e-06 0 3.93747e-06 0 4.38187e-06 0 4.84817e-06 0 5.33434e-06 0 5.85992e-06 0 6.3803e-06 0 6.93795e-06 0 7.53486e-06 0 8.11588e-06 0 8.76325e-06 0 9.38766e-06 0 1.00817e-05 0 1.07451e-05 0 1.14811e-05 0 1.22177e-05 0 1.29502e-05 0 1.37615e-05 0 1.45216e-05 0 1.53153e-05 0
158.114 0.000182518 2.50487e-05 0.000157469 0.86276 0.329229 1.3879e-11 0 3.20144e-10 0 4.79265e-09 0 1.98085e-08 0 5.03553e-08 0 1.00885e-07 0 1.72929e-07 0 2.70303e-07 0 3.92782e-07 0 5.44573e-07 0 7.20422e-07 0 9.2788e-07 0 1.16066e-06 0 1.42036e-06 0 1.71124e-06 0 2.03206e-06 0 2.38068e-06 0 2.75415e-06 0 3.16176e-06 0 3.58884e-06 0 4.0463e-06 0 4.53303e-06 0 5.04754e-06 0 5.58798e-06 0 6.15217e-06 0 6.73761e-06 0 7.36758e-06 0 7.98859e-06 0 8.65135e-06 0 9.3579e-06 0 1.0043e-05 0 1.08036e-05 0 1.15345e-05 0 1.23443e-05 0 1.31157e-05 0 1.39688e-05 0 1.48199e-05 0 1.56639e-05 0 1.65959e-05 0 1.74667e-05 0 1.83735e-05 0
166.23 0.000179204 2.3304e-05 0.0001559 0.869958 0.303715 3.21384e-11 0 6.36013e-10 0 8.34291e-09 0 3.21739e-08 0 7.81475e-08 0 1.51343e-07 0 2.52683e-07 0 3.86446e-07 0 5.51399e-07 0 7.52389e-07 0 9.81838e-07 0 1.24905e-06 0 1.54542e-06 0 1.87265e-06 0 2.23574e-06 0 2.63271e-06 0 3.06063e-06 0 3.51567e-06 0 4.00888e-06 0 4.52233e-06 0 5.06901e-06 0 5.64736e-06 0 6.25543e-06 0 6.8909e-06 0 7.55111e-06 0 8.23306e-06 0 8.96366e-06 0 9.68089e-06 0 1.04433e-05 0 1.1253e-05 0 1.20353e-05 0 1.29007e-05 0 1.37297e-05 0 1.4645e-05 0 1.55141e-05 0 1.64726e-05 0 1.74258e-05 0 1.83685e-05 0 1.94066e-05 0 2.03741e-05 0 2.13789e-05 0
174.763 0.000175747 2.16091e-05 0.000154138 0.877044 0.267642 7.00832e-11 0 1.19883e-09 0 1.38685e-08 0 5.00722e-08 0 1.16464e-07 0 2.18385e-07 0 3.55605e-07 0 5.32687e-07 0 7.46986e-07 0 1.00392e-06 0 1.29316e-06 0 1.62588e-06 0 1.99087e-06 0 2.3899e-06 0 2.8287e-06 0 3.30448e-06 0 3.81346e-06 0 4.35088e-06 0 4.92958e-06 0 5.52833e-06 0 6.1622e-06 0 6.82917e-06 0 7.52682e-06 0 8.25239e-06 0 9.00275e-06 0 9.77448e-06 0 1.05978e-05 0 1.14029e-05 0 1.22555e-05 0 1.31577e-05 0 1.40263e-05 0 1.4984e-05 0 1.58984e-05 0 1.6905e-05 0 1.7858e-05 0 1.89059e-05 0 1.99452e-05 0 2.09702e-05 0 2.2096e-05 0 2.31425e-05 0 2.4227e-05 0
183.733 0.000173397 2.04053e-05 0.000152992 0.88232 0.222897 1.47455e-10 0 2.19582e-09 0 2.25402e-08 0 7.64364e-08 0 1.70607e-07 0 3.1024e-07 0 4.93294e-07 0 7.24505e-07 0 9.99339e-07 0 1.32383e-06 0 1.68429e-06 0 2.09411e-06 0 2.53898e-06 0 3.02082e-06 0 3.54616e-06 0 4.1113e-06 0 4.71148e-06 0 5.34098e-06 0 6.01461e-06 0 6.70751e-06 0 7.43708e-06 0 8.20081e-06 0 8.99579e-06 0 9.81877e-06 0 1.06662e-05 0 1.15341e-05 0 1.24564e-05 0 1.33549e-05 0 1.43031e-05 0 1.53029e-05 0 1.62624e-05 0 1.73168e-05 0 1.83206e-05 0 1.94223e-05 0 2.04624e-05 0 2.1603e-05 0 2.27311e-05 0 2.3841e-05 0 2.5057e-05 0 2.61846e-05 0 2.73505e-05 0
193.164 0.000172652 1.93854e-05 0.000153267 0.88772 0.172485 2.96509e-10 0 3.86996e-09 0 3.54559e-08 0 1.13276e-07 0 2.43114e-07 0 4.29371e-07 0 6.67432e-07 0 9.62039e-07 0 1.30631e-06 0 1.70688e-06 0 2.14627e-06 0 2.64027e-06 0 3.17121e-06 0 3.74116e-06 0 4.35754e-06 0 5.01566e-06 0 5.70977e-06 0 6.43317e-06 0 7.20267e-06 0 7.98983e-06 0 8.81436e-06 0 9.67328e-06 0 1.05632e-05 0 1.14805e-05 0 1.2421e-05 0 1.33806e-05 0 1.43964e-05 0 1.53825e-05 0 1.64197e-05 0 1.75097e-05 0 1.85524e-05 0 1.96949e-05 0 2.07794e-05 0 2.19664e-05 0 2.30839e-05 0 2.43063e-05 0 2.55122e-05 0 2.66958e-05 0 2.79895e-05 0 2.91864e-05 0 3.04213e-05 0
203.079 0.00017367 1.86569e-05 0.000155014 0.892573 0.121019 5.75231e-10 0 6.62278e-09 0 5.44571e-08 0 1.6439e-07 0 3.39902e-07 0 5.83871e-07 0 8.88258e-07 0 1.25769e-06 0 1.68245e-06 0 2.16984e-06 0 2.69807e-06 0 3.28569e-06 0 3.9113e-06 0 4.57719e-06 0 5.29179e-06 0 6.04935e-06 0 6.8431e-06 0 7.66534e-06 0 8.53506e-06 0 9.42006e-06 0 1.03425e-05 0 1.1299e-05 0 1.22857e-05 0 1.32984e-05 0 1.43328e-05 0 1.53841e-05 0 1.64931e-05 0 1.7566e-05 0 1.86909e-05 0 1.98693e-05 0 2.09933e-05 0 2.22214e-05 0 2.33838e-05 0 2.46528e-05 0 2.58445e-05 0 2.71447e-05 0 2.84244e-05 0 2.96775e-05 0 3.1044e-05 0 3.23057e-05 0 3.36047e-05 0
213.503 0.000176137 1.83029e-05 0.000157834 0.896087 0.0723844 1.08591e-09 0 1.10963e-08 0 8.23223e-08 0 2.35457e-07 0 4.69882e-07 0 7.86106e-07 0 1.17168e-06 0 1.63106e-06 0 2.15114e-06 0 2.74009e-06 0 3.3711e-06 0 4.06602e-06 0 4.79921e-06 0 5.57336e-06 0 6.39804e-06 0 7.2664e-06 0 8.17056e-06 0 9.10181e-06 0 1.00815e-05 0 1.10735e-05 0 1.21027e-05 0 1.3165e-05 0 1.42564e-05 0 1.53721e-05 0 1.65074e-05 0 1.76573e-05 0 1.88661e-05 0 2.00317e-05 0 2.12502e-05 0 2.25228e-05 0 2.37333e-05 0 2.50522e-05 0 2.62974e-05 0 2.76533e-05 0 2.89235e-05 0 3.03062e-05 0 3.16639e-05 0 3.29905e-05 0 3.44342e-05 0 3.57643e-05 0 3.71312e-05 0
224.463 0.000179297 1.81287e-05 0.000161169 0.89889 0.0281938 1.98026e-09 0 1.80645e-08 0 1.21527e-07 0 3.30206e-07 0 6.37107e-07 0 1.03943e-06 0 1.51936e-06 0 2.08119e-06 0 2.70798e-06 0 3.40889e-06 0 4.15172e-06 0 4.96199e-06 0 5.80958e-06 0 6.69768e-06 0 7.63716e-06 0 8.62004e-06 0 9.63739e-06 0 1.06795e-05 0 1.17703e-05 0 1.28694e-05 0 1.40047e-05 0 1.51718e-05 0 1.63658e-05 0 1.7582e-05 0 1.88152e-05 0 2.006e-05 0 2.13643e-05 0 2.26183e-05 0 2.39253e-05 0 2.52865e-05 0 2.65777e-05 0 2.79811e-05 0 2.93027e-05 0 3.07383e-05 0 3.20802e-05 0 3.35376e-05 0 3.49656e-05 0 3.6358e-05 0 3.78702e-05 0 3.92608e-05 0 4.06872e-05 0
235.984 0.000182361 1.8094e-05 0.000164266 0.900779 -0.0108652 3.4892e-09 0 2.85728e-08 0 1.75139e-07 0 4.53212e-07 0 8.46828e-07 0 1.34897e-06 0 1.93563e-06 0 2.61098e-06 0 3.35398e-06 0 4.17495e-06 0 5.03606e-06 0 5.96682e-06 0 6.93255e-06 0 7.93709e-06 0 8.99272e-06 0 1.00904e-05 0 1.12201e-05 0 1.23713e-05 0 1.35705e-05 0 1.47734e-05 0 1.60107e-05 0 1.72775e-05 0 1.85687e-05 0 1.98792e-05 0 2.12035e-05 0 2.2536e-05 0 2.3928e-05 0 2.52623e-05 0 2.66493e-05 0 2.80899e-05 0 2.9453e-05 0 3.09308e-05 0 3.23193e-05 0 3.38241e-05 0 3.52277e-05 0 3.67489e-05 0 3.82362e-05 0 3.96837e-05 0 4.12527e-05 0 4.26928e-05 0 4.41675e-05 0
248.097 0.00018444 1.81406e-05 0.000166299 0.901645 -0.0448794 5.93358e-09 0 4.38488e-08 0 2.46004e-07 0 6.07722e-07 0 1.10141e-06 0 1.71509e-06 0 2.41799e-06 0 3.21437e-06 0 4.07895e-06 0 5.02345e-06 0 6.00444e-06 0 7.05563e-06 0 8.13788e-06 0 9.25588e-06 0 1.04233e-05 0 1.16302e-05 0 1.28658e-05 0 1.41186e-05 0 1.54176e-05 0 1.67151e-05 0 1.80443e-05 0 1.94001e-05 0 2.07771e-05 0 2.21699e-05 0 2.35729e-05 0 2.49803e-05 0 2.64463e-05 0 2.78477e-05 0 2.93005e-05 0 3.08057e-05 0 3.22266e-05 0 3.37634e-05 0 3.52042e-05 0 3.67622e-05 0 3.82124e-05 0 3.97811e-05 0 4.13118e-05 0 4.27987e-05 0 4.44076e-05 0 4.58817e-05 0 4.73888e-05 0
260.832 0.000184777 1.83142e-05 0.000166462 0.900885 -0.0742916 9.78176e-09 0 6.55613e-08 0 3.38117e-07 0 7.99204e-07 0 1.40701e-06 0 2.14413e-06 0 2.97266e-06 0 3.89724e-06 0 4.8884e-06 0 5.95955e-06 0 7.06172e-06 0 8.23307e-06 0 9.4302e-06 0 1.06588e-05 0 1.1934e-05 0 1.32451e-05 0 1.45805e-05 0 1.59282e-05 0 1.73195e-05 0 1.87036e-05 0 2.01161e-05 0 2.15517e-05 0 2.30048e-05 0 2.44699e-05 0 2.59412e-05 0 2.74129e-05 0 2.89416e-05 0 3.03992e-05 0 3.19066e-05 0 3.34645e-05 0 3.49318e-05 0 3.65154e-05 0 3.79968e-05 0 3.95956e-05 0 4.10808e-05 0 4.26843e-05 0 4.42461e-05 0 4.57606e-05 0 4.73965e-05 0 4.88929e-05 0 5.04203e-05 0
274.221 0.000182598 1.84395e-05 0.000164159 0.899016 -0.100065 1.5511e-08 0 9.47397e-08 0 4.50996e-07 0 1.02219e-06 0 1.75059e-06 0 2.61346e-06 0 3.56609e-06 0 4.61395e-06 0 5.72386e-06 0 6.91109e-06 0 8.12189e-06 0 9.39867e-06 0 1.06945e-05 0 1.2016e-05 0 1.338e-05 0 1.4775e-05 0 1.6189e-05 0 1.76098e-05 0 1.90705e-05 0 2.05178e-05 0 2.19897e-05 0 2.34805e-05 0 2.49848e-05 0 2.64967e-05 0 2.80107e-05 0 2.95211e-05 0 3.10859e-05 0 3.25741e-05 0 3.41096e-05 0 3.5693e-05 0 3.7181e-05 0 3.87837e-05 0 4.028e-05 0 4.18917e-05 0 4.33861e-05 0 4.49967e-05 0 4.65627e-05 0 4.80787e-05 0 4.97136e-05 0 5.12067e-05 0 5.27286e-05 0
288.297 0.000177406 1.84286e-05 0.000158977 0.896122 -0.122877 2.35887e-08 0 1.31895e-07 0 5.81824e-07 0 1.2671e-06 0 2.11382e-06 0 3.09468e-06 0 4.15926e-06 0 5.31435e-06 0 6.52394e-06 0 7.80525e-06 0 9.10102e-06 0 1.04573e-05 0 1.18247e-05 0 1.32111e-05 0 1.46342e-05 0 1.60825e-05 0 1.75439e-05 0 1.9006e-05 0 2.05033e-05 0 2.19816e-05 0 2.34798e-05 0 2.49925e-05 0 2.6514e-05 0 2.8039e-05 0 2.95619e-05 0 3.10772e-05 0 3.26432e-05 0 3.41292e-05 0 3.5659e-05 0 3.72331e-05 0 3.87094e-05 0 4.02963e-05 0 4.1775e-05 0 4.3365e-05 0 4.48367e-05 0 4.642e-05 0 4.7957e-05 0 4.94427e-05 0 5.10423e-05 0 5.25011e-05 0 5.3986e-05 0
303.095 0.000169044 1.82448e-05 0.000150799 0.892071 -0.143186 3.43926e-08 0 1.76805e-07 0 7.25435e-07 0 1.52099e-06 0 2.47487e-06 0 3.5566e-06 0 4.71178e-06 0 5.94898e-06 0 7.23061e-06 0 8.57571e-06 0 9.92514e-06 0 1.13277e-05 0 1.27329e-05 0 1.41496e-05 0 1.55965e-05 0 1.70621e-05 0 1.85344e-05 0 2.00017e-05 0 2.14987e-05 0 2.29717e-05 0 2.44596e-05 0 2.59572e-05 0 2.74594e-05 0 2.89609e-05 0 3.04565e-05 0 3.1941e-05 0 3.34716e-05 0 3.49208e-05 0 3.64096e-05 0 3.79385e-05 0 3.93695e-05 0 4.09049e-05 0 4.23331e-05 0 4.38661e-05 0 4.52827e-05 0 4.68045e-05 0 4.82793e-05 0 4.97028e-05 0 5.12333e-05 0 5.2627e-05 0 5.40439e-05 0
318.653 0.000157892 1.79117e-05 0.00013998 0.886557 -0.161383 4.82017e-08 0 2.28761e-07 0 8.7613e-07 0 1.77182e-06 0 2.81544e-06 0 3.97526e-06 0 5.1949e-06 0 6.4851e-06 0 7.80796e-06 0 9.18421e-06 0 1.05545e-05 0 1.19692e-05 0 1.33781e-05 0 1.47911e-05 0 1.62273e-05 0 1.76755e-05 0 1.91244e-05 0 2.0563e-05 0 2.20256e-05 0 2.34598e-05 0 2.49043e-05 0 2.63541e-05 0 2.78043e-05 0 2.92501e-05 0 3.06868e-05 0 3.21095e-05 0 3.35732e-05 0 3.49561e-05 0 3.63741e-05 0 3.78273e-05 0 3.91852e-05 0 4.06395e-05 0 4.199e-05 0 4.34373e-05 0 4.47726e-05 0 4.62049e-05 0 4.75909e-05 0 4.89269e-05 0 5.03614e-05 0 5.16659e-05 0 5.29905e-05 0
335.009 0.000144502 1.73612e-05 0.000127141 0.879855 -0.177938 6.47517e-08 0 2.84812e-07 0 1.02163e-06 0 1.99638e-06 0 3.10156e-06 0 4.30644e-06 0 5.55506e-06 0 6.86053e-06 0 8.18608e-06 0 9.5537e-06 0 1.09056e-05 0 1.22926e-05 0 1.36662e-05 0 1.50368e-05 0 1.64235e-05 0 1.7816e-05 0 1.92038e-05 0 2.05768e-05 0 2.1968e-05 0 2.33281e-05 0 2.4694e-05 0 2.60612e-05 0 2.74253e-05 0 2.87819e-05 0 3.01268e-05 0 3.14559e-05 0 3.28203e-05 0 3.4107e-05 0 3.54238e-05 0 3.6771e-05 0 3.80275e-05 0 3.93712e-05 0 4.06169e-05 0 4.19499e-05 0 4.31779e-05 0 4.44933e-05 0 4.57645e-05 0 4.69881e-05 0 4.83003e-05 0 4.94922e-05 0 5.07009e-05 0
352.205 0.000129727 1.66223e-05 0.000113105 0.871867 -0.19307 8.35377e-08 0 3.41816e-07 0 1.15207e-06 0 2.17903e-06 0 3.3136e-06 0 4.52815e-06 0 5.76946e-06 0 7.05296e-06 0 8.34422e-06 0 9.66601e-06 0 1.09637e-05 0 1.22873e-05 0 1.3591e-05 0 1.48858e-05 0 1.61901e-05 0 1.74946e-05 0 1.87901e-05 0 2.00673e-05 0 2.13576e-05 0 2.26153e-05 0 2.38749e-05 0 2.51325e-05 0 2.63842e-05 0 2.76262e-05 0 2.88548e-05 0 3.00666e-05 0 3.13081e-05 0 3.24767e-05 0 3.36706e-05 0 3.48899e-05 0 3.60254e-05 0 3.72377e-05 0 3.836e-05 0 3.95592e-05 0 4.06625e-05 0 4.18427e-05 0 4.29817e-05 0 4.40768e-05 0 4.52497e-05 0 4.63139e-05 0 4.7392e-05 0
370.284 0.000114554 1.57951e-05 9.87589e-05 0.862117 -0.206836 1.04137e-07 0 3.97793e-07 0 1.26365e-06 0 2.31713e-06 0 3.45266e-06 0 4.64738e-06 0 5.85246e-06 0 7.08546e-06 0 8.31512e-06 0 9.56452e-06 0 1.07833e-05 0 1.20193e-05 0 1.32308e-05 0 1.44285e-05 0 1.56302e-05 0 1.68275e-05 0 1.80124e-05 0 1.9177e-05 0 2.035e-05 0 2.14903e-05 0 2.26293e-05 0 2.37638e-05 0 2.48905e-05 0 2.6006e-05 0 2.71073e-05 0 2.81913e-05 0 2.93e-05 0 3.03417e-05 0 3.14042e-05 0 3.24877e-05 0 3.34951e-05 0 3.45691e-05 0 3.5562e-05 0 3.66215e-05 0 3.7595e-05 0 3.86351e-05 0 3.96377e-05 0 4.06005e-05 0 4.16305e-05 0 4.25641e-05 0 4.35089e-05 0
389.291 9.97276e-05 1.48884e-05 8.48392e-05 0.85071 -0.219507 1.25535e-07 0 4.49183e-07 0 1.34881e-06 0 2.40152e-06 0 3.50996e-06 0 4.65718e-06 0 5.80004e-06 0 6.95779e-06 0 8.10291e-06 0 9.25824e-06 0 1.03785e-05 0 1.15085e-05 0 1.26108e-05 0 1.3696e-05 0 1.47807e-05 0 1.58576e-05 0 1.69199e-05 0 1.79609e-05 0 1.90064e-05 0 2.00202e-05 0 2.10305e-05 0 2.20345e-05 0 2.30294e-05 0 2.40125e-05 0 2.49812e-05 0 2.5933e-05 0 2.69047e-05 0 2.78163e-05 0 2.87447e-05 0 2.969e-05 0 3.05676e-05 0 3.15021e-05 0 3.23648e-05 0 3.32842e-05 0 3.4128e-05 0 3.50285e-05 0 3.58955e-05 0 3.67272e-05 0 3.76161e-05 0 3.84208e-05 0 3.92346e-05 0
409.273 8.58355e-05 1.39485e-05 7.1887e-05 0.837498 -0.231198 1.46811e-07 0 4.93656e-07 0 1.40515e-06 0 2.43285e-06 0 3.49117e-06 0 4.56962e-06 0 5.63137e-06 0 6.6969e-06 0 7.74261e-06 0 8.79067e-06 0 9.80108e-06 0 1.08152e-05 0 1.18001e-05 0 1.27659e-05 0 1.37276e-05 0 1.46794e-05 0 1.56154e-05 0 1.653e-05 0 1.74462e-05 0 1.83325e-05 0 1.92137e-05 0 2.00876e-05 0 2.09518e-05 0 2.18042e-05 0 2.26426e-05 0 2.34649e-05 0 2.43032e-05 0 2.50884e-05 0 2.58869e-05 0 2.66987e-05 0 2.74515e-05 0 2.8252e-05 0 2.89902e-05 0 2.9776e-05 0 3.04963e-05 0 3.12641e-05 0 3.20026e-05 0 3.27104e-05 0 3.3466e-05 0 3.41495e-05 0 3.484e-05 0
430.281 7.33241e-05 1.30532e-05 6.02709e-05 0.82198 -0.241857 1.67597e-07 0 5.31212e-07 0 1.43714e-06 0 2.42306e-06 0 3.41718e-06 0 4.41542e-06 0 5.38731e-06 0 6.35405e-06 0 7.29586e-06 0 8.23389e-06 0 9.13337e-06 0 1.00319e-05 0 1.09009e-05 0 1.17498e-05 0 1.25924e-05 0 1.34235e-05 0 1.42386e-05 0 1.5033e-05 0 1.58268e-05 0 1.6593e-05 0 1.73532e-05 0 1.81055e-05 0 1.88482e-05 0 1.95793e-05 0 2.02973e-05 0 2.10004e-05 0 2.17161e-05 0 2.23855e-05 0 2.30653e-05 0 2.37556e-05 0 2.43949e-05 0 2.50739e-05 0 2.56993e-05 0 2.63643e-05 0 2.69732e-05 0 2.76217e-05 0 2.82448e-05 0 2.88414e-05 0 2.94778e-05 0 3.00529e-05 0 3.06335e-05 0
452.368 6.23047e-05 1.22018e-05 5.01029e-05 0.80416 -0.251655 1.86974e-07 0 5.6026e-07 0 1.44432e-06 0 2.3746e-06 0 3.29409e-06 0 4.20463e-06 0 5.08188e-06 0 5.94721e-06 0 6.7844e-06 0 7.61334e-06 0 8.4042e-06 0 9.19075e-06 0 9.94841e-06 0 1.0686e-05 0 1.14157e-05 0 1.21335e-05 0 1.28355e-05 0 1.3518e-05 0 1.41985e-05 0 1.48538e-05 0 1.55028e-05 0 1.61439e-05 0 1.67756e-05 0 1.73965e-05 0 1.80052e-05 0 1.86006e-05 0 1.92056e-05 0 1.97708e-05 0 2.03441e-05 0 2.09255e-05 0 2.14633e-05 0 2.20339e-05 0 2.25589e-05 0 2.31166e-05 0 2.36268e-05 0 2.41695e-05 0 2.46906e-05 0 2.5189e-05 0 2.57203e-05 0 2.62e-05 0 2.66839e-05 0
475.588 5.2776e-05 1.14035e-05 4.13724e-05 0.783925 -0.26068 2.04252e-07 0 5.80227e-07 0 1.42881e-06 0 2.29367e-06 0 3.1325e-06 0 3.95235e-06 0 4.73443e-06 0 5.49984e-06 0 6.23555e-06 0 6.96e-06 0 7.64789e-06 0 8.32919e-06 0 8.98305e-06 0 9.61751e-06 0 1.02433e-05 0 1.08573e-05 0 1.14561e-05 0 1.20371e-05 0 1.26151e-05 0 1.31706e-05 0 1.37197e-05 0 1.42612e-05 0 1.47939e-05 0 1.53167e-05 0 1.58285e-05 0 1.63283e-05 0 1.68357e-05 0 1.7309e-05 0 1.77886e-05 0 1.82743e-05 0 1.87233e-05 0 1.9199e-05 0 1.96363e-05 0 2.01004e-05 0 2.05246e-05 0 2.09755e-05 0 2.14079e-05 0 2.18213e-05 0 2.22615e-05 0 2.26588e-05 0 2.30591e-05 0
500 4.46623e-05 1.06682e-05 3.39941e-05 0.761136 -0.268973 2.18977e-07 0 5.91303e-07 0 1.39414e-06 0 2.18793e-06 0 2.94421e-06 0 3.6743e-06 0 4.3643e-06 0 5.0346e-06 0 5.67498e-06 0 6.30229e-06 0 6.8953e-06 0 7.48035e-06 0 8.0399e-06 0 8.58118e-06 0 9.11362e-06 0 9.63459e-06 0 1.01416e-05 0 1.06324e-05 0 1.11197e-05 0 1.15872e-05 0 1.20485e-05 0 1.25027e-05 0 1.29489e-05 0 1.33861e-05 0 1.38135e-05 0 1.42305e-05 0 1.46531e-05 0 1.5047e-05 0 1.54456e-05 0 1.5849e-05 0 1.62214e-05 0 1.66156e-05 0 1.69777e-05 0 1.73616e-05 0 1.77123e-05 0 1.80846e-05 0 1.84415e-05 0 1.87824e-05 0 1.91451e-05 0 1.94722e-05 0 1.98016e-05 0
525.665 3.78907e-05 1.00383e-05 2.78524e-05 0.735072 -0.276368 2.31728e-07 0 5.96322e-07 0 1.34918e-06 0 2.07246e-06 0 2.75008e-06 0 3.39664e-06 0 4.00239e-06 0 4.58677e-06 0 5.14187e-06 0 5.68302e-06 0 6.19245e-06 0 6.69322e-06 0 7.17062e-06 0 7.63111e-06 0 8.0829e-06 0 8.52391e-06 0 8.95219e-06 0 9.36591e-06 0 9.77595e-06 0 1.01687e-05 0 1.05556e-05 0 1.09359e-05 0 1.13089e-05 0 1.16741e-05 0 1.20306e-05 0 1.23779e-05 0 1.27296e-05 0 1.3057e-05 0 1.3388e-05 0 1.37227e-05 0 1.40313e-05 0 1.43578e-05 0 1.46574e-05 0 1.49748e-05 0 1.52644e-05 0 1.55718e-05 0 1.58661e-05 0 1.61471e-05 0 1.64459e-05 0 1.67151e-05 0 1.69861e-05 0
552.648 3.22237e-05 9.46552e-06 2.27581e-05 0.706256 -0.283123 2.41392e-07 0 5.93437e-07 0 1.29119e-06 0 1.94355e-06 0 2.5451e-06 0 3.11285e-06 0 3.6404e-06 0 4.14605e-06 0 4.62381e-06 0 5.08745e-06 0 5.52221e-06 0 5.94814e-06 0 6.35296e-06 0 6.74242e-06 0 7.12359e-06 0 7.49484e-06 0 7.85465e-06 0 8.20158e-06 0 8.54483e-06 0 8.87305e-06 0 9.19593e-06 0 9.51289e-06 0 9.82338e-06 0 1.01269e-05 0 1.04229e-05 0 1.0711e-05 0 1.10024e-05 0 1.12733e-05 0 1.15471e-05 0 1.18235e-05 0 1.20783e-05 0 1.23476e-05 0 1.25945e-05 0 1.28559e-05 0 1.30942e-05 0 1.3347e-05 0 1.35889e-05 0 1.38196e-05 0 1.40649e-05 0 1.42857e-05 0 1.45079e-05 0
581.015 2.7505e-05 8.94564e-06 1.85594e-05 0.674764 -0.289279 2.4779e-07 0 5.83315e-07 0 1.22304e-06 0 1.80596e-06 0 2.33553e-06 0 2.83025e-06 0 3.28643e-06 0 3.72101e-06 0 4.12957e-06 0 4.52439e-06 0 4.89327e-06 0 5.25353e-06 0 5.59497e-06 0 5.92263e-06 0 6.24261e-06 0 6.55362e-06 0 6.85447e-06 0 7.14406e-06 0 7.43012e-06 0 7.70325e-06 0 7.97157e-06 0 8.23463e-06 0 8.492e-06 0 8.7433e-06 0 8.98813e-06 0 9.22614e-06 0 9.46667e-06 0 9.69015e-06 0 9.91571e-06 0 1.01433e-05 0 1.03529e-05 0 1.05743e-05 0 1.07771e-05 0 1.09916e-05 0 1.11871e-05 0 1.13943e-05 0 1.15925e-05 0 1.17815e-05 0 1.19821e-05 0 1.21627e-05 0 1.23443e-05 0
610.839 2.35956e-05 8.47404e-06 1.51216e-05 0.640864 -0.294867 2.50881e-07 0 5.66795e-07 0 1.14747e-06 0 1.66391e-06 0 2.12657e-06 0 2.55464e-06 0 2.94654e-06 0 3.31779e-06 0 3.66517e-06 0 3.99955e-06 0 4.31092e-06 0 4.61411e-06 0 4.90072e-06 0 5.17513e-06 0 5.44255e-06 0 5.70198e-06 0 5.95249e-06 0 6.19324e-06 0 6.43071e-06 0 6.65713e-06 0 6.87928e-06 0 7.09682e-06 0 7.30941e-06 0 7.51677e-06 0 7.71859e-06 0 7.91461e-06 0 8.11252e-06 0 8.29624e-06 0 8.48153e-06 0 8.66836e-06 0 8.84027e-06 0 9.02171e-06 0 9.18783e-06 0 9.36345e-06 0 9.52339e-06 0 9.6928e-06 0 9.85474e-06 0 1.0009e-05 0 1.01728e-05 0 1.03202e-05 0 1.04683e-05 0
642.193 2.03608e-05 8.04517e-06 1.23157e-05 0.60487 -0.299922 2.50717e-07 0 5.44771e-07 0 1.06691e-06 0 1.52081e-06 0 1.92214e-06 0 2.29016e-06 0 2.62483e-06 0 2.94019e-06 0 3.234e-06 0 3.51578e-06 0 3.77734e-06 0 4.03134e-06 0 4.27088e-06 0 4.49973e-06 0 4.72232e-06 0 4.93787e-06 0 5.14568e-06 0 5.3451e-06 0 5.54153e-06 0 5.72859e-06 0 5.9119e-06 0 6.0912e-06 0 6.26626e-06 0 6.43682e-06 0 6.60269e-06 0 6.76364e-06 0 6.92602e-06 0 7.07664e-06 0 7.22843e-06 0 7.38137e-06 0 7.52201e-06 0 7.67034e-06 0 7.80607e-06 0 7.94948e-06 0 8.08e-06 0 8.21818e-06 0 8.35019e-06 0 8.47591e-06 0 8.60931e-06 0 8.72925e-06 0 8.84974e-06 0
675.157 1.76771e-05 7.653e-06 1.00241e-05 0.567067 -0.304491 2.47436e-07 0 5.18153e-07 0 9.83463e-07 0 1.37937e-06 0 1.72516e-06 0 2.03961e-06 0 2.32378e-06 0 2.59023e-06 0 2.83749e-06 0 3.07381e-06 0 3.29255e-06 0 3.50442e-06 0 3.70378e-06 0 3.89387e-06 0 4.07843e-06 0 4.25687e-06 0 4.42864e-06 0 4.59325e-06 0 4.75518e-06 0 4.90921e-06 0 5.05999e-06 0 5.20733e-06 0 5.35103e-06 0 5.49093e-06 0 5.62685e-06 0 5.75865e-06 0 5.8915e-06 0 6.01465e-06 0 6.13867e-06 0 6.26355e-06 0 6.37831e-06 0 6.49929e-06 0 6.60992e-06 0 6.72674e-06 0 6.83301e-06 0 6.94546e-06 0 7.05284e-06 0 7.15505e-06 0 7.26345e-06 0 7.36088e-06 0 7.45872e-06 0
709.813 1.54566e-05 7.30097e-06 8.15564e-06 0.527647 -0.308532 2.41564e-07 0 4.88484e-07 0 9.00097e-07 0 1.24334e-06 0 1.53971e-06 0 1.80713e-06 0 2.0474e-06 0 2.27166e-06 0 2.47899e-06 0 2.67654e-06 0 2.85888e-06 0 3.0351e-06 0 3.20056e-06 0 3.35805e-06 0 3.51069e-06 0 3.65805e-06 0 3.79972e-06 0 3.9353e-06 0 4.06853e-06 0 4.19511e-06 0 4.3189e-06 0 4.43975e-06 0 4.55752e-06 0 4.67207e-06 0 4.78329e-06 0 4.89104e-06 0 4.99959e-06 0 5.10014e-06 0 5.20134e-06 0 5.30317e-06 0 5.39671e-06 0 5.49525e-06 0 5.58532e-06 0 5.68038e-06 0 5.76682e-06 0 5.85824e-06 0 5.94549e-06 0 6.02851e-06 0 6.11653e-06 0 6.1956e-06 0 6.27497e-06 0
746.248 1.36362e-05 6.99715e-06 6.63903e-06 0.486869 -0.311941 2.33856e-07 0 4.57519e-07 0 8.198e-07 0 1.11626e-06 0 1.36952e-06 0 1.59639e-06 0 1.79913e-06 0 1.98757e-06 0 2.16117e-06 0 2.3261e-06 0 2.47796e-06 0 2.6244e-06 0 2.76165e-06 0 2.89205e-06 0 3.01826e-06 0 3.13993e-06 0 3.25674e-06 0 3.36842e-06 0 3.47803e-06 0 3.58207e-06 0 3.68373e-06 0 3.78288e-06 0 3.87943e-06 0 3.97327e-06 0 4.06431e-06 0 4.15245e-06 0 4.24119e-06 0 4.32335e-06 0 4.40598e-06 0 4.48909e-06 0 4.56538e-06 0 4.64572e-06 0 4.71911e-06 0 4.79654e-06 0 4.86691e-06 0 4.94131e-06 0 5.01229e-06 0 5.0798e-06 0 5.15134e-06 0 5.21559e-06 0 5.28006e-06 0
784.553 1.21189e-05 6.71432e-06 5.40453e-06 0.445961 -0.314953 2.23904e-07 0 4.24571e-07 0 7.40965e-07 0 9.9535e-07 0 1.21052e-06 0 1.40197e-06 0 1.57221e-06 0 1.72982e-06 0 1.87457e-06 0 2.0117e-06 0 2.13769e-06 0 2.25893e-06 0 2.37236e-06 0 2.47997e-06 0 2.58398e-06 0 2.68411e-06 0 2.78013e-06 0 2.87183e-06 0 2.96175e-06 0 3.04703e-06 0 3.13028e-06 0 3.21141e-06 0 3.29035e-06 0 3.36703e-06 0 3.44136e-06 0 3.51329e-06 0 3.58566e-06 0 3.65262e-06 0 3.71994e-06 0 3.78762e-06 0 3.84971e-06 0 3.91506e-06 0 3.97474e-06 0 4.03767e-06 0 4.09485e-06 0 4.15527e-06 0 4.21289e-06 0 4.26768e-06 0 4.32572e-06 0 4.37782e-06 0 4.4301e-06 0
824.824 1.08486e-05 6.44944e-06 4.39916e-06 0.405505 -0.317601 2.12109e-07 0 3.90507e-07 0 6.64788e-07 0 8.81715e-07 0 1.06352e-06 0 1.22427e-06 0 1.36656e-06 0 1.49781e-06 0 1.618e-06 0 1.73158e-06 0 1.83571e-06 0 1.93574e-06 0 2.02916e-06 0 2.11767e-06 0 2.2031e-06 0 2.28526e-06 0 2.36396e-06 0 2.43904e-06 0 2.5126e-06 0 2.5823e-06 0 2.65029e-06 0 2.7165e-06 0 2.78089e-06 0 2.84338e-06 0 2.90393e-06 0 2.96249e-06 0 3.02137e-06 0 3.07582e-06 0 3.13055e-06 0 3.18553e-06 0 3.23595e-06 0 3.289e-06 0 3.33743e-06 0 3.38848e-06 0 3.43483e-06 0 3.48381e-06 0 3.5305e-06 0 3.57487e-06 0 3.62187e-06 0 3.66405e-06 0 3.70635e-06 0
867.163 9.78134e-06 6.20013e-06 3.58121e-06 0.366127 -0.319912 1.98901e-07 0 3.56131e-07 0 5.92237e-07 0 7.76134e-07 0 9.28941e-07 0 1.06328e-06 0 1.18168e-06 0 1.29053e-06 0 1.38994e-06 0 1.48367e-06 0 1.56943e-06 0 1.65167e-06 0 1.72837e-06 0 1.80094e-06 0 1.8709e-06 0 1.93811e-06 0 2.00243e-06 0 2.06373e-06 0 2.12375e-06 0 2.18056e-06 0 2.23595e-06 0 2.28986e-06 0 2.34223e-06 0 2.39305e-06 0 2.44225e-06 0 2.48982e-06 0 2.53762e-06 0 2.58181e-06 0 2.62619e-06 0 2.67076e-06 0 2.71163e-06 0 2.75461e-06 0 2.79382e-06 0 2.83514e-06 0 2.87266e-06 0 2.91228e-06 0 2.95004e-06 0 2.98591e-06 0 3.0239e-06 0 3.05798e-06 0 3.09215e-06 0
911.674 8.88246e-06 5.96461e-06 2.91785e-06 0.328496 -0.321908 1.84717e-07 0 3.22158e-07 0 5.24064e-07 0 6.79099e-07 0 8.06908e-07 0 9.18671e-07 0 1.01679e-06 0 1.10672e-06 0 1.18863e-06 0 1.26571e-06 0 1.33611e-06 0 1.40352e-06 0 1.4663e-06 0 1.52562e-06 0 1.58275e-06 0 1.63758e-06 0 1.69e-06 0 1.73993e-06 0 1.78877e-06 0 1.83497e-06 0 1.87998e-06 0 1.92376e-06 0 1.96628e-06 0 2.0075e-06 0 2.0474e-06 0 2.08595e-06 0 2.12468e-06 0 2.16046e-06 0 2.19638e-06 0 2.23245e-06 0 2.2655e-06 0 2.30025e-06 0 2.33195e-06 0 2.36534e-06 0 2.39564e-06 0 2.42763e-06 0 2.45811e-06 0 2.48707e-06 0 2.51772e-06 0 2.54521e-06 0 2.57276e-06 0
958.471 8.11805e-06 5.74072e-06 2.37733e-06 0.292844 -0.323623 1.6995e-07 0 2.89154e-07 0 4.60724e-07 0 5.90736e-07 0 6.97134e-07 0 7.89718e-07 0 8.70701e-07 0 9.44721e-07 0 1.01199e-06 0 1.07516e-06 0 1.13276e-06 0 1.18784e-06 0 1.23907e-06 0 1.28743e-06 0 1.33396e-06 0 1.37856e-06 0 1.42118e-06 0 1.46174e-06 0 1.50138e-06 0 1.53886e-06 0 1.57536e-06 0 1.61083e-06 0 1.64526e-06 0 1.67863e-06 0 1.71091e-06 0 1.74209e-06 0 1.7734e-06 0 1.80231e-06 0 1.83133e-06 0 1.86045e-06 0 1.88713e-06 0 1.91518e-06 0 1.94075e-06 0 1.96767e-06 0 1.99211e-06 0 2.01789e-06 0 2.04246e-06 0 2.06579e-06 0 2.09047e-06 0 2.11261e-06 0 2.13479e-06 0
1007.67 7.46619e-06 5.52931e-06 1.93689e-06 0.259421 -0.325044 1.55038e-07 0 2.57703e-07 0 4.02686e-07 0 5.11214e-07 0 5.99431e-07 0 6.75848e-07 0 7.42468e-07 0 8.03202e-07 0 8.58277e-07 0 9.0991e-07 0 9.56919e-07 0 1.00181e-06 0 1.04352e-06 0 1.08284e-06 0 1.12065e-06 0 1.15686e-06 0 1.19143e-06 0 1.22431e-06 0 1.25643e-06 0 1.28678e-06 0 1.31631e-06 0 1.345e-06 0 1.37284e-06 0 1.3998e-06 0 1.42588e-06 0 1.45105e-06 0 1.47632e-06 0 1.49965e-06 0 1.52305e-06 0 1.54653e-06 0 1.56804e-06 0 1.59064e-06 0 1.61123e-06 0 1.63292e-06 0 1.65259e-06 0 1.67335e-06 0 1.69312e-06 0 1.71189e-06 0 1.73174e-06 0 1.74954e-06 0 1.76738e-06 0
1059.39 6.9175e-06 5.33877e-06 1.57873e-06 0.228222 -0.326022 1.40553e-07 0 2.28553e-07 0 3.50655e-07 0 4.41026e-07 0 5.14028e-07 0 5.77001e-07 0 6.31734e-07 0 6.81512e-07 0 7.26565e-07 0 7.68733e-07 0 8.07072e-07 0 8.43638e-07 0 8.77577e-07 0 9.0955e-07 0 9.40257e-07 0 9.69653e-07 0 9.97695e-07 0 1.02435e-06 0 1.05037e-06 0 1.07494e-06 0 1.09884e-06 0 1.12205e-06 0 1.14456e-06 0 1.16635e-06 0 1.18742e-06 0 1.20775e-06 0 1.22815e-06 0 1.24698e-06 0 1.26586e-06 0 1.2848e-06 0 1.30214e-06 0 1.32036e-06 0 1.33696e-06 0 1.35444e-06 0 1.37028e-06 0 1.387e-06 0 1.40292e-06 0 1.41803e-06 0 1.43401e-06 0 1.44834e-06 0 1.46269e-06 0
1113.77 6.44275e-06 5.15533e-06 1.28742e-06 0.199824 -0.326774 1.26393e-07 0 2.01327e-07 0 3.03616e-07 0 3.78534e-07 0 4.38708e-07 0 4.90417e-07 0 5.35234e-07 0 5.75904e-07 0 6.12648e-07 0 6.46989e-07 0 6.78172e-07 0 7.0788e-07 0 7.35427e-07 0 7.61358e-07 0 7.86242e-07 0 8.10047e-07 0 8.32741e-07 0 8.54298e-07 0 8.75332e-07 0 8.95188e-07 0 9.1449e-07 0 9.33228e-07 0 9.51391e-07 0 9.68972e-07 0 9.8596e-07 0 1.00235e-06 0 1.01879e-06 0 1.03396e-06 0 1.04917e-06 0 1.06442e-06 0 1.07838e-06 0 1.09304e-06 0 1.10639e-06 0 1.12045e-06 0 1.1332e-06 0 1.14664e-06 0 1.15943e-06 0 1.17158e-06 0 1.18442e-06 0 1.19593e-06 0 1.20746e-06 0
1170.94 6.02787e-06 4.97808e-06 1.04979e-06 0.174156 -0.327321 1.12782e-07 0 1.76194e-07 0 2.61456e-07 0 3.23304e-07 0 3.72719e-07 0 4.15034e-07 0 4.51614e-07 0 4.84744e-07 0 5.14627e-07 0 5.42517e-07 0 5.67813e-07 0 5.91889e-07 0 6.14194e-07 0 6.35174e-07 0 6.55293e-07 0 6.74527e-07 0 6.92854e-07 0 7.10253e-07 0 7.27221e-07 0 7.43232e-07 0 7.5879e-07 0 7.73888e-07 0 7.88517e-07 0 8.02672e-07 0 8.16345e-07 0 8.29532e-07 0 8.42756e-07 0 8.54954e-07 0 8.67183e-07 0 8.79442e-07 0 8.9066e-07 0 9.02438e-07 0 9.13168e-07 0 9.24457e-07 0 9.3469e-07 0 9.45482e-07 0 9.55753e-07 0 9.65499e-07 0 9.75803e-07 0 9.85038e-07 0 9.94286e-07 0
1231.05 5.66543e-06 4.80943e-06 8.55993e-07 0.151091 -0.327617 9.99608e-08 0 1.53342e-07 0 2.24123e-07 0 2.75012e-07 0 3.15475e-07 0 3.50013e-07 0 3.798e-07 0 4.06727e-07 0 4.3098e-07 0 4.53587e-07 0 4.74071e-07 0 4.93548e-07 0 5.11578e-07 0 5.28525e-07 0 5.44767e-07 0 5.60285e-07 0 5.75063e-07 0 5.89086e-07 0 6.02756e-07 0 6.1565e-07 0 6.28174e-07 0 6.40323e-07 0 6.52092e-07 0 6.63475e-07 0 6.74468e-07 0 6.85066e-07 0 6.95692e-07 0 7.05492e-07 0 7.15313e-07 0 7.25157e-07 0 7.34163e-07 0 7.43616e-07 0 7.52227e-07 0 7.61284e-07 0 7.69493e-07 0 7.78149e-07 0 7.86385e-07 0 7.94199e-07 0 8.0246e-07 0 8.09862e-07 0 8.17274e-07 0
1294.24 5.34952e-06 4.65105e-06 6.98471e-07 0.130567 -0.327608 8.80805e-08 0 1.32822e-07 0 1.9139e-07 0 2.33156e-07 0 2.66218e-07 0 2.94356e-07 0 3.18571e-07 0 3.40425e-07 0 3.60081e-07 0 3.78383e-07 0 3.94949e-07 0 4.10688e-07 0 4.25248e-07 0 4.38924e-07 0 4.52023e-07 0 4.64533e-07 0 4.76439e-07 0 4.87733e-07 0 4.98739e-07 0 5.09115e-07 0 5.1919e-07 0 5.2896e-07 0 5.38422e-07 0 5.4757e-07 0 5.56404e-07 0 5.64918e-07 0 5.73452e-07 0 5.8132e-07 0 5.89205e-07 0 5.97105e-07 0 6.04332e-07 0 6.11917e-07 0 6.18824e-07 0 6.26088e-07 0 6.32671e-07 0 6.39611e-07 0 6.46213e-07 0 6.52477e-07 0 6.59098e-07 0 6.65029e-07 0 6.70968e-07 0
1360.67 5.06701e-06 4.49704e-06 5.6997e-07 0.112486 -0.327421 7.71015e-08 0 1.14412e-07 0 1.62677e-07 0 1.96839e-07 0 2.23771e-07 0 2.46631e-07 0 2.66265e-07 0 2.83957e-07 0 2.99851e-07 0 3.14634e-07 0 3.28003e-07 0 3.40696e-07 0 3.5243e-07 0 3.63445e-07 0 3.73989e-07 0 3.84054e-07 0 3.9363e-07 0 4.0271e-07 0 4.11554e-07 0 4.1989e-07 0 4.27981e-07 0 4.35826e-07 0 4.4342e-07 0 4.50762e-07 0 4.57848e-07 0 4.64677e-07 0 4.7152e-07 0 4.77829e-07 0 4.84149e-07 0 4.90481e-07 0 4.96272e-07 0 5.02348e-07 0 5.07881e-07 0 5.13699e-07 0 5.18971e-07 0 5.24527e-07 0 5.29813e-07 0 5.34827e-07 0 5.40126e-07 0 5.44873e-07 0 5.49625e-07 0
1430.51 4.81171e-06 4.34664e-06 4.65076e-07 0.096655 -0.327084 6.70625e-08 0 9.80244e-08 0 1.37643e-07 0 1.65493e-07 0 1.87368e-07 0 2.05889e-07 0 2.21768e-07 0 2.36056e-07 0 2.48878e-07 0 2.60792e-07 0 2.71559e-07 0 2.81774e-07 0 2.91211e-07 0 3.00065e-07 0 3.08537e-07 0 3.1662e-07 0 3.24307e-07 0 3.31594e-07 0 3.38689e-07 0 3.45374e-07 0 3.51861e-07 0 3.58149e-07 0 3.64234e-07 0 3.70116e-07 0 3.75792e-07 0 3.81261e-07 0 3.8674e-07 0 3.9179e-07 0 3.96848e-07 0 4.01915e-07 0 4.06548e-07 0 4.11409e-07 0 4.15835e-07 0 4.20488e-07 0 4.24703e-07 0 4.29146e-07 0 4.33371e-07 0 4.37379e-07 0 4.41614e-07 0 4.45408e-07 0 4.49205e-07 0
1503.94 4.5796e-06 4.20008e-06 3.79517e-07 0.0828712 -0.326593 5.79854e-08 0 8.3565e-08 0 1.15971e-07 0 1.38607e-07 0 1.56327e-07 0 1.71296e-07 0 1.84109e-07 0 1.95624e-07 0 2.05946e-07 0 2.15529e-07 0 2.24183e-07 0 2.32388e-07 0 2.39964e-07 0 2.47069e-07 0 2.53864e-07 0 2.60345e-07 0 2.66506e-07 0 2.72344e-07 0 2.78027e-07 0 2.8338e-07 0 2.88574e-07 0 2.93606e-07 0 2.98475e-07 0 3.0318e-07 0 3.0772e-07 0 3.12093e-07 0 3.16474e-07 0 3.20511e-07 0 3.24554e-07 0 3.28603e-07 0 3.32305e-07 0 3.36189e-07 0 3.39724e-07 0 3.43441e-07 0 3.46807e-07 0 3.50355e-07 0 3.53729e-07 0 3.56928e-07 0 3.60309e-07 0 3.63337e-07 0 3.66368e-07 0
1581.14 4.37354e-06 4.06366e-06 3.09884e-07 0.0708542 -0.325735 4.99353e-08 0 7.10143e-08 0 9.74747e-08 0 1.15851e-07 0 1.30192e-07 0 1.42282e-07 0 1.52615e-07 0 1.61891e-07 0 1.70197e-07 0 1.77904e-07 0 1.84858e-07 0 1.91448e-07 0 1.97529e-07 0 2.0323e-07 0 2.0868e-07 0 2.13876e-07 0 2.18815e-07 0 2.23492e-07 0 2.28045e-07 0 2.32332e-07 0 2.3649e-07 0 2.40518e-07 0 2.44415e-07 0 2.4818e-07 0 2.51812e-07 0 2.5531e-07 0 2.58813e-07 0 2.62041e-07 0 2.65274e-07 0 2.68511e-07 0 2.7147e-07 0 2.74574e-07 0 2.77398e-07 0 2.80368e-07 0 2.83057e-07 0 2.85891e-07 0 2.88586e-07 0 2.91142e-07 0 2.93842e-07 0 2.9626e-07 0 2.98679e-07 0
1662.3 4.18237e-06 3.92938e-06 2.52989e-07 0.0604894 -0.324748 4.27644e-08 0 6.00636e-08 0 8.15975e-08 0 9.6474e-08 0 1.0805e-07 0 1.17792e-07 0 1.26106e-07 0 1.33562e-07 0 1.40233e-07 0 1.46417e-07 0 1.51995e-07 0 1.57277e-07 0 1.6215e-07 0 1.66716e-07 0 1.7108e-07 0 1.75239e-07 0 1.7919e-07 0 1.82932e-07 0 1.86573e-07 0 1.9e-07 0 1.93324e-07 0 1.96544e-07 0 1.99658e-07 0 2.02666e-07 0 2.05567e-07 0 2.0836e-07 0 2.11158e-07 0 2.13736e-07 0 2.16316e-07 0 2.189e-07 0 2.21262e-07 0 2.23739e-07 0 2.25993e-07 0 2.28362e-07 0 2.30508e-07 0 2.32769e-07 0 2.34918e-07 0 2.36957e-07 0 2.3911e-07 0 2.41038e-07 0 2.42967e-07 0
1747.63 4.00355e-06 3.79705e-06 2.06509e-07 0.0515815 -0.323644 3.64287e-08 0 5.05708e-08 0 6.80398e-08 0 8.00502e-08 0 8.93721e-08 0 9.7203e-08 0 1.03878e-07 0 1.09858e-07 0 1.15205e-07 0 1.20159e-07 0 1.24624e-07 0 1.28851e-07 0 1.32748e-07 0 1.36399e-07 0 1.39887e-07 0 1.4321e-07 0 1.46366e-07 0 1.49355e-07 0 1.52261e-07 0 1.54998e-07 0 1.5765e-07 0 1.60219e-07 0 1.62704e-07 0 1.65103e-07 0 1.67417e-07 0 1.69645e-07 0 1.71876e-07 0 1.73931e-07 0 1.75988e-07 0 1.78047e-07 0 1.7993e-07 0 1.81904e-07 0 1.837e-07 0 1.85588e-07 0 1.87297e-07 0 1.89098e-07 0 1.9081e-07 0 1.92434e-07 0 1.94149e-07 0 1.95684e-07 0 1.97221e-07 0
1837.33 3.83529e-06 3.66666e-06 1.68635e-07 0.0439694 -0.322436 3.08749e-08 0 4.23941e-08 0 5.65234e-08 0 6.61949e-08 0 7.36839e-08 0 7.99654e-08 0 8.53137e-08 0 9.01011e-08 0 9.43783e-08 0 9.83387e-08 0 1.01907e-07 0 1.05283e-07 0 1.08395e-07 0 1.11309e-07 0 1.14092e-07 0 1.16743e-07 0 1.1926e-07 0 1.21643e-07 0 1.2396e-07 0 1.26141e-07 0 1.28255e-07 0 1.30302e-07 0 1.32281e-07 0 1.34192e-07 0 1.36035e-07 0 1.37809e-07 0 1.39585e-07 0 1.41221e-07 0 1.42859e-07 0 1.44498e-07 0 1.45996e-07 0 1.47567e-07 0 1.48996e-07 0 1.50498e-07 0 1.51858e-07 0 1.53291e-07 0 1.54653e-07 0 1.55944e-07 0 1.57308e-07 0 1.5853e-07 0 1.59752e-07 0
1931.64 3.67591e-06 3.53816e-06 1.37754e-07 0.0374747 -0.321136 2.60415e-08 0 3.5392e-08 0 4.67878e-08 0 5.4557e-08 0 6.056e-08 0 6.5588e-08 0 6.98647e-08 0 7.36897e-08 0 7.71051e-08 0 8.02657e-08 0 8.31118e-08 0 8.5804e-08 0 8.82845e-08 0 9.06065e-08 0 9.28237e-08 0 9.4935e-08 0 9.69395e-08 0 9.88364e-08 0 1.00681e-07 0 1.02416e-07 0 1.04099e-07 0 1.05727e-07 0 1.07301e-07 0 1.08822e-07 0 1.10287e-07 0 1.11698e-07 0 1.1311e-07 0 1.14411e-07 0 1.15712e-07 0 1.17015e-07 0 1.18206e-07 0 1.19454e-07 0 1.2059e-07 0 1.21784e-07 0 1.22864e-07 0 1.24003e-07 0 1.25085e-07 0 1.2611e-07 0 1.27194e-07 0 1.28164e-07 0 1.29134e-07 0
2030.79 3.5302e-06 3.41771e-06 1.12485e-07 0.0318637 -0.319389 2.19032e-08 0 2.94824e-08 0 3.86654e-08 0 4.49032e-08 0 4.97135e-08 0 5.37374e-08 0 5.71568e-08 0 6.02129e-08 0 6.29401e-08 0 6.54626e-08 0 6.77333e-08 0 6.98802e-08 0 7.18579e-08 0 7.37086e-08 0 7.54753e-08 0 7.71573e-08 0 7.87539e-08 0 8.02646e-08 0 8.17331e-08 0 8.31148e-08 0 8.44538e-08 0 8.57498e-08 0 8.70027e-08 0 8.82122e-08 0 8.93781e-08 0 9.05004e-08 0 9.16237e-08 0 9.26581e-08 0 9.36934e-08 0 9.47296e-08 0 9.56763e-08 0 9.66689e-08 0 9.75719e-08 0 9.85207e-08 0 9.93797e-08 0 1.00284e-07 0 1.01144e-07 0 1.0196e-07 0 1.02821e-07 0 1.03592e-07 0 1.04363e-07 0
2135.03 3.40264e-06 3.31085e-06 9.17923e-08 0.0269768 -0.316674 1.84087e-08 0 2.4556e-08 0 3.19642e-08 0 3.69797e-08 0 4.08406e-08 0 4.40664e-08 0 4.68054e-08 0 4.92518e-08 0 5.14337e-08 0 5.3451e-08 0 5.52661e-08 0 5.69819e-08 0 5.85619e-08 0 6.004e-08 0 6.14509e-08 0 6.27938e-08 0 6.40683e-08 0 6.52739e-08 0 6.64458e-08 0 6.75482e-08 0 6.86163e-08 0 6.96501e-08 0 7.06494e-08 0 7.1614e-08 0 7.25437e-08 0 7.34385e-08 0 7.43341e-08 0 7.51587e-08 0 7.5984e-08 0 7.68099e-08 0 7.75644e-08 0 7.83555e-08 0 7.90751e-08 0 7.98311e-08 0 8.05155e-08 0 8.12364e-08 0 8.19216e-08 0 8.25711e-08 0 8.3257e-08 0 8.3871e-08 0 8.44852e-08 0
2244.63 3.27676e-06 3.20181e-06 7.4956e-08 0.022875 -0.313809 1.53929e-08 0 2.03599e-08 0 2.63166e-08 0 3.03371e-08 0 3.34271e-08 0 3.60062e-08 0 3.81943e-08 0 4.01474e-08 0 4.18886e-08 0 4.34978e-08 0 4.49452e-08 0 4.6313e-08 0 4.75722e-08 0 4.87501e-08 0 4.9874e-08 0 5.09436e-08 0 5.19586e-08 0 5.29185e-08 0 5.38515e-08 0 5.47291e-08 0 5.55793e-08 0 5.6402e-08 0 5.71972e-08 0 5.79647e-08 0 5.87044e-08 0 5.94163e-08 0 6.01287e-08 0 6.07846e-08 0 6.1441e-08 0 6.20978e-08 0 6.26979e-08 0 6.33269e-08 0 6.38991e-08 0 6.45002e-08 0 6.50444e-08 0 6.56175e-08 0 6.61622e-08 0 6.66785e-08 0 6.72237e-08 0 6.77118e-08 0 6.82e-08 0
2359.84 3.15183e-06 3.09063e-06 6.1202e-08 0.0194179 -0.310815 1.28067e-08 0 1.6805e-08 0 2.15788e-08 0 2.47921e-08 0 2.7258e-08 0 2.93142e-08 0 3.10575e-08 0 3.26128e-08 0 3.39986e-08 0 3.5279e-08 0 3.64303e-08 0 3.75179e-08 0 3.8519e-08 0 3.94552e-08 0 4.03484e-08 0 4.11983e-08 0 4.20046e-08 0 4.27671e-08 0 4.35081e-08 0 4.4205e-08 0 4.48801e-08 0 4.55334e-08 0 4.61646e-08 0 4.67739e-08 0 4.73611e-08 0 4.79261e-08 0 4.84915e-08 0 4.9012e-08 0 4.95329e-08 0 5.0054e-08 0 5.05302e-08 0 5.10292e-08 0 5.14832e-08 0 5.19601e-08 0 5.23917e-08 0 5.28463e-08 0 5.32784e-08 0 5.36879e-08 0 5.41203e-08 0 5.45074e-08 0 5.48946e-08 0
2480.97 3.02751e-06 2.97754e-06 4.99608e-08 0.0165023 -0.307712 1.06027e-08 0 1.38096e-08 0 1.7623e-08 0 2.01833e-08 0 2.21456e-08 0 2.37804e-08 0 2.51656e-08 0 2.64007e-08 0 2.75008e-08 0 2.85169e-08 0 2.94303e-08 0 3.0293e-08 0 3.10869e-08 0 3.18291e-08 0 3.25372e-08 0 3.32108e-08 0 3.38498e-08 0 3.44541e-08 0 3.50412e-08 0 3.55933e-08 0 3.6128e-08 0 3.66455e-08 0 3.71454e-08 0 3.76279e-08 0 3.80929e-08 0 3.85403e-08 0 3.8988e-08 0 3.94001e-08 0 3.98124e-08 0 4.0225e-08 0 4.06019e-08 0 4.09969e-08 0 4.13562e-08 0 4.17337e-08 0 4.20753e-08 0 4.24351e-08 0 4.2777e-08 0 4.3101e-08 0 4.34432e-08 0 4.37495e-08 0 4.40559e-08 0
2608.32 2.90375e-06 2.86297e-06 4.07843e-08 0.0140454 -0.304527 8.73635e-09 0 1.12994e-08 0 1.4336e-08 0 1.63701e-08 0 1.79273e-08 0 1.92235e-08 0 2.03211e-08 0 2.12994e-08 0 2.21705e-08 0 2.29748e-08 0 2.36976e-08 0 2.43802e-08 0 2.50081e-08 0 2.55952e-08 0 2.61551e-08 0 2.66877e-08 0 2.71929e-08 0 2.76706e-08 0 2.81346e-08 0 2.8571e-08 0 2.89936e-08 0 2.94024e-08 0 2.97975e-08 0 3.01787e-08 0 3.0546e-08 0 3.08994e-08 0 3.12531e-08 0 3.15786e-08 0 3.19043e-08 0 3.22301e-08 0 3.25278e-08 0 3.28397e-08 0 3.31235e-08 0 3.34215e-08 0 3.36913e-08 0 3.39753e-08 0 3.42453e-08 0 3.45012e-08 0 3.47713e-08 0 3.50131e-08 0 3.5255e-08 0
2742.21 2.78076e-06 2.74745e-06 3.33128e-08 0.0119798 -0.301287 7.16572e-09 0 9.2073e-09 0 1.1618e-08 0 1.32295e-08 0 1.44618e-08 0 1.54868e-08 0 1.63543e-08 0 1.71273e-08 0 1.78153e-08 0 1.84503e-08 0 1.90209e-08 0 1.95596e-08 0 2.00552e-08 0 2.05184e-08 0 2.09601e-08 0 2.13802e-08 0 2.17787e-08 0 2.21554e-08 0 2.25213e-08 0 2.28653e-08 0 2.31985e-08 0 2.35208e-08 0 2.38323e-08 0 2.41328e-08 0 2.44223e-08 0 2.47008e-08 0 2.49795e-08 0 2.52361e-08 0 2.54927e-08 0 2.57495e-08 0 2.5984e-08 0 2.62298e-08 0 2.64534e-08 0 2.66882e-08 0 2.69007e-08 0 2.71245e-08 0 2.73372e-08 0 2.75387e-08 0 2.77515e-08 0 2.7942e-08 0 2.81325e-08 0
2882.97 2.65871e-06 2.63151e-06 2.72044e-08 0.0102322 -0.298015 5.85172e-09 0 7.47271e-09 0 9.38093e-09 0 1.06542e-08 0 1.16268e-08 0 1.24353e-08 0 1.31193e-08 0 1.37284e-08 0 1.42705e-08 0 1.47707e-08 0 1.52201e-08 0 1.56443e-08 0 1.60344e-08 0 1.6399e-08 0 1.67466e-08 0 1.70773e-08 0 1.73908e-08 0 1.76872e-08 0 1.79751e-08 0 1.82457e-08 0 1.85078e-08 0 1.87613e-08 0 1.90063e-08 0 1.92426e-08 0 1.94703e-08 0 1.96894e-08 0 1.99085e-08 0 2.01102e-08 0 2.0312e-08 0 2.05139e-08 0 2.06983e-08 0 2.08915e-08 0 2.10673e-08 0 2.12519e-08 0 2.1419e-08 0 2.15949e-08 0 2.1762e-08 0 2.19205e-08 0 2.20877e-08 0 2.22374e-08 0 2.23871e-08 0
3030.95 2.53799e-06 2.51578e-06 2.22114e-08 0.00875156 -0.29474 4.75879e-09 0 6.04192e-09 0 7.54826e-09 0 8.55161e-09 0 9.31737e-09 0 9.95357e-09 0 1.04915e-08 0 1.09705e-08 0 1.13966e-08 0 1.17897e-08 0 1.21428e-08 0 1.2476e-08 0 1.27824e-08 0 1.30688e-08 0 1.33418e-08 0 1.36014e-08 0 1.38476e-08 0 1.40803e-08 0 1.43063e-08 0 1.45187e-08 0 1.47245e-08 0 1.49234e-08 0 1.51157e-08 0 1.53011e-08 0 1.54798e-08 0 1.56517e-08 0 1.58237e-08 0 1.59819e-08 0 1.61403e-08 0 1.62987e-08 0 1.64433e-08 0 1.65949e-08 0 1.67328e-08 0 1.68776e-08 0 1.70087e-08 0 1.71467e-08 0 1.72778e-08 0 1.7402e-08 0 1.75332e-08 0 1.76506e-08 0 1.77681e-08 0
3186.53 2.41916e-06 2.40102e-06 1.81411e-08 0.00749894 -0.291483 3.85499e-09 0 4.86785e-09 0 6.05393e-09 0 6.84274e-09 0 7.44427e-09 0 7.94375e-09 0 8.36594e-09 0 8.74172e-09 0 9.07593e-09 0 9.38421e-09 0 9.66106e-09 0 9.9223e-09 0 1.01625e-08 0 1.03869e-08 0 1.06009e-08 0 1.08043e-08 0 1.09972e-08 0 1.11795e-08 0 1.13566e-08 0 1.1523e-08 0 1.16842e-08 0 1.18401e-08 0 1.19906e-08 0 1.21359e-08 0 1.22758e-08 0 1.24104e-08 0 1.25451e-08 0 1.2669e-08 0 1.2793e-08 0 1.29171e-08 0 1.30303e-08 0 1.3149e-08 0 1.3257e-08 0 1.33704e-08 0 1.3473e-08 0 1.3581e-08 0 1.36836e-08 0 1.37809e-08 0 1.38836e-08 0 1.39755e-08 0 1.40675e-08 0
3350.09 2.30268e-06 2.28786e-06 1.48205e-08 0.0064362 -0.288271 3.11154e-09 0 3.90903e-09 0 4.84077e-09 0 5.45956e-09 0 5.93108e-09 0 6.32242e-09 0 6.65309e-09 0 6.94733e-09 0 7.20896e-09 0 7.45025e-09 0 7.6669e-09 0 7.87131e-09 0 8.05924e-09 0 8.23482e-09 0 8.40218e-09 0 8.5613e-09 0 8.71216e-09 0 8.85473e-09 0 8.99319e-09 0 9.12333e-09 0 9.24934e-09 0 9.3712e-09 0 9.48892e-09 0 9.60249e-09 0 9.71188e-09 0 9.81712e-09 0 9.92239e-09 0 1.00193e-08 0 1.01162e-08 0 1.02131e-08 0 1.03017e-08 0 1.03944e-08 0 1.04788e-08 0 1.05674e-08 0 1.06476e-08 0 1.0732e-08 0 1.08122e-08 0 1.08883e-08 0 1.09685e-08 0 1.10403e-08 0 1.11122e-08 0
3522.05 2.18899e-06 2.17688e-06 1.21055e-08 0.00553018 -0.285122 2.50304e-09 0 3.12949e-09 0 3.85988e-09 0 4.34433e-09 0 4.71323e-09 0 5.01927e-09 0 5.27778e-09 0 5.50775e-09 0 5.7122e-09 0 5.90072e-09 0 6.06996e-09 0 6.22962e-09 0 6.3764e-09 0 6.51352e-09 0 6.6442e-09 0 6.76845e-09 0 6.88623e-09 0 6.99754e-09 0 7.10563e-09 0 7.20722e-09 0 7.30558e-09 0 7.4007e-09 0 7.49259e-09 0 7.58122e-09 0 7.6666e-09 0 7.74873e-09 0 7.83088e-09 0 7.90648e-09 0 7.98211e-09 0 8.05775e-09 0 8.12684e-09 0 8.19923e-09 0 8.26506e-09 0 8.33419e-09 0 8.39676e-09 0 8.46263e-09 0 8.52522e-09 0 8.58453e-09 0 8.64714e-09 0 8.70317e-09 0 8.75921e-09 0
3702.84 2.0785e-06 2.06862e-06 9.8858e-09 0.00475622 -0.282051 2.00733e-09 0 2.49839e-09 0 3.06986e-09 0 3.44846e-09 0 3.73658e-09 0 3.97551e-09 0 4.17728e-09 0 4.35673e-09 0 4.51623e-09 0 4.66329e-09 0 4.79529e-09 0 4.91981e-09 0 5.03426e-09 0 5.14118e-09 0 5.24307e-09 0 5.33993e-09 0 5.43175e-09 0 5.51852e-09 0 5.60278e-09 0 5.68196e-09 0 5.75862e-09 0 5.83276e-09 0 5.90437e-09 0 5.97345e-09 0 6.03998e-09 0 6.10398e-09 0 6.168e-09 0 6.22691e-09 0 6.28584e-09 0 6.34478e-09 0 6.39861e-09 0 6.45501e-09 0 6.5063e-09 0 6.56016e-09 0 6.60891e-09 0 6.66023e-09 0 6.70899e-09 0 6.75519e-09 0 6.80397e-09 0 6.84762e-09 0 6.89128e-09 0
3892.91 1.97178e-06 1.9637e-06 8.07871e-09 0.00409717 -0.279078 1.60541e-09 0 1.98967e-09 0 2.43608e-09 0 2.73153e-09 0 2.95624e-09 0 3.14252e-09 0 3.29978e-09 0 3.43962e-09 0 3.5639e-09 0 3.67846e-09 0 3.78128e-09 0 3.87827e-09 0 3.96741e-09 0 4.05066e-09 0 4.13001e-09 0 4.20543e-09 0 4.27692e-09 0 4.34448e-09 0 4.41007e-09 0 4.47172e-09 0 4.5314e-09 0 4.58911e-09 0 4.64485e-09 0 4.69861e-09 0 4.7504e-09 0 4.80021e-09 0 4.85004e-09 0 4.89589e-09 0 4.94175e-09 0 4.98762e-09 0 5.02951e-09 0 5.07341e-09 0 5.11332e-09 0 5.15524e-09 0 5.19317e-09 0 5.2331e-09 0 5.27105e-09 0 5.307e-09 0 5.34495e-09 0 5.37892e-09 0 5.41289e-09 0
4092.73 1.86901e-06 1.86241e-06 6.60149e-09 0.00353208 -0.276209 1.28076e-09 0 1.58097e-09 0 1.9292e-09 0 2.15945e-09 0 2.33449e-09 0 2.47954e-09 0 2.60196e-09 0 2.71081e-09 0 2.80752e-09 0 2.89667e-09 0 2.97667e-09 0 3.05213e-09 0 3.12147e-09 0 3.18623e-09 0 3.24795e-09 0 3.30661e-09 0 3.36221e-09 0 3.41475e-09 0 3.46576e-09 0 3.5137e-09 0 3.56011e-09 0 3.60498e-09 0 3.64832e-09 0 3.69013e-09 0 3.7304e-09 0 3.76913e-09 0 3.80786e-09 0 3.84351e-09 0 3.87917e-09 0 3.91483e-09 0 3.94739e-09 0 3.98152e-09 0 4.01254e-09 0 4.04513e-09 0 4.07461e-09 0 4.10566e-09 0 4.13515e-09 0 4.1631e-09 0 4.1926e-09 0 4.219e-09 0 4.24541e-09 0
4302.81 1.77042e-06 1.76503e-06 5.39331e-09 0.00304634 -0.273452 1.01947e-09 0 1.25371e-09 0 1.52503e-09 0 1.70426e-09 0 1.84046e-09 0 1.95329e-09 0 2.04851e-09 0 2.13314e-09 0 2.20834e-09 0 2.27764e-09 0 2.33983e-09 0 2.39847e-09 0 2.45236e-09 0 2.5027e-09 0 2.55066e-09 0 2.59624e-09 0 2.63945e-09 0 2.68027e-09 0 2.7199e-09 0 2.75715e-09 0 2.7932e-09 0 2.82806e-09 0 2.86173e-09 0 2.89421e-09 0 2.92549e-09 0 2.95558e-09 0 2.98567e-09 0 3.01336e-09 0 3.04105e-09 0 3.06875e-09 0 3.09405e-09 0 3.12055e-09 0 3.14465e-09 0 3.16996e-09 0 3.19286e-09 0 3.21697e-09 0 3.23988e-09 0 3.26158e-09 0 3.28449e-09 0 3.305e-09 0 3.3255e-09 0
4523.68 1.67621e-06 1.6718e-06 4.40638e-09 0.00262878 -0.270814 8.09893e-10 0 9.92446e-10 0 1.20364e-09 0 1.34304e-09 0 1.44893e-09 0 1.53662e-09 0 1.61061e-09 0 1.67637e-09 0 1.73479e-09 0 1.78862e-09 0 1.83692e-09 0 1.88247e-09 0 1.92433e-09 0 1.96341e-09 0 2.00066e-09 0 2.03605e-09 0 2.0696e-09 0 2.1013e-09 0 2.13207e-09 0 2.16098e-09 0 2.18898e-09 0 2.21604e-09 0 2.24218e-09 0 2.26739e-09 0 2.29168e-09 0 2.31503e-09 0 2.33839e-09 0 2.35988e-09 0 2.38138e-09 0 2.40288e-09 0 2.42251e-09 0 2.44309e-09 0 2.46179e-09 0 2.48144e-09 0 2.49921e-09 0 2.51792e-09 0 2.5357e-09 0 2.55255e-09 0 2.57033e-09 0 2.58624e-09 0 2.60216e-09 0
4755.88 1.58657e-06 1.58297e-06 3.60216e-09 0.00227041 -0.268299 6.42333e-10 0 7.84491e-10 0 9.4876e-10 0 1.05712e-09 0 1.13939e-09 0 1.20751e-09 0 1.26498e-09 0 1.31604e-09 0 1.3614e-09 0 1.4032e-09 0 1.44069e-09 0 1.47605e-09 0 1.50854e-09 0 1.53888e-09 0 1.56779e-09 0 1.59526e-09 0 1.6213e-09 0 1.64589e-09 0 1.66978e-09 0 1.69222e-09 0 1.71394e-09 0 1.73494e-09 0 1.75522e-09 0 1.77479e-09 0 1.79363e-09 0 1.81175e-09 0 1.82987e-09 0 1.84655e-09 0 1.86323e-09 0 1.87991e-09 0 1.89514e-09 0 1.91111e-09 0 1.92562e-09 0 1.94086e-09 0 1.95465e-09 0 1.96916e-09 0 1.98296e-09 0 1.99603e-09 0 2.00982e-09 0 2.02217e-09 0 2.03451e-09 0
5000 1.50138e-06 1.49843e-06 2.9441e-09 0.00196094 -0.265905 5.0866e-10 0 6.19281e-10 0 7.46974e-10 0 8.3115e-10 0 8.95042e-10 0 9.47934e-10 0 9.92542e-10 0 1.03218e-09 0 1.06738e-09 0 1.09982e-09 0 1.12892e-09 0 1.15635e-09 0 1.18156e-09 0 1.2051e-09 0 1.22753e-09 0 1.24884e-09 0 1.26904e-09 0 1.28812e-09 0 1.30665e-09 0 1.32405e-09 0 1.3409e-09 0 1.3572e-09 0 1.37293e-09 0 1.3881e-09 0 1.40272e-09 0 1.41677e-09 0 1.43083e-09 0 1.44376e-09 0 1.4567e-09 0 1.46964e-09 0 1.48145e-09 0 1.49383e-09 0 1.50508e-09 0 1.5169e-09 0 1.5276e-09 0 1.53886e-09 0 1.54955e-09 0 1.55969e-09 0 1.57039e-09 0 1.57996e-09 0 1.58953e-09 0
