# 0.00730728 1 117 : grain size, compostion index, size index
# Heating and cooling timescale: 3.46585e-08 inf
# Ratio of heating to cooling to determine stochastic cutoff: 100
# Equilibrium emission is recorded even for those grains in the stochastic regime.
# Emission spectrum was computed for: 
# Type: ISRF
# Scales: 0.25 0.5 1 1.5 2 2.5 3 3.5 4 4.5 5 5.5 6 6.5 7 7.5 8 8.5 9 9.5 10 10.5 11 11.5 12 12.5 13 13.5 14 14.5 15 15.5 16 16.5 17 17.5 18 18.5 19 19.5 20
# StochasticallyHeated: 0 0 0 0 0 0 0 0 0 0 0 0 0 0 0 0 0 0 0 0 0 0 0 0 0 0 0 0 0 0 0 0 0 0 0 0 0 0 0 0 0
# Temperature: -1
# Wavelength  CExt  CAbs  CSca  Albedo G EqEm1 StEm1 EqEm2 StEm2 EqEm3 StEm3 EqEm4 StEm4 EqEm5 StEm5 EqEm6 StEm6 EqEm7 StEm7 EqEm8 StEm8 EqEm9 StEm9 EqEm10 StEm10 EqEm11 StEm11 EqEm12 StEm12 EqEm13 StEm13 EqEm14 StEm14 EqEm15 StEm15 EqEm16 StEm16 EqEm17 StEm17 EqEm18 StEm18 EqEm19 StEm19 EqEm20 StEm20 EqEm21 StEm21 EqEm22 StEm22 EqEm23 StEm23 EqEm24 StEm24 EqEm25 StEm25 EqEm26 StEm26 EqEm27 StEm27 EqEm28 StEm28 EqEm29 StEm29 EqEm30 StEm30 EqEm31 StEm31 EqEm32 StEm32 EqEm33 StEm33 EqEm34 StEm34 EqEm35 StEm35 EqEm36 StEm36 EqEm37 StEm37 EqEm38 StEm38 EqEm39 StEm39 EqEm40 StEm40 EqEm41 StEm41
0.05 0.000336221 0.000118919 0.000217301 0.646306 0.853759 0 0 0 0 0 0 0 0 0 0 0 0 0 0 0 0 0 0 0 0 0 0 0 0 0 0 0 0 0 0 0 0 0 0 0 0 0 0 0 0 0 0 0 0 0 0 0 0 0 0 0 0 0 0 0 0 0 0 0 0 0 0 0 0 0 0 0 0 0 0 0 0 0 0 0 0 0 0 0 0 0 0
0.0525665 0.00033625 0.000116982 0.000219267 0.652096 0.841249 0 0 0 0 0 0 0 0 0 0 0 0 0 0 0 0 0 0 0 0 0 0 0 0 0 0 0 0 0 0 0 0 0 0 0 0 0 0 0 0 0 0 0 0 0 0 0 0 0 0 0 0 0 0 0 0 0 0 0 0 0 0 0 0 0 0 0 0 0 0 0 0 0 0 0 0 0 0 0 0 0 0
0.0552647 0.000336281 0.000115515 0.000220766 0.656492 0.830861 0 0 0 0 0 0 0 0 0 0 0 0 0 0 0 0 0 0 0 0 0 0 0 0 0 0 0 0 0 0 0 0 0 0 0 0 0 0 0 0 0 0 0 0 0 0 0 0 0 0 0 0 0 0 0 0 0 0 0 0 0 0 0 0 0 0 0 0 0 0 0 0 0 0 0 0 0 0 0 0 0 0
0.0581015 0.000336313 0.00011485 0.000221463 0.658502 0.824485 0 0 0 0 0 0 0 0 0 0 0 0 0 0 0 0 0 0 0 0 0 0 0 0 0 0 0 0 0 0 0 0 0 0 0 0 0 0 0 0 0 0 0 0 0 0 0 0 0 0 0 0 0 0 0 0 0 0 0 0 0 0 0 0 0 0 0 0 0 0 0 0 0 0 0 0 0 0 0 0 0 0
0.0610839 0.000336344 0.000113221 0.000223123 0.663378 0.8157 0 0 0 0 0 0 0 0 0 0 0 0 0 0 0 0 0 0 0 0 0 0 0 0 0 0 0 0 0 0 0 0 0 0 0 0 0 0 0 0 0 0 0 0 0 0 0 0 0 0 0 0 0 0 0 0 0 0 0 0 0 0 0 0 0 0 0 0 0 0 0 0 0 0 0 0 0 0 0 0 0 0
0.0642193 0.00033638 0.000109158 0.000227221 0.67549 0.797379 0 0 0 0 0 0 0 0 0 0 0 0 0 0 0 0 0 0 0 0 0 0 0 0 0 0 0 0 0 0 0 0 0 0 0 0 0 0 0 0 0 0 0 0 0 0 0 0 0 0 0 0 0 0 0 0 0 0 0 0 0 0 0 0 0 0 0 0 0 0 0 0 0 0 0 0 0 0 0 0 0 0
0.0675157 0.000336422 0.000105118 0.000231304 0.687541 0.777368 0 0 0 0 0 0 0 0 0 0 0 0 0 0 0 0 0 0 0 0 0 0 0 0 0 0 0 0 0 0 0 0 0 0 0 0 0 0 0 0 0 0 0 0 0 0 0 0 0 0 0 0 0 0 0 0 0 0 0 0 0 0 0 0 0 0 0 0 0 0 0 0 0 0 0 0 0 0 0 0 0 0
0.0709813 0.000336466 0.000104704 0.000231762 0.688813 0.770232 0 0 0 0 0 0 0 0 0 0 0 0 0 0 0 0 0 0 0 0 0 0 0 0 0 0 0 0 0 0 0 0 0 0 0 0 0 0 0 0 0 0 0 0 0 0 0 0 0 0 0 0 0 0 0 0 0 0 0 0 0 0 0 0 0 0 0 0 0 0 0 0 0 0 0 0 0 0 0 0 0 0
0.0746248 0.000336508 0.000106286 0.000230222 0.684151 0.771582 0 0 0 0 0 0 0 0 0 0 0 0 0 0 0 0 0 0 0 0 0 0 0 0 0 0 0 0 0 0 0 0 0 0 0 0 0 0 0 0 0 0 0 0 0 0 0 0 0 0 0 0 0 0 0 0 0 0 0 0 0 0 0 0 0 0 0 0 0 0 0 0 0 0 0 0 0 0 0 0 0 0
0.0784553 0.000336552 0.000108495 0.000228057 0.677629 0.776491 0 0 0 0 0 0 0 0 0 0 0 0 0 0 0 0 0 0 0 0 0 0 0 0 0 0 0 0 0 0 0 0 0 0 0 0 0 0 0 0 0 0 0 0 0 0 0 0 0 0 0 0 0 0 0 0 0 0 0 0 0 0 0 0 0 0 0 0 0 0 0 0 0 0 0 0 0 0 0 0 0 0
0.0824824 0.000336594 0.000111018 0.000225576 0.670171 0.782378 0 0 0 0 0 0 0 0 0 0 0 0 0 0 0 0 0 0 0 0 0 0 0 0 0 0 0 0 0 0 0 0 0 0 0 0 0 0 0 0 0 0 0 0 0 0 0 0 0 0 0 0 0 0 0 0 0 0 0 0 0 0 0 0 0 0 0 0 0 0 0 0 0 0 0 0 0 0 0 0 0 0
0.0867162 0.000336639 0.000111599 0.00022504 0.66849 0.781247 0 0 0 0 0 0 0 0 0 0 0 0 0 0 0 0 0 0 0 0 0 0 0 0 0 0 0 0 0 0 0 0 0 0 0 0 0 0 0 0 0 0 0 0 0 0 0 0 0 0 0 0 0 0 0 0 0 0 0 0 0 0 0 0 0 0 0 0 0 0 0 0 0 0 0 0 0 0 0 0 0 0
0.0911674 0.000336687 0.000111068 0.000225619 0.670115 0.776084 0 0 0 0 0 0 0 0 0 0 0 0 0 0 0 0 0 0 0 0 0 0 0 0 0 0 0 0 0 0 0 0 0 0 0 0 0 0 0 0 0 0 0 0 0 0 0 0 0 0 0 0 0 0 0 0 0 0 0 0 0 0 0 0 0 0 0 0 0 0 0 0 0 0 0 0 0 0 0 0 0 0
0.095847 0.000336738 0.000111522 0.000225217 0.668818 0.774332 0 0 0 0 0 0 0 0 0 0 0 0 0 0 0 0 0 0 0 0 0 0 0 0 0 0 0 0 0 0 0 0 0 0 0 0 0 0 0 0 0 0 0 0 0 0 0 0 0 0 0 0 0 0 0 0 0 0 0 0 0 0 0 0 0 0 0 0 0 0 0 0 0 0 0 0 0 0 0 0 0 0
0.100767 0.000336781 0.00011543 0.000221351 0.657254 0.785822 0 0 0 0 0 0 0 0 0 0 0 0 0 0 0 0 0 0 0 0 0 0 0 0 0 0 0 0 0 0 0 0 0 0 0 0 0 0 0 0 0 0 0 0 0 0 0 0 0 0 0 0 0 0 0 0 0 0 0 0 0 0 0 0 0 0 0 0 0 0 0 0 0 0 0 0 0 0 0 0 0 0
0.105939 0.000336818 0.000119367 0.000217451 0.645603 0.800507 0 0 0 0 0 0 0 0 0 0 0 0 0 0 0 0 0 0 0 0 0 0 0 0 0 0 0 0 0 0 0 0 0 0 0 0 0 0 0 0 0 0 0 0 0 0 0 0 0 0 0 0 0 0 0 0 0 0 0 0 0 0 0 0 0 0 0 0 0 0 0 0 0 0 0 0 0 0 0 0 0 0
0.111377 0.000336845 0.000126561 0.000210284 0.624275 0.828587 0 0 0 0 0 0 0 0 0 0 0 0 0 0 0 0 0 0 0 0 0 0 0 0 0 0 0 0 0 0 0 0 0 0 0 0 0 0 0 0 0 0 0 0 0 0 0 0 0 0 0 0 0 0 0 0 0 0 0 0 0 0 0 0 0 0 0 0 0 0 0 0 0 0 0 0 0 0 0 0 0 0
0.117094 0.000336866 0.000134 0.000202866 0.602217 0.860978 0 0 0 0 0 0 0 0 0 0 0 0 0 0 0 0 0 0 0 0 0 0 0 0 0 0 0 0 0 0 0 0 0 0 0 0 0 0 0 0 0 0 0 0 0 0 0 0 0 0 0 0 0 0 0 0 0 0 0 0 0 0 0 0 0 0 0 0 0 0 0 0 0 0 0 0 0 0 0 0 0 0
0.123105 0.000336898 0.000138793 0.000198105 0.588027 0.883654 0 0 0 0 0 0 0 0 0 0 0 0 0 0 0 0 0 0 0 0 0 0 0 0 0 0 0 0 0 0 0 0 0 0 0 0 0 0 0 0 0 0 0 0 0 0 0 0 0 0 0 0 0 0 0 0 0 0 0 0 0 0 0 0 0 0 0 0 0 0 0 0 0 0 0 0 0 0 0 0 0 0
0.129424 0.000336938 0.000142857 0.000194082 0.576015 0.903664 0 0 0 0 0 0 0 0 0 0 0 0 0 0 0 0 0 0 0 0 0 0 0 0 0 0 0 0 0 0 0 0 0 0 0 0 0 0 0 0 0 0 0 0 0 0 0 0 0 0 0 0 0 0 0 0 0 0 0 0 0 0 0 0 0 0 0 0 0 0 0 0 0 0 0 0 0 0 0 0 0 0
0.136067 0.000336977 0.000146099 0.000190878 0.566442 0.919898 0 0 0 0 0 0 0 0 0 0 0 0 0 0 0 0 0 0 0 0 0 0 0 0 0 0 0 0 0 0 0 0 0 0 0 0 0 0 0 0 0 0 0 0 0 0 0 0 0 0 0 0 0 0 0 0 0 0 0 0 0 0 0 0 0 0 0 0 0 0 0 0 0 0 0 0 0 0 0 0 0 0
0.143051 0.000337015 0.000148614 0.000188401 0.559029 0.932568 0 0 0 0 0 0 0 0 0 0 0 0 0 0 0 0 0 0 0 0 0 0 0 0 0 0 0 0 0 0 0 0 0 0 0 0 0 0 0 0 0 0 0 0 0 0 0 0 0 0 0 0 0 0 0 0 0 0 0 0 0 0 0 0 0 0 0 0 0 0 0 0 0 0 0 0 0 0 0 0 0 0
0.150394 0.000337043 0.000150048 0.000186995 0.554811 0.940737 0 0 0 0 0 0 0 0 0 0 0 0 0 0 0 0 0 0 0 0 0 0 0 0 0 0 0 0 0 0 0 0 0 0 0 0 0 0 0 0 0 0 0 0 0 0 0 0 0 0 0 0 0 0 0 0 0 0 0 0 0 0 0 0 0 0 0 0 0 0 0 0 0 0 0 0 0 0 0 0 0 0
0.158114 0.000337072 0.000149558 0.000187514 0.556303 0.94162 0 0 0 0 0 0 0 0 0 0 0 0 0 0 0 0 0 0 0 0 0 0 0 0 0 0 0 0 0 0 0 0 0 0 0 0 0 0 0 0 0 0 0 0 0 0 0 0 0 0 0 0 0 0 0 0 0 0 0 0 0 0 0 0 0 0 0 0 0 0 0 0 0 0 0 0 0 0 0 0 0 0
0.16623 0.000337118 0.000146043 0.000191076 0.566792 0.930781 0 0 0 0 0 0 0 0 0 0 0 0 0 0 0 0 0 0 0 0 0 0 0 0 0 0 0 0 0 0 0 0 0 0 0 0 0 0 0 0 0 0 0 0 0 0 0 0 0 0 0 0 0 0 0 0 0 0 0 0 0 0 0 0 0 0 0 0 0 0 0 0 0 0 0 0 0 0 0 0 0 0
0.174762 0.000337191 0.000139056 0.000198134 0.587603 0.904185 0 0 0 0 0 0 0 0 0 0 0 0 0 0 0 0 0 0 0 0 0 0 0 0 0 0 0 0 0 0 0 0 0 0 0 0 0 0 0 0 0 0 0 0 0 0 0 0 0 0 0 0 0 0 0 0 0 0 0 0 0 0 0 0 0 0 0 0 0 0 0 0 0 0 0 0 0 0 0 0 0 0
0.183733 0.000337275 0.000130229 0.000207046 0.613879 0.86826 0 0 0 0 0 0 0 0 0 0 0 0 0 0 0 0 0 0 0 0 0 0 0 0 0 0 0 0 0 0 0 0 0 0 0 0 0 0 0 0 0 0 0 0 0 0 0 0 0 0 0 0 0 0 0 0 0 0 0 0 0 0 0 0 0 0 0 0 0 0 0 0 0 0 0 0 0 0 0 0 0 0
0.193164 0.000337366 0.000121045 0.000216321 0.641206 0.831284 0 0 0 0 0 0 0 0 0 0 0 0 0 0 0 0 0 0 0 0 0 0 0 0 0 0 0 0 0 0 0 0 0 0 0 0 0 0 0 0 0 0 0 0 0 0 0 0 0 0 0 0 0 0 0 0 0 0 0 0 0 0 0 0 0 0 0 0 0 0 0 0 0 0 0 0 0 0 0 0 0 0
0.203079 0.000337462 0.000113057 0.000224405 0.664979 0.80072 0 0 0 0 0 0 0 0 0 0 0 0 0 0 0 0 0 0 0 0 0 0 0 0 0 0 0 0 0 0 0 0 0 0 0 0 0 0 0 0 0 0 0 0 0 0 0 0 0 0 0 0 0 0 0 0 0 0 0 0 0 0 0 0 0 0 0 0 0 0 0 0 0 0 0 0 0 0 0 0 0 0
0.213503 0.000337564 0.000106194 0.00023137 0.68541 0.77584 0 0 0 0 0 0 0 0 0 0 0 0 0 0 0 0 0 0 0 0 0 0 0 0 0 0 0 0 0 0 0 0 0 0 0 0 0 0 0 0 0 0 0 0 0 0 0 0 0 0 0 0 0 0 0 0 0 0 0 0 0 0 0 0 0 0 0 0 0 0 0 0 0 0 0 0 0 0 0 0 0 0
0.224463 0.000337678 0.000101603 0.000236075 0.699113 0.758614 0 0 0 0 0 0 0 0 0 0 0 0 0 0 0 0 0 0 0 0 0 0 0 0 0 0 0 0 0 0 0 0 0 0 0 0 0 0 0 0 0 0 0 0 0 0 0 0 0 0 0 0 0 0 0 0 0 0 0 0 0 0 0 0 0 0 0 0 0 0 0 0 0 0 0 0 0 0 0 0 0 0
0.235984 0.000337802 9.8976e-05 0.000238826 0.707 0.746995 0 0 0 0 0 0 0 0 0 0 0 0 0 0 0 0 0 0 0 0 0 0 0 0 0 0 0 0 0 0 0 0 0 0 0 0 0 0 0 0 0 0 0 0 0 0 0 0 0 0 0 0 0 0 0 0 0 0 0 0 0 0 0 0 0 0 0 0 0 0 0 0 0 0 0 0 0 0 0 0 0 0
0.248097 0.000337932 9.93636e-05 0.000238569 0.705966 0.743198 0 0 0 0 0 0 0 0 0 0 0 0 0 0 0 0 0 0 0 0 0 0 0 0 0 0 0 0 0 0 0 0 0 0 0 0 0 0 0 0 0 0 0 0 0 0 0 0 0 0 0 0 0 0 0 0 0 0 0 0 0 0 0 0 0 0 0 0 0 0 0 0 0 0 0 0 0 0 0 0 0 0
0.260832 0.000338052 0.000101705 0.000236347 0.699143 0.745344 0 0 0 0 0 0 0 0 0 0 0 0 0 0 0 0 0 0 0 0 0 0 0 0 0 0 0 0 0 0 0 0 0 0 0 0 0 0 0 0 0 0 0 0 0 0 0 0 0 0 0 0 0 0 0 0 0 0 0 0 0 0 0 0 0 0 0 0 0 0 0 0 0 0 0 0 0 0 0 0 0 0
0.274221 0.000338159 0.000104569 0.00023359 0.690771 0.749586 0 0 0 0 0 0 0 0 0 0 0 0 0 0 0 0 0 0 0 0 0 0 0 0 0 0 0 0 0 0 0 0 0 0 0 0 0 0 0 0 0 0 0 0 0 0 0 0 0 0 0 0 0 0 0 0 0 0 0 0 0 0 0 0 0 0 0 0 0 0 0 0 0 0 0 0 0 0 0 0 0 0
0.288297 0.000338232 0.000108403 0.000229829 0.679502 0.759101 0 0 0 0 0 0 0 0 0 0 0 0 0 0 0 0 0 0 0 0 0 0 0 0 0 0 0 0 0 0 0 0 0 0 0 0 0 0 0 0 0 0 0 0 0 0 0 0 0 0 0 0 0 0 0 0 0 0 0 0 0 0 0 0 0 0 0 0 0 0 0 0 0 0 0 0 0 0 0 0 0 0
0.303095 0.000338306 0.000111031 0.000227275 0.671802 0.766342 0 0 0 0 0 0 0 0 0 0 0 0 0 0 0 0 0 0 0 0 0 0 0 0 0 0 0 0 0 0 0 0 0 0 0 0 0 0 0 0 0 0 0 0 0 0 0 0 0 0 0 0 0 0 0 0 0 0 0 0 0 0 0 0 0 0 0 0 0 0 0 0 0 0 0 0 0 0 0 0 0 0
0.318653 0.000338382 0.000113171 0.000225211 0.665552 0.772705 0 0 0 0 0 0 0 0 0 0 0 0 0 0 0 0 0 0 0 0 0 0 0 0 0 0 0 0 0 0 0 0 0 0 0 0 0 0 0 0 0 0 0 0 0 0 0 0 0 0 0 0 0 0 0 0 0 0 0 0 0 0 0 0 0 0 0 0 0 0 0 0 0 0 0 0 0 0 0 0 0 0
0.335009 0.000338462 0.000114863 0.0002236 0.660634 0.778165 0 0 0 0 0 0 0 0 0 0 0 0 0 0 0 0 0 0 0 0 0 0 0 0 0 0 0 0 0 0 0 0 0 0 0 0 0 0 0 0 0 0 0 0 0 0 0 0 0 0 0 0 0 0 0 0 0 0 0 0 0 0 0 0 0 0 0 0 0 0 0 0 0 0 0 0 0 0 0 0 0 0
0.352205 0.000338551 0.000116016 0.000222534 0.657315 0.782009 0 0 0 0 0 0 0 0 0 0 0 0 0 0 0 0 0 0 0 0 0 0 0 0 0 0 0 0 0 0 0 0 0 0 0 0 0 0 0 0 0 0 0 0 0 0 0 0 0 0 0 0 0 0 0 0 0 0 0 0 0 0 0 0 0 0 0 0 0 0 0 0 0 0 0 0 0 0 0 0 0 0
0.370284 0.000338647 0.000116749 0.000221898 0.655249 0.784374 0 0 0 0 0 0 0 0 0 0 0 0 0 0 0 0 0 0 0 0 0 0 0 0 0 0 0 0 0 0 0 0 0 0 0 0 0 0 0 0 0 0 0 0 0 0 0 0 0 0 0 0 0 0 0 0 0 0 0 0 0 0 0 0 0 0 0 0 0 0 0 0 0 0 0 0 0 0 0 0 0 0
0.389291 0.00033875 0.000117115 0.000221635 0.654274 0.78527 0 0 0 0 0 0 0 0 0 0 0 0 0 0 0 0 0 0 0 0 0 0 0 0 0 0 0 0 0 0 0 0 0 0 0 0 0 0 0 0 0 0 0 0 0 0 0 0 0 0 0 0 0 0 0 0 0 0 0 0 0 0 0 0 0 0 0 0 0 0 0 0 0 0 0 0 0 0 0 0 0 0
0.409273 0.000338856 0.000117372 0.000221484 0.653622 0.785797 0 0 0 0 0 0 0 0 0 0 0 0 0 0 0 0 0 0 0 0 0 0 0 0 0 0 0 0 0 0 0 0 0 0 0 0 0 0 0 0 0 0 0 0 0 0 0 0 0 0 0 0 0 0 0 0 0 0 0 0 0 0 0 0 0 0 0 0 0 0 0 0 0 0 0 0 0 0 0 0 0 0
0.430281 0.000338965 0.000117581 0.000221384 0.653118 0.786164 0 0 0 0 0 0 0 0 0 0 0 0 0 0 0 0 0 0 0 0 0 0 0 0 0 0 0 0 0 0 0 0 0 0 0 0 0 0 0 0 0 0 0 0 0 0 0 0 0 0 0 0 0 0 0 0 0 0 0 0 0 0 0 0 0 0 0 0 0 0 0 0 0 0 0 0 0 0 0 0 0 0
0.452368 0.00033908 0.000117791 0.000221289 0.652615 0.786715 0 0 0 0 0 0 0 0 0 0 0 0 0 0 0 0 0 0 0 0 0 0 0 0 0 0 0 0 0 0 0 0 0 0 0 0 0 0 0 0 0 0 0 0 0 0 0 0 0 0 0 0 0 0 0 0 0 0 0 0 0 0 0 0 0 0 0 0 0 0 0 0 0 0 0 0 0 0 0 0 0 0
0.475588 0.000339198 0.000117973 0.000221225 0.652201 0.78721 0 0 0 0 0 0 0 0 0 0 0 0 0 0 0 0 0 0 0 0 0 0 0 0 0 0 0 0 0 0 0 0 0 0 0 0 0 0 0 0 0 0 0 0 0 0 0 0 0 0 0 0 0 0 0 0 0 0 0 0 0 0 0 0 0 0 0 0 0 0 0 0 0 0 0 0 0 0 0 0 0 0
0.5 0.000339324 0.000118074 0.00022125 0.652032 0.787439 0 0 0 0 0 0 0 0 0 0 0 0 0 0 0 0 0 0 0 0 0 0 0 0 0 0 0 0 0 0 0 0 0 0 0 0 0 0 0 0 0 0 0 0 0 0 0 0 0 0 0 0 0 0 0 0 0 0 0 0 0 0 0 0 0 0 0 0 0 0 0 0 0 0 0 0 0 0 0 0 0 0
0.525665 0.000339455 0.000118122 0.000221334 0.652026 0.787503 0 0 0 0 0 0 0 0 0 0 0 0 0 0 0 0 0 0 0 0 0 0 0 0 0 0 0 0 0 0 0 0 0 0 0 0 0 0 0 0 0 0 0 0 0 0 0 0 0 0 0 0 0 0 0 0 0 0 0 0 0 0 0 0 0 0 0 0 0 0 0 0 0 0 0 0 0 0 0 0 0 0
0.552648 0.000339592 0.00011814 0.000221451 0.652111 0.787447 0 0 0 0 0 0 0 0 0 0 0 0 0 0 0 0 0 0 0 0 0 0 0 0 0 0 0 0 0 0 0 0 0 0 0 0 0 0 0 0 0 0 0 0 0 0 0 0 0 0 0 0 0 0 0 0 0 0 0 0 0 0 0 0 0 0 0 0 0 0 0 0 0 0 0 0 0 0 0 0 0 0
0.581015 0.000339738 0.000117952 0.000221786 0.652814 0.786581 0 0 0 0 0 0 0 0 0 0 0 0 0 0 0 0 0 0 0 0 0 0 0 0 0 0 0 0 0 0 0 0 0 0 0 0 0 0 0 0 0 0 0 0 0 0 0 0 0 0 0 0 0 0 0 0 0 0 0 0 0 0 0 0 0 0 0 0 0 0 0 0 0 0 0 0 0 0 0 0 0 0
0.610839 0.000339889 0.000117754 0.000222135 0.653551 0.785677 0 0 0 0 0 0 0 0 0 0 0 0 0 0 0 0 0 0 0 0 0 0 0 0 0 0 0 0 0 0 0 0 0 0 0 0 0 0 0 0 0 0 0 0 0 0 0 0 0 0 0 0 0 0 0 0 0 0 0 0 0 0 0 0 0 0 0 0 0 0 0 0 0 0 0 0 0 0 0 0 0 0
0.642193 0.000340046 0.000117545 0.000222501 0.654326 0.784731 0 0 0 0 0 0 0 0 0 0 0 0 0 0 0 0 0 0 0 0 0 0 0 0 0 0 0 0 0 0 0 0 0 0 0 0 0 0 0 0 0 0 0 0 0 0 0 0 0 0 0 0 0 0 0 0 0 0 0 0 0 0 0 0 0 0 0 0 0 0 0 0 0 0 0 0 0 0 0 0 0 0
0.675157 0.000340211 0.000117256 0.000222955 0.655343 0.783465 0 0 0 0 0 0 0 0 0 0 0 0 0 0 0 0 0 0 0 0 0 0 0 0 0 0 0 0 0 0 0 0 0 0 0 0 0 0 0 0 0 0 0 0 0 0 0 0 0 0 0 0 0 0 0 0 0 0 0 0 0 0 0 0 0 0 0 0 0 0 0 0 0 0 0 0 0 0 0 0 0 0
0.709813 0.000340382 0.000116893 0.000223489 0.656582 0.781899 0 0 0 0 0 0 0 0 0 0 0 0 0 0 0 0 0 0 0 0 0 0 0 0 0 0 0 0 0 0 0 0 0 0 0 0 0 0 0 0 0 0 0 0 0 0 0 0 0 0 0 0 0 0 0 0 0 0 0 0 0 0 0 0 0 0 0 0 0 0 0 0 0 0 0 0 0 0 0 0 0 0
0.746248 0.000340561 0.000116495 0.000224065 0.65793 0.780179 0 0 0 0 0 0 0 0 0 0 0 0 0 0 0 0 0 0 0 0 0 0 0 0 0 0 0 0 0 0 0 0 0 0 0 0 0 0 0 0 0 0 0 0 0 0 0 0 0 0 0 0 0 0 0 0 0 0 0 0 0 0 0 0 0 0 0 0 0 0 0 0 0 0 0 0 0 0 0 0 0 0
0.784553 0.000340747 0.000116084 0.000224662 0.659324 0.778417 0 0 0 0 0 0 0 0 0 0 0 0 0 0 0 0 0 0 0 0 0 0 0 0 0 0 0 0 0 0 0 0 0 0 0 0 0 0 0 0 0 0 0 0 0 0 0 0 0 0 0 0 0 0 0 0 0 0 0 0 0 0 0 0 0 0 0 0 0 0 0 0 0 0 0 0 0 0 0 0 0 0
0.824824 0.000340939 0.000115664 0.000225276 0.66075 0.776604 0 0 0 0 0 0 0 0 0 0 0 0 0 0 0 0 0 0 0 0 0 0 0 0 0 0 0 0 0 0 0 0 0 0 0 0 0 0 0 0 0 0 0 0 0 0 0 0 0 0 0 0 0 0 0 0 0 0 0 0 0 0 0 0 0 0 0 0 0 0 0 0 0 0 0 0 0 0 0 0 0 0
0.867162 0.000341138 0.000115232 0.000225905 0.662211 0.774748 0 0 0 0 0 0 0 0 0 0 0 0 0 0 0 0 0 0 0 0 0 0 0 0 0 0 0 0 0 0 0 0 0 0 0 0 0 0 0 0 0 0 0 0 0 0 0 0 0 0 0 0 0 0 0 0 0 0 0 0 0 0 0 0 0 0 0 0 0 0 0 0 0 0 0 0 0 0 0 0 0 0
0.911674 0.000341344 0.0001148 0.000226544 0.663683 0.772884 0 0 0 0 0 0 0 0 0 0 0 0 0 0 0 0 0 0 0 0 0 0 0 0 0 0 0 0 0 0 0 0 0 0 0 0 0 0 0 0 0 0 0 0 0 0 0 0 0 0 0 0 0 0 0 0 0 0 0 0 0 0 0 0 0 0 0 0 0 0 0 0 0 0 0 0 0 0 0 0 0 0
0.95847 0.000341556 0.000114386 0.00022717 0.665102 0.771072 0 0 0 0 0 0 0 0 0 0 0 0 0 0 0 0 0 0 0 0 0 0 0 0 0 0 0 0 0 0 0 0 0 0 0 0 0 0 0 0 0 0 0 0 0 0 0 0 0 0 0 0 0 0 0 0 0 0 0 0 0 0 0 0 0 0 0 0 0 0 0 0 0 0 0 0 0 0 0 0 0 0
1.00767 0.000341775 0.00011397 0.000227805 0.666535 0.769252 0 0 0 0 0 0 0 0 0 0 0 0 0 0 0 0 0 0 0 0 0 0 0 0 0 0 0 0 0 0 0 0 0 0 0 0 0 0 0 0 0 0 0 0 0 0 0 0 0 0 0 0 0 0 0 0 0 0 0 0 0 0 0 0 0 0 0 0 0 0 0 0 0 0 0 0 0 0 0 0 0 0
1.05939 0.000342 0.000113588 0.000228412 0.667871 0.767543 0 0 0 0 0 0 0 0 0 0 0 0 0 0 0 0 0 0 0 0 0 0 0 0 0 0 0 0 0 0 0 0 0 0 0 0 0 0 0 0 0 0 0 0 0 0 0 0 0 0 0 0 0 0 0 0 0 0 0 0 0 0 0 0 0 0 0 0 0 0 0 0 0 0 0 0 0 0 0 0 0 0
1.11377 0.000342231 0.000113194 0.000229037 0.669247 0.765796 0 0 0 0 0 0 0 0 0 0 0 0 0 0 0 0 0 0 0 0 0 0 0 0 0 0 0 0 0 0 0 0 0 0 0 0 0 0 0 0 0 0 0 0 0 0 0 0 0 0 0 0 0 0 0 0 0 0 0 0 0 0 0 0 0 0 0 0 0 0 0 0 0 0 0 0 0 0 0 0 0 0
1.17094 0.000342471 0.00011283 0.000229641 0.670543 0.764154 0 0 0 0 0 0 0 0 0 0 0 0 0 0 0 0 0 0 0 0 0 0 0 0 0 0 0 0 0 0 0 0 0 0 0 0 0 0 0 0 0 0 0 0 0 0 0 0 0 0 0 0 0 0 0 0 0 0 0 0 0 0 0 0 0 0 0 0 0 0 0 0 0 0 0 0 0 0 0 0 0 0
1.23105 0.000342718 0.000112466 0.000230252 0.67184 0.762518 0 0 0 0 0 0 0 0 0 0 0 0 0 0 0 0 0 0 0 0 0 0 0 0 0 0 0 0 0 0 0 0 0 0 0 0 0 0 0 0 0 0 0 0 0 0 0 0 0 0 0 0 0 0 0 0 0 0 0 0 0 0 0 0 0 0 0 0 0 0 0 0 0 0 0 0 0 0 0 0 0 0
1.29424 0.000342976 0.000112066 0.00023091 0.673254 0.760753 0 0 0 0 0 0 0 0 0 0 0 0 0 0 0 0 0 0 0 0 0 0 0 0 0 0 0 0 0 0 0 0 0 0 0 0 0 0 0 0 0 0 0 0 0 0 0 0 0 0 0 0 0 0 0 0 0 0 0 0 0 0 0 0 0 0 0 0 0 0 0 0 0 0 0 0 0 0 0 0 0 0
1.36067 0.00034324 0.00011168 0.00023156 0.674631 0.759036 0 0 0 0 0 0 0 0 0 0 0 0 0 0 0 0 0 0 0 0 0 0 0 0 0 0 0 0 0 0 0 0 0 0 0 0 0 0 0 0 0 0 0 0 0 0 0 0 0 0 0 0 0 0 0 0 0 0 0 0 0 0 0 0 0 0 0 0 0 0 0 0 0 0 0 0 0 0 0 0 0 0
1.43051 0.00034351 0.000111318 0.000232192 0.675941 0.7574 0 0 0 0 0 0 0 0 0 0 0 0 0 0 0 0 0 0 0 0 0 0 0 0 0 0 0 0 0 0 0 0 0 0 0 0 0 0 0 0 0 0 0 0 0 0 0 0 0 0 0 0 0 0 0 0 0 0 0 0 0 0 0 0 0 0 0 0 0 0 0 0 0 0 0 0 0 0 0 0 0 0
1.50394 0.000343789 0.00011097 0.000232819 0.677214 0.755814 0 0 0 0 0 0 0 0 0 0 0 0 0 0 0 0 0 0 0 0 0 0 0 0 0 0 0 0 0 0 0 0 0 0 0 0 0 0 0 0 0 0 0 0 0 0 0 0 0 0 0 0 0 0 0 0 0 0 0 0 0 0 0 0 0 0 0 0 0 0 0 0 0 0 0 0 0 0 0 0 0 0
1.58114 0.000344078 0.000110608 0.000233469 0.678536 0.754182 0 0 0 0 0 0 0 0 0 0 0 0 0 0 0 0 0 0 0 0 0 0 0 0 0 0 0 0 0 0 0 0 0 0 0 0 0 0 0 0 0 0 0 0 0 0 0 0 0 0 0 0 0 0 0 0 0 0 0 0 0 0 0 0 0 0 0 0 0 0 0 0 0 0 0 0 0 0 0 0 0 0
1.6623 0.000344378 0.000110214 0.000234164 0.679962 0.752451 0 0 0 0 0 0 0 0 0 0 0 0 0 0 0 0 0 0 0 0 0 0 0 0 0 0 0 0 0 0 0 0 0 0 0 0 0 0 0 0 0 0 0 0 0 0 0 0 0 0 0 0 0 0 0 0 0 0 0 0 0 0 0 0 0 0 0 0 0 0 0 0 0 0 0 0 0 0 0 0 0 0
1.74763 0.000344685 0.000109815 0.000234871 0.681406 0.750698 0 0 0 0 0 0 0 0 0 0 0 0 0 0 0 0 0 0 0 0 0 0 0 0 0 0 0 0 0 0 0 0 0 0 0 0 0 0 0 0 0 0 0 0 0 0 0 0 0 0 0 0 0 0 0 0 0 0 0 0 0 0 0 0 0 0 0 0 0 0 0 0 0 0 0 0 0 0 0 0 0 0
1.83733 0.000345 0.00010943 0.000235569 0.68281 0.749 0 0 0 0 0 0 0 0 0 0 0 0 0 0 0 0 0 0 0 0 0 0 0 0 0 0 0 0 0 0 0 0 0 0 0 0 0 0 0 0 0 0 0 0 0 0 0 0 0 0 0 0 0 0 0 0 0 0 0 0 0 0 0 0 0 0 0 0 0 0 0 0 0 0 0 0 0 0 0 0 0 0
1.93164 0.000345323 0.000109048 0.000236276 0.684216 0.747312 0 0 0 0 0 0 0 0 0 0 0 0 0 0 0 0 0 0 0 0 0 0 0 0 0 0 0 0 0 0 0 0 0 0 0 0 0 0 0 0 0 0 0 0 0 0 0 0 0 0 0 0 0 0 0 0 0 0 0 0 0 0 0 0 0 0 0 0 0 0 0 0 0 0 0 0 0 0 0 0 0 0
2.03079 0.000345657 0.000108664 0.000236994 0.685632 0.745627 0 0 0 0 0 0 0 0 0 0 0 0 0 0 0 0 0 0 0 0 0 0 0 0 0 0 0 0 0 0 0 0 0 0 0 0 0 0 0 0 0 0 0 0 0 0 0 0 0 0 0 0 0 0 0 0 0 0 0 0 0 0 0 0 0 0 0 0 0 0 0 0 0 0 0 0 0 0 0 0 0 0
2.13503 0.000346 0.000108258 0.000237742 0.687117 0.743869 0 0 0 0 0 0 0 0 0 0 0 0 0 0 0 0 0 0 0 0 0 0 0 0 0 0 0 0 0 0 0 0 0 0 0 0 0 0 0 0 0 0 0 0 0 0 0 0 0 0 0 0 0 0 0 0 0 0 0 0 0 0 0 0 0 0 0 0 0 0 0 0 0 0 0 0 0 0 0 0 0 0
2.24463 0.00034635 0.000107857 0.000238493 0.688589 0.742144 0 0 0 0 0 0 0 0 0 0 0 0 0 0 0 0 0 0 0 0 0 0 0 0 0 0 0 0 0 0 0 0 0 0 0 0 0 0 0 0 0 0 0 0 0 0 0 0 0 0 0 0 0 0 0 0 0 0 0 0 0 0 0 0 0 0 0 0 0 0 0 0 0 0 0 0 0 0 0 0 0 0
2.35984 0.000346709 0.00010747 0.00023924 0.69003 0.740459 0 0 0 0 0 0 0 0 0 0 0 0 0 0 0 0 0 0 0 0 0 0 0 0 0 0 0 0 0 0 0 0 0 0 0 0 0 0 0 0 0 0 0 0 0 0 0 0 0 0 0 0 0 0 0 0 0 0 0 0 0 0 0 0 0 0 0 0 0 0 0 0 0 0 0 0 0 0 0 0 0 0
2.48097 0.000347077 0.000107088 0.00023999 0.691459 0.738808 0 0 0 0 0 0 0 0 0 0 0 0 0 0 0 0 0 0 0 0 0 0 0 0 0 0 0 0 0 0 0 0 0 0 0 0 0 0 0 0 0 0 0 0 0 0 0 0 0 0 0 0 0 0 0 0 0 0 0 0 0 0 0 0 0 0 0 0 0 0 0 0 0 0 0 0 0 0 0 0 0 0
2.60832 0.000347456 0.000106659 0.000240797 0.693029 0.737019 0 0 0 0 0 0 0 0 0 0 0 0 0 0 0 0 0 0 0 0 0 0 0 0 0 0 0 0 0 0 0 0 0 0 0 0 0 0 0 0 0 0 0 0 0 0 0 0 0 0 0 0 0 0 0 0 0 0 0 0 0 0 0 0 0 0 0 0 0 0 0 0 0 0 0 0 0 0 0 0 0 0
2.74221 0.000347842 0.000106216 0.000241627 0.694644 0.735199 0 0 0 0 0 0 0 0 0 0 0 0 0 0 0 0 0 0 0 0 0 0 0 0 0 0 0 0 0 0 0 0 0 0 0 0 0 0 0 0 0 0 0 0 0 0 0 0 0 0 0 0 0 0 0 0 0 0 0 0 0 0 0 0 0 0 0 0 0 0 0 0 0 0 0 0 0 0 0 0 0 0
2.88297 0.000348234 0.000105808 0.000242426 0.696158 0.733499 0 0 0 0 0 0 0 0 0 0 0 0 0 0 0 0 0 0 0 0 0 0 0 0 0 0 0 0 0 0 0 0 0 0 0 0 0 0 0 0 0 0 0 0 0 0 0 0 0 0 0 0 0 0 0 0 0 0 0 0 0 0 0 0 0 0 0 0 0 0 0 0 0 0 0 0 0 0 0 0 0 0
3.03095 0.00034863 0.000105393 0.000243237 0.697694 0.731793 0 0 0 0 0 0 0 0 0 0 0 0 0 0 0 0 0 0 0 0 0 0 0 0 0 0 0 0 0 0 0 0 0 0 0 0 0 0 0 0 0 0 0 0 0 0 0 0 0 0 0 0 0 0 0 0 0 0 0 0 0 0 0 0 0 0 0 0 0 0 0 0 0 0 0 0 0 0 0 0 0 0
3.18653 0.000349037 0.000104968 0.00024407 0.699265 0.730068 0 0 0 0 0 0 0 0 0 0 0 0 0 0 0 0 0 0 0 0 0 0 0 0 0 0 0 0 0 0 0 0 0 0 0 0 0 0 0 0 0 0 0 0 0 0 0 0 0 0 0 0 0 0 0 0 0 0 0 0 0 0 0 0 0 0 0 0 0 0 0 0 0 0 0 0 0 0 0 0 0 0
3.35009 0.00034945 0.000104539 0.000244911 0.700848 0.728346 0 0 0 0 0 0 0 0 0 0 0 0 0 0 0 0 0 0 0 0 0 0 0 0 0 0 0 0 0 0 0 0 0 0 0 0 0 0 0 0 0 0 0 0 0 0 0 0 0 0 0 0 0 0 0 0 0 0 0 0 0 0 0 0 0 0 0 0 0 0 0 0 0 0 0 0 0 0 0 0 0 0
3.52205 0.000349865 0.000104118 0.000245746 0.702404 0.726662 0 0 0 0 0 0 0 0 0 0 0 0 0 0 0 0 0 0 0 0 0 0 0 0 0 0 0 0 0 0 0 0 0 0 0 0 0 0 0 0 0 0 0 0 0 0 0 0 0 0 0 0 0 0 0 0 0 0 0 0 0 0 0 0 0 0 0 0 0 0 0 0 0 0 0 0 0 0 0 0 0 0
3.70284 0.000350298 0.000103702 0.000246595 0.703959 0.725016 0 0 0 0 0 0 0 0 0 0 0 0 0 0 0 0 0 0 0 0 0 0 0 0 0 0 0 0 0 0 0 0 0 0 0 0 0 0 0 0 0 0 0 0 0 0 0 0 0 0 0 0 0 0 0 0 0 0 0 0 0 0 0 0 0 0 0 0 0 0 0 0 0 0 0 0 0 0 0 0 0 0
3.89291 0.000350726 0.0001033 0.000247426 0.705467 0.723421 0 0 0 0 0 0 0 0 0 0 0 0 0 0 0 0 0 0 0 0 0 0 0 0 0 0 0 0 0 0 0 0 0 0 0 0 0 0 0 0 0 0 0 0 0 0 0 0 0 0 0 0 0 0 0 0 0 0 0 0 0 0 0 0 0 0 0 0 0 0 0 0 0 0 0 0 0 0 0 0 0 0
4.09273 0.000351165 0.00010287 0.000248295 0.707061 0.721774 0 0 0 0 0 0 0 0 0 0 0 0 0 0 0 0 0 0 0 0 0 0 0 0 0 0 0 0 0 0 0 0 0 0 0 0 0 0 0 0 0 0 0 0 0 0 0 0 0 0 0 0 0 0 0 0 0 0 0 0 0 0 0 0 0 0 0 0 0 0 0 0 0 0 0 0 0 0 0 0 0 0
4.30281 0.000351602 0.000102437 0.000249165 0.708656 0.720138 0 0 0 0 0 0 0 0 0 0 0 0 0 0 0 0 0 0 0 0 0 0 0 0 0 0 0 0 0 0 0 0 0 0 0 0 0 0 0 0 0 0 0 0 0 0 0 0 0 0 0 0 0 0 0 0 0 0 0 0 0 0 0 0 0 0 0 0 0 0 0 0 0 0 0 0 0 0 0 0 0 0
4.52368 0.000352064 0.000102003 0.000250061 0.710272 0.718529 0 0 0 0 0 0 0 0 0 0 0 0 0 0 0 0 0 0 0 0 0 0 0 0 0 0 0 0 0 0 0 0 0 0 0 0 0 0 0 0 0 0 0 0 0 0 0 0 0 0 0 0 0 0 0 0 0 0 0 0 0 0 0 0 0 0 0 0 0 0 0 0 0 0 0 0 0 0 0 0 0 0
4.75588 0.000352517 0.000101569 0.000250948 0.711876 0.716931 0 0 0 0 0 0 0 0 0 0 0 0 0 0 0 0 0 0 0 0 0 0 0 0 0 0 0 0 0 0 0 0 0 0 0 0 0 0 0 0 0 0 0 0 0 0 0 0 0 0 0 0 0 0 0 0 0 0 0 0 0 0 0 0 0 0 0 0 0 0 0 0 0 0 0 0 0 0 0 0 0 0
5 0.000352988 0.00010113 0.000251858 0.713504 0.715359 0 0 0 0 0 0 0 0 0 0 0 0 0 0 0 0 0 0 0 0 0 0 0 0 0 0 0 0 0 0 0 0 0 0 0 0 0 0 0 0 0 0 0 0 0 0 0 0 0 0 0 0 0 0 0 0 0 0 0 0 0 0 0 0 0 0 0 0 0 0 0 0 0 0 0 0 0 0 0 0 0 0
5.25665 0.000353478 0.000100649 0.000252829 0.715261 0.713724 0 0 0 0 0 0 0 0 0 0 0 0 0 0 0 0 0 0 0 0 0 0 0 0 0 0 0 0 0 0 0 0 0 0 0 0 0 0 0 0 0 0 0 0 0 0 0 0 0 0 0 0 0 0 0 0 0 0 0 0 0 0 0 0 0 0 0 0 0 0 0 0 0 0 0 0 0 0 0 0 0 0
5.52648 0.000353914 0.000100162 0.000253752 0.716987 0.712063 0 0 0 0 0 0 0 0 0 0 0 0 0 0 0 0 0 0 0 0 0 0 0 0 0 0 0 0 0 0 0 0 0 0 0 0 0 0 0 0 0 0 0 0 0 0 0 0 0 0 0 0 0 0 0 0 0 0 0 0 0 0 0 0 0 0 0 0 0 0 0 0 0 0 0 0 0 0 0 0 0 0
5.81015 0.000354394 9.96976e-05 0.000254696 0.718681 0.710521 0 0 0 0 0 0 0 0 0 0 0 0 0 0 0 0 0 0 0 0 0 0 0 0 0 0 0 0 0 0 0 0 0 0 0 0 0 0 0 0 0 0 0 0 0 0 0 0 0 0 0 0 0 0 0 0 0 0 0 0 0 0 0 0 0 0 0 0 0 0 0 0 0 0 0 0 0 0 0 0 0 0
6.10839 0.000354862 9.92321e-05 0.00025563 0.720364 0.708983 0 0 0 0 0 0 0 0 0 0 0 0 0 0 0 0 0 0 0 0 0 0 0 0 0 0 0 0 0 0 0 0 0 0 0 0 0 0 0 0 0 0 0 0 0 0 0 0 0 0 0 0 0 0 0 0 0 0 0 0 0 0 0 0 0 0 0 0 0 0 0 0 0 0 0 0 0 0 0 0 0 0
6.42193 0.00035531 9.8799e-05 0.000256511 0.721936 0.707542 0 0 0 0 0 0 0 0 0 0 0 0 0 0 0 0 0 0 0 0 0 0 0 0 0 0 0 0 0 0 0 0 0 0 0 0 0 0 0 0 0 0 0 0 0 0 0 0 0 0 0 0 0 0 0 0 0 0 0 0 0 0 0 0 0 0 0 0 0 0 0 0 0 0 0 0 0 0 0 0 0 0
6.75157 0.000355763 9.83297e-05 0.000257433 0.723609 0.706047 0 0 0 0 0 0 0 0 0 0 0 0 0 0 0 0 0 0 0 0 0 0 0 0 0 0 0 0 0 0 0 0 0 0 0 0 0 0 0 0 0 0 0 0 0 0 0 0 0 0 0 0 0 0 0 0 0 0 0 0 0 0 0 0 0 0 0 0 0 0 0 0 0 0 0 0 0 0 0 0 0 0
7.09813 0.000356344 9.78723e-05 0.000258472 0.725343 0.704671 0 0 0 0 0 0 0 0 0 0 0 0 0 0 0 0 0 0 0 0 0 0 0 0 0 0 0 0 0 0 0 0 0 0 0 0 0 0 0 0 0 0 0 0 0 0 0 0 0 0 0 0 0 0 0 0 0 0 0 0 0 0 0 0 0 0 0 0 0 0 0 0 0 0 0 0 0 0 0 0 0 0
7.46248 0.000356811 9.74348e-05 0.000259376 0.726929 0.703312 0 0 0 0 0 0 0 0 0 0 0 0 0 0 0 0 0 0 0 0 0 0 0 0 0 0 0 0 0 0 0 0 0 0 0 0 0 0 0 0 0 0 0 0 0 0 0 0 0 0 0 0 0 0 0 0 0 0 0 0 0 0 0 0 0 0 0 0 0 0 0 0 0 0 0 0 0 0 0 0 0 0
7.84553 0.000357197 9.69963e-05 0.000260201 0.728452 0.701939 0 0 0 0 0 0 0 0 0 0 0 0 0 0 0 0 0 0 0 0 0 0 0 0 0 0 0 0 0 0 0 0 0 0 0 0 0 0 0 0 0 0 0 0 0 0 0 0 0 0 0 0 0 0 0 0 0 0 0 0 0 0 0 0 0 0 0 0 0 0 0 0 0 0 0 0 0 0 0 0 0 0
8.24824 0.000357682 9.65041e-05 0.000261178 0.730196 0.70054 0 0 0 0 0 0 0 0 0 0 0 0 0 0 0 0 0 0 0 0 0 0 0 0 0 0 0 0 0 0 0 0 0 0 0 0 0 0 0 0 0 0 0 0 0 0 0 0 0 0 0 0 0 0 0 0 0 0 0 0 0 0 0 0 0 0 0 0 0 0 0 0 0 0 0 0 0 0 0 0 0 0
8.67162 0.000358197 9.60302e-05 0.000262167 0.731907 0.699237 0 0 0 0 0 0 0 0 0 0 0 0 0 0 0 0 0 0 0 0 0 0 0 0 0 0 0 0 0 0 0 0 0 0 0 0 0 0 0 0 0 0 0 0 0 0 0 0 0 0 0 0 0 0 0 0 0 0 0 0 0 0 0 0 0 0 0 0 0 0 0 0 0 0 0 0 0 0 0 0 0 0
9.11674 0.000358758 9.55853e-05 0.000263173 0.733566 0.698054 0 0 0 0 0 0 0 0 0 0 0 0 0 0 0 0 0 0 0 0 0 0 0 0 0 0 0 0 0 0 0 0 0 0 0 0 0 0 0 0 0 0 0 0 0 0 0 0 0 0 0 0 0 0 0 0 0 0 0 0 0 0 0 0 0 0 0 0 0 0 0 0 0 0 0 0 0 0 0 0 0 0
9.5847 0.000359262 9.51864e-05 0.000264075 0.73505 0.696976 0 0 0 0 0 0 0 0 0 0 0 0 0 0 0 0 0 0 0 0 0 0 0 0 0 0 0 0 0 0 0 0 0 0 0 0 0 0 0 0 0 0 0 0 0 0 0 0 0 0 0 0 0 0 0 0 0 0 0 0 0 0 0 0 0 0 0 0 0 0 0 0 0 0 0 0 0 0 0 0 0 0
10.0767 0.000359753 9.48062e-05 0.000264946 0.736468 0.69595 0 0 0 0 0 0 0 0 0 0 0 0 0 0 0 0 0 0 0 0 0 0 0 0 0 0 0 0 0 0 0 0 0 0 0 0 0 0 0 0 0 0 0 0 0 0 0 0 0 0 0 0 0 0 0 0 0 0 0 0 0 0 0 0 0 0 0 0 0 0 0 0 0 0 0 0 0 0 0 0 0 0
10.5939 0.000360264 9.44266e-05 0.000265837 0.737896 0.695007 0 0 0 0 0 0 0 0 0 0 0 0 0 0 0 0 0 0 0 0 0 0 0 0 0 0 0 0 0 0 0 0 0 0 0 0 0 0 0 0 0 0 0 0 0 0 0 0 0 0 0 0 0 0 0 0 0 0 0 0 0 0 0 0 0 0 0 0 0 0 0 0 0 0 0 0 0 0 0 0 0 0
11.1377 0.000360787 9.41178e-05 0.000266669 0.739132 0.6944 0 0 0 0 0 0 0 0 0 0 0 0 0 0 0 0 0 0 0 0 0 0 0 0 0 0 0 0 0 0 0 0 0 0 0 0 0 0 0 0 0 0 0 0 0 0 0 0 0 0 0 0 0 0 0 0 0 0 0 0 0 0 0 0 0 0 0 0 0 0 0 0 0 0 0 0 0 0 0 0 0 0
11.7094 0.000361235 9.32842e-05 0.000267951 0.741763 0.691471 0 0 0 0 0 0 0 0 0 0 0 0 0 0 0 0 0 0 0 0 0 0 0 0 0 0 0 0 0 0 0 0 0 0 0 0 0 0 0 0 0 0 0 0 0 0 0 0 0 0 0 0 0 0 0 0 0 0 0 0 0 0 0 0 0 0 0 0 0 0 0 0 0 0 0 0 0 0 0 0 0 0
12.3105 0.000361784 9.31527e-05 0.000268631 0.742518 0.691731 0 0 0 0 0 0 0 0 0 0 0 0 0 0 0 0 0 0 0 0 0 0 0 0 0 0 0 0 0 0 0 0 0 0 0 0 0 0 0 0 0 0 0 0 0 0 0 0 0 0 0 0 0 0 0 0 0 0 0 0 0 0 0 0 0 0 0 0 0 0 0 0 0 0 0 0 0 0 0 0 0 0
12.9424 0.000362327 9.26797e-05 0.000269647 0.74421 0.690839 0 0 0 0 0 0 0 0 0 0 0 0 0 0 0 0 0 0 0 0 0 0 0 0 0 0 0 0 0 0 0 0 0 0 0 0 0 0 0 0 0 0 0 0 0 0 0 0 0 0 0 0 0 0 0 0 0 0 0 0 0 0 0 0 0 0 0 0 0 0 0 0 0 0 0 0 0 0 0 0 0 0
13.6067 0.000362827 9.22202e-05 0.000270607 0.745829 0.689959 0 0 0 0 0 0 0 0 0 0 0 0 0 0 0 0 0 0 0 0 0 0 0 0 0 0 0 0 0 0 0 0 0 0 0 0 0 0 0 0 0 0 0 0 0 0 0 0 0 0 0 0 0 0 0 0 0 0 0 0 0 0 0 0 0 0 0 0 0 0 0 0 0 0 1.4013e-45 0 2.8026e-45 0 4.2039e-45 0 8.40779e-45 0
14.3051 0.000363302 9.18076e-05 0.000271495 0.747297 0.689194 0 0 0 0 0 0 0 0 0 0 0 0 0 0 0 0 0 0 0 0 0 0 0 0 0 0 0 0 0 0 0 0 0 0 0 0 0 0 0 0 0 0 0 0 0 0 0 0 0 0 0 0 0 0 0 0 0 0 0 0 1.4013e-45 0 2.8026e-45 0 7.00649e-45 0 1.4013e-44 0 3.08286e-44 0 6.30584e-44 0 1.28919e-43 0 2.4803e-43 0 4.76441e-43 0 8.78614e-43 0 1.66194e-42 0
15.0394 0.000363786 9.14235e-05 0.000272362 0.748689 0.688503 0 0 0 0 0 0 0 0 0 0 0 0 0 0 0 0 0 0 0 0 0 0 0 0 0 0 0 0 0 0 0 0 0 0 0 0 0 0 0 0 0 0 0 0 0 0 0 0 1.4013e-45 0 2.8026e-45 0 8.40779e-45 0 2.10195e-44 0 5.04467e-44 0 1.1911e-43 0 2.84464e-43 0 6.24979e-43 0 1.35926e-42 0 2.82222e-42 0 5.80278e-42 0 1.1429e-41 0 2.23199e-41 0 4.18246e-41 0 7.77945e-41 0 1.39108e-40 0 2.55122e-40 0
15.8114 0.000364293 9.10803e-05 0.000273213 0.749981 0.687936 0 0 0 0 0 0 0 0 0 0 0 0 0 0 0 0 0 0 0 0 0 0 0 0 0 0 0 0 0 0 0 0 0 0 0 0 0 0 0 0 2.8026e-45 0 8.40779e-45 0 2.66247e-44 0 8.12753e-44 0 2.2701e-43 0 6.23578e-43 0 1.56945e-42 0 3.8844e-42 0 9.14487e-42 0 2.05066e-41 0 4.70164e-41 0 9.9453e-41 0 2.08136e-40 0 4.17126e-40 0 8.28204e-40 0 1.5781e-39 0 2.98262e-39 0 5.42038e-39 0 9.78113e-39 0 1.70009e-38 0 3.02695e-38 0
16.623 0.000364782 9.07042e-05 0.000274078 0.751347 0.687364 0 0 0 0 0 0 0 0 0 0 0 0 0 0 0 0 0 0 0 0 0 0 0 0 0 0 0 0 0 0 0 0 2.8026e-45 0 9.80909e-45 0 4.06377e-44 0 1.47136e-43 0 5.1848e-43 0 1.65493e-42 0 4.95639e-42 0 1.3999e-41 0 3.7388e-41 0 9.80531e-41 0 2.3569e-40 0 5.58239e-40 0 1.26022e-39 0 2.71685e-39 0 5.98162e-39 0 1.21983e-38 0 2.46246e-38 0 4.77033e-38 0 9.15959e-38 0 1.69123e-37 0 3.09862e-37 0 5.46931e-37 0 9.58906e-37 0 1.62232e-36 0 2.80827e-36 0
17.4762 0.000365234 9.02919e-05 0.000274942 0.752784 0.686769 0 0 0 0 0 0 0 0 0 0 0 0 0 0 0 0 0 0 0 0 0 0 0 0 0 0 2.8026e-45 0 1.82169e-44 0 9.3887e-44 0 4.34403e-43 0 1.86653e-42 0 7.127e-42 0 2.44036e-41 0 8.12319e-41 0 2.44663e-40 0 6.94769e-40 0 1.86549e-39 0 4.74871e-39 0 1.18813e-38 0 2.73622e-38 0 6.21364e-38 0 1.34805e-37 0 2.79922e-37 0 5.93002e-37 0 1.16795e-36 0 2.27825e-36 0 4.27326e-36 0 7.94792e-36 0 1.42422e-35 0 2.5334e-35 0 4.34931e-35 0 7.41922e-35 0 1.2234e-34 0 2.06175e-34 0
18.3733 0.000365646 8.98611e-05 0.000275784 0.75424 0.686191 0 0 0 0 0 0 0 0 0 0 0 0 0 0 0 0 0 0 0 0 1.4013e-45 0 9.80909e-45 0 8.12753e-44 0 5.49309e-43 0 3.20757e-42 0 1.56945e-41 0 6.7813e-41 0 2.70942e-40 0 9.69162e-40 0 3.12507e-39 0 9.80919e-39 0 2.7996e-38 0 7.55505e-38 0 1.93307e-37 0 4.70129e-37 0 1.12476e-36 0 2.48689e-36 0 5.42577e-36 0 1.13344e-35 0 2.2711e-35 0 4.63808e-35 0 8.8376e-35 0 1.66857e-34 0 3.03504e-34 0 5.47648e-34 0 9.53796e-34 0 1.64957e-33 0 2.75821e-33 0 4.58396e-33 0 7.37645e-33 0 1.21184e-32 0
19.3164 0.000365988 8.93147e-05 0.000276673 0.755963 0.685398 0 0 0 0 0 0 0 0 0 0 0 0 0 0 0 0 1.4013e-45 0 1.54143e-44 0 1.93379e-43 0 1.88194e-42 0 1.35281e-41 0 8.34557e-41 0 4.47229e-40 0 2.02554e-39 0 8.14813e-39 0 3.04263e-38 0 1.02269e-37 0 3.11445e-37 0 9.24486e-37 0 2.50683e-36 0 6.44492e-36 0 1.57509e-35 0 3.66802e-35 0 8.40965e-35 0 1.78875e-34 0 3.75676e-34 0 7.5706e-34 0 1.46633e-33 0 2.89196e-33 0 5.33971e-33 0 9.77351e-33 0 1.72658e-32 0 3.02697e-32 0 5.13094e-32 0 8.63966e-32 0 1.40881e-31 0 2.284e-31 0 3.59099e-31 0 5.75821e-31 0
20.3079 0.000366169 8.84549e-05 0.000277714 0.758431 0.684064 0 0 0 0 0 0 0 0 0 0 0 0 0 0 7.00649e-45 0 1.77965e-43 0 2.77597e-42 0 3.04418e-41 0 2.65117e-40 0 1.73056e-39 0 9.76799e-39 0 4.82265e-38 0 2.02893e-37 0 7.62552e-37 0 2.67008e-36 0 8.45888e-36 0 2.43971e-35 0 6.86731e-35 0 1.77362e-34 0 4.35441e-34 0 1.01876e-33 0 2.27652e-33 0 5.01215e-33 0 1.02753e-32 0 2.08124e-32 0 4.05304e-32 0 7.60089e-32 0 1.45019e-31 0 2.59864e-31 0 4.61808e-31 0 7.93471e-31 0 1.35347e-30 0 2.23588e-30 0 3.67027e-30 0 5.84369e-30 0 9.25303e-30 0 1.42301e-29 0 2.22981e-29 0
21.3503 0.000366182 8.74631e-05 0.000278719 0.761149 0.682293 0 0 0 0 0 0 0 0 0 0 0 0 3.92364e-44 0 1.39429e-42 0 2.77583e-41 0 3.78281e-40 0 3.68987e-39 0 2.8912e-38 0 1.72205e-37 0 8.93239e-37 0 4.07934e-36 0 1.59995e-35 0 5.63682e-35 0 1.85659e-34 0 5.55974e-34 0 1.52272e-33 0 4.07496e-33 0 1.0048e-32 0 2.36104e-32 0 5.29932e-32 0 1.1386e-31 0 2.41207e-31 0 4.77461e-31 0 9.3433e-31 0 1.76127e-30 0 3.20315e-30 0 5.92159e-30 0 1.03132e-29 0 1.78203e-29 0 2.98201e-29 0 4.95567e-29 0 7.98838e-29 0 1.27997e-28 0 1.99217e-28 0 3.08445e-28 0 4.6449e-28 0 7.12054e-28 0
22.4463 0.0003661 8.62323e-05 0.000279868 0.764457 0.67973 0 0 0 0 0 0 0 0 0 0 9.94922e-44 0 6.43196e-42 0 1.93456e-40 0 3.32726e-39 0 3.99127e-38 0 3.48347e-37 0 2.46846e-36 0 1.34759e-35 0 6.45021e-35 0 2.73521e-34 0 1.00353e-33 0 3.32471e-33 0 1.03314e-32 0 2.93253e-32 0 7.64615e-32 0 1.95018e-31 0 4.60142e-31 0 1.03706e-30 0 2.23757e-30 0 4.63139e-30 0 9.45828e-30 0 1.81084e-29 0 3.42932e-29 0 6.26747e-29 0 1.10703e-28 0 1.98606e-28 0 3.36653e-28 0 5.66382e-28 0 9.2424e-28 0 1.49833e-27 0 2.35961e-27 0 3.69475e-27 0 5.62771e-27 0 8.52931e-27 0 1.25902e-26 0 1.89021e-26 0
23.5984 0.000366062 8.46113e-05 0.000281451 0.768861 0.675798 0 0 0 0 0 0 0 0 9.80909e-44 0 1.54633e-41 0 8.13518e-40 0 2.07206e-38 0 3.10158e-37 0 3.29553e-36 0 2.58755e-35 0 1.66641e-34 0 8.37382e-34 0 3.71312e-33 0 1.46731e-32 0 5.0524e-32 0 1.57879e-31 0 4.64183e-31 0 1.25213e-30 0 3.11551e-30 0 7.59116e-30 0 1.7176e-29 0 3.72051e-29 0 7.73163e-29 0 1.54447e-28 0 3.04608e-28 0 5.64986e-28 0 1.03711e-27 0 1.84044e-27 0 3.16176e-27 0 5.51273e-27 0 9.10683e-27 0 1.4937e-26 0 2.37988e-26 0 3.7682e-26 0 5.80412e-26 0 8.89146e-26 0 1.32677e-25 0 1.97044e-25 0 2.8538e-25 0 4.20034e-25 0
24.8097 0.000366265 8.23953e-05 0.000283869 0.775039 0.669794 0 0 0 0 0 0 2.38221e-44 0 1.49098e-41 0 1.83535e-39 0 7.95678e-38 0 1.73031e-36 0 2.26949e-35 0 2.14862e-34 0 1.52555e-33 0 8.97072e-33 0 4.16617e-32 0 1.7178e-31 0 6.34772e-31 0 2.05767e-30 0 6.08194e-30 0 1.69645e-29 0 4.35972e-29 0 1.03755e-28 0 2.4205e-28 0 5.26268e-28 0 1.09773e-27 0 2.20118e-27 0 4.25102e-27 0 8.11059e-27 0 1.45966e-26 0 2.60111e-26 0 4.48843e-26 0 7.50975e-26 0 1.27431e-25 0 2.05415e-25 0 3.28879e-25 0 5.12215e-25 0 7.93025e-25 0 1.196e-24 0 1.79441e-24 0 2.62579e-24 0 3.82507e-24 0 5.44058e-24 0 7.85799e-24 0
26.0832 0.000366902 7.9874e-05 0.000287028 0.782302 0.661588 0 0 0 0 0 0 3.75828e-42 0 1.74105e-39 0 1.69432e-37 0 6.11069e-36 0 1.14335e-34 0 1.32254e-33 0 1.12196e-32 0 7.23906e-32 0 3.90407e-31 0 1.68215e-30 0 6.47235e-30 0 2.24385e-29 0 6.86774e-29 0 1.92531e-28 0 5.10796e-28 0 1.25358e-27 0 2.8597e-27 0 6.40107e-27 0 1.33994e-26 0 2.69641e-26 0 5.22628e-26 0 9.77404e-26 0 1.80691e-25 0 3.1599e-25 0 5.47433e-25 0 9.19811e-25 0 1.50078e-24 0 2.48173e-24 0 3.9083e-24 0 6.11521e-24 0 9.32035e-24 0 1.41253e-23 0 2.08799e-23 0 3.07128e-23 0 4.41148e-23 0 6.30938e-23 0 8.82109e-23 0 1.25139e-22 0
27.4221 0.000367926 7.722e-05 0.000290705 0.79012 0.652129 0 0 0 0 7.00649e-44 0 4.61788e-40 0 1.58513e-37 0 1.23361e-35 0 3.73465e-34 0 6.05663e-33 0 6.21653e-32 0 4.75095e-31 0 2.79867e-30 0 1.39013e-29 0 5.5774e-29 0 2.00936e-28 0 6.55582e-28 0 1.89989e-27 0 5.06474e-27 0 1.28119e-26 0 3.00942e-26 0 6.59421e-26 0 1.41909e-25 0 2.86536e-25 0 5.57252e-25 0 1.04575e-24 0 1.89685e-24 0 3.40303e-24 0 5.79097e-24 0 9.76691e-24 0 1.6e-23 0 2.54893e-23 0 4.11274e-23 0 6.33482e-23 0 9.69763e-23 0 1.44794e-22 0 2.15031e-22 0 3.11849e-22 0 4.50145e-22 0 6.35242e-22 0 8.928e-22 0 1.22796e-21 0 1.71254e-21 0
28.8297 0.000369433 7.4702e-05 0.000294731 0.797793 0.641807 0 0 0 0 1.02561e-41 0 4.4268e-38 0 1.14265e-35 0 7.18945e-34 0 1.8427e-32 0 2.60831e-31 0 2.38946e-30 0 1.65352e-29 0 8.93259e-29 0 4.10294e-28 0 1.5382e-27 0 5.20548e-27 0 1.60308e-26 0 4.41057e-26 0 1.12081e-25 0 2.70964e-25 0 6.10482e-25 0 1.28742e-24 0 2.6688e-24 0 5.20697e-24 0 9.8029e-24 0 1.78394e-23 0 3.14313e-23 0 5.48026e-23 0 9.08688e-23 0 1.49395e-22 0 2.3891e-22 0 3.72047e-22 0 5.86445e-22 0 8.84444e-22 0 1.32609e-21 0 1.94159e-21 0 2.82828e-21 0 4.02795e-21 0 5.71096e-21 0 7.92487e-21 0 1.09544e-20 0 1.48341e-20 0 2.03547e-20 0
30.3095 0.000371232 7.22794e-05 0.000298953 0.805299 0.631409 0 0 0 0 1.16797e-39 0 3.35006e-36 0 6.59359e-34 0 3.38907e-32 0 7.41408e-31 0 9.22084e-30 0 7.58134e-29 0 4.7735e-28 0 2.37487e-27 0 1.01258e-26 0 3.55898e-26 0 1.13481e-25 0 3.30803e-25 0 8.6626e-25 0 2.10335e-24 0 4.87048e-24 0 1.05465e-23 0 2.14454e-23 0 4.29016e-23 0 8.1016e-23 0 1.47885e-22 0 2.6137e-22 0 4.47947e-22 0 7.60113e-22 0 1.22962e-21 0 1.9731e-21 0 3.08384e-21 0 4.69963e-21 0 7.24508e-21 0 1.07096e-20 0 1.5743e-20 0 2.2625e-20 0 3.23577e-20 0 4.52941e-20 0 6.31341e-20 0 8.62184e-20 0 1.1731e-19 0 1.56522e-19 0 2.11481e-19 0
31.8653 0.000373246 7.02864e-05 0.00030296 0.811689 0.621952 0 0 6.30584e-44 0 1.04627e-37 0 2.03447e-34 0 3.09395e-32 0 1.31201e-30 0 2.46882e-29 0 2.71491e-28 0 2.01399e-27 0 1.15913e-26 0 5.33231e-26 0 2.11815e-25 0 7.00164e-25 0 2.10965e-24 0 5.83673e-24 0 1.45827e-23 0 3.3907e-23 0 7.53609e-23 0 1.57145e-22 0 3.08658e-22 0 5.96917e-22 0 1.09277e-21 0 1.93698e-21 0 3.3295e-21 0 5.55811e-21 0 9.19106e-21 0 1.45231e-20 0 2.27725e-20 0 3.48245e-20 0 5.19903e-20 0 7.84737e-20 0 1.13807e-19 0 1.64177e-19 0 2.31806e-19 0 3.25781e-19 0 4.486e-19 0 6.15233e-19 0 8.27499e-19 0 1.1091e-18 0 1.45915e-18 0 1.94273e-18 0
33.5009 0.000375453 6.83462e-05 0.000307106 0.817963 0.612879 0 0 9.04118e-42 0 7.42379e-36 0 9.97373e-33 0 1.18682e-30 0 4.1913e-29 0 6.83399e-28 0 6.68499e-27 0 4.49688e-26 0 2.37617e-25 0 1.01461e-24 0 3.76785e-24 0 1.17486e-23 0 3.35435e-23 0 8.83059e-23 0 2.1098e-22 0 4.70762e-22 0 1.00629e-21 0 2.0244e-21 0 3.84733e-21 0 7.2046e-21 0 1.28057e-20 0 2.2073e-20 0 3.69514e-20 0 6.01606e-20 0 9.70702e-20 0 1.49995e-19 0 2.30087e-19 0 3.44635e-19 0 5.04545e-19 0 7.464e-19 0 1.063e-18 0 1.50629e-18 0 2.09125e-18 0 2.89062e-18 0 3.91868e-18 0 5.29204e-18 0 7.01562e-18 0 9.26958e-18 0 1.20329e-17 0 1.57985e-17 0
35.2205 0.000377585 6.69968e-05 0.000310588 0.822565 0.605551 0 0 1.00737e-39 0 4.25434e-34 0 4.02098e-31 0 3.78898e-29 0 1.12437e-27 0 1.59972e-26 0 1.39995e-25 0 8.5804e-25 0 4.18e-24 0 1.66272e-23 0 5.79151e-23 0 1.70832e-22 0 4.63392e-22 0 1.1636e-21 0 2.66433e-21 0 5.7165e-21 0 1.17745e-20 0 2.28926e-20 0 4.21641e-20 0 7.65759e-20 0 1.3234e-19 0 2.22127e-19 0 3.62615e-19 0 5.76491e-19 0 9.08703e-19 0 1.37463e-18 0 2.06504e-18 0 3.03269e-18 0 4.35799e-18 0 6.32492e-18 0 8.85359e-18 0 1.2334e-17 0 1.68517e-17 0 2.29279e-17 0 3.0624e-17 0 4.07544e-17 0 5.32892e-17 0 6.94585e-17 0 8.90235e-17 0 1.15339e-16 0
37.0284 0.000379749 6.56225e-05 0.000314126 0.827195 0.598652 6.86636e-44 0 8.7932e-38 0 1.97299e-32 0 1.33459e-29 0 1.00728e-27 0 2.53309e-26 0 3.16581e-25 0 2.49206e-24 0 1.398e-23 0 6.3038e-23 0 2.34405e-22 0 7.68209e-22 0 2.14942e-21 0 5.55316e-21 0 1.33313e-20 0 2.93151e-20 0 6.05964e-20 0 1.20487e-19 0 2.26773e-19 0 4.05405e-19 0 7.1513e-19 0 1.20333e-18 0 1.96931e-18 0 3.13882e-18 0 4.87845e-18 0 7.52077e-18 0 1.11493e-17 0 1.64196e-17 0 2.36654e-17 0 3.34106e-17 0 4.76162e-17 0 6.55673e-17 0 8.98756e-17 0 1.20938e-16 0 1.6209e-16 0 2.1346e-16 0 2.80136e-16 0 3.61533e-16 0 4.65174e-16 0 5.89023e-16 0 7.53549e-16 0
38.9291 0.000381686 6.44666e-05 0.00031722 0.831101 0.592781 9.41673e-42 0 6.10767e-36 0 7.50926e-31 0 3.6952e-28 0 2.25818e-26 0 4.85155e-25 0 5.35997e-24 0 3.81493e-23 0 1.9673e-22 0 8.24192e-22 0 2.87439e-21 0 8.88973e-21 0 2.36545e-20 0 5.83454e-20 0 1.34206e-19 0 2.83975e-19 0 5.6655e-19 0 1.08932e-18 0 1.98793e-18 0 3.45445e-18 0 5.92708e-18 0 9.72309e-18 0 1.55342e-17 0 2.42024e-17 0 3.68149e-17 0 5.55681e-17 0 8.08099e-17 0 1.1678e-16 0 1.65337e-16 0 2.29524e-16 0 3.21504e-16 0 4.35848e-16 0 5.88306e-16 0 7.80244e-16 0 1.03089e-15 0 1.33948e-15 0 1.7347e-15 0 2.21103e-15 0 2.81007e-15 0 3.51746e-15 0 4.44616e-15 0
40.9273 0.00038337 6.32798e-05 0.00032009 0.834938 0.587311 1.00799e-39 0 3.40133e-34 0 2.35978e-29 0 8.57976e-27 0 4.28934e-25 0 7.93364e-24 0 7.79502e-23 0 5.04113e-22 0 2.39955e-21 0 9.37371e-21 0 3.07568e-20 0 9.0021e-20 0 2.28359e-19 0 5.38973e-19 0 1.19033e-18 0 2.4282e-18 0 4.68379e-18 0 8.72277e-18 0 1.54576e-17 0 2.6146e-17 0 4.36937e-17 0 6.99661e-17 0 1.09254e-16 0 1.66573e-16 0 2.48242e-16 0 3.67238e-16 0 5.2438e-16 0 7.44293e-16 0 1.03603e-15 0 1.41539e-15 0 1.95023e-15 0 2.60486e-15 0 3.46491e-15 0 4.53244e-15 0 5.90755e-15 0 7.57841e-15 0 9.69135e-15 0 1.2207e-14 0 1.53338e-14 0 1.89845e-14 0 2.3724e-14 0
43.0281 0.000384766 6.22086e-05 0.000322558 0.838321 0.582539 8.48899e-38 0 1.53866e-32 0 6.19435e-28 0 1.68881e-25 0 6.97507e-24 0 1.11884e-22 0 9.83243e-22 0 5.80483e-21 0 2.5604e-20 0 9.35829e-20 0 2.89755e-19 0 8.04753e-19 0 1.95073e-18 0 4.41508e-18 0 9.38078e-18 0 1.84816e-17 0 3.45241e-17 0 6.23725e-17 0 1.07485e-16 0 1.77201e-16 0 2.88797e-16 0 4.51937e-16 0 6.90524e-16 0 1.03134e-15 0 1.50735e-15 0 2.18767e-15 0 3.06992e-15 0 4.28351e-15 0 5.86698e-15 0 7.89408e-15 0 1.07082e-14 0 1.41019e-14 0 1.84984e-14 0 2.38825e-14 0 3.07283e-14 0 3.89428e-14 0 4.9206e-14 0 6.12845e-14 0 7.61297e-14 0 9.32774e-14 0 1.15303e-13 0
45.2368 0.000385835 6.10213e-05 0.000324814 0.841846 0.577789 5.67058e-36 0 5.69093e-31 0 1.36524e-26 0 2.83061e-24 0 9.74876e-23 0 1.3656e-21 0 1.07928e-20 0 5.84268e-20 0 2.39697e-19 0 8.22373e-19 0 2.40957e-18 0 6.36664e-18 0 1.47799e-17 0 3.21434e-17 0 6.58283e-17 0 1.25468e-16 0 2.27335e-16 0 3.99022e-16 0 6.69596e-16 0 1.07728e-15 0 1.71435e-15 0 2.62475e-15 0 3.92826e-15 0 5.7533e-15 0 8.25434e-15 0 1.17639e-14 0 1.62373e-14 0 2.22906e-14 0 3.00654e-14 0 3.98714e-14 0 5.32858e-14 0 6.92365e-14 0 8.96269e-14 0 1.14279e-13 0 1.45238e-13 0 1.81947e-13 0 2.27288e-13 0 2.80062e-13 0 3.44238e-13 0 4.17613e-13 0 5.10907e-13 0
47.5588 0.000386719 6.02372e-05 0.000326482 0.844235 0.573864 3.06441e-34 0 1.75269e-29 0 2.56969e-25 0 4.10622e-23 0 1.18978e-21 0 1.46511e-20 0 1.04675e-19 0 5.21809e-19 0 1.99816e-18 0 6.455e-18 0 1.79462e-17 0 4.52211e-17 0 1.0075e-16 0 2.10955e-16 0 4.17168e-16 0 7.70469e-16 0 1.35608e-15 0 2.31572e-15 0 3.78901e-15 0 5.95607e-15 0 9.26568e-15 0 1.38943e-14 0 2.03891e-14 0 2.93105e-14 0 4.13175e-14 0 5.78752e-14 0 7.86357e-14 0 1.06294e-13 0 1.4129e-13 0 1.84807e-13 0 2.43512e-13 0 3.12385e-13 0 3.9932e-13 0 5.03149e-13 0 6.32014e-13 0 7.83095e-13 0 9.67671e-13 0 1.18026e-12 0 1.43618e-12 0 1.72594e-12 0 2.09082e-12 0
50 0.000387342 5.92371e-05 0.000328105 0.847068 0.569659 1.34037e-32 0 4.49068e-28 0 4.12172e-24 0 5.14106e-22 0 1.26385e-20 0 1.37677e-19 0 8.93596e-19 0 4.11856e-18 0 1.47705e-17 0 4.50604e-17 0 1.19176e-16 0 2.87053e-16 0 6.15005e-16 0 1.2421e-15 0 2.37585e-15 0 4.25847e-15 0 7.29115e-15 0 1.21297e-14 0 1.93754e-14 0 2.97915e-14 0 4.53566e-14 0 6.66818e-14 0 9.60368e-14 0 1.35634e-13 0 1.88017e-13 0 2.59066e-13 0 3.46767e-13 0 4.61889e-13 0 6.05485e-13 0 7.81662e-13 0 1.01618e-12 0 1.28783e-12 0 1.62661e-12 0 2.02656e-12 0 2.51741e-12 0 3.08672e-12 0 3.77505e-12 0 4.55997e-12 0 5.49579e-12 0 6.54562e-12 0 7.85555e-12 0
52.5665 0.00038792 5.85526e-05 0.000329368 0.84906 0.566016 4.83688e-31 0 9.74355e-27 0 5.72802e-23 0 5.64474e-21 0 1.18683e-19 0 1.15058e-18 0 6.81612e-18 0 2.91569e-17 0 9.82449e-17 0 2.83832e-16 0 7.15866e-16 0 1.65183e-15 0 3.40976e-15 0 6.6542e-15 0 1.23312e-14 0 2.14817e-14 0 3.58268e-14 0 5.81393e-14 0 9.07691e-14 0 1.36665e-13 0 2.03842e-13 0 2.94096e-13 0 4.16087e-13 0 5.77821e-13 0 7.88315e-13 0 1.06934e-12 0 1.41111e-12 0 1.85345e-12 0 2.39777e-12 0 3.05708e-12 0 3.92369e-12 0 4.91542e-12 0 6.13808e-12 0 7.56566e-12 0 9.29914e-12 0 1.12892e-11 0 1.36716e-11 0 1.63626e-11 0 1.95417e-11 0 2.30769e-11 0 2.74495e-11 0
55.2648 0.000388348 5.79128e-05 0.000330436 0.850874 0.562335 1.44737e-29 0 1.79716e-25 0 6.91579e-22 0 5.44684e-20 0 9.86977e-19 0 8.56382e-18 0 4.65122e-17 0 1.85333e-16 0 5.88523e-16 0 1.61443e-15 0 3.89201e-15 0 8.62138e-15 0 1.71779e-14 0 3.24462e-14 0 5.83437e-14 0 9.89205e-14 0 1.60909e-13 0 2.55021e-13 0 3.89581e-13 0 5.74966e-13 0 8.41006e-13 0 1.19185e-12 0 1.6579e-12 0 2.26572e-12 0 3.04457e-12 0 4.06889e-12 0 5.29713e-12 0 6.86561e-12 0 8.77093e-12 0 1.10508e-11 0 1.40117e-11 0 1.73611e-11 0 2.14457e-11 0 2.6165e-11 0 3.18377e-11 0 3.82868e-11 0 4.59353e-11 0 5.44967e-11 0 6.45232e-11 0 7.55795e-11 0 8.9142e-11 0
58.1015 0.000388769 5.73656e-05 0.000331404 0.852443 0.558789 3.62777e-28 0 2.84289e-24 0 7.31086e-21 0 4.6525e-19 0 7.31847e-18 0 5.71435e-17 0 2.85749e-16 0 1.06429e-15 0 3.19424e-15 0 8.34115e-15 0 1.92629e-14 0 4.10451e-14 0 7.90745e-14 0 1.44792e-13 0 2.53008e-13 0 4.18053e-13 0 6.64063e-13 0 1.02906e-12 0 1.53985e-12 0 2.22981e-12 0 3.20156e-12 0 4.46059e-12 0 6.10564e-12 0 8.21779e-12 0 1.08845e-11 0 1.4342e-11 0 1.84324e-11 0 2.35896e-11 0 2.97779e-11 0 3.70974e-11 0 4.6495e-11 0 5.70097e-11 0 6.96996e-11 0 8.42157e-11 0 1.01497e-10 0 1.20962e-10 0 1.43842e-10 0 1.69233e-10 0 1.98724e-10 0 2.30985e-10 0 2.70248e-10 0
61.0839 0.000389075 5.68546e-05 0.00033222 0.853872 0.555223 7.67576e-27 0 3.88253e-23 0 6.80493e-20 0 3.53571e-18 0 4.86162e-17 0 3.4336e-16 0 1.58723e-15 0 5.54409e-15 0 1.57702e-14 0 3.92953e-14 0 8.71145e-14 0 1.78891e-13 0 3.3378e-13 0 5.93393e-13 0 1.00901e-12 0 1.62684e-12 0 2.52645e-12 0 3.83225e-12 0 5.62271e-12 0 7.99624e-12 0 1.128e-11 0 1.54635e-11 0 2.08444e-11 0 2.76512e-11 0 3.61251e-11 0 4.69635e-11 0 5.96227e-11 0 7.53911e-11 0 9.40922e-11 0 1.15969e-10 0 1.43753e-10 0 1.74517e-10 0 2.11279e-10 0 2.52935e-10 0 3.02073e-10 0 3.56934e-10 0 4.20872e-10 0 4.9125e-10 0 5.72349e-10 0 6.60398e-10 0 7.66753e-10 0
64.2193 0.000389449 5.64793e-05 0.00033297 0.854976 0.551493 1.38484e-25 0 4.61902e-22 0 5.62196e-19 0 2.40866e-17 0 2.91409e-16 0 1.87078e-15 0 8.02507e-15 0 2.63705e-14 0 7.12785e-14 0 1.69865e-13 0 3.62221e-13 0 7.18148e-13 0 1.29975e-12 0 2.24669e-12 0 3.72255e-12 0 5.86355e-12 0 8.91236e-12 0 1.32465e-11 0 1.9075e-11 0 2.66647e-11 0 3.69884e-11 0 4.99314e-11 0 6.63323e-11 0 8.67875e-11 0 1.11914e-10 0 1.43639e-10 0 1.80245e-10 0 2.25318e-10 0 2.78183e-10 0 3.3938e-10 0 4.16301e-10 0 5.00628e-10 0 6.00457e-10 0 7.12554e-10 0 8.43638e-10 0 9.88767e-10 0 1.15654e-09 0 1.33979e-09 0 1.54937e-09 0 1.77527e-09 0 2.0462e-09 0
67.5157 0.000389791 5.60943e-05 0.000333697 0.856091 0.547966 2.14191e-24 0 4.80769e-21 0 4.13652e-18 0 1.47519e-16 0 1.5802e-15 0 9.26414e-15 0 3.7013e-14 0 1.14762e-13 0 2.95498e-13 0 6.74973e-13 0 1.38707e-12 0 2.65966e-12 0 4.6762e-12 0 7.86994e-12 0 1.27222e-11 0 1.95996e-11 0 2.91879e-11 0 4.25508e-11 0 6.0192e-11 0 8.27769e-11 0 1.13005e-10 0 1.5033e-10 0 1.96958e-10 0 2.54335e-10 0 3.23923e-10 0 4.10712e-10 0 5.097e-10 0 6.30253e-10 0 7.70159e-10 0 9.3051e-10 0 1.13008e-09 0 1.34681e-09 0 1.6011e-09 0 1.88419e-09 0 2.21249e-09 0 2.57308e-09 0 2.98675e-09 0 3.43522e-09 0 3.94449e-09 0 4.48968e-09 0 5.1391e-09 0
70.9813 0.000390181 5.59215e-05 0.000334259 0.856678 0.544209 2.87282e-23 0 4.42413e-20 0 2.7368e-17 0 8.19729e-16 0 7.82084e-15 0 4.20575e-14 0 1.57045e-13 0 4.60758e-13 0 1.13285e-12 0 2.48537e-12 0 4.93095e-12 0 9.15915e-12 0 1.56659e-11 0 2.57038e-11 0 4.05885e-11 0 6.12246e-11 0 8.94202e-11 0 1.27982e-10 0 1.78002e-10 0 2.41012e-10 0 3.24062e-10 0 4.25131e-10 0 5.49696e-10 0 7.01027e-10 0 8.82353e-10 0 1.10587e-09 0 1.35801e-09 0 1.66189e-09 0 2.01102e-09 0 2.40739e-09 0 2.89611e-09 0 3.42209e-09 0 4.03399e-09 0 4.70966e-09 0 5.48708e-09 0 6.33449e-09 0 7.29954e-09 0 8.33844e-09 0 9.51021e-09 0 1.07565e-08 0 1.22314e-08 0
74.6248 0.000390553 5.57338e-05 0.000334819 0.857295 0.540074 3.35178e-22 0 3.60718e-19 0 1.6304e-16 0 4.13653e-15 0 3.53502e-14 0 1.75111e-13 0 6.13134e-13 0 1.7068e-12 0 4.01613e-12 0 8.47941e-12 0 1.62696e-11 0 2.93206e-11 0 4.88532e-11 0 7.82409e-11 0 1.20824e-10 0 1.78632e-10 0 2.56116e-10 0 3.60203e-10 0 4.9298e-10 0 6.57684e-10 0 8.71621e-10 0 1.12841e-09 0 1.44085e-09 0 1.81582e-09 0 2.25997e-09 0 2.80142e-09 0 3.40581e-09 0 4.12703e-09 0 4.94776e-09 0 5.87116e-09 0 6.99961e-09 0 8.20373e-09 0 9.59329e-09 0 1.11157e-08 0 1.28544e-08 0 1.47359e-08 0 1.68637e-08 0 1.9139e-08 0 2.16889e-08 0 2.43841e-08 0 2.75542e-08 0
78.4553 0.00039116 5.56658e-05 0.000335494 0.85769 0.536492 3.4332e-21 0 2.62762e-18 0 8.8116e-16 0 1.90911e-14 0 1.46925e-13 0 6.73111e-13 0 2.21696e-12 0 5.87052e-12 0 1.32482e-11 0 2.69693e-11 0 5.0126e-11 0 8.77746e-11 0 1.42647e-10 0 2.23264e-10 0 3.37539e-10 0 4.89598e-10 0 6.89728e-10 0 9.54018e-10 0 1.28583e-09 0 1.69145e-09 0 2.21105e-09 0 2.82659e-09 0 3.56641e-09 0 4.44408e-09 0 5.47233e-09 0 6.71263e-09 0 8.08338e-09 0 9.7037e-09 0 1.15309e-08 0 1.35691e-08 0 1.60388e-08 0 1.86528e-08 0 2.16462e-08 0 2.49017e-08 0 2.8593e-08 0 3.25603e-08 0 3.70174e-08 0 4.17532e-08 0 4.70278e-08 0 5.25702e-08 0 5.90515e-08 0
82.4824 0.000391691 5.58851e-05 0.000335806 0.857323 0.532512 3.1167e-20 0 1.72487e-17 0 4.35456e-15 0 8.119e-14 0 5.65582e-13 0 2.40555e-12 0 7.475e-12 0 1.88748e-11 0 4.09358e-11 0 8.04902e-11 0 1.45142e-10 0 2.47298e-10 0 3.92481e-10 0 6.01e-10 0 8.90463e-10 0 1.26837e-09 0 1.75718e-09 0 2.39231e-09 0 3.17772e-09 0 4.12457e-09 0 5.32153e-09 0 6.72192e-09 0 8.38555e-09 0 1.03376e-08 0 1.26007e-08 0 1.53032e-08 0 1.82618e-08 0 2.17277e-08 0 2.56024e-08 0 2.98894e-08 0 3.50424e-08 0 4.04542e-08 0 4.66064e-08 0 5.32503e-08 0 6.07326e-08 0 6.8722e-08 0 7.76412e-08 0 8.7061e-08 0 9.74914e-08 0 1.0839e-07 0 1.21064e-07 0
86.7162 0.00039219 5.60832e-05 0.000336106 0.857 0.527665 2.50912e-19 0 1.02013e-16 0 1.96589e-14 0 3.17749e-13 0 2.01335e-12 0 7.97887e-12 0 2.34583e-11 0 5.66144e-11 0 1.18232e-10 0 2.24924e-10 0 3.94081e-10 0 6.54204e-10 0 1.01512e-09 0 1.52243e-09 0 2.2128e-09 0 3.09793e-09 0 4.22407e-09 0 5.66486e-09 0 7.42109e-09 0 9.51043e-09 0 1.21187e-08 0 1.51342e-08 0 1.86771e-08 0 2.27907e-08 0 2.75128e-08 0 3.30982e-08 0 3.91577e-08 0 4.61958e-08 0 5.39996e-08 0 6.25667e-08 0 7.27859e-08 0 8.34396e-08 0 9.54669e-08 0 1.08369e-07 0 1.22805e-07 0 1.38124e-07 0 1.55124e-07 0 1.72974e-07 0 1.9263e-07 0 2.13059e-07 0 2.3669e-07 0
91.1674 0.000393222 5.63694e-05 0.000336852 0.856647 0.523566 1.80537e-18 0 5.47409e-16 0 8.15939e-14 0 1.15127e-12 0 6.66597e-12 0 2.46995e-11 0 6.88932e-11 0 1.59267e-10 0 3.20861e-10 0 5.91538e-10 0 1.00842e-09 0 1.63313e-09 0 2.48033e-09 0 3.647e-09 0 5.20489e-09 0 7.16814e-09 0 9.627e-09 0 1.2727e-08 0 1.64543e-08 0 2.0833e-08 0 2.62342e-08 0 3.24085e-08 0 3.95866e-08 0 4.78384e-08 0 5.72219e-08 0 6.82201e-08 0 8.00498e-08 0 9.36786e-08 0 1.08672e-07 0 1.25011e-07 0 1.44359e-07 0 1.64389e-07 0 1.86853e-07 0 2.10796e-07 0 2.37423e-07 0 2.65511e-07 0 2.96504e-07 0 3.2887e-07 0 3.64322e-07 0 4.00981e-07 0 4.43174e-07 0
95.847 0.0003943 5.69478e-05 0.000337352 0.855572 0.519859 1.17163e-17 0 2.68761e-15 0 3.13762e-13 0 3.89042e-12 0 2.0675e-11 0 7.18616e-11 0 1.90649e-10 0 4.23072e-10 0 8.23672e-10 0 1.47384e-09 0 2.44792e-09 0 3.87217e-09 0 5.76212e-09 0 8.31446e-09 0 1.16619e-08 0 1.58116e-08 0 2.09318e-08 0 2.72975e-08 0 3.48521e-08 0 4.36213e-08 0 5.43159e-08 0 6.64104e-08 0 8.03311e-08 0 9.61827e-08 0 1.14047e-07 0 1.34805e-07 0 1.56951e-07 0 1.82268e-07 0 2.09914e-07 0 2.39829e-07 0 2.75009e-07 0 3.11186e-07 0 3.51503e-07 0 3.94217e-07 0 4.41442e-07 0 4.90979e-07 0 5.45343e-07 0 6.01821e-07 0 6.63372e-07 0 7.26713e-07 0 7.99267e-07 0
100.767 0.000394861 5.76183e-05 0.000337243 0.85408 0.514504 6.86939e-17 0 1.20849e-14 0 1.11827e-12 0 1.22619e-11 0 6.00601e-11 0 1.96436e-10 0 4.96903e-10 0 1.06059e-09 0 1.99877e-09 0 3.47632e-09 0 5.6326e-09 0 8.7125e-09 0 1.27157e-08 0 1.80226e-08 0 2.48644e-08 0 3.32148e-08 0 4.33725e-08 0 5.58341e-08 0 7.0441e-08 0 8.72039e-08 0 1.07427e-07 0 1.30065e-07 0 1.55874e-07 0 1.84999e-07 0 2.17543e-07 0 2.55047e-07 0 2.94749e-07 0 3.39804e-07 0 3.88655e-07 0 4.41164e-07 0 5.02507e-07 0 5.65191e-07 0 6.34631e-07 0 7.07775e-07 0 7.88197e-07 0 8.72105e-07 0 9.63716e-07 0 1.05842e-06 0 1.16113e-06 0 1.26635e-06 0 1.38632e-06 0
105.939 0.000395891 5.84548e-05 0.000337436 0.852346 0.508439 3.66153e-16 0 5.0045e-14 0 3.71245e-12 0 3.62155e-11 0 1.64147e-10 0 5.0669e-10 0 1.22494e-09 0 2.5195e-09 0 4.60352e-09 0 7.79314e-09 0 1.2333e-08 0 1.86747e-08 0 2.67569e-08 0 3.72835e-08 0 5.06352e-08 0 6.66909e-08 0 8.59589e-08 0 1.093e-07 0 1.36339e-07 0 1.67033e-07 0 2.03686e-07 0 2.44316e-07 0 2.90219e-07 0 3.41577e-07 0 3.985e-07 0 4.63587e-07 0 5.31981e-07 0 6.09054e-07 0 6.92059e-07 0 7.80714e-07 0 8.83636e-07 0 9.88175e-07 0 1.10332e-06 0 1.22395e-06 0 1.35588e-06 0 1.49283e-06 0 1.64162e-06 0 1.7947e-06 0 1.95999e-06 0 2.12856e-06 0 2.31995e-06 0
111.377 0.000397991 5.97239e-05 0.000338267 0.849937 0.503951 1.79054e-15 0 1.92491e-13 0 1.15716e-11 0 1.01002e-10 0 4.25231e-10 0 1.24232e-09 0 2.87665e-09 0 5.7121e-09 0 1.01343e-08 0 1.67206e-08 0 2.58747e-08 0 3.83939e-08 0 5.40529e-08 0 7.4108e-08 0 9.91541e-08 0 1.2885e-07 0 1.64032e-07 0 2.06141e-07 0 2.54375e-07 0 3.0857e-07 0 3.72652e-07 0 4.43036e-07 0 5.2187e-07 0 6.09354e-07 0 7.05572e-07 0 8.14774e-07 0 9.28717e-07 0 1.05627e-06 0 1.19276e-06 0 1.33766e-06 0 1.50488e-06 0 1.67375e-06 0 1.85876e-06 0 2.05156e-06 0 2.26136e-06 0 2.4781e-06 0 2.71248e-06 0 2.95255e-06 0 3.21063e-06 0 3.47275e-06 0 3.76911e-06 0
117.094 0.000400355 6.13592e-05 0.000338996 0.846738 0.500661 8.0577e-15 0 6.89371e-13 0 3.39297e-11 0 2.66425e-10 0 1.04566e-09 0 2.89911e-09 0 6.44339e-09 0 1.23731e-08 0 2.1346e-08 0 3.43684e-08 0 5.20624e-08 0 7.57781e-08 0 1.04917e-07 0 1.41645e-07 0 1.86842e-07 0 2.39714e-07 0 3.0159e-07 0 3.74808e-07 0 4.57785e-07 0 5.50105e-07 0 6.58255e-07 0 7.75999e-07 0 9.06801e-07 0 1.05083e-06 0 1.20808e-06 0 1.38529e-06 0 1.56896e-06 0 1.77326e-06 0 1.99056e-06 0 2.21991e-06 0 2.4831e-06 0 2.74744e-06 0 3.03555e-06 0 3.33431e-06 0 3.65787e-06 0 3.99058e-06 0 4.34879e-06 0 4.71411e-06 0 5.10524e-06 0 5.50091e-06 0 5.94655e-06 0
123.105 0.000401936 6.27726e-05 0.000339163 0.843824 0.49546 3.31865e-14 0 2.28488e-12 0 9.29769e-11 0 6.60196e-10 0 2.42379e-09 0 6.39364e-09 0 1.36667e-08 0 2.54209e-08 0 4.27038e-08 0 6.71754e-08 0 9.97171e-08 0 1.42505e-07 0 1.94193e-07 0 2.5836e-07 0 3.36221e-07 0 4.26148e-07 0 5.3017e-07 0 6.51926e-07 0 7.88516e-07 0 9.39071e-07 0 1.11389e-06 0 1.30263e-06 0 1.51066e-06 0 1.73805e-06 0 1.98458e-06 0 2.26053e-06 0 2.54473e-06 0 2.85896e-06 0 3.19124e-06 0 3.54004e-06 0 3.93813e-06 0 4.33591e-06 0 4.76732e-06 0 5.21258e-06 0 5.6926e-06 0 6.18405e-06 0 6.71092e-06 0 7.24608e-06 0 7.81681e-06 0 8.392e-06 0 9.03741e-06 0
129.424 0.00040299 6.28534e-05 0.000340137 0.844032 0.486185 1.23466e-13 0 6.91379e-12 0 2.34771e-10 0 1.51488e-09 0 5.21943e-09 0 1.31313e-08 0 2.70468e-08 0 4.88073e-08 0 7.99395e-08 0 1.22998e-07 0 1.79094e-07 0 2.5152e-07 0 3.37609e-07 0 4.42946e-07 0 5.6907e-07 0 7.12976e-07 0 8.77605e-07 0 1.06831e-06 0 1.2802e-06 0 1.51168e-06 0 1.77821e-06 0 2.06368e-06 0 2.37601e-06 0 2.715e-06 0 3.08009e-06 0 3.48614e-06 0 3.9018e-06 0 4.35876e-06 0 4.8393e-06 0 5.34112e-06 0 5.91092e-06 0 6.47745e-06 0 7.08903e-06 0 7.71742e-06 0 8.39194e-06 0 9.07965e-06 0 9.81396e-06 0 1.0557e-05 0 1.13464e-05 0 1.21391e-05 0 1.30255e-05 0
136.067 0.000404781 6.16996e-05 0.000343082 0.847573 0.474802 4.1724e-13 0 1.91956e-11 0 5.48762e-10 0 3.23284e-09 0 1.04857e-08 0 2.52186e-08 0 5.01426e-08 0 8.79142e-08 0 1.40564e-07 0 2.11775e-07 0 3.02754e-07 0 4.18195e-07 0 5.53324e-07 0 7.16405e-07 0 9.09202e-07 0 1.12665e-06 0 1.3728e-06 0 1.65515e-06 0 1.96599e-06 0 2.30271e-06 0 2.68732e-06 0 3.09615e-06 0 3.54029e-06 0 4.01914e-06 0 4.5316e-06 0 5.09809e-06 0 5.67465e-06 0 6.30505e-06 0 6.96451e-06 0 7.64977e-06 0 8.42407e-06 0 9.19031e-06 0 1.00138e-05 0 1.08564e-05 0 1.17571e-05 0 1.26717e-05 0 1.36446e-05 0 1.46254e-05 0 1.56638e-05 0 1.67031e-05 0 1.78612e-05 0
143.051 0.000406939 5.84464e-05 0.000348493 0.856376 0.463326 1.26541e-12 0 4.82904e-11 0 1.17205e-09 0 6.33201e-09 0 1.93912e-08 0 4.46808e-08 0 8.5908e-08 0 1.46548e-07 0 2.29004e-07 0 3.38184e-07 0 4.75107e-07 0 6.45996e-07 0 8.43129e-07 0 1.07794e-06 0 1.35221e-06 0 1.65816e-06 0 2.00104e-06 0 2.39067e-06 0 2.81587e-06 0 3.2728e-06 0 3.79074e-06 0 4.33734e-06 0 4.92718e-06 0 5.55908e-06 0 6.23127e-06 0 6.97004e-06 0 7.71783e-06 0 8.53122e-06 0 9.37786e-06 0 1.02535e-05 0 1.12383e-05 0 1.22085e-05 0 1.32469e-05 0 1.43049e-05 0 1.54316e-05 0 1.65713e-05 0 1.77793e-05 0 1.89929e-05 0 2.02734e-05 0 2.15508e-05 0 2.29697e-05 0
150.394 0.000408548 5.47388e-05 0.00035381 0.866016 0.453789 3.54122e-12 0 1.13126e-10 0 2.34975e-09 0 1.16909e-08 0 3.38986e-08 0 7.4989e-08 0 1.39652e-07 0 2.32097e-07 0 3.54869e-07 0 5.14177e-07 0 7.10463e-07 0 9.51624e-07 0 1.22598e-06 0 1.54873e-06 0 1.92139e-06 0 2.33278e-06 0 2.78944e-06 0 3.30376e-06 0 3.86039e-06 0 4.454e-06 0 5.122e-06 0 5.82214e-06 0 6.57287e-06 0 7.37227e-06 0 8.21778e-06 0 9.14192e-06 0 1.00725e-05 0 1.10797e-05 0 1.21231e-05 0 1.31974e-05 0 1.44004e-05 0 1.55805e-05 0 1.68385e-05 0 1.81153e-05 0 1.94698e-05 0 2.08353e-05 0 2.22774e-05 0 2.37214e-05 0 2.52402e-05 0 2.67507e-05 0 2.84233e-05 0
158.114 0.000407638 5.12568e-05 0.000356381 0.874259 0.443373 9.27854e-12 0 2.50286e-10 0 4.48305e-09 0 2.06243e-08 0 5.67725e-08 0 1.20814e-07 0 2.18265e-07 0 3.53862e-07 0 5.29944e-07 0 7.54069e-07 0 1.02561e-06 0 1.35429e-06 0 1.72328e-06 0 2.15225e-06 0 2.64219e-06 0 3.17766e-06 0 3.76669e-06 0 4.4245e-06 0 5.1308e-06 0 5.87855e-06 0 6.71425e-06 0 7.58445e-06 0 8.51187e-06 0 9.49375e-06 0 1.05266e-05 0 1.16496e-05 0 1.27749e-05 0 1.39871e-05 0 1.52372e-05 0 1.65189e-05 0 1.79481e-05 0 1.93444e-05 0 2.08271e-05 0 2.23266e-05 0 2.39117e-05 0 2.55041e-05 0 2.71806e-05 0 2.88538e-05 0 3.06084e-05 0 3.23482e-05 0 3.42692e-05 0
166.23 0.000404704 4.78354e-05 0.000356868 0.881801 0.428375 2.27624e-11 0 5.22771e-10 0 8.13326e-09 0 3.47304e-08 0 9.0991e-08 0 1.86623e-07 0 3.2756e-07 0 5.18674e-07 0 7.616e-07 0 1.0652e-06 0 1.42719e-06 0 1.85915e-06 0 2.33803e-06 0 2.88851e-06 0 3.51072e-06 0 4.18434e-06 0 4.91898e-06 0 5.73279e-06 0 6.60005e-06 0 7.51187e-06 0 8.52427e-06 0 9.57195e-06 0 1.06821e-05 0 1.1851e-05 0 1.30742e-05 0 1.43976e-05 0 1.57174e-05 0 1.71328e-05 0 1.85863e-05 0 2.00704e-05 0 2.17187e-05 0 2.33229e-05 0 2.50203e-05 0 2.67308e-05 0 2.85329e-05 0 3.03375e-05 0 3.22314e-05 0 3.41159e-05 0 3.60864e-05 0 3.80348e-05 0 4.01803e-05 0
174.763 0.00040168 4.45605e-05 0.00035712 0.889065 0.40782 5.25249e-11 0 1.03515e-09 0 1.40851e-08 0 5.60305e-08 0 1.40052e-07 0 2.77349e-07 0 4.73611e-07 0 7.333e-07 0 1.05674e-06 0 1.45398e-06 0 1.92046e-06 0 2.46963e-06 0 3.07121e-06 0 3.75535e-06 0 4.52102e-06 0 5.34252e-06 0 6.23109e-06 0 7.20791e-06 0 8.24146e-06 0 9.32098e-06 0 1.05121e-05 0 1.17375e-05 0 1.30288e-05 0 1.43814e-05 0 1.579e-05 0 1.73067e-05 0 1.88124e-05 0 2.04205e-05 0 2.2065e-05 0 2.37377e-05 0 2.55884e-05 0 2.73831e-05 0 2.92754e-05 0 3.11761e-05 0 3.31721e-05 0 3.51648e-05 0 3.72498e-05 0 3.93186e-05 0 4.14758e-05 0 4.36033e-05 0 4.59397e-05 0
183.733 0.00040094 4.23789e-05 0.000358561 0.894301 0.385566 1.16941e-10 0 1.99248e-09 0 2.3867e-08 0 8.8753e-08 0 2.12141e-07 0 4.06324e-07 0 6.75962e-07 0 1.0245e-06 0 1.45028e-06 0 1.9646e-06 0 2.5599e-06 0 3.25175e-06 0 4.00104e-06 0 4.84451e-06 0 5.77965e-06 0 6.77442e-06 0 7.84203e-06 0 9.00714e-06 0 1.02315e-05 0 1.15024e-05 0 1.28964e-05 0 1.43225e-05 0 1.58174e-05 0 1.73756e-05 0 1.89906e-05 0 2.07218e-05 0 2.24331e-05 0 2.42534e-05 0 2.61078e-05 0 2.79871e-05 0 3.00588e-05 0 3.20608e-05 0 3.41648e-05 0 3.62715e-05 0 3.84771e-05 0 4.06726e-05 0 4.29633e-05 0 4.52301e-05 0 4.75875e-05 0 4.99066e-05 0 5.24472e-05 0
193.164 0.000402763 4.06857e-05 0.000362077 0.898983 0.365403 2.49068e-10 0 3.69509e-09 0 3.92081e-08 0 1.36745e-07 0 3.1324e-07 0 5.81226e-07 0 9.43196e-07 0 1.4008e-06 0 1.9496e-06 0 2.60216e-06 0 3.34712e-06 0 4.20236e-06 0 5.11862e-06 0 6.14009e-06 0 7.26249e-06 0 8.44674e-06 0 9.70832e-06 0 1.10756e-05 0 1.25031e-05 0 1.39761e-05 0 1.55827e-05 0 1.72175e-05 0 1.89227e-05 0 2.06917e-05 0 2.25171e-05 0 2.44654e-05 0 2.63836e-05 0 2.84161e-05 0 3.0479e-05 0 3.25624e-05 0 3.48512e-05 0 3.70558e-05 0 3.93654e-05 0 4.1671e-05 0 4.4078e-05 0 4.64672e-05 0 4.89534e-05 0 5.14072e-05 0 5.39529e-05 0 5.64511e-05 0 5.91815e-05 0
203.079 0.000406046 3.9633e-05 0.000366413 0.902393 0.350048 5.11433e-10 0 6.65131e-09 0 6.28893e-08 0 2.0636e-07 0 4.53958e-07 0 8.1729e-07 0 1.2953e-06 0 1.88693e-06 0 2.58415e-06 0 3.40083e-06 0 4.32101e-06 0 5.36518e-06 0 6.47236e-06 0 7.69535e-06 0 9.02777e-06 0 1.04228e-05 0 1.18984e-05 0 1.34871e-05 0 1.51357e-05 0 1.68272e-05 0 1.86621e-05 0 2.05199e-05 0 2.24485e-05 0 2.44404e-05 0 2.64871e-05 0 2.86627e-05 0 3.07965e-05 0 3.30492e-05 0 3.53276e-05 0 3.76209e-05 0 4.01322e-05 0 4.25435e-05 0 4.50623e-05 0 4.75694e-05 0 5.01797e-05 0 5.27638e-05 0 5.54459e-05 0 5.80867e-05 0 6.08198e-05 0 6.3496e-05 0 6.64143e-05 0
213.503 0.000408773 3.92313e-05 0.000369542 0.904027 0.339077 1.01649e-09 0 1.16634e-08 0 9.88234e-08 0 3.05994e-07 0 6.47719e-07 0 1.13313e-06 0 1.75594e-06 0 2.51143e-06 0 3.38702e-06 0 4.39807e-06 0 5.52315e-06 0 6.78576e-06 0 8.1115e-06 0 9.56311e-06 0 1.11319e-05 0 1.27622e-05 0 1.44752e-05 0 1.6308e-05 0 1.81988e-05 0 2.01283e-05 0 2.22109e-05 0 2.43092e-05 0 2.64778e-05 0 2.8708e-05 0 3.09904e-05 0 3.34072e-05 0 3.57688e-05 0 3.82535e-05 0 4.07581e-05 0 4.32712e-05 0 4.60147e-05 0 4.8641e-05 0 5.13767e-05 0 5.40925e-05 0 5.69125e-05 0 5.96973e-05 0 6.25808e-05 0 6.54132e-05 0 6.8338e-05 0 7.11957e-05 0 7.43054e-05 0
224.463 0.000408928 3.88778e-05 0.00037005 0.904927 0.329062 1.93118e-09 0 1.967e-08 0 1.50151e-07 0 4.39964e-07 0 8.97824e-07 0 1.52837e-06 0 2.31831e-06 0 3.25834e-06 0 4.33065e-06 0 5.55216e-06 0 6.8954e-06 0 8.38704e-06 0 9.93871e-06 0 1.16236e-05 0 1.34305e-05 0 1.52952e-05 0 1.72421e-05 0 1.93126e-05 0 2.14368e-05 0 2.35935e-05 0 2.591e-05 0 2.82333e-05 0 3.06242e-05 0 3.30732e-05 0 3.55699e-05 0 3.82038e-05 0 4.07688e-05 0 4.34585e-05 0 4.61612e-05 0 4.88651e-05 0 5.18081e-05 0 5.46175e-05 0 5.7536e-05 0 6.04259e-05 0 6.34193e-05 0 6.63682e-05 0 6.94146e-05 0 7.24005e-05 0 7.54773e-05 0 7.84773e-05 0 8.17352e-05 0
235.984 0.000405766 3.83513e-05 0.000367415 0.905484 0.31574 3.49497e-09 0 3.17843e-08 0 2.19704e-07 0 6.10848e-07 0 1.20388e-06 0 1.99684e-06 0 2.96794e-06 0 4.10267e-06 0 5.37766e-06 0 6.81142e-06 0 8.37037e-06 0 1.00843e-05 0 1.18515e-05 0 1.37552e-05 0 1.57819e-05 0 1.78596e-05 0 2.00156e-05 0 2.22957e-05 0 2.46226e-05 0 2.69735e-05 0 2.94872e-05 0 3.19972e-05 0 3.45699e-05 0 3.71949e-05 0 3.98614e-05 0 4.26647e-05 0 4.53855e-05 0 4.82298e-05 0 5.10793e-05 0 5.39219e-05 0 5.70073e-05 0 5.99447e-05 0 6.29886e-05 0 6.59951e-05 0 6.91021e-05 0 7.21561e-05 0 7.53041e-05 0 7.83831e-05 0 8.15494e-05 0 8.46308e-05 0 8.79706e-05 0
248.097 0.000399991 3.75192e-05 0.000362472 0.9062 0.294792 6.01569e-09 0 4.91183e-08 0 3.08942e-07 0 8.17131e-07 0 1.55797e-06 0 2.52111e-06 0 3.6754e-06 0 5.00099e-06 0 6.46918e-06 0 8.10005e-06 0 9.85441e-06 0 1.17649e-05 0 1.37182e-05 0 1.58066e-05 0 1.80146e-05 0 2.02638e-05 0 2.25844e-05 0 2.50254e-05 0 2.75039e-05 0 2.99967e-05 0 3.26503e-05 0 3.52891e-05 0 3.79834e-05 0 4.07226e-05 0 4.34955e-05 0 4.64009e-05 0 4.92121e-05 0 5.21423e-05 0 5.50694e-05 0 5.79815e-05 0 6.11341e-05 0 6.41278e-05 0 6.72226e-05 0 7.02724e-05 0 7.3417e-05 0 7.65014e-05 0 7.96741e-05 0 8.27712e-05 0 8.59501e-05 0 8.90379e-05 0 9.23788e-05 0
260.832 0.000393762 3.66413e-05 0.00035712 0.906945 0.263958 9.93313e-09 0 7.32013e-08 0 4.20883e-07 0 1.06159e-06 0 1.9613e-06 0 3.1001e-06 0 4.43712e-06 0 5.94742e-06 0 7.59751e-06 0 9.40914e-06 0 1.13382e-05 0 1.342e-05 0 1.55315e-05 0 1.77729e-05 0 2.01271e-05 0 2.25108e-05 0 2.49568e-05 0 2.75166e-05 0 3.01034e-05 0 3.26937e-05 0 3.54397e-05 0 3.81598e-05 0 4.09269e-05 0 4.37304e-05 0 4.65592e-05 0 4.95139e-05 0 5.23643e-05 0 5.53269e-05 0 5.82785e-05 0 6.12076e-05 0 6.43706e-05 0 6.73669e-05 0 7.04573e-05 0 7.34961e-05 0 7.66229e-05 0 7.96835e-05 0 8.28257e-05 0 8.58871e-05 0 8.90238e-05 0 9.20653e-05 0 9.53504e-05 0
274.221 0.000389105 3.56427e-05 0.000353462 0.908398 0.22334 1.57299e-08 0 1.0515e-07 0 5.55092e-07 0 1.33828e-06 0 2.39953e-06 0 3.70901e-06 0 5.21661e-06 0 6.89308e-06 0 8.70109e-06 0 1.06642e-05 0 1.27344e-05 0 1.49494e-05 0 1.71789e-05 0 1.95297e-05 0 2.19832e-05 0 2.44535e-05 0 2.69752e-05 0 2.96013e-05 0 3.22433e-05 0 3.48778e-05 0 3.76598e-05 0 4.04053e-05 0 4.31887e-05 0 4.59994e-05 0 4.88267e-05 0 5.17711e-05 0 5.46036e-05 0 5.75397e-05 0 6.04576e-05 0 6.33461e-05 0 6.64579e-05 0 6.9399e-05 0 7.2426e-05 0 7.53963e-05 0 7.84464e-05 0 8.14263e-05 0 8.448e-05 0 8.74499e-05 0 9.04876e-05 0 9.34283e-05 0 9.65993e-05 0
288.297 0.000387566 3.46756e-05 0.000352891 0.91053 0.17577 2.40313e-08 0 1.46412e-07 0 7.12624e-07 0 1.64585e-06 0 2.86813e-06 0 4.34017e-06 0 6.00369e-06 0 7.82612e-06 0 9.76745e-06 0 1.18532e-05 0 1.40326e-05 0 1.63455e-05 0 1.86569e-05 0 2.10782e-05 0 2.35904e-05 0 2.61061e-05 0 2.86616e-05 0 3.13107e-05 0 3.39645e-05 0 3.66003e-05 0 3.93733e-05 0 4.21004e-05 0 4.4856e-05 0 4.76301e-05 0 5.04124e-05 0 5.33018e-05 0 5.60739e-05 0 5.89404e-05 0 6.1782e-05 0 6.45888e-05 0 6.76057e-05 0 7.04509e-05 0 7.33733e-05 0 7.62353e-05 0 7.91688e-05 0 8.20294e-05 0 8.49559e-05 0 8.77972e-05 0 9.06987e-05 0 9.35033e-05 0 9.65228e-05 0
303.095 0.000389738 3.39427e-05 0.000355795 0.912909 0.125572 3.56964e-08 0 1.99117e-07 0 8.97107e-07 0 1.98901e-06 0 3.3735e-06 0 5.0029e-06 0 6.81191e-06 0 8.76585e-06 0 1.0823e-05 0 1.30112e-05 0 1.52778e-05 0 1.76646e-05 0 2.00336e-05 0 2.25002e-05 0 2.5045e-05 0 2.75802e-05 0 3.01436e-05 0 3.27894e-05 0 3.5429e-05 0 3.80411e-05 0 4.07795e-05 0 4.34636e-05 0 4.61674e-05 0 4.88813e-05 0 5.15958e-05 0 5.44072e-05 0 5.70977e-05 0 5.98732e-05 0 6.26184e-05 0 6.53241e-05 0 6.82261e-05 0 7.09576e-05 0 7.37576e-05 0 7.64947e-05 0 7.92952e-05 0 8.20215e-05 0 8.48059e-05 0 8.75051e-05 0 9.02573e-05 0 9.29135e-05 0 9.57693e-05 0
318.653 0.000395085 3.36119e-05 0.000361473 0.914925 0.0767495 5.19211e-08 0 2.66308e-07 0 1.11485e-06 0 2.37761e-06 0 3.93009e-06 0 5.71753e-06 0 7.6689e-06 0 9.74841e-06 0 1.19135e-05 0 1.41948e-05 0 1.65383e-05 0 1.89882e-05 0 2.14039e-05 0 2.39047e-05 0 2.6471e-05 0 2.90153e-05 0 3.15765e-05 0 3.42092e-05 0 3.68257e-05 0 3.94059e-05 0 4.21018e-05 0 4.47358e-05 0 4.73815e-05 0 5.00297e-05 0 5.26716e-05 0 5.5401e-05 0 5.80068e-05 0 6.06889e-05 0 6.3336e-05 0 6.59397e-05 0 6.87268e-05 0 7.13449e-05 0 7.4024e-05 0 7.66384e-05 0 7.93087e-05 0 8.19042e-05 0 8.45508e-05 0 8.71127e-05 0 8.9721e-05 0 9.2235e-05 0 9.49342e-05 0
335.009 0.000402275 3.35614e-05 0.000368714 0.916571 0.0316388 7.38254e-08 0 3.49611e-07 0 1.36481e-06 0 2.80519e-06 0 4.52473e-06 0 6.46366e-06 0 8.54685e-06 0 1.07386e-05 0 1.29967e-05 0 1.53546e-05 0 1.77578e-05 0 2.02527e-05 0 2.26979e-05 0 2.52152e-05 0 2.77855e-05 0 3.03221e-05 0 3.28648e-05 0 3.54685e-05 0 3.80467e-05 0 4.05807e-05 0 4.322e-05 0 4.57912e-05 0 4.83665e-05 0 5.09377e-05 0 5.34963e-05 0 5.61334e-05 0 5.86455e-05 0 6.12257e-05 0 6.37671e-05 0 6.62619e-05 0 6.89275e-05 0 7.1427e-05 0 7.39803e-05 0 7.64679e-05 0 7.90047e-05 0 8.14666e-05 0 8.39734e-05 0 8.63966e-05 0 8.88603e-05 0 9.12319e-05 0 9.37749e-05 0
352.205 0.000409633 3.37428e-05 0.00037589 0.917627 -0.00858646 1.02626e-07 0 4.50477e-07 0 1.64553e-06 0 3.26552e-06 0 5.14613e-06 0 7.22506e-06 0 9.42505e-06 0 1.17118e-05 0 1.40443e-05 0 1.64592e-05 0 1.89023e-05 0 2.1422e-05 0 2.3877e-05 0 2.63916e-05 0 2.89468e-05 0 3.14575e-05 0 3.39645e-05 0 3.65221e-05 0 3.90461e-05 0 4.1519e-05 0 4.40871e-05 0 4.65818e-05 0 4.90741e-05 0 5.15562e-05 0 5.40206e-05 0 5.65548e-05 0 5.89639e-05 0 6.14333e-05 0 6.38608e-05 0 6.62397e-05 0 6.87769e-05 0 7.1152e-05 0 7.35742e-05 0 7.59305e-05 0 7.83299e-05 0 8.06551e-05 0 8.30195e-05 0 8.53019e-05 0 8.76197e-05 0 8.9848e-05 0 9.22346e-05 0
370.284 0.000415321 3.41661e-05 0.000381155 0.917736 -0.0437209 1.39706e-07 0 5.70524e-07 0 1.95648e-06 0 3.75518e-06 0 5.78844e-06 0 7.99421e-06 0 1.02951e-05 0 1.26594e-05 0 1.50482e-05 0 1.75015e-05 0 1.99661e-05 0 2.24922e-05 0 2.49401e-05 0 2.7435e-05 0 2.99588e-05 0 3.24286e-05 0 3.48855e-05 0 3.73834e-05 0 3.98406e-05 0 4.22408e-05 0 4.47265e-05 0 4.71349e-05 0 4.95351e-05 0 5.19199e-05 0 5.42824e-05 0 5.67068e-05 0 5.9007e-05 0 6.13603e-05 0 6.36697e-05 0 6.59289e-05 0 6.83344e-05 0 7.05826e-05 0 7.28721e-05 0 7.50959e-05 0 7.73574e-05 0 7.95459e-05 0 8.17685e-05 0 8.39114e-05 0 8.60849e-05 0 8.81721e-05 0 9.04051e-05 0
389.291 0.000417398 3.46215e-05 0.000382777 0.917054 -0.0744019 1.8532e-07 0 7.06588e-07 0 2.28185e-06 0 4.24302e-06 0 6.40458e-06 0 8.70802e-06 0 1.10782e-05 0 1.34874e-05 0 1.58999e-05 0 1.83586e-05 0 2.08124e-05 0 2.33126e-05 0 2.57229e-05 0 2.81681e-05 0 3.06312e-05 0 3.30324e-05 0 3.54126e-05 0 3.78247e-05 0 4.01902e-05 0 4.24946e-05 0 4.48747e-05 0 4.7175e-05 0 4.94623e-05 0 5.17299e-05 0 5.39718e-05 0 5.6268e-05 0 5.84423e-05 0 6.06631e-05 0 6.28386e-05 0 6.49635e-05 0 6.72226e-05 0 6.93307e-05 0 7.14745e-05 0 7.35541e-05 0 7.5666e-05 0 7.77074e-05 0 7.97779e-05 0 8.17719e-05 0 8.37922e-05 0 8.57302e-05 0 8.78013e-05 0
409.273 0.000414172 3.49672e-05 0.000379205 0.915573 -0.101285 2.38882e-07 0 8.53249e-07 0 2.6026e-06 0 4.69589e-06 0 6.9483e-06 0 9.30827e-06 0 1.17055e-05 0 1.41172e-05 0 1.65118e-05 0 1.89348e-05 0 2.13378e-05 0 2.37728e-05 0 2.61087e-05 0 2.84682e-05 0 3.08356e-05 0 3.3135e-05 0 3.54068e-05 0 3.7702e-05 0 3.99466e-05 0 4.21273e-05 0 4.43743e-05 0 4.65409e-05 0 4.86904e-05 0 5.08173e-05 0 5.29159e-05 0 5.50613e-05 0 5.70894e-05 0 5.91574e-05 0 6.11801e-05 0 6.31528e-05 0 6.5247e-05 0 6.71985e-05 0 6.91804e-05 0 7.11005e-05 0 7.30481e-05 0 7.49285e-05 0 7.68336e-05 0 7.86662e-05 0 8.05211e-05 0 8.22987e-05 0 8.41965e-05 0
430.281 0.0004044 3.5163e-05 0.000369237 0.913049 -0.124866 2.99282e-07 0 1.00466e-06 0 2.90264e-06 0 5.08962e-06 0 7.3898e-06 0 9.76149e-06 0 1.21414e-05 0 1.45125e-05 0 1.6848e-05 0 1.91953e-05 0 2.15095e-05 0 2.38422e-05 0 2.60698e-05 0 2.83108e-05 0 3.05507e-05 0 3.27189e-05 0 3.48546e-05 0 3.7006e-05 0 3.91043e-05 0 4.11379e-05 0 4.32285e-05 0 4.52399e-05 0 4.72315e-05 0 4.91982e-05 0 5.11354e-05 0 5.31124e-05 0 5.49782e-05 0 5.68777e-05 0 5.8733e-05 0 6.05398e-05 0 6.24553e-05 0 6.42381e-05 0 6.60463e-05 0 6.77961e-05 0 6.95689e-05 0 7.12786e-05 0 7.3009e-05 0 7.46719e-05 0 7.63534e-05 0 7.79633e-05 0 7.96805e-05 0
452.368 0.000387575 3.50392e-05 0.000352536 0.909594 -0.145844 3.6313e-07 0 1.14914e-06 0 3.15333e-06 0 5.38115e-06 0 7.67419e-06 0 1.00029e-05 0 1.23129e-05 0 1.45934e-05 0 1.68228e-05 0 1.90491e-05 0 2.12318e-05 0 2.34213e-05 0 2.55031e-05 0 2.75894e-05 0 2.96673e-05 0 3.16723e-05 0 3.36415e-05 0 3.56199e-05 0 3.75446e-05 0 3.94058e-05 0 4.13149e-05 0 4.31479e-05 0 4.49595e-05 0 4.67453e-05 0 4.85013e-05 0 5.02904e-05 0 5.19764e-05 0 5.36904e-05 0 5.53621e-05 0 5.69882e-05 0 5.87098e-05 0 6.03101e-05 0 6.19315e-05 0 6.34987e-05 0 6.50848e-05 0 6.6613e-05 0 6.81581e-05 0 6.96416e-05 0 7.11403e-05 0 7.2574e-05 0 7.41019e-05 0
475.588 0.000364059 3.4512e-05 0.000329547 0.905202 -0.164708 4.26111e-07 0 1.2749e-06 0 3.33137e-06 0 5.54045e-06 0 7.76815e-06 0 9.99835e-06 0 1.21867e-05 0 1.43284e-05 0 1.64074e-05 0 1.8471e-05 0 2.04838e-05 0 2.24935e-05 0 2.43966e-05 0 2.6297e-05 0 2.81835e-05 0 2.99984e-05 0 3.17761e-05 0 3.35575e-05 0 3.52865e-05 0 3.69549e-05 0 3.86628e-05 0 4.02996e-05 0 4.19143e-05 0 4.35034e-05 0 4.50635e-05 0 4.66507e-05 0 4.81442e-05 0 4.96606e-05 0 5.11376e-05 0 5.25726e-05 0 5.40901e-05 0 5.5499e-05 0 5.6925e-05 0 5.8302e-05 0 5.96942e-05 0 6.10342e-05 0 6.23879e-05 0 6.36865e-05 0 6.49972e-05 0 6.62501e-05 0 6.75843e-05 0
500 0.000335035 3.3573e-05 0.000301462 0.899792 -0.181806 4.83713e-07 0 1.37214e-06 0 3.4227e-06 0 5.55504e-06 0 7.66415e-06 0 9.74726e-06 0 1.17704e-05 0 1.37345e-05 0 1.56283e-05 0 1.74976e-05 0 1.93119e-05 0 2.11157e-05 0 2.28173e-05 0 2.45107e-05 0 2.61867e-05 0 2.77945e-05 0 2.93653e-05 0 3.09357e-05 0 3.24567e-05 0 3.39213e-05 0 3.54179e-05 0 3.68495e-05 0 3.82595e-05 0 3.9645e-05 0 4.10033e-05 0 4.23832e-05 0 4.36799e-05 0 4.49949e-05 0 4.62742e-05 0 4.75157e-05 0 4.88272e-05 0 5.00435e-05 0 5.12734e-05 0 5.24598e-05 0 5.36582e-05 0 5.48108e-05 0 5.59741e-05 0 5.70891e-05 0 5.82137e-05 0 5.92879e-05 0 6.04309e-05 0
525.665 0.000302477 3.23958e-05 0.000270081 0.892898 -0.197221 5.34041e-07 0 1.44012e-06 0 3.43738e-06 0 5.45126e-06 0 7.40712e-06 0 9.31443e-06 0 1.11491e-05 0 1.29166e-05 0 1.46103e-05 0 1.62732e-05 0 1.78798e-05 0 1.94707e-05 0 2.09662e-05 0 2.24498e-05 0 2.39138e-05 0 2.53147e-05 0 2.66801e-05 0 2.80422e-05 0 2.93586e-05 0 3.0624e-05 0 3.19147e-05 0 3.31473e-05 0 3.43595e-05 0 3.55489e-05 0 3.67134e-05 0 3.78948e-05 0 3.90037e-05 0 4.01269e-05 0 4.12184e-05 0 4.22765e-05 0 4.33931e-05 0 4.44278e-05 0 4.54729e-05 0 4.64802e-05 0 4.7497e-05 0 4.84739e-05 0 4.94593e-05 0 5.0403e-05 0 5.13541e-05 0 5.2262e-05 0 5.32274e-05 0
552.648 0.000268303 3.09293e-05 0.000237374 0.884723 -0.211353 5.72552e-07 0 1.4715e-06 0 3.36849e-06 0 5.22623e-06 0 6.9996e-06 0 8.70837e-06 0 1.03372e-05 0 1.18953e-05 0 1.33796e-05 0 1.48297e-05 0 1.62247e-05 0 1.76009e-05 0 1.88903e-05 0 2.01656e-05 0 2.14208e-05 0 2.26189e-05 0 2.37841e-05 0 2.49441e-05 0 2.60632e-05 0 2.71369e-05 0 2.82303e-05 0 2.9273e-05 0 3.02969e-05 0 3.13003e-05 0 3.22813e-05 0 3.32754e-05 0 3.42075e-05 0 3.51505e-05 0 3.6066e-05 0 3.69526e-05 0 3.78874e-05 0 3.87528e-05 0 3.96262e-05 0 4.04673e-05 0 4.13156e-05 0 4.21301e-05 0 4.2951e-05 0 4.37367e-05 0 4.4528e-05 0 4.52829e-05 0 4.6085e-05 0
581.015 0.000234385 2.92734e-05 0.000205112 0.875106 -0.224356 5.978e-07 0 1.46786e-06 0 3.22962e-06 0 4.90792e-06 0 6.4842e-06 0 7.98607e-06 0 9.4056e-06 0 1.07544e-05 0 1.20323e-05 0 1.3275e-05 0 1.44658e-05 0 1.56363e-05 0 1.67296e-05 0 1.78081e-05 0 1.88669e-05 0 1.98753e-05 0 2.08539e-05 0 2.18264e-05 0 2.27628e-05 0 2.366e-05 0 2.45721e-05 0 2.54407e-05 0 2.62926e-05 0 2.71263e-05 0 2.79405e-05 0 2.87646e-05 0 2.95365e-05 0 3.03167e-05 0 3.10734e-05 0 3.18056e-05 0 3.25769e-05 0 3.32903e-05 0 3.40097e-05 0 3.47021e-05 0 3.53998e-05 0 3.60693e-05 0 3.67436e-05 0 3.73886e-05 0 3.80377e-05 0 3.86566e-05 0 3.93139e-05 0
610.839 0.000202251 2.75298e-05 0.000174721 0.863883 -0.236329 6.09804e-07 0 1.43389e-06 0 3.03867e-06 0 4.52804e-06 0 5.9057e-06 0 7.20455e-06 0 8.42249e-06 0 9.5725e-06 0 1.06565e-05 0 1.17062e-05 0 1.27082e-05 0 1.369e-05 0 1.46044e-05 0 1.55041e-05 0 1.63854e-05 0 1.72229e-05 0 1.80341e-05 0 1.88389e-05 0 1.96126e-05 0 2.03526e-05 0 2.11041e-05 0 2.18187e-05 0 2.25187e-05 0 2.32029e-05 0 2.38704e-05 0 2.45455e-05 0 2.5177e-05 0 2.58148e-05 0 2.64329e-05 0 2.70304e-05 0 2.76593e-05 0 2.82406e-05 0 2.88264e-05 0 2.93897e-05 0 2.99571e-05 0 3.05011e-05 0 3.10486e-05 0 3.15721e-05 0 3.20987e-05 0 3.26004e-05 0 3.3133e-05 0
642.193 0.000172919 2.57862e-05 0.000147133 0.850877 -0.247363 6.09704e-07 0 1.37598e-06 0 2.81418e-06 0 4.1165e-06 0 5.30401e-06 0 6.41259e-06 0 7.44444e-06 0 8.41306e-06 0 9.32177e-06 0 1.01981e-05 0 1.10319e-05 0 1.18463e-05 0 1.26028e-05 0 1.33454e-05 0 1.40711e-05 0 1.47595e-05 0 1.54252e-05 0 1.60845e-05 0 1.67173e-05 0 1.73219e-05 0 1.79349e-05 0 1.85171e-05 0 1.90868e-05 0 1.96431e-05 0 2.01853e-05 0 2.0733e-05 0 2.12451e-05 0 2.17617e-05 0 2.22619e-05 0 2.27452e-05 0 2.32534e-05 0 2.37228e-05 0 2.41956e-05 0 2.46499e-05 0 2.51072e-05 0 2.55454e-05 0 2.59862e-05 0 2.64074e-05 0 2.68309e-05 0 2.72342e-05 0 2.76621e-05 0
675.157 0.000146849 2.41042e-05 0.000122745 0.835858 -0.257545 5.99188e-07 0 1.30064e-06 0 2.57218e-06 0 3.69721e-06 0 4.7094e-06 0 5.64564e-06 0 6.51106e-06 0 7.31905e-06 0 8.07372e-06 0 8.79883e-06 0 9.48643e-06 0 1.01562e-05 0 1.07768e-05 0 1.13847e-05 0 1.19777e-05 0 1.25391e-05 0 1.30811e-05 0 1.3617e-05 0 1.41308e-05 0 1.46209e-05 0 1.51174e-05 0 1.55884e-05 0 1.60487e-05 0 1.64978e-05 0 1.69351e-05 0 1.73765e-05 0 1.77887e-05 0 1.82044e-05 0 1.86065e-05 0 1.89948e-05 0 1.94028e-05 0 1.97794e-05 0 2.01585e-05 0 2.05225e-05 0 2.08888e-05 0 2.12395e-05 0 2.15922e-05 0 2.1929e-05 0 2.22674e-05 0 2.25896e-05 0 2.29313e-05 0
709.813 0.000124208 2.25514e-05 0.000101657 0.818438 -0.266884 5.80929e-07 0 1.21538e-06 0 2.32841e-06 0 3.29198e-06 0 4.14809e-06 0 4.93318e-06 0 5.65424e-06 0 6.32405e-06 0 6.94709e-06 0 7.54366e-06 0 8.1077e-06 0 8.65569e-06 0 9.1623e-06 0 9.65752e-06 0 1.01397e-05 0 1.05954e-05 0 1.10347e-05 0 1.14685e-05 0 1.18839e-05 0 1.22796e-05 0 1.268e-05 0 1.30596e-05 0 1.34301e-05 0 1.37913e-05 0 1.41427e-05 0 1.44971e-05 0 1.48278e-05 0 1.51611e-05 0 1.54832e-05 0 1.57941e-05 0 1.61206e-05 0 1.64218e-05 0 1.67247e-05 0 1.70155e-05 0 1.73079e-05 0 1.75878e-05 0 1.78691e-05 0 1.81375e-05 0 1.84072e-05 0 1.86639e-05 0 1.89359e-05 0
746.248 0.000104973 2.11888e-05 8.37845e-05 0.79815 -0.275324 5.57956e-07 0 1.1273e-06 0 2.09581e-06 0 2.91733e-06 0 3.63873e-06 0 4.29501e-06 0 4.89416e-06 0 5.44813e-06 0 5.96146e-06 0 6.45141e-06 0 6.91336e-06 0 7.36109e-06 0 7.77414e-06 0 8.17715e-06 0 8.56886e-06 0 8.93854e-06 0 9.29442e-06 0 9.64538e-06 0 9.98099e-06 0 1.03005e-05 0 1.06233e-05 0 1.09291e-05 0 1.12273e-05 0 1.15178e-05 0 1.18002e-05 0 1.20847e-05 0 1.23501e-05 0 1.26174e-05 0 1.28756e-05 0 1.31245e-05 0 1.33859e-05 0 1.36268e-05 0 1.38691e-05 0 1.41015e-05 0 1.4335e-05 0 1.45585e-05 0 1.4783e-05 0 1.49972e-05 0 1.52123e-05 0 1.54168e-05 0 1.56336e-05 0
784.553 8.87208e-05 1.99414e-05 6.87795e-05 0.775234 -0.28307 5.29873e-07 0 1.03581e-06 0 1.87195e-06 0 2.56774e-06 0 3.17211e-06 0 3.71784e-06 0 4.21331e-06 0 4.66943e-06 0 5.09061e-06 0 5.49141e-06 0 5.86835e-06 0 6.23287e-06 0 6.56851e-06 0 6.89543e-06 0 7.21267e-06 0 7.51165e-06 0 7.79911e-06 0 8.08226e-06 0 8.35273e-06 0 8.60994e-06 0 8.86964e-06 0 9.11534e-06 0 9.35485e-06 0 9.58792e-06 0 9.81433e-06 0 1.00423e-05 0 1.02549e-05 0 1.04687e-05 0 1.06752e-05 0 1.08742e-05 0 1.1083e-05 0 1.12754e-05 0 1.14688e-05 0 1.16542e-05 0 1.18404e-05 0 1.20186e-05 0 1.21975e-05 0 1.23681e-05 0 1.25393e-05 0 1.27021e-05 0 1.28746e-05 0
824.824 7.50948e-05 1.88064e-05 5.62884e-05 0.749565 -0.290167 4.9811e-07 0 9.43823e-07 0 1.66074e-06 0 2.24675e-06 0 2.75063e-06 0 3.20248e-06 0 3.61062e-06 0 3.98483e-06 0 4.32925e-06 0 4.65612e-06 0 4.96281e-06 0 5.25879e-06 0 5.53082e-06 0 5.79537e-06 0 6.05172e-06 0 6.293e-06 0 6.52471e-06 0 6.7527e-06 0 6.97026e-06 0 7.17696e-06 0 7.38549e-06 0 7.58262e-06 0 7.77463e-06 0 7.96136e-06 0 8.14263e-06 0 8.32507e-06 0 8.49502e-06 0 8.66593e-06 0 8.83089e-06 0 8.98978e-06 0 9.1564e-06 0 9.30986e-06 0 9.46401e-06 0 9.61178e-06 0 9.76015e-06 0 9.902e-06 0 1.00444e-05 0 1.01801e-05 0 1.03164e-05 0 1.04458e-05 0 1.05829e-05 0
867.163 6.37463e-05 1.7777e-05 4.59692e-05 0.721128 -0.296654 4.6393e-07 0 8.53543e-07 0 1.46454e-06 0 1.95571e-06 0 2.37408e-06 0 2.74686e-06 0 3.08198e-06 0 3.38811e-06 0 3.66902e-06 0 3.93494e-06 0 4.18391e-06 0 4.42372e-06 0 4.64378e-06 0 4.85747e-06 0 5.06426e-06 0 5.25866e-06 0 5.44515e-06 0 5.62846e-06 0 5.80323e-06 0 5.96914e-06 0 6.13639e-06 0 6.29436e-06 0 6.44814e-06 0 6.59759e-06 0 6.74258e-06 0 6.88843e-06 0 7.02421e-06 0 7.1607e-06 0 7.29237e-06 0 7.41913e-06 0 7.55201e-06 0 7.67434e-06 0 7.79716e-06 0 7.91486e-06 0 8.03299e-06 0 8.1459e-06 0 8.25919e-06 0 8.36717e-06 0 8.47549e-06 0 8.57841e-06 0 8.68736e-06 0
911.674 5.43591e-05 1.68455e-05 3.75136e-05 0.690107 -0.30256 4.28445e-07 0 7.66647e-07 0 1.28461e-06 0 1.69458e-06 0 2.04074e-06 0 2.34737e-06 0 2.62181e-06 0 2.87165e-06 0 3.10028e-06 0 3.3162e-06 0 3.51796e-06 0 3.71197e-06 0 3.88972e-06 0 4.06209e-06 0 4.2287e-06 0 4.38516e-06 0 4.5351e-06 0 4.68235e-06 0 4.82262e-06 0 4.95568e-06 0 5.08971e-06 0 5.21623e-06 0 5.33931e-06 0 5.45885e-06 0 5.57477e-06 0 5.69131e-06 0 5.79975e-06 0 5.9087e-06 0 6.01376e-06 0 6.11487e-06 0 6.22081e-06 0 6.3183e-06 0 6.41615e-06 0 6.50988e-06 0 6.60393e-06 0 6.69379e-06 0 6.78392e-06 0 6.8698e-06 0 6.95593e-06 0 7.03774e-06 0 7.12433e-06 0
958.471 4.65771e-05 1.59982e-05 3.05789e-05 0.656523 -0.307935 3.92471e-07 0 6.84104e-07 0 1.12099e-06 0 1.46184e-06 0 1.74732e-06 0 1.99882e-06 0 2.223e-06 0 2.42646e-06 0 2.61216e-06 0 2.78717e-06 0 2.9504e-06 0 3.10711e-06 0 3.25049e-06 0 3.38936e-06 0 3.52344e-06 0 3.64922e-06 0 3.76966e-06 0 3.88783e-06 0 4.00032e-06 0 4.10694e-06 0 4.21428e-06 0 4.31554e-06 0 4.41399e-06 0 4.50956e-06 0 4.60218e-06 0 4.69525e-06 0 4.78182e-06 0 4.86876e-06 0 4.95256e-06 0 5.03318e-06 0 5.11761e-06 0 5.19529e-06 0 5.27323e-06 0 5.34786e-06 0 5.42272e-06 0 5.49422e-06 0 5.56593e-06 0 5.63423e-06 0 5.70271e-06 0 5.76775e-06 0 5.83656e-06 0
1007.67 4.01381e-05 1.52316e-05 2.49065e-05 0.62052 -0.312793 3.56922e-07 0 6.06956e-07 0 9.73912e-07 0 1.25639e-06 0 1.49122e-06 0 1.69706e-06 0 1.87986e-06 0 2.04528e-06 0 2.19591e-06 0 2.3376e-06 0 2.46952e-06 0 2.59599e-06 0 2.71155e-06 0 2.82336e-06 0 2.93119e-06 0 3.03226e-06 0 3.12896e-06 0 3.22376e-06 0 3.31394e-06 0 3.39937e-06 0 3.48531e-06 0 3.56634e-06 0 3.64508e-06 0 3.72148e-06 0 3.79549e-06 0 3.86983e-06 0 3.93895e-06 0 4.00833e-06 0 4.07518e-06 0 4.13948e-06 0 4.20679e-06 0 4.26869e-06 0 4.33079e-06 0 4.39023e-06 0 4.44984e-06 0 4.50676e-06 0 4.56383e-06 0 4.61817e-06 0 4.67265e-06 0 4.72437e-06 0 4.77908e-06 0
1059.39 3.48525e-05 1.45663e-05 2.02862e-05 0.582058 -0.317053 3.23051e-07 0 5.36722e-07 0 8.44382e-07 0 1.0783e-06 0 1.27142e-06 0 1.43991e-06 0 1.58904e-06 0 1.72362e-06 0 1.84592e-06 0 1.96074e-06 0 2.06749e-06 0 2.16969e-06 0 2.26296e-06 0 2.35311e-06 0 2.43998e-06 0 2.52133e-06 0 2.5991e-06 0 2.6753e-06 0 2.74773e-06 0 2.8163e-06 0 2.88525e-06 0 2.95023e-06 0 3.01334e-06 0 3.07454e-06 0 3.13381e-06 0 3.19331e-06 0 3.24862e-06 0 3.30411e-06 0 3.35757e-06 0 3.40896e-06 0 3.46276e-06 0 3.51221e-06 0 3.5618e-06 0 3.60926e-06 0 3.65684e-06 0 3.70227e-06 0 3.7478e-06 0 3.79115e-06 0 3.83459e-06 0 3.87583e-06 0 3.91945e-06 0
1113.77 3.04778e-05 1.39525e-05 1.65253e-05 0.542208 -0.320879 2.90336e-07 0 4.71921e-07 0 7.28791e-07 0 9.21862e-07 0 1.08025e-06 0 1.21786e-06 0 1.33927e-06 0 1.44857e-06 0 1.54769e-06 0 1.6406e-06 0 1.72686e-06 0 1.80934e-06 0 1.88454e-06 0 1.95716e-06 0 2.02706e-06 0 2.09248e-06 0 2.15497e-06 0 2.21617e-06 0 2.2743e-06 0 2.32931e-06 0 2.38459e-06 0 2.43666e-06 0 2.48721e-06 0 2.53622e-06 0 2.58366e-06 0 2.63127e-06 0 2.67551e-06 0 2.71988e-06 0 2.76261e-06 0 2.80368e-06 0 2.84665e-06 0 2.88615e-06 0 2.92575e-06 0 2.96363e-06 0 3.00161e-06 0 3.03785e-06 0 3.07417e-06 0 3.10875e-06 0 3.14339e-06 0 3.17627e-06 0 3.21104e-06 0
1170.94 2.68398e-05 1.33819e-05 1.34579e-05 0.501415 -0.324308 2.5915e-07 0 4.12642e-07 0 6.26241e-07 0 7.85097e-07 0 9.1466e-07 0 1.02678e-06 0 1.12542e-06 0 1.21402e-06 0 1.29422e-06 0 1.36929e-06 0 1.4389e-06 0 1.50538e-06 0 1.56593e-06 0 1.62435e-06 0 1.68055e-06 0 1.7331e-06 0 1.78327e-06 0 1.83237e-06 0 1.87899e-06 0 1.92308e-06 0 1.96737e-06 0 2.00907e-06 0 2.04954e-06 0 2.08876e-06 0 2.12671e-06 0 2.16478e-06 0 2.20014e-06 0 2.23561e-06 0 2.26975e-06 0 2.30255e-06 0 2.33686e-06 0 2.3684e-06 0 2.4e-06 0 2.43023e-06 0 2.46053e-06 0 2.48944e-06 0 2.51841e-06 0 2.54598e-06 0 2.57359e-06 0 2.5998e-06 0 2.62751e-06 0
1231.05 2.38162e-05 1.28577e-05 1.09584e-05 0.460126 -0.327328 2.29954e-07 0 3.59133e-07 0 5.36192e-07 0 6.66593e-07 0 7.72379e-07 0 8.63595e-07 0 9.43629e-07 0 1.01537e-06 0 1.08021e-06 0 1.14082e-06 0 1.19694e-06 0 1.2505e-06 0 1.29923e-06 0 1.34621e-06 0 1.39137e-06 0 1.43357e-06 0 1.47384e-06 0 1.51323e-06 0 1.55061e-06 0 1.58595e-06 0 1.62143e-06 0 1.65482e-06 0 1.68722e-06 0 1.7186e-06 0 1.74896e-06 0 1.77941e-06 0 1.80768e-06 0 1.83603e-06 0 1.86331e-06 0 1.88951e-06 0 1.91692e-06 0 1.9421e-06 0 1.96733e-06 0 1.99147e-06 0 2.01564e-06 0 2.03871e-06 0 2.06182e-06 0 2.08381e-06 0 2.10583e-06 0 2.12673e-06 0 2.14882e-06 0
1294.24 2.13122e-05 1.23825e-05 8.92966e-06 0.418993 -0.329921 2.03045e-07 0 3.1139e-07 0 4.57829e-07 0 5.64715e-07 0 6.50997e-07 0 7.25151e-07 0 7.90058e-07 0 8.48133e-07 0 9.0054e-07 0 9.49462e-07 0 9.9472e-07 0 1.03786e-06 0 1.07709e-06 0 1.11488e-06 0 1.15119e-06 0 1.18509e-06 0 1.21743e-06 0 1.24904e-06 0 1.27903e-06 0 1.30736e-06 0 1.3358e-06 0 1.36256e-06 0 1.38851e-06 0 1.41365e-06 0 1.43795e-06 0 1.46232e-06 0 1.48494e-06 0 1.50762e-06 0 1.52943e-06 0 1.55039e-06 0 1.5723e-06 0 1.59242e-06 0 1.61259e-06 0 1.63187e-06 0 1.65118e-06 0 1.6696e-06 0 1.68806e-06 0 1.70561e-06 0 1.7232e-06 0 1.73988e-06 0 1.75751e-06 0
1360.67 1.9211e-05 1.19342e-05 7.27689e-06 0.378787 -0.332192 1.7821e-07 0 2.68673e-07 0 3.89375e-07 0 4.76751e-07 0 5.46966e-07 0 6.07129e-07 0 6.59674e-07 0 7.06607e-07 0 7.48902e-07 0 7.88339e-07 0 8.24787e-07 0 8.59501e-07 0 8.91043e-07 0 9.21407e-07 0 9.50562e-07 0 9.77776e-07 0 1.00372e-06 0 1.02906e-06 0 1.0531e-06 0 1.07581e-06 0 1.09859e-06 0 1.12001e-06 0 1.14079e-06 0 1.1609e-06 0 1.18034e-06 0 1.19983e-06 0 1.21792e-06 0 1.23605e-06 0 1.25349e-06 0 1.27024e-06 0 1.28774e-06 0 1.30382e-06 0 1.31992e-06 0 1.33532e-06 0 1.35074e-06 0 1.36545e-06 0 1.38018e-06 0 1.39419e-06 0 1.40822e-06 0 1.42153e-06 0 1.4356e-06 0
1430.51 1.74374e-05 1.15076e-05 5.92979e-06 0.340062 -0.334174 1.55492e-07 0 2.30694e-07 0 3.29848e-07 0 4.01082e-07 0 4.58089e-07 0 5.06801e-07 0 5.49259e-07 0 5.87123e-07 0 6.21202e-07 0 6.52946e-07 0 6.82257e-07 0 7.10152e-07 0 7.35481e-07 0 7.5985e-07 0 7.83235e-07 0 8.05054e-07 0 8.25842e-07 0 8.46148e-07 0 8.65395e-07 0 8.8357e-07 0 9.01801e-07 0 9.18942e-07 0 9.35556e-07 0 9.51637e-07 0 9.67181e-07 0 9.82758e-07 0 9.97213e-07 0 1.0117e-06 0 1.02562e-06 0 1.039e-06 0 1.05297e-06 0 1.06581e-06 0 1.07866e-06 0 1.09095e-06 0 1.10326e-06 0 1.11499e-06 0 1.12674e-06 0 1.13792e-06 0 1.14911e-06 0 1.15972e-06 0 1.17093e-06 0
1503.94 1.59345e-05 1.11017e-05 4.83275e-06 0.303289 -0.33588 1.34927e-07 0 1.97192e-07 0 2.78396e-07 0 3.36331e-07 0 3.8252e-07 0 4.21888e-07 0 4.56139e-07 0 4.8664e-07 0 5.14061e-07 0 5.39579e-07 0 5.63122e-07 0 5.85512e-07 0 6.05829e-07 0 6.25366e-07 0 6.44105e-07 0 6.61581e-07 0 6.78225e-07 0 6.94477e-07 0 7.09876e-07 0 7.24413e-07 0 7.38991e-07 0 7.52694e-07 0 7.65972e-07 0 7.78821e-07 0 7.91237e-07 0 8.03679e-07 0 8.15221e-07 0 8.26783e-07 0 8.37902e-07 0 8.48574e-07 0 8.59728e-07 0 8.69968e-07 0 8.80222e-07 0 8.90023e-07 0 8.99836e-07 0 9.09194e-07 0 9.18562e-07 0 9.27473e-07 0 9.36392e-07 0 9.44851e-07 0 9.53789e-07 0
1581.14 1.46775e-05 1.07359e-05 3.94158e-06 0.268546 -0.337195 1.16704e-07 0 1.68167e-07 0 2.34616e-07 0 2.81721e-07 0 3.19146e-07 0 3.50973e-07 0 3.78614e-07 0 4.03199e-07 0 4.25277e-07 0 4.45805e-07 0 4.64731e-07 0 4.82718e-07 0 4.9903e-07 0 5.14709e-07 0 5.29741e-07 0 5.43753e-07 0 5.57094e-07 0 5.70116e-07 0 5.82452e-07 0 5.94093e-07 0 6.05764e-07 0 6.16732e-07 0 6.27357e-07 0 6.37637e-07 0 6.47569e-07 0 6.57519e-07 0 6.66748e-07 0 6.75991e-07 0 6.84879e-07 0 6.93409e-07 0 7.02322e-07 0 7.10503e-07 0 7.18695e-07 0 7.26524e-07 0 7.34362e-07 0 7.41835e-07 0 7.49316e-07 0 7.5643e-07 0 7.63551e-07 0 7.70303e-07 0 7.77437e-07 0
1662.3 1.35976e-05 1.03831e-05 3.21452e-06 0.236404 -0.338281 1.00419e-07 0 1.42798e-07 0 1.97015e-07 0 2.35226e-07 0 2.65489e-07 0 2.9117e-07 0 3.13441e-07 0 3.33225e-07 0 3.50975e-07 0 3.67466e-07 0 3.82659e-07 0 3.97091e-07 0 4.10172e-07 0 4.2274e-07 0 4.34784e-07 0 4.46007e-07 0 4.56688e-07 0 4.67112e-07 0 4.76983e-07 0 4.86296e-07 0 4.95631e-07 0 5.04401e-07 0 5.12896e-07 0 5.21113e-07 0 5.2905e-07 0 5.37001e-07 0 5.44374e-07 0 5.51758e-07 0 5.58856e-07 0 5.65668e-07 0 5.72785e-07 0 5.79317e-07 0 5.85856e-07 0 5.92105e-07 0 5.9836e-07 0 6.04324e-07 0 6.10293e-07 0 6.15969e-07 0 6.2165e-07 0 6.27037e-07 0 6.32727e-07 0
1747.63 1.2663e-05 1.00416e-05 2.62139e-06 0.207012 -0.339161 8.59784e-08 0 1.20753e-07 0 1.64869e-07 0 1.95795e-07 0 2.20218e-07 0 2.40904e-07 0 2.58818e-07 0 2.74715e-07 0 2.88965e-07 0 3.02194e-07 0 3.14375e-07 0 3.25939e-07 0 3.36417e-07 0 3.46478e-07 0 3.56117e-07 0 3.65096e-07 0 3.7364e-07 0 3.81974e-07 0 3.89865e-07 0 3.97308e-07 0 4.04767e-07 0 4.11773e-07 0 4.18558e-07 0 4.2512e-07 0 4.31458e-07 0 4.37805e-07 0 4.43691e-07 0 4.49584e-07 0 4.55248e-07 0 4.60683e-07 0 4.66361e-07 0 4.71572e-07 0 4.76788e-07 0 4.81771e-07 0 4.8676e-07 0 4.91515e-07 0 4.96275e-07 0 5.008e-07 0 5.05329e-07 0 5.09622e-07 0 5.14158e-07 0
1837.33 1.18494e-05 9.71069e-06 2.13872e-06 0.180492 -0.33985 7.32681e-08 0 1.0171e-07 0 1.37515e-07 0 1.62493e-07 0 1.82167e-07 0 1.98802e-07 0 2.13189e-07 0 2.25943e-07 0 2.37367e-07 0 2.47967e-07 0 2.5772e-07 0 2.66976e-07 0 2.75358e-07 0 2.83404e-07 0 2.9111e-07 0 2.98286e-07 0 3.05112e-07 0 3.1177e-07 0 3.18071e-07 0 3.24014e-07 0 3.29969e-07 0 3.35561e-07 0 3.40975e-07 0 3.46211e-07 0 3.51267e-07 0 3.56329e-07 0 3.61023e-07 0 3.65723e-07 0 3.70239e-07 0 3.74572e-07 0 3.79099e-07 0 3.83252e-07 0 3.87409e-07 0 3.91381e-07 0 3.95356e-07 0 3.99145e-07 0 4.02937e-07 0 4.06542e-07 0 4.1015e-07 0 4.1357e-07 0 4.17183e-07 0
1931.64 1.11351e-05 9.38943e-06 1.74566e-06 0.156771 -0.340367 6.2157e-08 0 8.53486e-08 0 1.14338e-07 0 1.34472e-07 0 1.50293e-07 0 1.63648e-07 0 1.75185e-07 0 1.85404e-07 0 1.94551e-07 0 2.03032e-07 0 2.10833e-07 0 2.18232e-07 0 2.2493e-07 0 2.31358e-07 0 2.37512e-07 0 2.43241e-07 0 2.4869e-07 0 2.54002e-07 0 2.5903e-07 0 2.63771e-07 0 2.68519e-07 0 2.72979e-07 0 2.77295e-07 0 2.81469e-07 0 2.85499e-07 0 2.89534e-07 0 2.93274e-07 0 2.97019e-07 0 3.00617e-07 0 3.04069e-07 0 3.07674e-07 0 3.10982e-07 0 3.14293e-07 0 3.17456e-07 0 3.20621e-07 0 3.23638e-07 0 3.26657e-07 0 3.29527e-07 0 3.32399e-07 0 3.35121e-07 0 3.37996e-07 0
2030.79 1.0526e-05 9.10153e-06 1.42451e-06 0.135332 -0.340519 5.26474e-08 0 7.15541e-08 0 9.5036e-08 0 1.11278e-07 0 1.24013e-07 0 1.34748e-07 0 1.44013e-07 0 1.52211e-07 0 1.59545e-07 0 1.66342e-07 0 1.7259e-07 0 1.78514e-07 0 1.83875e-07 0 1.89018e-07 0 1.93941e-07 0 1.98523e-07 0 2.02879e-07 0 2.07126e-07 0 2.11144e-07 0 2.14933e-07 0 2.18727e-07 0 2.22289e-07 0 2.25737e-07 0 2.2907e-07 0 2.32288e-07 0 2.3551e-07 0 2.38496e-07 0 2.41485e-07 0 2.44357e-07 0 2.47112e-07 0 2.4999e-07 0 2.52629e-07 0 2.55271e-07 0 2.57794e-07 0 2.6032e-07 0 2.62726e-07 0 2.65134e-07 0 2.67424e-07 0 2.69714e-07 0 2.71885e-07 0 2.74179e-07 0
2135.03 1.00368e-05 8.87485e-06 1.16199e-06 0.115772 -0.340013 4.4686e-08 0 6.0153e-08 0 7.92501e-08 0 9.24108e-08 0 1.02709e-07 0 1.11379e-07 0 1.18853e-07 0 1.25464e-07 0 1.31373e-07 0 1.36847e-07 0 1.41877e-07 0 1.46644e-07 0 1.50957e-07 0 1.55093e-07 0 1.59051e-07 0 1.62735e-07 0 1.66236e-07 0 1.69649e-07 0 1.72877e-07 0 1.7592e-07 0 1.78968e-07 0 1.81828e-07 0 1.84597e-07 0 1.87273e-07 0 1.89857e-07 0 1.92443e-07 0 1.94839e-07 0 1.97238e-07 0 1.99543e-07 0 2.01754e-07 0 2.04062e-07 0 2.0618e-07 0 2.08299e-07 0 2.10324e-07 0 2.12349e-07 0 2.1428e-07 0 2.16211e-07 0 2.18047e-07 0 2.19884e-07 0 2.21625e-07 0 2.23463e-07 0
2244.63 9.59925e-06 8.65071e-06 9.48541e-07 0.0988141 -0.339326 3.77789e-08 0 5.03991e-08 0 6.58979e-08 0 7.6543e-08 0 8.48577e-08 0 9.18492e-08 0 9.78717e-08 0 1.03194e-07 0 1.0795e-07 0 1.12353e-07 0 1.16397e-07 0 1.20229e-07 0 1.23695e-07 0 1.27019e-07 0 1.30198e-07 0 1.33156e-07 0 1.35967e-07 0 1.38706e-07 0 1.41298e-07 0 1.4374e-07 0 1.46185e-07 0 1.4848e-07 0 1.50702e-07 0 1.52848e-07 0 1.5492e-07 0 1.56994e-07 0 1.58916e-07 0 1.6084e-07 0 1.62688e-07 0 1.6446e-07 0 1.66311e-07 0 1.68009e-07 0 1.69707e-07 0 1.7133e-07 0 1.72953e-07 0 1.745e-07 0 1.76048e-07 0 1.77519e-07 0 1.78991e-07 0 1.80386e-07 0 1.81859e-07 0
2359.84 9.20293e-06 8.42864e-06 7.74287e-07 0.0841349 -0.338468 3.18186e-08 0 4.20906e-08 0 5.4644e-08 0 6.32397e-08 0 6.99426e-08 0 7.55728e-08 0 8.04188e-08 0 8.46988e-08 0 8.85212e-08 0 9.20588e-08 0 9.53073e-08 0 9.83842e-08 0 1.01166e-07 0 1.03833e-07 0 1.06384e-07 0 1.08757e-07 0 1.11012e-07 0 1.13209e-07 0 1.15287e-07 0 1.17245e-07 0 1.19205e-07 0 1.21045e-07 0 1.22825e-07 0 1.24546e-07 0 1.26206e-07 0 1.27868e-07 0 1.29408e-07 0 1.30949e-07 0 1.32429e-07 0 1.33849e-07 0 1.35331e-07 0 1.36691e-07 0 1.38051e-07 0 1.39351e-07 0 1.40651e-07 0 1.41889e-07 0 1.43129e-07 0 1.44306e-07 0 1.45485e-07 0 1.46602e-07 0 1.47781e-07 0
2480.97 8.84033e-06 8.20839e-06 6.3194e-07 0.0714838 -0.33745 2.67014e-08 0 3.50425e-08 0 4.51909e-08 0 5.21205e-08 0 5.75161e-08 0 6.20437e-08 0 6.59379e-08 0 6.93755e-08 0 7.24441e-08 0 7.5283e-08 0 7.78891e-08 0 8.03569e-08 0 8.25878e-08 0 8.47259e-08 0 8.67705e-08 0 8.86722e-08 0 9.04789e-08 0 9.22391e-08 0 9.39036e-08 0 9.5472e-08 0 9.70419e-08 0 9.85152e-08 0 9.99406e-08 0 1.01318e-07 0 1.02647e-07 0 1.03978e-07 0 1.0521e-07 0 1.06444e-07 0 1.07629e-07 0 1.08765e-07 0 1.09951e-07 0 1.11039e-07 0 1.12128e-07 0 1.13167e-07 0 1.14207e-07 0 1.15199e-07 0 1.1619e-07 0 1.17132e-07 0 1.18075e-07 0 1.18968e-07 0 1.19912e-07 0
2608.32 8.50555e-06 7.98976e-06 5.15789e-07 0.0606415 -0.336278 2.23294e-08 0 2.90876e-08 0 3.72768e-08 0 4.28545e-08 0 4.71916e-08 0 5.08277e-08 0 5.39531e-08 0 5.67106e-08 0 5.91712e-08 0 6.14469e-08 0 6.35353e-08 0 6.55124e-08 0 6.72993e-08 0 6.90116e-08 0 7.06488e-08 0 7.21712e-08 0 7.36174e-08 0 7.50263e-08 0 7.63583e-08 0 7.76133e-08 0 7.88695e-08 0 8.00482e-08 0 8.11885e-08 0 8.22903e-08 0 8.33536e-08 0 8.44176e-08 0 8.54034e-08 0 8.63898e-08 0 8.73373e-08 0 8.82457e-08 0 8.91942e-08 0 9.00641e-08 0 9.09344e-08 0 9.17655e-08 0 9.2597e-08 0 9.33892e-08 0 9.41817e-08 0 9.49348e-08 0 9.56883e-08 0 9.64023e-08 0 9.71563e-08 0
2742.21 8.19384e-06 7.77259e-06 4.21248e-07 0.0514103 -0.334961 1.86109e-08 0 2.4075e-08 0 3.06718e-08 0 3.51545e-08 0 3.86359e-08 0 4.15522e-08 0 4.40575e-08 0 4.62668e-08 0 4.82376e-08 0 5.00596e-08 0 5.17314e-08 0 5.33136e-08 0 5.47434e-08 0 5.61133e-08 0 5.74228e-08 0 5.86404e-08 0 5.97969e-08 0 6.09234e-08 0 6.19884e-08 0 6.29916e-08 0 6.39957e-08 0 6.49378e-08 0 6.58492e-08 0 6.67298e-08 0 6.75794e-08 0 6.84296e-08 0 6.92173e-08 0 7.00053e-08 0 7.07623e-08 0 7.14881e-08 0 7.22458e-08 0 7.29406e-08 0 7.36358e-08 0 7.42996e-08 0 7.49637e-08 0 7.55964e-08 0 7.62293e-08 0 7.68308e-08 0 7.74325e-08 0 7.80027e-08 0 7.86048e-08 0
2882.97 7.90039e-06 7.55642e-06 3.43973e-07 0.0435387 -0.333506 1.54612e-08 0 1.987e-08 0 2.51749e-08 0 2.87721e-08 0 3.15627e-08 0 3.38986e-08 0 3.59042e-08 0 3.76722e-08 0 3.92488e-08 0 4.07059e-08 0 4.20426e-08 0 4.33075e-08 0 4.44502e-08 0 4.55449e-08 0 4.65913e-08 0 4.7564e-08 0 4.84879e-08 0 4.93877e-08 0 5.02383e-08 0 5.10395e-08 0 5.18413e-08 0 5.25936e-08 0 5.33212e-08 0 5.40242e-08 0 5.47026e-08 0 5.53812e-08 0 5.601e-08 0 5.6639e-08 0 5.72432e-08 0 5.78225e-08 0 5.84272e-08 0 5.89817e-08 0 5.95364e-08 0 6.00662e-08 0 6.05961e-08 0 6.11009e-08 0 6.16059e-08 0 6.20859e-08 0 6.25659e-08 0 6.30208e-08 0 6.35011e-08 0
3030.95 7.62175e-06 7.34093e-06 2.80819e-07 0.0368444 -0.331919 1.28039e-08 0 1.6354e-08 0 2.06127e-08 0 2.3495e-08 0 2.57287e-08 0 2.75973e-08 0 2.92008e-08 0 3.06138e-08 0 3.18734e-08 0 3.30374e-08 0 3.41049e-08 0 3.51149e-08 0 3.60272e-08 0 3.6901e-08 0 3.77362e-08 0 3.85125e-08 0 3.92497e-08 0 3.99676e-08 0 4.06462e-08 0 4.12854e-08 0 4.1925e-08 0 4.2525e-08 0 4.31054e-08 0 4.36661e-08 0 4.42071e-08 0 4.47483e-08 0 4.52497e-08 0 4.57513e-08 0 4.6233e-08 0 4.66948e-08 0 4.7177e-08 0 4.76191e-08 0 4.80613e-08 0 4.84836e-08 0 4.8906e-08 0 4.93085e-08 0 4.9711e-08 0 5.00936e-08 0 5.04762e-08 0 5.08388e-08 0 5.12216e-08 0
3186.53 7.35531e-06 7.12597e-06 2.29342e-07 0.0311805 -0.330208 1.05706e-08 0 1.34237e-08 0 1.68368e-08 0 1.91428e-08 0 2.09283e-08 0 2.24209e-08 0 2.37013e-08 0 2.48292e-08 0 2.58344e-08 0 2.67631e-08 0 2.76146e-08 0 2.84201e-08 0 2.91476e-08 0 2.98443e-08 0 3.05101e-08 0 3.11289e-08 0 3.17165e-08 0 3.22887e-08 0 3.28296e-08 0 3.33389e-08 0 3.38486e-08 0 3.43267e-08 0 3.47891e-08 0 3.52358e-08 0 3.56667e-08 0 3.60979e-08 0 3.64973e-08 0 3.68968e-08 0 3.72805e-08 0 3.76484e-08 0 3.80324e-08 0 3.83845e-08 0 3.87367e-08 0 3.9073e-08 0 3.94094e-08 0 3.97299e-08 0 4.00504e-08 0 4.03551e-08 0 4.06597e-08 0 4.09484e-08 0 4.12533e-08 0
3350.09 7.09862e-06 6.91127e-06 1.87348e-07 0.0263922 -0.328381 8.70047e-09 0 1.0989e-08 0 1.37198e-08 0 1.55619e-08 0 1.6987e-08 0 1.81778e-08 0 1.91988e-08 0 2.00979e-08 0 2.08991e-08 0 2.1639e-08 0 2.23174e-08 0 2.2959e-08 0 2.35385e-08 0 2.40933e-08 0 2.46235e-08 0 2.51162e-08 0 2.5584e-08 0 2.60395e-08 0 2.647e-08 0 2.68755e-08 0 2.72811e-08 0 2.76616e-08 0 2.80296e-08 0 2.83851e-08 0 2.87281e-08 0 2.90711e-08 0 2.93889e-08 0 2.97068e-08 0 3.00121e-08 0 3.03048e-08 0 3.06103e-08 0 3.08904e-08 0 3.11706e-08 0 3.14382e-08 0 3.17058e-08 0 3.19607e-08 0 3.22157e-08 0 3.2458e-08 0 3.27003e-08 0 3.293e-08 0 3.31724e-08 0
3522.05 6.84959e-06 6.69657e-06 1.53013e-07 0.0223391 -0.326445 7.1398e-09 0 8.9719e-09 0 1.11531e-08 0 1.26224e-08 0 1.37582e-08 0 1.47068e-08 0 1.55198e-08 0 1.62356e-08 0 1.68733e-08 0 1.74621e-08 0 1.80019e-08 0 1.85123e-08 0 1.89732e-08 0 1.94145e-08 0 1.98361e-08 0 2.0228e-08 0 2.06e-08 0 2.09621e-08 0 2.13044e-08 0 2.16267e-08 0 2.19492e-08 0 2.22517e-08 0 2.25442e-08 0 2.28268e-08 0 2.30994e-08 0 2.3372e-08 0 2.36246e-08 0 2.38773e-08 0 2.41199e-08 0 2.43525e-08 0 2.45952e-08 0 2.48178e-08 0 2.50405e-08 0 2.52531e-08 0 2.54657e-08 0 2.56682e-08 0 2.58708e-08 0 2.60633e-08 0 2.62559e-08 0 2.64383e-08 0 2.6631e-08 0
3702.84 6.60672e-06 6.48177e-06 1.24944e-07 0.0189117 -0.324411 5.84181e-09 0 7.30572e-09 0 9.04494e-09 0 1.0215e-08 0 1.11189e-08 0 1.18734e-08 0 1.252e-08 0 1.3089e-08 0 1.35958e-08 0 1.40638e-08 0 1.44926e-08 0 1.48982e-08 0 1.52643e-08 0 1.56149e-08 0 1.59497e-08 0 1.62609e-08 0 1.65563e-08 0 1.68439e-08 0 1.71157e-08 0 1.73716e-08 0 1.76277e-08 0 1.78678e-08 0 1.81001e-08 0 1.83244e-08 0 1.85407e-08 0 1.87572e-08 0 1.89577e-08 0 1.91582e-08 0 1.93508e-08 0 1.95354e-08 0 1.97281e-08 0 1.99047e-08 0 2.00814e-08 0 2.02502e-08 0 2.04189e-08 0 2.05796e-08 0 2.07404e-08 0 2.08932e-08 0 2.1046e-08 0 2.11908e-08 0 2.13436e-08 0
3892.91 6.36918e-06 6.26709e-06 1.02092e-07 0.0160291 -0.322287 4.76611e-09 0 5.93363e-09 0 7.31812e-09 0 8.24845e-09 0 8.9667e-09 0 9.56602e-09 0 1.00794e-08 0 1.05311e-08 0 1.09334e-08 0 1.13048e-08 0 1.16451e-08 0 1.19668e-08 0 1.22573e-08 0 1.25354e-08 0 1.2801e-08 0 1.30478e-08 0 1.32821e-08 0 1.35102e-08 0 1.37257e-08 0 1.39287e-08 0 1.41317e-08 0 1.43221e-08 0 1.45063e-08 0 1.46841e-08 0 1.48557e-08 0 1.50273e-08 0 1.51862e-08 0 1.53452e-08 0 1.54978e-08 0 1.56442e-08 0 1.57969e-08 0 1.59369e-08 0 1.6077e-08 0 1.62107e-08 0 1.63445e-08 0 1.64719e-08 0 1.65993e-08 0 1.67204e-08 0 1.68415e-08 0 1.69562e-08 0 1.70774e-08 0
4092.73 6.1359e-06 6.05249e-06 8.34121e-08 0.0135941 -0.320085 3.87744e-09 0 4.80683e-09 0 5.90705e-09 0 6.64558e-09 0 7.21543e-09 0 7.69075e-09 0 8.0978e-09 0 8.45591e-09 0 8.77473e-09 0 9.06904e-09 0 9.3387e-09 0 9.59362e-09 0 9.82375e-09 0 1.0044e-08 0 1.02544e-08 0 1.04499e-08 0 1.06355e-08 0 1.08162e-08 0 1.09868e-08 0 1.11475e-08 0 1.13083e-08 0 1.14591e-08 0 1.16049e-08 0 1.17457e-08 0 1.18815e-08 0 1.20174e-08 0 1.21432e-08 0 1.22691e-08 0 1.239e-08 0 1.25058e-08 0 1.26267e-08 0 1.27376e-08 0 1.28485e-08 0 1.29543e-08 0 1.30602e-08 0 1.31611e-08 0 1.32619e-08 0 1.33578e-08 0 1.34536e-08 0 1.35444e-08 0 1.36403e-08 0
4302.81 5.90631e-06 5.83817e-06 6.81349e-08 0.011536 -0.317815 3.14568e-09 0 3.88413e-09 0 4.75696e-09 0 5.3423e-09 0 5.79371e-09 0 6.17011e-09 0 6.49237e-09 0 6.77583e-09 0 7.02816e-09 0 7.26105e-09 0 7.47442e-09 0 7.67612e-09 0 7.85817e-09 0 8.03243e-09 0 8.19887e-09 0 8.3535e-09 0 8.50027e-09 0 8.64314e-09 0 8.77813e-09 0 8.90522e-09 0 9.03236e-09 0 9.15159e-09 0 9.26688e-09 0 9.37823e-09 0 9.48563e-09 0 9.59306e-09 0 9.69255e-09 0 9.79206e-09 0 9.88762e-09 0 9.97921e-09 0 1.00748e-08 0 1.01624e-08 0 1.02501e-08 0 1.03338e-08 0 1.04175e-08 0 1.04972e-08 0 1.05769e-08 0 1.06527e-08 0 1.07285e-08 0 1.08003e-08 0 1.08761e-08 0
4523.68 5.68018e-06 5.62453e-06 5.5656e-08 0.00979828 -0.315492 2.54509e-09 0 3.13076e-09 0 3.82203e-09 0 4.28521e-09 0 4.64225e-09 0 4.93987e-09 0 5.19462e-09 0 5.41867e-09 0 5.61808e-09 0 5.80211e-09 0 5.9707e-09 0 6.13005e-09 0 6.27387e-09 0 6.41153e-09 0 6.543e-09 0 6.66513e-09 0 6.78106e-09 0 6.89389e-09 0 7.0005e-09 0 7.10087e-09 0 7.20127e-09 0 7.29543e-09 0 7.38647e-09 0 7.4744e-09 0 7.5592e-09 0 7.64402e-09 0 7.72258e-09 0 7.80115e-09 0 7.8766e-09 0 7.94891e-09 0 8.02438e-09 0 8.09358e-09 0 8.16278e-09 0 8.22885e-09 0 8.29493e-09 0 8.35787e-09 0 8.42082e-09 0 8.48063e-09 0 8.54044e-09 0 8.59712e-09 0 8.65695e-09 0
4755.88 5.45761e-06 5.41212e-06 4.54883e-08 0.00833485 -0.313127 2.05379e-09 0 2.51747e-09 0 3.06408e-09 0 3.43003e-09 0 3.712e-09 0 3.94698e-09 0 4.14808e-09 0 4.32492e-09 0 4.48228e-09 0 4.6275e-09 0 4.76052e-09 0 4.88624e-09 0 4.9997e-09 0 5.10829e-09 0 5.21199e-09 0 5.30833e-09 0 5.39977e-09 0 5.48877e-09 0 5.57285e-09 0 5.65201e-09 0 5.73119e-09 0 5.80544e-09 0 5.87724e-09 0 5.94657e-09 0 6.01345e-09 0 6.08033e-09 0 6.14228e-09 0 6.20423e-09 0 6.26372e-09 0 6.32074e-09 0 6.38025e-09 0 6.43481e-09 0 6.48937e-09 0 6.54146e-09 0 6.59356e-09 0 6.64318e-09 0 6.69281e-09 0 6.73996e-09 0 6.78712e-09 0 6.8318e-09 0 6.87897e-09 0
5000 5.23842e-06 5.20125e-06 3.71696e-08 0.00709558 -0.310734 1.65308e-09 0 2.01955e-09 0 2.45106e-09 0 2.73975e-09 0 2.9621e-09 0 3.14736e-09 0 3.30587e-09 0 3.44523e-09 0 3.56925e-09 0 3.68367e-09 0 3.78848e-09 0 3.88752e-09 0 3.97691e-09 0 4.06245e-09 0 4.14414e-09 0 4.22003e-09 0 4.29205e-09 0 4.36215e-09 0 4.42837e-09 0 4.49071e-09 0 4.55307e-09 0 4.61155e-09 0 4.66809e-09 0 4.72269e-09 0 4.77536e-09 0 4.82803e-09 0 4.87681e-09 0 4.92559e-09 0 4.97244e-09 0 5.01734e-09 0 5.06419e-09 0 5.10715e-09 0 5.15011e-09 0 5.19113e-09 0 5.23215e-09 0 5.27122e-09 0 5.3103e-09 0 5.34742e-09 0 5.38455e-09 0 5.41973e-09 0 5.45687e-09 0
