# 0.00351441 0 110 : grain size, compostion index, size index
# Heating and cooling timescale: 1.32891e-07 inf
# Ratio of heating to cooling to determine stochastic cutoff: 100
# Equilibrium emission is recorded even for those grains in the stochastic regime.
# Emission spectrum was computed for: 
# Type: ISRF
# Scales: 0.25 0.5 1 1.5 2 2.5 3 3.5 4 4.5 5 5.5 6 6.5 7 7.5 8 8.5 9 9.5 10 10.5 11 11.5 12 12.5 13 13.5 14 14.5 15 15.5 16 16.5 17 17.5 18 18.5 19 19.5 20
# StochasticallyHeated: 0 0 0 0 0 0 0 0 0 0 0 0 0 0 0 0 0 0 0 0 0 0 0 0 0 0 0 0 0 0 0 0 0 0 0 0 0 0 0 0 0
# Temperature: -1
# Wavelength  CExt  CAbs  CSca  Albedo G EqEm1 StEm1 EqEm2 StEm2 EqEm3 StEm3 EqEm4 StEm4 EqEm5 StEm5 EqEm6 StEm6 EqEm7 StEm7 EqEm8 StEm8 EqEm9 StEm9 EqEm10 StEm10 EqEm11 StEm11 EqEm12 StEm12 EqEm13 StEm13 EqEm14 StEm14 EqEm15 StEm15 EqEm16 StEm16 EqEm17 StEm17 EqEm18 StEm18 EqEm19 StEm19 EqEm20 StEm20 EqEm21 StEm21 EqEm22 StEm22 EqEm23 StEm23 EqEm24 StEm24 EqEm25 StEm25 EqEm26 StEm26 EqEm27 StEm27 EqEm28 StEm28 EqEm29 StEm29 EqEm30 StEm30 EqEm31 StEm31 EqEm32 StEm32 EqEm33 StEm33 EqEm34 StEm34 EqEm35 StEm35 EqEm36 StEm36 EqEm37 StEm37 EqEm38 StEm38 EqEm39 StEm39 EqEm40 StEm40 EqEm41 StEm41
0.05 7.78229e-05 3.67311e-05 4.10918e-05 0.528017 0.989936 0 0 0 0 0 0 0 0 0 0 0 0 0 0 0 0 0 0 0 0 0 0 0 0 0 0 0 0 0 0 0 0 0 0 0 0 0 0 0 0 0 0 0 0 0 0 0 0 0 0 0 0 0 0 0 0 0 0 0 0 0 0 0 0 0 0 0 0 0 0 0 0 0 0 0 0 0 0 0 0 0 0
0.0525665 7.78418e-05 3.60297e-05 4.18121e-05 0.537141 0.983254 0 0 0 0 0 0 0 0 0 0 0 0 0 0 0 0 0 0 0 0 0 0 0 0 0 0 0 0 0 0 0 0 0 0 0 0 0 0 0 0 0 0 0 0 0 0 0 0 0 0 0 0 0 0 0 0 0 0 0 0 0 0 0 0 0 0 0 0 0 0 0 0 0 0 0 0 0 0 0 0 0 0
0.0552647 7.78561e-05 3.57969e-05 4.20592e-05 0.540217 0.979638 0 0 0 0 0 0 0 0 0 0 0 0 0 0 0 0 0 0 0 0 0 0 0 0 0 0 0 0 0 0 0 0 0 0 0 0 0 0 0 0 0 0 0 0 0 0 0 0 0 0 0 0 0 0 0 0 0 0 0 0 0 0 0 0 0 0 0 0 0 0 0 0 0 0 0 0 0 0 0 0 0 0
0.0581015 7.78695e-05 3.56828e-05 4.21866e-05 0.541761 0.977136 0 0 0 0 0 0 0 0 0 0 0 0 0 0 0 0 0 0 0 0 0 0 0 0 0 0 0 0 0 0 0 0 0 0 0 0 0 0 0 0 0 0 0 0 0 0 0 0 0 0 0 0 0 0 0 0 0 0 0 0 0 0 0 0 0 0 0 0 0 0 0 0 0 0 0 0 0 0 0 0 0 0
0.0610839 7.78816e-05 3.56175e-05 4.22641e-05 0.542671 0.975269 0 0 0 0 0 0 0 0 0 0 0 0 0 0 0 0 0 0 0 0 0 0 0 0 0 0 0 0 0 0 0 0 0 0 0 0 0 0 0 0 0 0 0 0 0 0 0 0 0 0 0 0 0 0 0 0 0 0 0 0 0 0 0 0 0 0 0 0 0 0 0 0 0 0 0 0 0 0 0 0 0 0
0.0642193 7.78936e-05 3.55595e-05 4.2334e-05 0.543486 0.973636 0 0 0 0 0 0 0 0 0 0 0 0 0 0 0 0 0 0 0 0 0 0 0 0 0 0 0 0 0 0 0 0 0 0 0 0 0 0 0 0 0 0 0 0 0 0 0 0 0 0 0 0 0 0 0 0 0 0 0 0 0 0 0 0 0 0 0 0 0 0 0 0 0 0 0 0 0 0 0 0 0 0
0.0675157 7.79056e-05 3.54848e-05 4.24209e-05 0.544516 0.971916 0 0 0 0 0 0 0 0 0 0 0 0 0 0 0 0 0 0 0 0 0 0 0 0 0 0 0 0 0 0 0 0 0 0 0 0 0 0 0 0 0 0 0 0 0 0 0 0 0 0 0 0 0 0 0 0 0 0 0 0 0 0 0 0 0 0 0 0 0 0 0 0 0 0 0 0 0 0 0 0 0 0
0.0709813 7.79181e-05 3.53881e-05 4.253e-05 0.54583 0.969941 0 0 0 0 0 0 0 0 0 0 0 0 0 0 0 0 0 0 0 0 0 0 0 0 0 0 0 0 0 0 0 0 0 0 0 0 0 0 0 0 0 0 0 0 0 0 0 0 0 0 0 0 0 0 0 0 0 0 0 0 0 0 0 0 0 0 0 0 0 0 0 0 0 0 0 0 0 0 0 0 0 0
0.0746248 7.7931e-05 3.52766e-05 4.26544e-05 0.547336 0.967703 0 0 0 0 0 0 0 0 0 0 0 0 0 0 0 0 0 0 0 0 0 0 0 0 0 0 0 0 0 0 0 0 0 0 0 0 0 0 0 0 0 0 0 0 0 0 0 0 0 0 0 0 0 0 0 0 0 0 0 0 0 0 0 0 0 0 0 0 0 0 0 0 0 0 0 0 0 0 0 0 0 0
0.0784553 7.79442e-05 3.51643e-05 4.278e-05 0.548854 0.965367 0 0 0 0 0 0 0 0 0 0 0 0 0 0 0 0 0 0 0 0 0 0 0 0 0 0 0 0 0 0 0 0 0 0 0 0 0 0 0 0 0 0 0 0 0 0 0 0 0 0 0 0 0 0 0 0 0 0 0 0 0 0 0 0 0 0 0 0 0 0 0 0 0 0 0 0 0 0 0 0 0 0
0.0824824 7.79583e-05 3.50548e-05 4.29035e-05 0.55034 0.962991 0 0 0 0 0 0 0 0 0 0 0 0 0 0 0 0 0 0 0 0 0 0 0 0 0 0 0 0 0 0 0 0 0 0 0 0 0 0 0 0 0 0 0 0 0 0 0 0 0 0 0 0 0 0 0 0 0 0 0 0 0 0 0 0 0 0 0 0 0 0 0 0 0 0 0 0 0 0 0 0 0 0
0.0867162 7.79727e-05 3.49462e-05 4.30265e-05 0.551815 0.960566 0 0 0 0 0 0 0 0 0 0 0 0 0 0 0 0 0 0 0 0 0 0 0 0 0 0 0 0 0 0 0 0 0 0 0 0 0 0 0 0 0 0 0 0 0 0 0 0 0 0 0 0 0 0 0 0 0 0 0 0 0 0 0 0 0 0 0 0 0 0 0 0 0 0 0 0 0 0 0 0 0 0
0.0911674 7.79876e-05 3.4838e-05 4.31496e-05 0.553288 0.958078 0 0 0 0 0 0 0 0 0 0 0 0 0 0 0 0 0 0 0 0 0 0 0 0 0 0 0 0 0 0 0 0 0 0 0 0 0 0 0 0 0 0 0 0 0 0 0 0 0 0 0 0 0 0 0 0 0 0 0 0 0 0 0 0 0 0 0 0 0 0 0 0 0 0 0 0 0 0 0 0 0 0
0.095847 7.80028e-05 3.47314e-05 4.32714e-05 0.554742 0.955538 0 0 0 0 0 0 0 0 0 0 0 0 0 0 0 0 0 0 0 0 0 0 0 0 0 0 0 0 0 0 0 0 0 0 0 0 0 0 0 0 0 0 0 0 0 0 0 0 0 0 0 0 0 0 0 0 0 0 0 0 0 0 0 0 0 0 0 0 0 0 0 0 0 0 0 0 0 0 0 0 0 0
0.100767 7.8019e-05 3.46306e-05 4.33885e-05 0.556127 0.953003 0 0 0 0 0 0 0 0 0 0 0 0 0 0 0 0 0 0 0 0 0 0 0 0 0 0 0 0 0 0 0 0 0 0 0 0 0 0 0 0 0 0 0 0 0 0 0 0 0 0 0 0 0 0 0 0 0 0 0 0 0 0 0 0 0 0 0 0 0 0 0 0 0 0 0 0 0 0 0 0 0 0
0.105939 7.80359e-05 3.45514e-05 4.34845e-05 0.557237 0.95068 0 0 0 0 0 0 0 0 0 0 0 0 0 0 0 0 0 0 0 0 0 0 0 0 0 0 0 0 0 0 0 0 0 0 0 0 0 0 0 0 0 0 0 0 0 0 0 0 0 0 0 0 0 0 0 0 0 0 0 0 0 0 0 0 0 0 0 0 0 0 0 0 0 0 0 0 0 0 0 0 0 0
0.111377 7.8053e-05 3.45085e-05 4.35445e-05 0.557884 0.948949 0 0 0 0 0 0 0 0 0 0 0 0 0 0 0 0 0 0 0 0 0 0 0 0 0 0 0 0 0 0 0 0 0 0 0 0 0 0 0 0 0 0 0 0 0 0 0 0 0 0 0 0 0 0 0 0 0 0 0 0 0 0 0 0 0 0 0 0 0 0 0 0 0 0 0 0 0 0 0 0 0 0
0.117094 7.80701e-05 3.44909e-05 4.35792e-05 0.558206 0.947775 0 0 0 0 0 0 0 0 0 0 0 0 0 0 0 0 0 0 0 0 0 0 0 0 0 0 0 0 0 0 0 0 0 0 0 0 0 0 0 0 0 0 0 0 0 0 0 0 0 0 0 0 0 0 0 0 0 0 0 0 0 0 0 0 0 0 0 0 0 0 0 0 0 0 0 0 0 0 0 0 0 0
0.123105 7.80879e-05 3.44568e-05 4.36311e-05 0.558744 0.946388 0 0 0 0 0 0 0 0 0 0 0 0 0 0 0 0 0 0 0 0 0 0 0 0 0 0 0 0 0 0 0 0 0 0 0 0 0 0 0 0 0 0 0 0 0 0 0 0 0 0 0 0 0 0 0 0 0 0 0 0 0 0 0 0 0 0 0 0 0 0 0 0 0 0 0 0 0 0 0 0 0 0
0.129424 7.81066e-05 3.44456e-05 4.3661e-05 0.558993 0.945306 0 0 0 0 0 0 0 0 0 0 0 0 0 0 0 0 0 0 0 0 0 0 0 0 0 0 0 0 0 0 0 0 0 0 0 0 0 0 0 0 0 0 0 0 0 0 0 0 0 0 0 0 0 0 0 0 0 0 0 0 0 0 0 0 0 0 0 0 0 0 0 0 0 0 0 0 0 0 0 0 0 0
0.136067 7.81247e-05 3.44962e-05 4.36285e-05 0.558447 0.945439 0 0 0 0 0 0 0 0 0 0 0 0 0 0 0 0 0 0 0 0 0 0 0 0 0 0 0 0 0 0 0 0 0 0 0 0 0 0 0 0 0 0 0 0 0 0 0 0 0 0 0 0 0 0 0 0 0 0 0 0 0 0 0 0 0 0 0 0 0 0 0 0 0 0 0 0 0 0 0 0 0 0
0.143051 7.81434e-05 3.45122e-05 4.36311e-05 0.558347 0.945166 0 0 0 0 0 0 0 0 0 0 0 0 0 0 0 0 0 0 0 0 0 0 0 0 0 0 0 0 0 0 0 0 0 0 0 0 0 0 0 0 0 0 0 0 0 0 0 0 0 0 0 0 0 0 0 0 0 0 0 0 0 0 0 0 0 0 0 0 0 0 0 0 0 0 0 0 0 0 0 0 0 0
0.150394 7.81628e-05 3.45976e-05 4.35652e-05 0.557365 0.945866 0 0 0 0 0 0 0 0 0 0 0 0 0 0 0 0 0 0 0 0 0 0 0 0 0 0 0 0 0 0 0 0 0 0 0 0 0 0 0 0 0 0 0 0 0 0 0 0 0 0 0 0 0 0 0 0 0 0 0 0 0 0 0 0 0 0 0 0 0 0 0 0 0 0 0 0 0 0 0 0 0 0
0.158114 7.81785e-05 3.48719e-05 4.33067e-05 0.553946 0.950562 0 0 0 0 0 0 0 0 0 0 0 0 0 0 0 0 0 0 0 0 0 0 0 0 0 0 0 0 0 0 0 0 0 0 0 0 0 0 0 0 0 0 0 0 0 0 0 0 0 0 0 0 0 0 0 0 0 0 0 0 0 0 0 0 0 0 0 0 0 0 0 0 0 0 0 0 0 0 0 0 0 0
0.16623 7.81918e-05 3.4903e-05 4.32888e-05 0.553624 0.952062 0 0 0 0 0 0 0 0 0 0 0 0 0 0 0 0 0 0 0 0 0 0 0 0 0 0 0 0 0 0 0 0 0 0 0 0 0 0 0 0 0 0 0 0 0 0 0 0 0 0 0 0 0 0 0 0 0 0 0 0 0 0 0 0 0 0 0 0 0 0 0 0 0 0 0 0 0 0 0 0 0 0
0.174762 7.82089e-05 3.46499e-05 4.3559e-05 0.556957 0.948644 0 0 0 0 0 0 0 0 0 0 0 0 0 0 0 0 0 0 0 0 0 0 0 0 0 0 0 0 0 0 0 0 0 0 0 0 0 0 0 0 0 0 0 0 0 0 0 0 0 0 0 0 0 0 0 0 0 0 0 0 0 0 0 0 0 0 0 0 0 0 0 0 0 0 0 0 0 0 0 0 0 0
0.183733 7.82294e-05 3.42529e-05 4.39766e-05 0.562149 0.942489 0 0 0 0 0 0 0 0 0 0 0 0 0 0 0 0 0 0 0 0 0 0 0 0 0 0 0 0 0 0 0 0 0 0 0 0 0 0 0 0 0 0 0 0 0 0 0 0 0 0 0 0 0 0 0 0 0 0 0 0 0 0 0 0 0 0 0 0 0 0 0 0 0 0 0 0 0 0 0 0 0 0
0.193164 7.82542e-05 3.36706e-05 4.45836e-05 0.569728 0.932735 0 0 0 0 0 0 0 0 0 0 0 0 0 0 0 0 0 0 0 0 0 0 0 0 0 0 0 0 0 0 0 0 0 0 0 0 0 0 0 0 0 0 0 0 0 0 0 0 0 0 0 0 0 0 0 0 0 0 0 0 0 0 0 0 0 0 0 0 0 0 0 0 0 0 0 0 0 0 0 0 0 0
0.203079 7.82844e-05 3.30559e-05 4.52284e-05 0.577745 0.92114 0 0 0 0 0 0 0 0 0 0 0 0 0 0 0 0 0 0 0 0 0 0 0 0 0 0 0 0 0 0 0 0 0 0 0 0 0 0 0 0 0 0 0 0 0 0 0 0 0 0 0 0 0 0 0 0 0 0 0 0 0 0 0 0 0 0 0 0 0 0 0 0 0 0 0 0 0 0 0 0 0 0
0.213503 7.83149e-05 3.25785e-05 4.57364e-05 0.584006 0.911463 0 0 0 0 0 0 0 0 0 0 0 0 0 0 0 0 0 0 0 0 0 0 0 0 0 0 0 0 0 0 0 0 0 0 0 0 0 0 0 0 0 0 0 0 0 0 0 0 0 0 0 0 0 0 0 0 0 0 0 0 0 0 0 0 0 0 0 0 0 0 0 0 0 0 0 0 0 0 0 0 0 0
0.224463 7.83466e-05 3.21654e-05 4.61812e-05 0.589448 0.902763 0 0 0 0 0 0 0 0 0 0 0 0 0 0 0 0 0 0 0 0 0 0 0 0 0 0 0 0 0 0 0 0 0 0 0 0 0 0 0 0 0 0 0 0 0 0 0 0 0 0 0 0 0 0 0 0 0 0 0 0 0 0 0 0 0 0 0 0 0 0 0 0 0 0 0 0 0 0 0 0 0 0
0.235984 7.83791e-05 3.17475e-05 4.66316e-05 0.59495 0.894014 0 0 0 0 0 0 0 0 0 0 0 0 0 0 0 0 0 0 0 0 0 0 0 0 0 0 0 0 0 0 0 0 0 0 0 0 0 0 0 0 0 0 0 0 0 0 0 0 0 0 0 0 0 0 0 0 0 0 0 0 0 0 0 0 0 0 0 0 0 0 0 0 0 0 0 0 0 0 0 0 0 0
0.248097 7.84144e-05 3.12558e-05 4.71586e-05 0.601402 0.883649 0 0 0 0 0 0 0 0 0 0 0 0 0 0 0 0 0 0 0 0 0 0 0 0 0 0 0 0 0 0 0 0 0 0 0 0 0 0 0 0 0 0 0 0 0 0 0 0 0 0 0 0 0 0 0 0 0 0 0 0 0 0 0 0 0 0 0 0 0 0 0 0 0 0 0 0 0 0 0 0 0 0
0.260832 7.84518e-05 3.08698e-05 4.7582e-05 0.606512 0.874847 0 0 0 0 0 0 0 0 0 0 0 0 0 0 0 0 0 0 0 0 0 0 0 0 0 0 0 0 0 0 0 0 0 0 0 0 0 0 0 0 0 0 0 0 0 0 0 0 0 0 0 0 0 0 0 0 0 0 0 0 0 0 0 0 0 0 0 0 0 0 0 0 0 0 0 0 0 0 0 0 0 0
0.274221 7.849e-05 3.05645e-05 4.79255e-05 0.610593 0.867449 0 0 0 0 0 0 0 0 0 0 0 0 0 0 0 0 0 0 0 0 0 0 0 0 0 0 0 0 0 0 0 0 0 0 0 0 0 0 0 0 0 0 0 0 0 0 0 0 0 0 0 0 0 0 0 0 0 0 0 0 0 0 0 0 0 0 0 0 0 0 0 0 0 0 0 0 0 0 0 0 0 0
0.288297 7.85288e-05 3.03218e-05 4.8207e-05 0.613877 0.861336 0 0 0 0 0 0 0 0 0 0 0 0 0 0 0 0 0 0 0 0 0 0 0 0 0 0 0 0 0 0 0 0 0 0 0 0 0 0 0 0 0 0 0 0 0 0 0 0 0 0 0 0 0 0 0 0 0 0 0 0 0 0 0 0 0 0 0 0 0 0 0 0 0 0 0 0 0 0 0 0 0 0
0.303095 7.85691e-05 3.01181e-05 4.8451e-05 0.616668 0.855918 0 0 0 0 0 0 0 0 0 0 0 0 0 0 0 0 0 0 0 0 0 0 0 0 0 0 0 0 0 0 0 0 0 0 0 0 0 0 0 0 0 0 0 0 0 0 0 0 0 0 0 0 0 0 0 0 0 0 0 0 0 0 0 0 0 0 0 0 0 0 0 0 0 0 0 0 0 0 0 0 0 0
0.318653 7.86102e-05 2.9948e-05 4.86622e-05 0.619032 0.851237 0 0 0 0 0 0 0 0 0 0 0 0 0 0 0 0 0 0 0 0 0 0 0 0 0 0 0 0 0 0 0 0 0 0 0 0 0 0 0 0 0 0 0 0 0 0 0 0 0 0 0 0 0 0 0 0 0 0 0 0 0 0 0 0 0 0 0 0 0 0 0 0 0 0 0 0 0 0 0 0 0 0
0.335009 7.86521e-05 2.97968e-05 4.88554e-05 0.621157 0.846972 0 0 0 0 0 0 0 0 0 0 0 0 0 0 0 0 0 0 0 0 0 0 0 0 0 0 0 0 0 0 0 0 0 0 0 0 0 0 0 0 0 0 0 0 0 0 0 0 0 0 0 0 0 0 0 0 0 0 0 0 0 0 0 0 0 0 0 0 0 0 0 0 0 0 0 0 0 0 0 0 0 0
0.352205 7.86955e-05 2.96636e-05 4.90319e-05 0.623058 0.843091 0 0 0 0 0 0 0 0 0 0 0 0 0 0 0 0 0 0 0 0 0 0 0 0 0 0 0 0 0 0 0 0 0 0 0 0 0 0 0 0 0 0 0 0 0 0 0 0 0 0 0 0 0 0 0 0 0 0 0 0 0 0 0 0 0 0 0 0 0 0 0 0 0 0 0 0 0 0 0 0 0 0
0.370284 7.87405e-05 2.95313e-05 4.92092e-05 0.624954 0.839289 0 0 0 0 0 0 0 0 0 0 0 0 0 0 0 0 0 0 0 0 0 0 0 0 0 0 0 0 0 0 0 0 0 0 0 0 0 0 0 0 0 0 0 0 0 0 0 0 0 0 0 0 0 0 0 0 0 0 0 0 0 0 0 0 0 0 0 0 0 0 0 0 0 0 0 0 0 0 0 0 0 0
0.389291 7.8787e-05 2.94047e-05 4.93823e-05 0.626782 0.835636 0 0 0 0 0 0 0 0 0 0 0 0 0 0 0 0 0 0 0 0 0 0 0 0 0 0 0 0 0 0 0 0 0 0 0 0 0 0 0 0 0 0 0 0 0 0 0 0 0 0 0 0 0 0 0 0 0 0 0 0 0 0 0 0 0 0 0 0 0 0 0 0 0 0 0 0 0 0 0 0 0 0
0.409273 7.88352e-05 2.92729e-05 4.95624e-05 0.628683 0.831931 0 0 0 0 0 0 0 0 0 0 0 0 0 0 0 0 0 0 0 0 0 0 0 0 0 0 0 0 0 0 0 0 0 0 0 0 0 0 0 0 0 0 0 0 0 0 0 0 0 0 0 0 0 0 0 0 0 0 0 0 0 0 0 0 0 0 0 0 0 0 0 0 0 0 0 0 0 0 0 0 0 0
0.430281 7.88854e-05 2.91394e-05 4.9746e-05 0.630611 0.828207 0 0 0 0 0 0 0 0 0 0 0 0 0 0 0 0 0 0 0 0 0 0 0 0 0 0 0 0 0 0 0 0 0 0 0 0 0 0 0 0 0 0 0 0 0 0 0 0 0 0 0 0 0 0 0 0 0 0 0 0 0 0 0 0 0 0 0 0 0 0 0 0 0 0 0 0 0 0 0 0 0 0
0.452368 7.89373e-05 2.90147e-05 4.99226e-05 0.632434 0.824628 0 0 0 0 0 0 0 0 0 0 0 0 0 0 0 0 0 0 0 0 0 0 0 0 0 0 0 0 0 0 0 0 0 0 0 0 0 0 0 0 0 0 0 0 0 0 0 0 0 0 0 0 0 0 0 0 0 0 0 0 0 0 0 0 0 0 0 0 0 0 0 0 0 0 0 0 0 0 0 0 0 0
0.475588 7.89907e-05 2.88929e-05 5.00978e-05 0.634224 0.821101 0 0 0 0 0 0 0 0 0 0 0 0 0 0 0 0 0 0 0 0 0 0 0 0 0 0 0 0 0 0 0 0 0 0 0 0 0 0 0 0 0 0 0 0 0 0 0 0 0 0 0 0 0 0 0 0 0 0 0 0 0 0 0 0 0 0 0 0 0 0 0 0 0 0 0 0 0 0 0 0 0 0
0.5 7.90459e-05 2.87939e-05 5.02519e-05 0.635731 0.817969 0 0 0 0 0 0 0 0 0 0 0 0 0 0 0 0 0 0 0 0 0 0 0 0 0 0 0 0 0 0 0 0 0 0 0 0 0 0 0 0 0 0 0 0 0 0 0 0 0 0 0 0 0 0 0 0 0 0 0 0 0 0 0 0 0 0 0 0 0 0 0 0 0 0 0 0 0 0 0 0 0 0
0.525665 7.91019e-05 2.87163e-05 5.03856e-05 0.636971 0.815239 0 0 0 0 0 0 0 0 0 0 0 0 0 0 0 0 0 0 0 0 0 0 0 0 0 0 0 0 0 0 0 0 0 0 0 0 0 0 0 0 0 0 0 0 0 0 0 0 0 0 0 0 0 0 0 0 0 0 0 0 0 0 0 0 0 0 0 0 0 0 0 0 0 0 0 0 0 0 0 0 0 0
0.552648 7.91593e-05 2.86576e-05 5.05017e-05 0.637976 0.812884 0 0 0 0 0 0 0 0 0 0 0 0 0 0 0 0 0 0 0 0 0 0 0 0 0 0 0 0 0 0 0 0 0 0 0 0 0 0 0 0 0 0 0 0 0 0 0 0 0 0 0 0 0 0 0 0 0 0 0 0 0 0 0 0 0 0 0 0 0 0 0 0 0 0 0 0 0 0 0 0 0 0
0.581015 7.92176e-05 2.86108e-05 5.06068e-05 0.638833 0.810781 0 0 0 0 0 0 0 0 0 0 0 0 0 0 0 0 0 0 0 0 0 0 0 0 0 0 0 0 0 0 0 0 0 0 0 0 0 0 0 0 0 0 0 0 0 0 0 0 0 0 0 0 0 0 0 0 0 0 0 0 0 0 0 0 0 0 0 0 0 0 0 0 0 0 0 0 0 0 0 0 0 0
0.610839 7.92775e-05 2.85674e-05 5.07101e-05 0.639653 0.808768 0 0 0 0 0 0 0 0 0 0 0 0 0 0 0 0 0 0 0 0 0 0 0 0 0 0 0 0 0 0 0 0 0 0 0 0 0 0 0 0 0 0 0 0 0 0 0 0 0 0 0 0 0 0 0 0 0 0 0 0 0 0 0 0 0 0 0 0 0 0 0 0 0 0 0 0 0 0 0 0 0 0
0.642193 7.93386e-05 2.85282e-05 5.08103e-05 0.640424 0.80686 0 0 0 0 0 0 0 0 0 0 0 0 0 0 0 0 0 0 0 0 0 0 0 0 0 0 0 0 0 0 0 0 0 0 0 0 0 0 0 0 0 0 0 0 0 0 0 0 0 0 0 0 0 0 0 0 0 0 0 0 0 0 0 0 0 0 0 0 0 0 0 0 0 0 0 0 0 0 0 0 0 0
0.675157 7.94014e-05 2.84889e-05 5.09125e-05 0.641205 0.804975 0 0 0 0 0 0 0 0 0 0 0 0 0 0 0 0 0 0 0 0 0 0 0 0 0 0 0 0 0 0 0 0 0 0 0 0 0 0 0 0 0 0 0 0 0 0 0 0 0 0 0 0 0 0 0 0 0 0 0 0 0 0 0 0 0 0 0 0 0 0 0 0 0 0 0 0 0 0 0 0 0 0
0.709813 7.94657e-05 2.84495e-05 5.10162e-05 0.641991 0.803095 0 0 0 0 0 0 0 0 0 0 0 0 0 0 0 0 0 0 0 0 0 0 0 0 0 0 0 0 0 0 0 0 0 0 0 0 0 0 0 0 0 0 0 0 0 0 0 0 0 0 0 0 0 0 0 0 0 0 0 0 0 0 0 0 0 0 0 0 0 0 0 0 0 0 0 0 0 0 0 0 0 0
0.746248 7.95314e-05 2.84144e-05 5.1117e-05 0.642727 0.801298 0 0 0 0 0 0 0 0 0 0 0 0 0 0 0 0 0 0 0 0 0 0 0 0 0 0 0 0 0 0 0 0 0 0 0 0 0 0 0 0 0 0 0 0 0 0 0 0 0 0 0 0 0 0 0 0 0 0 0 0 0 0 0 0 0 0 0 0 0 0 0 0 0 0 0 0 0 0 0 0 0 0
0.784553 7.95979e-05 2.83871e-05 5.12108e-05 0.643369 0.799624 0 0 0 0 0 0 0 0 0 0 0 0 0 0 0 0 0 0 0 0 0 0 0 0 0 0 0 0 0 0 0 0 0 0 0 0 0 0 0 0 0 0 0 0 0 0 0 0 0 0 0 0 0 0 0 0 0 0 0 0 0 0 0 0 0 0 0 0 0 0 0 0 0 0 0 0 0 0 0 0 0 0
0.824824 7.96648e-05 2.8387e-05 5.12778e-05 0.64367 0.79844 0 0 0 0 0 0 0 0 0 0 0 0 0 0 0 0 0 0 0 0 0 0 0 0 0 0 0 0 0 0 0 0 0 0 0 0 0 0 0 0 0 0 0 0 0 0 0 0 0 0 0 0 0 0 0 0 0 0 0 0 0 0 0 0 0 0 0 0 0 0 0 0 0 0 0 0 0 0 0 0 0 0
0.867162 7.97321e-05 2.84127e-05 5.13194e-05 0.643648 0.797782 0 0 0 0 0 0 0 0 0 0 0 0 0 0 0 0 0 0 0 0 0 0 0 0 0 0 0 0 0 0 0 0 0 0 0 0 0 0 0 0 0 0 0 0 0 0 0 0 0 0 0 0 0 0 0 0 0 0 0 0 0 0 0 0 0 0 0 0 0 0 0 0 0 0 0 0 0 0 0 0 0 0
0.911674 7.98013e-05 2.84406e-05 5.13607e-05 0.643607 0.797222 0 0 0 0 0 0 0 0 0 0 0 0 0 0 0 0 0 0 0 0 0 0 0 0 0 0 0 0 0 0 0 0 0 0 0 0 0 0 0 0 0 0 0 0 0 0 0 0 0 0 0 0 0 0 0 0 0 0 0 0 0 0 0 0 0 0 0 0 0 0 0 0 0 0 0 0 0 0 0 0 0 0
0.95847 7.9874e-05 2.84447e-05 5.14293e-05 0.643881 0.796265 0 0 0 0 0 0 0 0 0 0 0 0 0 0 0 0 0 0 0 0 0 0 0 0 0 0 0 0 0 0 0 0 0 0 0 0 0 0 0 0 0 0 0 0 0 0 0 0 0 0 0 0 0 0 0 0 0 0 0 0 0 0 0 0 0 0 0 0 0 0 0 0 0 0 0 0 0 0 0 0 0 0
1.00767 7.9949e-05 2.84349e-05 5.15141e-05 0.644337 0.795036 0 0 0 0 0 0 0 0 0 0 0 0 0 0 0 0 0 0 0 0 0 0 0 0 0 0 0 0 0 0 0 0 0 0 0 0 0 0 0 0 0 0 0 0 0 0 0 0 0 0 0 0 0 0 0 0 0 0 0 0 0 0 0 0 0 0 0 0 0 0 0 0 0 0 0 0 0 0 0 0 0 0
1.05939 8.0026e-05 2.84288e-05 5.15971e-05 0.644755 0.793868 0 0 0 0 0 0 0 0 0 0 0 0 0 0 0 0 0 0 0 0 0 0 0 0 0 0 0 0 0 0 0 0 0 0 0 0 0 0 0 0 0 0 0 0 0 0 0 0 0 0 0 0 0 0 0 0 0 0 0 0 0 0 0 0 0 0 0 0 0 0 0 0 0 0 0 0 0 0 0 0 0 0
1.11377 8.01046e-05 2.84245e-05 5.16801e-05 0.645158 0.792723 0 0 0 0 0 0 0 0 0 0 0 0 0 0 0 0 0 0 0 0 0 0 0 0 0 0 0 0 0 0 0 0 0 0 0 0 0 0 0 0 0 0 0 0 0 0 0 0 0 0 0 0 0 0 0 0 0 0 0 0 0 0 0 0 0 0 0 0 0 0 0 0 0 0 0 0 0 0 0 0 0 0
1.17094 8.01857e-05 2.8414e-05 5.17718e-05 0.645648 0.791458 0 0 0 0 0 0 0 0 0 0 0 0 0 0 0 0 0 0 0 0 0 0 0 0 0 0 0 0 0 0 0 0 0 0 0 0 0 0 0 0 0 0 0 0 0 0 0 0 0 0 0 0 0 0 0 0 0 0 0 0 0 0 0 0 0 0 0 0 0 0 0 0 0 0 0 0 0 0 0 0 0 0
1.23105 8.02689e-05 2.84036e-05 5.18653e-05 0.646145 0.790186 0 0 0 0 0 0 0 0 0 0 0 0 0 0 0 0 0 0 0 0 0 0 0 0 0 0 0 0 0 0 0 0 0 0 0 0 0 0 0 0 0 0 0 0 0 0 0 0 0 0 0 0 0 0 0 0 0 0 0 0 0 0 0 0 0 0 0 0 0 0 0 0 0 0 0 0 0 0 0 0 0 0
1.29424 8.03538e-05 2.83987e-05 5.19551e-05 0.646579 0.788994 0 0 0 0 0 0 0 0 0 0 0 0 0 0 0 0 0 0 0 0 0 0 0 0 0 0 0 0 0 0 0 0 0 0 0 0 0 0 0 0 0 0 0 0 0 0 0 0 0 0 0 0 0 0 0 0 0 0 0 0 0 0 0 0 0 0 0 0 0 0 0 0 0 0 0 0 0 0 0 0 0 0
1.36067 8.04396e-05 2.84136e-05 5.2026e-05 0.646771 0.788149 0 0 0 0 0 0 0 0 0 0 0 0 0 0 0 0 0 0 0 0 0 0 0 0 0 0 0 0 0 0 0 0 0 0 0 0 0 0 0 0 0 0 0 0 0 0 0 0 0 0 0 0 0 0 0 0 0 0 0 0 0 0 0 0 0 0 0 0 0 0 0 0 0 0 0 0 0 0 0 0 0 0
1.43051 8.05297e-05 2.84296e-05 5.21001e-05 0.646967 0.787342 0 0 0 0 0 0 0 0 0 0 0 0 0 0 0 0 0 0 0 0 0 0 0 0 0 0 0 0 0 0 0 0 0 0 0 0 0 0 0 0 0 0 0 0 0 0 0 0 0 0 0 0 0 0 0 0 0 0 0 0 0 0 0 0 0 0 0 0 0 0 0 0 0 0 0 0 0 0 0 0 0 0
1.50394 8.06235e-05 2.84224e-05 5.22011e-05 0.647467 0.786097 0 0 0 0 0 0 0 0 0 0 0 0 0 0 0 0 0 0 0 0 0 0 0 0 0 0 0 0 0 0 0 0 0 0 0 0 0 0 0 0 0 0 0 0 0 0 0 0 0 0 0 0 0 0 0 0 0 0 0 0 0 0 0 0 0 0 0 0 0 0 0 0 0 0 0 0 0 0 0 0 0 0
1.58114 8.07197e-05 2.84105e-05 5.23092e-05 0.648035 0.784736 0 0 0 0 0 0 0 0 0 0 0 0 0 0 0 0 0 0 0 0 0 0 0 0 0 0 0 0 0 0 0 0 0 0 0 0 0 0 0 0 0 0 0 0 0 0 0 0 0 0 0 0 0 0 0 0 0 0 0 0 0 0 0 0 0 0 0 0 0 0 0 0 0 0 0 0 0 0 0 0 0 0
1.6623 8.08175e-05 2.8405e-05 5.24125e-05 0.648529 0.783459 0 0 0 0 0 0 0 0 0 0 0 0 0 0 0 0 0 0 0 0 0 0 0 0 0 0 0 0 0 0 0 0 0 0 0 0 0 0 0 0 0 0 0 0 0 0 0 0 0 0 0 0 0 0 0 0 0 0 0 0 0 0 0 0 0 0 0 0 0 0 0 0 0 0 0 0 0 0 0 0 0 0
1.74763 8.09174e-05 2.84099e-05 5.25075e-05 0.648903 0.782351 0 0 0 0 0 0 0 0 0 0 0 0 0 0 0 0 0 0 0 0 0 0 0 0 0 0 0 0 0 0 0 0 0 0 0 0 0 0 0 0 0 0 0 0 0 0 0 0 0 0 0 0 0 0 0 0 0 0 0 0 0 0 0 0 0 0 0 0 0 0 0 0 0 0 0 0 0 0 0 0 0 0
1.83733 8.10223e-05 2.84145e-05 5.26079e-05 0.649301 0.781229 0 0 0 0 0 0 0 0 0 0 0 0 0 0 0 0 0 0 0 0 0 0 0 0 0 0 0 0 0 0 0 0 0 0 0 0 0 0 0 0 0 0 0 0 0 0 0 0 0 0 0 0 0 0 0 0 0 0 0 0 0 0 0 0 0 0 0 0 0 0 0 0 0 0 0 0 0 0 0 0 0 0
1.93164 8.11299e-05 2.83993e-05 5.27306e-05 0.649952 0.77972 0 0 0 0 0 0 0 0 0 0 0 0 0 0 0 0 0 0 0 0 0 0 0 0 0 0 0 0 0 0 0 0 0 0 0 0 0 0 0 0 0 0 0 0 0 0 0 0 0 0 0 0 0 0 0 0 0 0 0 0 0 0 0 0 0 0 0 0 0 0 0 0 0 0 0 0 0 0 0 0 0 0
2.03079 8.12388e-05 2.83979e-05 5.28409e-05 0.650439 0.778421 0 0 0 0 0 0 0 0 0 0 0 0 0 0 0 0 0 0 0 0 0 0 0 0 0 0 0 0 0 0 0 0 0 0 0 0 0 0 0 0 0 0 0 0 0 0 0 0 0 0 0 0 0 0 0 0 0 0 0 0 0 0 0 0 0 0 0 0 0 0 0 0 0 0 0 0 0 0 0 0 0 0
2.13503 8.13507e-05 2.8406e-05 5.29447e-05 0.650821 0.777267 0 0 0 0 0 0 0 0 0 0 0 0 0 0 0 0 0 0 0 0 0 0 0 0 0 0 0 0 0 0 0 0 0 0 0 0 0 0 0 0 0 0 0 0 0 0 0 0 0 0 0 0 0 0 0 0 0 0 0 0 0 0 0 0 0 0 0 0 0 0 0 0 0 0 0 0 0 0 0 0 0 0
2.24463 8.14662e-05 2.84151e-05 5.3051e-05 0.651204 0.776104 0 0 0 0 0 0 0 0 0 0 0 0 0 0 0 0 0 0 0 0 0 0 0 0 0 0 0 0 0 0 0 0 0 0 0 0 0 0 0 0 0 0 0 0 0 0 0 0 0 0 0 0 0 0 0 0 0 0 0 0 0 0 0 0 0 0 0 0 0 0 0 0 0 0 0 0 0 0 0 0 0 0
2.35984 8.1586e-05 2.84248e-05 5.31613e-05 0.651597 0.774922 0 0 0 0 0 0 0 0 0 0 0 0 0 0 0 0 0 0 0 0 0 0 0 0 0 0 0 0 0 0 0 0 0 0 0 0 0 0 0 0 0 0 0 0 0 0 0 0 0 0 0 0 0 0 0 0 0 0 0 0 0 0 0 0 0 0 0 0 0 0 0 0 0 0 0 0 0 0 0 0 0 0
2.48097 8.17084e-05 2.84257e-05 5.32827e-05 0.652108 0.77355 0 0 0 0 0 0 0 0 0 0 0 0 0 0 0 0 0 0 0 0 0 0 0 0 0 0 0 0 0 0 0 0 0 0 0 0 0 0 0 0 0 0 0 0 0 0 0 0 0 0 0 0 0 0 0 0 0 0 0 0 0 0 0 0 0 0 0 0 0 0 0 0 0 0 0 0 0 0 0 0 0 0
2.60832 8.18331e-05 2.8462e-05 5.33711e-05 0.652194 0.772761 0 0 0 0 0 0 0 0 0 0 0 0 0 0 0 0 0 0 0 0 0 0 0 0 0 0 0 0 0 0 0 0 0 0 0 0 0 0 0 0 0 0 0 0 0 0 0 0 0 0 0 0 0 0 0 0 0 0 0 0 0 0 0 0 0 0 0 0 0 0 0 0 0 0 0 0 0 0 0 0 0 0
2.74221 8.19686e-05 2.84653e-05 5.35033e-05 0.652729 0.771367 0 0 0 0 0 0 0 0 0 0 0 0 0 0 0 0 0 0 0 0 0 0 0 0 0 0 0 0 0 0 0 0 0 0 0 0 0 0 0 0 0 0 0 0 0 0 0 0 0 0 0 0 0 0 0 0 0 0 0 0 0 0 0 0 0 0 0 0 0 0 0 0 0 0 0 0 0 0 0 0 0 0
2.88297 8.21027e-05 2.84595e-05 5.36432e-05 0.653367 0.769773 0 0 0 0 0 0 0 0 0 0 0 0 0 0 0 0 0 0 0 0 0 0 0 0 0 0 0 0 0 0 0 0 0 0 0 0 0 0 0 0 0 0 0 0 0 0 0 0 0 0 0 0 0 0 0 0 0 0 0 0 0 0 0 0 0 0 0 0 0 0 0 0 0 0 0 0 0 0 0 0 0 0
3.03095 8.22427e-05 2.84784e-05 5.37643e-05 0.653728 0.768565 0 0 0 0 0 0 0 0 0 0 0 0 0 0 0 0 0 0 0 0 0 0 0 0 0 0 0 0 0 0 0 0 0 0 0 0 0 0 0 0 0 0 0 0 0 0 0 0 0 0 0 0 0 0 0 0 0 0 0 0 0 0 0 0 0 0 0 0 0 0 0 0 0 0 0 0 0 0 0 0 0 0
3.18653 8.23897e-05 2.84624e-05 5.39273e-05 0.654539 0.766725 0 0 0 0 0 0 0 0 0 0 0 0 0 0 0 0 0 0 0 0 0 0 0 0 0 0 0 0 0 0 0 0 0 0 0 0 0 0 0 0 0 0 0 0 0 0 0 0 0 0 0 0 0 0 0 0 0 0 0 0 0 0 0 0 0 0 0 0 0 0 0 0 0 0 0 0 0 0 0 0 0 0
3.35009 8.25306e-05 2.84446e-05 5.4086e-05 0.655345 0.764821 0 0 0 0 0 0 0 0 0 0 0 0 0 0 0 0 0 0 0 0 0 0 0 0 0 0 0 0 0 0 0 0 0 0 0 0 0 0 0 0 0 0 0 0 0 0 0 0 0 0 0 0 0 0 0 0 0 0 0 0 0 0 0 0 0 0 0 0 0 0 0 0 0 0 0 0 0 0 0 0 0 0
3.52205 8.26836e-05 2.84712e-05 5.42124e-05 0.655661 0.763623 0 0 0 0 0 0 0 0 0 0 0 0 0 0 0 0 0 0 0 0 0 0 0 0 0 0 0 0 0 0 0 0 0 0 0 0 0 0 0 0 0 0 0 0 0 0 0 0 0 0 0 0 0 0 0 0 0 0 0 0 0 0 0 0 0 0 0 0 0 0 0 0 0 0 0 0 0 0 0 0 0 0
3.70284 8.28389e-05 2.8468e-05 5.43708e-05 0.656344 0.761886 0 0 0 0 0 0 0 0 0 0 0 0 0 0 0 0 0 0 0 0 0 0 0 0 0 0 0 0 0 0 0 0 0 0 0 0 0 0 0 0 0 0 0 0 0 0 0 0 0 0 0 0 0 0 0 0 0 0 0 0 0 0 0 0 0 0 0 0 0 0 0 0 0 0 0 0 0 0 0 0 0 0
3.89291 8.29953e-05 2.8452e-05 5.45433e-05 0.657186 0.759905 0 0 0 0 0 0 0 0 0 0 0 0 0 0 0 0 0 0 0 0 0 0 0 0 0 0 0 0 0 0 0 0 0 0 0 0 0 0 0 0 0 0 0 0 0 0 0 0 0 0 0 0 0 0 0 0 0 0 0 0 0 0 0 0 0 0 0 0 0 0 0 0 0 0 0 0 0 0 0 0 0 0
4.09273 8.31583e-05 2.84521e-05 5.47062e-05 0.657856 0.758149 0 0 0 0 0 0 0 0 0 0 0 0 0 0 0 0 0 0 0 0 0 0 0 0 0 0 0 0 0 0 0 0 0 0 0 0 0 0 0 0 0 0 0 0 0 0 0 0 0 0 0 0 0 0 0 0 0 0 0 0 0 0 0 0 0 0 0 0 0 0 0 0 0 0 0 0 0 0 0 0 0 0
4.30281 8.33233e-05 2.84853e-05 5.4838e-05 0.658135 0.756889 0 0 0 0 0 0 0 0 0 0 0 0 0 0 0 0 0 0 0 0 0 0 0 0 0 0 0 0 0 0 0 0 0 0 0 0 0 0 0 0 0 0 0 0 0 0 0 0 0 0 0 0 0 0 0 0 0 0 0 0 0 0 0 0 0 0 0 0 0 0 0 0 0 0 0 0 0 0 0 0 0 0
4.52368 8.34884e-05 2.85152e-05 5.49733e-05 0.658454 0.755538 0 0 0 0 0 0 0 0 0 0 0 0 0 0 0 0 0 0 0 0 0 0 0 0 0 0 0 0 0 0 0 0 0 0 0 0 0 0 0 0 0 0 0 0 0 0 0 0 0 0 0 0 0 0 0 0 0 0 0 0 0 0 0 0 0 0 0 0 0 0 0 0 0 0 0 0 0 0 0 0 0 0
4.75588 8.36607e-05 2.85353e-05 5.51254e-05 0.658916 0.753978 0 0 0 0 0 0 0 0 0 0 0 0 0 0 0 0 0 0 0 0 0 0 0 0 0 0 0 0 0 0 0 0 0 0 0 0 0 0 0 0 0 0 0 0 0 0 0 0 0 0 0 0 0 0 0 0 0 0 0 0 0 0 0 0 0 0 0 0 0 0 0 0 0 0 0 0 0 0 0 0 0 0
5 8.38303e-05 2.85608e-05 5.52695e-05 0.659302 0.752476 0 0 0 0 0 0 0 0 0 0 0 0 0 0 0 0 0 0 0 0 0 0 0 0 0 0 0 0 0 0 0 0 0 0 0 0 0 0 0 0 0 0 0 0 0 0 0 0 0 0 0 0 0 0 0 0 0 0 0 0 0 0 0 0 0 0 0 0 0 0 0 0 0 0 0 0 0 0 0 0 0 0
5.25665 8.40099e-05 2.86434e-05 5.53666e-05 0.659048 0.751796 0 0 0 0 0 0 0 0 0 0 0 0 0 0 0 0 0 0 0 0 0 0 0 0 0 0 0 0 0 0 0 0 0 0 0 0 0 0 0 0 0 0 0 0 0 0 0 0 0 0 0 0 0 0 0 0 0 0 0 0 0 0 0 0 0 0 0 0 0 0 0 0 0 0 0 0 0 0 0 0 0 0
5.52648 8.42011e-05 2.87444e-05 5.54567e-05 0.658622 0.751319 0 0 0 0 0 0 0 0 0 0 0 0 0 0 0 0 0 0 0 0 0 0 0 0 0 0 0 0 0 0 0 0 0 0 0 0 0 0 0 0 0 0 0 0 0 0 0 0 0 0 0 0 0 0 0 0 0 0 0 0 0 0 0 0 0 0 0 0 0 0 0 0 0 0 0 0 0 0 0 0 0 0
5.81015 8.44198e-05 2.89195e-05 5.55003e-05 0.657432 0.751842 0 0 0 0 0 0 0 0 0 0 0 0 0 0 0 0 0 0 0 0 0 0 0 0 0 0 0 0 0 0 0 0 0 0 0 0 0 0 0 0 0 0 0 0 0 0 0 0 0 0 0 0 0 0 0 0 0 0 0 0 0 0 0 0 0 0 0 0 0 0 0 0 0 0 0 0 0 0 0 0 0 0
6.10839 8.46764e-05 2.89932e-05 5.56832e-05 0.6576 0.750643 0 0 0 0 0 0 0 0 0 0 0 0 0 0 0 0 0 0 0 0 0 0 0 0 0 0 0 0 0 0 0 0 0 0 0 0 0 0 0 0 0 0 0 0 0 0 0 0 0 0 0 0 0 0 0 0 0 0 0 0 0 0 0 0 0 0 0 0 0 0 0 0 0 0 0 0 0 0 0 0 0 0
6.42193 8.49138e-05 2.87952e-05 5.61186e-05 0.660889 0.745377 0 0 0 0 0 0 0 0 0 0 0 0 0 0 0 0 0 0 0 0 0 0 0 0 0 0 0 0 0 0 0 0 0 0 0 0 0 0 0 0 0 0 0 0 0 0 0 0 0 0 0 0 0 0 0 0 0 0 0 0 0 0 0 0 0 0 0 0 0 0 0 0 0 0 0 0 0 0 0 0 0 0
6.75157 8.51302e-05 2.87791e-05 5.63511e-05 0.66194 0.742898 0 0 0 0 0 0 0 0 0 0 0 0 0 0 0 0 0 0 0 0 0 0 0 0 0 0 0 0 0 0 0 0 0 0 0 0 0 0 0 0 0 0 0 0 0 0 0 0 0 0 0 0 0 0 0 0 0 0 0 0 0 0 0 0 0 0 0 0 0 0 0 0 0 0 0 0 0 0 0 0 0 0
7.09813 8.53875e-05 2.87833e-05 5.66043e-05 0.66291 0.740584 0 0 0 0 0 0 0 0 0 0 0 0 0 0 0 0 0 0 0 0 0 0 0 0 0 0 0 0 0 0 0 0 0 0 0 0 0 0 0 0 0 0 0 0 0 0 0 0 0 0 0 0 0 0 0 0 0 0 0 0 0 0 0 0 0 0 0 0 0 0 0 0 0 0 0 0 0 0 0 0 0 0
7.46248 8.56346e-05 2.86175e-05 5.70171e-05 0.665818 0.735862 0 0 0 0 0 0 0 0 0 0 0 0 0 0 0 0 0 0 0 0 0 0 0 0 0 0 0 0 0 0 0 0 0 0 0 0 0 0 0 0 0 0 0 0 0 0 0 0 0 0 0 0 0 0 0 0 0 0 0 0 0 0 0 0 0 0 0 0 0 0 0 0 0 0 0 0 0 0 0 0 0 0
7.84553 8.58545e-05 2.84893e-05 5.73652e-05 0.668168 0.731787 0 0 0 0 0 0 0 0 0 0 0 0 0 0 0 0 0 0 0 0 0 0 0 0 0 0 0 0 0 0 0 0 0 0 0 0 0 0 0 0 0 0 0 0 0 0 0 0 0 0 0 0 0 0 0 0 0 0 0 0 0 0 0 0 0 0 0 0 0 0 0 0 0 0 0 0 0 0 0 0 0 0
8.24824 8.60713e-05 2.83095e-05 5.77619e-05 0.671093 0.727062 0 0 0 0 0 0 0 0 0 0 0 0 0 0 0 0 0 0 0 0 0 0 0 0 0 0 0 0 0 0 0 0 0 0 0 0 0 0 0 0 0 0 0 0 0 0 0 0 0 0 0 0 0 0 0 0 0 0 0 0 0 0 0 0 0 0 0 0 0 0 0 0 0 0 0 0 0 0 0 0 0 0
8.67162 8.62696e-05 2.8184e-05 5.80856e-05 0.673303 0.723166 0 0 0 0 0 0 0 0 0 0 0 0 0 0 0 0 0 0 0 0 0 0 0 0 0 0 0 0 0 0 0 0 0 0 0 0 0 0 0 0 0 0 0 0 0 0 0 0 0 0 0 0 0 0 0 0 0 0 0 0 0 0 0 0 0 0 0 0 0 0 0 0 0 0 0 0 0 0 0 0 0 0
9.11674 8.64534e-05 2.81065e-05 5.83469e-05 0.674895 0.719956 0 0 0 0 0 0 0 0 0 0 0 0 0 0 0 0 0 0 0 0 0 0 0 0 0 0 0 0 0 0 0 0 0 0 0 0 0 0 0 0 0 0 0 0 0 0 0 0 0 0 0 0 0 0 0 0 0 0 0 0 0 0 0 0 0 0 0 0 0 0 0 0 0 0 0 0 0 0 0 0 0 0
9.5847 8.66335e-05 2.80772e-05 5.85563e-05 0.675908 0.717376 0 0 0 0 0 0 0 0 0 0 0 0 0 0 0 0 0 0 0 0 0 0 0 0 0 0 0 0 0 0 0 0 0 0 0 0 0 0 0 0 0 0 0 0 0 0 0 0 0 0 0 0 0 0 0 0 0 0 0 0 0 0 0 0 0 0 0 0 0 0 0 0 0 0 0 0 0 0 0 0 0 0
10.0767 8.68302e-05 2.81371e-05 5.8693e-05 0.675952 0.715859 0 0 0 0 0 0 0 0 0 0 0 0 0 0 0 0 0 0 0 0 0 0 0 0 0 0 0 0 0 0 0 0 0 0 0 0 0 0 0 0 0 0 0 0 0 0 0 0 0 0 0 0 0 0 0 0 0 0 0 0 0 0 0 0 0 0 0 0 0 0 0 0 0 0 0 0 0 0 0 0 0 0
10.5939 8.70643e-05 2.82918e-05 5.87725e-05 0.675047 0.715378 0 0 0 0 0 0 0 0 0 0 0 0 0 0 0 0 0 0 0 0 0 0 0 0 0 0 0 0 0 0 0 0 0 0 0 0 0 0 0 0 0 0 0 0 0 0 0 0 0 0 0 0 0 0 0 0 0 0 0 0 0 0 0 0 0 0 0 0 0 0 0 0 0 0 0 0 0 0 0 0 0 0
11.1377 8.73505e-05 2.8348e-05 5.90024e-05 0.675468 0.71347 0 0 0 0 0 0 0 0 0 0 0 0 0 0 0 0 0 0 0 0 0 0 0 0 0 0 0 0 0 0 0 0 0 0 0 0 0 0 0 0 0 0 0 0 0 0 0 0 0 0 0 0 0 0 0 0 0 0 0 0 0 0 0 0 0 0 0 0 0 0 0 0 0 0 0 0 0 0 0 0 0 0
11.7094 8.75878e-05 2.82714e-05 5.93163e-05 0.677221 0.710016 0 0 0 0 0 0 0 0 0 0 0 0 0 0 0 0 0 0 0 0 0 0 0 0 0 0 0 0 0 0 0 0 0 0 0 0 0 0 0 0 0 0 0 0 0 0 0 0 0 0 0 0 0 0 0 0 0 0 0 0 0 0 0 0 0 0 0 0 0 0 0 0 0 0 0 0 0 0 0 0 0 0
12.3105 8.78232e-05 2.82606e-05 5.95627e-05 0.678211 0.70734 0 0 0 0 0 0 0 0 0 0 0 0 0 0 0 0 0 0 0 0 0 0 0 0 0 0 0 0 0 0 0 0 0 0 0 0 0 0 0 0 0 0 0 0 0 0 0 0 0 0 0 0 0 0 0 0 0 0 0 0 0 0 0 0 0 0 0 0 0 0 0 0 0 0 0 0 0 0 0 0 0 0
12.9424 8.81423e-05 2.83648e-05 5.97775e-05 0.678193 0.705786 0 0 0 0 0 0 0 0 0 0 0 0 0 0 0 0 0 0 0 0 0 0 0 0 0 0 0 0 0 0 0 0 0 0 0 0 0 0 0 0 0 0 0 0 0 0 0 0 0 0 0 0 0 0 0 0 0 0 0 0 0 0 0 0 0 0 0 0 0 0 0 0 0 0 0 0 0 0 0 0 0 0
13.6067 8.83145e-05 2.81457e-05 6.01688e-05 0.681301 0.700765 0 0 0 0 0 0 0 0 0 0 0 0 0 0 0 0 0 0 0 0 0 0 0 0 0 0 0 0 0 0 0 0 0 0 0 0 0 0 0 0 0 0 0 0 0 0 0 0 0 0 0 0 0 0 0 0 0 0 0 0 0 0 0 0 0 0 0 0 0 0 0 0 0 0 0 0 0 0 0 0 0 0
14.3051 8.85781e-05 2.82174e-05 6.03607e-05 0.681441 0.698849 0 0 0 0 0 0 0 0 0 0 0 0 0 0 0 0 0 0 0 0 0 0 0 0 0 0 0 0 0 0 0 0 0 0 0 0 0 0 0 0 0 0 0 0 0 0 0 0 0 0 0 0 0 0 0 0 0 0 0 0 0 0 0 0 0 0 0 0 0 0 0 0 0 0 0 0 0 0 0 0 0 0
15.0394 8.8843e-05 2.8311e-05 6.0532e-05 0.681337 0.697089 0 0 0 0 0 0 0 0 0 0 0 0 0 0 0 0 0 0 0 0 0 0 0 0 0 0 0 0 0 0 0 0 0 0 0 0 0 0 0 0 0 0 0 0 0 0 0 0 0 0 0 0 0 0 0 0 0 0 0 0 0 0 0 0 0 0 0 0 0 0 0 0 0 0 0 0 0 0 0 0 0 0
15.8114 8.91055e-05 2.8346e-05 6.07596e-05 0.681883 0.694608 0 0 0 0 0 0 0 0 0 0 0 0 0 0 0 0 0 0 0 0 0 0 0 0 0 0 0 0 0 0 0 0 0 0 0 0 0 0 0 0 0 0 0 0 0 0 0 0 0 0 0 0 0 0 0 0 0 0 0 0 0 0 0 0 0 0 0 0 0 0 0 0 0 0 0 0 0 0 0 0 0 0
16.623 8.94067e-05 2.83084e-05 6.10983e-05 0.683375 0.691218 0 0 0 0 0 0 0 0 0 0 0 0 0 0 0 0 0 0 0 0 0 0 0 0 0 0 0 0 0 0 0 0 0 0 0 0 0 0 0 0 0 0 0 0 0 0 0 0 0 0 0 0 0 0 0 0 0 0 0 0 0 0 0 0 0 0 0 0 0 0 0 0 0 0 0 0 0 0 0 0 0 0
17.4762 8.96946e-05 2.83148e-05 6.13798e-05 0.68432 0.688258 0 0 0 0 0 0 0 0 0 0 0 0 0 0 0 0 0 0 0 0 0 0 0 0 0 0 0 0 0 0 0 0 0 0 0 0 0 0 0 0 0 0 0 0 0 0 0 0 0 0 0 0 0 0 0 0 0 0 0 0 0 0 0 0 0 0 0 0 0 0 1.4013e-45 0 1.4013e-45 0 2.8026e-45 0 5.60519e-45 0 9.80909e-45 0 1.82169e-44 0
18.3733 8.99423e-05 2.82697e-05 6.16727e-05 0.685691 0.684758 0 0 0 0 0 0 0 0 0 0 0 0 0 0 0 0 0 0 0 0 0 0 0 0 0 0 0 0 0 0 0 0 0 0 0 0 0 0 0 0 0 0 0 0 0 0 0 0 0 0 0 0 0 0 0 0 1.4013e-45 0 1.4013e-45 0 4.2039e-45 0 8.40779e-45 0 1.82169e-44 0 3.78351e-44 0 7.56701e-44 0 1.5134e-43 0 2.87266e-43 0 5.40901e-43 0 1.00893e-42 0 1.79366e-42 0 3.16974e-42 0
19.3164 9.02075e-05 2.8364e-05 6.18435e-05 0.68557 0.68257 0 0 0 0 0 0 0 0 0 0 0 0 0 0 0 0 0 0 0 0 0 0 0 0 0 0 0 0 0 0 0 0 0 0 0 0 0 0 0 0 0 0 0 0 0 0 1.4013e-45 0 4.2039e-45 0 1.12104e-44 0 2.8026e-44 0 6.72623e-44 0 1.58347e-43 0 3.53127e-43 0 7.42688e-43 0 1.54984e-42 0 3.19776e-42 0 6.26661e-42 0 1.21745e-41 0 2.34577e-41 0 4.30591e-41 0 7.84755e-41 0 1.42029e-40 0 2.4555e-40 0 4.22033e-40 0
20.3079 9.05439e-05 2.84771e-05 6.20668e-05 0.685488 0.680327 0 0 0 0 0 0 0 0 0 0 0 0 0 0 0 0 0 0 0 0 0 0 0 0 0 0 0 0 0 0 0 0 0 0 0 0 1.4013e-45 0 4.2039e-45 0 1.26117e-44 0 3.78351e-44 0 1.12104e-43 0 2.97075e-43 0 7.80523e-43 0 1.92258e-42 0 4.66632e-42 0 1.06877e-41 0 2.41612e-41 0 5.17121e-41 0 1.05016e-40 0 2.11188e-40 0 4.20654e-40 0 7.9773e-40 0 1.50053e-39 0 2.80003e-39 0 4.98946e-39 0 8.83083e-39 0 1.5526e-38 0 2.61347e-38 0 4.37462e-38 0
21.3503 9.08571e-05 2.83829e-05 6.24742e-05 0.687609 0.676013 0 0 0 0 0 0 0 0 0 0 0 0 0 0 0 0 0 0 0 0 0 0 0 0 0 0 0 0 0 0 2.8026e-45 0 1.26117e-44 0 5.1848e-44 0 1.89175e-43 0 6.64215e-43 0 2.06271e-42 0 5.97654e-42 0 1.69473e-41 0 4.31095e-41 0 1.07833e-40 0 2.54305e-40 0 5.91131e-40 0 1.30024e-39 0 2.82467e-39 0 5.8253e-39 0 1.14277e-38 0 2.22105e-38 0 4.27762e-38 0 7.86253e-38 0 1.43402e-37 0 2.59565e-37 0 4.49662e-37 0 7.73978e-37 0 1.3238e-36 0 2.17239e-36 0 3.54599e-36 0
22.4463 9.11493e-05 2.84274e-05 6.27219e-05 0.688122 0.672956 0 0 0 0 0 0 0 0 0 0 0 0 0 0 0 0 0 0 0 0 0 0 0 0 2.8026e-45 0 2.10195e-44 0 1.09301e-43 0 5.29691e-43 0 2.22666e-42 0 8.18358e-42 0 2.78088e-41 0 9.18299e-41 0 2.69901e-40 0 7.42376e-40 0 2.00088e-39 0 4.86291e-39 0 1.16313e-38 0 2.63054e-38 0 5.86796e-38 0 1.24197e-37 0 2.5978e-37 0 5.1714e-37 0 9.81656e-37 0 1.84701e-36 0 3.44522e-36 0 6.14709e-36 0 1.08873e-35 0 1.91438e-35 0 3.22862e-35 0 5.41184e-35 0 9.01691e-35 0 1.44434e-34 0 2.30187e-34 0
23.5984 9.14533e-05 2.83872e-05 6.30661e-05 0.689599 0.668988 0 0 0 0 0 0 0 0 0 0 0 0 0 0 0 0 0 0 1.4013e-45 0 8.40779e-45 0 7.84727e-44 0 5.70328e-43 0 3.29445e-42 0 1.62719e-41 0 7.30133e-41 0 2.85915e-40 0 9.86147e-40 0 3.1567e-39 0 9.83324e-39 0 2.74195e-38 0 7.17835e-38 0 1.84331e-37 0 4.28986e-37 0 9.83298e-37 0 2.13696e-36 0 4.58381e-36 0 9.35305e-36 0 1.88712e-35 0 3.63248e-35 0 6.68289e-35 0 1.21919e-34 0 2.20597e-34 0 3.82627e-34 0 6.5903e-34 0 1.12732e-33 0 1.85333e-33 0 3.0292e-33 0 4.92285e-33 0 7.70618e-33 0 1.20051e-32 0
24.8097 9.17413e-05 2.83875e-05 6.33538e-05 0.69057 0.665289 0 0 0 0 0 0 0 0 0 0 0 0 0 0 0 0 1.12104e-44 0 1.49939e-43 0 1.5106e-42 0 1.1834e-41 0 7.74988e-41 0 4.10484e-40 0 1.87549e-39 0 7.82098e-39 0 2.86519e-38 0 9.30261e-38 0 2.81336e-37 0 8.2908e-37 0 2.19895e-36 0 5.49254e-36 0 1.34695e-35 0 3.00804e-35 0 6.62121e-35 0 1.38545e-34 0 2.86311e-34 0 5.64212e-34 0 1.10003e-33 0 2.0508e-33 0 3.66233e-33 0 6.48808e-33 0 1.14044e-32 0 1.92561e-32 0 3.22976e-32 0 5.38182e-32 0 8.63563e-32 0 1.37801e-31 0 2.18697e-31 0 3.34937e-31 0 5.10612e-31 0
26.0832 9.20614e-05 2.84091e-05 6.36524e-05 0.691412 0.661635 0 0 0 0 0 0 0 0 0 0 0 0 2.8026e-45 0 9.10844e-44 0 1.7222e-42 0 2.14553e-41 0 1.93339e-40 0 1.36968e-39 0 8.18298e-39 0 3.99543e-38 0 1.69499e-37 0 6.59227e-37 0 2.26671e-36 0 6.94826e-36 0 1.99081e-35 0 5.56526e-35 0 1.40741e-34 0 3.36178e-34 0 7.89088e-34 0 1.69443e-33 0 3.58878e-33 0 7.24341e-33 0 1.44477e-32 0 2.75436e-32 0 5.19788e-32 0 9.40018e-32 0 1.63183e-31 0 2.8113e-31 0 4.80732e-31 0 7.91214e-31 0 1.29398e-30 0 2.1031e-30 0 3.29761e-30 0 5.14336e-30 0 7.98077e-30 0 1.19709e-29 0 1.78778e-29 0
27.4221 9.23507e-05 2.83887e-05 6.39619e-05 0.692599 0.657451 0 0 0 0 0 0 0 0 0 0 8.40779e-45 0 4.70836e-43 0 1.30993e-41 0 2.16056e-40 0 2.37937e-39 0 1.92584e-38 0 1.23995e-37 0 6.78885e-37 0 3.06779e-36 0 1.21279e-35 0 4.41423e-35 0 1.42899e-34 0 4.14721e-34 0 1.12873e-33 0 3.00088e-33 0 7.25289e-33 0 1.66033e-32 0 3.73818e-32 0 7.73309e-32 0 1.57893e-31 0 3.07942e-31 0 5.93862e-31 0 1.09705e-30 0 2.00708e-30 0 3.52624e-30 0 5.95875e-30 0 9.99664e-30 0 1.66523e-29 0 2.67485e-29 0 4.27075e-29 0 6.77855e-29 0 1.03977e-28 0 1.58694e-28 0 2.41014e-28 0 3.54428e-28 0 5.19052e-28 0
28.8297 9.26858e-05 2.84281e-05 6.42577e-05 0.693286 0.653671 0 0 0 0 0 0 0 0 9.80909e-45 0 1.38028e-42 0 6.22247e-41 0 1.47299e-39 0 2.11886e-38 0 2.07552e-37 0 1.51686e-36 0 8.91746e-36 0 4.49346e-35 0 1.88638e-34 0 6.97339e-34 0 2.38297e-33 0 7.28423e-33 0 2.00687e-32 0 5.20145e-32 0 1.3184e-31 0 3.0521e-31 0 6.70999e-31 0 1.45204e-30 0 2.89906e-30 0 5.71652e-30 0 1.07913e-29 0 2.01541e-29 0 3.61318e-29 0 6.41831e-29 0 1.09703e-28 0 1.80692e-28 0 2.95574e-28 0 4.80247e-28 0 7.53775e-28 0 1.17632e-27 0 1.82542e-27 0 2.74215e-27 0 4.09967e-27 0 6.10058e-27 0 8.80397e-27 0 1.26553e-26 0
30.3095 9.29787e-05 2.84012e-05 6.45775e-05 0.694541 0.649084 0 0 0 0 0 0 2.8026e-45 0 1.58767e-42 0 1.70713e-40 0 6.39147e-39 0 1.29641e-37 0 1.63723e-36 0 1.43466e-35 0 9.5146e-35 0 5.13011e-34 0 2.38878e-33 0 9.34985e-33 0 3.24262e-32 0 1.04356e-31 0 3.02056e-31 0 7.92017e-31 0 1.9595e-30 0 4.74621e-30 0 1.05463e-29 0 2.2311e-29 0 4.6495e-29 0 8.97479e-29 0 1.71199e-28 0 3.13308e-28 0 5.67566e-28 0 9.88927e-28 0 1.7081e-27 0 2.84409e-27 0 4.57174e-27 0 7.30088e-27 0 1.15846e-26 0 1.77869e-26 0 2.71611e-26 0 4.1254e-26 0 6.0753e-26 0 8.9063e-26 0 1.29984e-25 0 1.84256e-25 0 2.60207e-25 0
31.8653 9.32854e-05 2.84254e-05 6.486e-05 0.695286 0.644801 0 0 0 0 0 0 5.21283e-43 0 1.93109e-40 0 1.65182e-38 0 5.18178e-37 0 9.07401e-36 0 1.0125e-34 0 7.98012e-34 0 4.82543e-33 0 2.39633e-32 0 1.03509e-31 0 3.79029e-31 0 1.23707e-30 0 3.76036e-30 0 1.03339e-29 0 2.58507e-29 0 6.11893e-29 0 1.41945e-28 0 3.03348e-28 0 6.18689e-28 0 1.24391e-27 0 2.32522e-27 0 4.29782e-27 0 7.63663e-27 0 1.34384e-26 0 2.27888e-26 0 3.8325e-26 0 6.22447e-26 0 9.77633e-26 0 1.52596e-25 0 2.36734e-25 0 3.55948e-25 0 5.32424e-25 0 7.92346e-25 0 1.14501e-24 0 1.64751e-24 0 2.3605e-24 0 3.28954e-24 0 4.56789e-24 0
33.5009 9.36366e-05 2.85279e-05 6.51086e-05 0.695334 0.640934 0 0 0 0 1.4013e-44 0 6.62898e-41 0 1.83986e-38 0 1.26651e-36 0 3.35784e-35 0 5.11301e-34 0 5.07135e-33 0 3.61379e-32 0 2.00139e-31 0 9.19094e-31 0 3.69631e-30 0 1.2704e-29 0 3.91364e-29 0 1.12679e-28 0 2.94742e-28 0 7.05029e-28 0 1.60007e-27 0 3.56239e-27 0 7.33601e-27 0 1.44504e-26 0 2.80794e-26 0 5.09092e-26 0 9.13177e-26 0 1.57768e-25 0 2.70074e-25 0 4.46332e-25 0 7.31804e-25 0 1.16073e-24 0 1.78333e-24 0 2.7237e-24 0 4.13585e-24 0 6.09597e-24 0 8.94078e-24 0 1.30498e-23 0 1.85221e-23 0 2.61815e-23 0 3.68592e-23 0 5.05405e-23 0 6.90651e-23 0
35.2205 9.39733e-05 2.86085e-05 6.53649e-05 0.695569 0.636478 0 0 0 0 2.09354e-42 0 6.56948e-39 0 1.38541e-36 0 7.75663e-35 0 1.75237e-33 0 2.33615e-32 0 2.07156e-31 0 1.34121e-30 0 6.83239e-30 0 2.91258e-29 0 1.0944e-28 0 3.54136e-28 0 1.03265e-27 0 2.82352e-27 0 7.04698e-27 0 1.61538e-26 0 3.52233e-26 0 7.54153e-26 0 1.49921e-25 0 2.85697e-25 0 5.37438e-25 0 9.465e-25 0 1.65002e-24 0 2.77562e-24 0 4.62834e-24 0 7.46359e-24 0 1.19454e-23 0 1.85249e-23 0 2.78709e-23 0 4.16963e-23 0 6.20364e-23 0 8.9722e-23 0 1.29155e-22 0 1.85063e-22 0 2.58215e-22 0 3.58877e-22 0 4.96872e-22 0 6.70881e-22 0 9.02907e-22 0
37.0284 9.43241e-05 2.86382e-05 6.5686e-05 0.696386 0.631553 0 0 0 0 2.42161e-40 0 5.13025e-37 0 8.33137e-35 0 3.83232e-33 0 7.43548e-32 0 8.73503e-31 0 6.96282e-30 0 4.11509e-29 0 1.93612e-28 0 7.6894e-28 0 2.70846e-27 0 8.27592e-27 0 2.29038e-26 0 5.96234e-26 0 1.4231e-25 0 3.13269e-25 0 6.5757e-25 0 1.35653e-24 0 2.60773e-24 0 4.81541e-24 0 8.78329e-24 0 1.5047e-23 0 2.5529e-23 0 4.18674e-23 0 6.80924e-23 0 1.07273e-22 0 1.67791e-22 0 2.54696e-22 0 3.75626e-22 0 5.51011e-22 0 8.04053e-22 0 1.14212e-21 0 1.6151e-21 0 2.27396e-21 0 3.12163e-21 0 4.26939e-21 0 5.8179e-21 0 7.74106e-21 0 1.02683e-20 0
38.9291 9.47187e-05 2.87461e-05 6.59726e-05 0.696511 0.627008 0 0 2.94273e-44 0 2.20087e-38 0 3.20803e-35 0 4.06338e-33 0 1.55043e-31 0 2.60267e-30 0 2.71104e-29 0 1.95272e-28 0 1.05819e-27 0 4.61614e-27 0 1.71394e-26 0 5.6771e-26 0 1.64262e-25 0 4.32556e-25 0 1.07465e-24 0 2.45831e-24 0 5.20701e-24 0 1.05412e-23 0 2.09905e-23 0 3.90839e-23 0 7.00429e-23 0 1.24063e-22 0 2.07024e-22 0 3.42292e-22 0 5.47961e-22 0 8.70281e-22 0 1.34095e-21 0 2.05214e-21 0 3.05218e-21 0 4.41678e-21 0 6.35896e-21 0 9.10956e-21 0 1.27199e-20 0 1.76857e-20 0 2.44879e-20 0 3.31002e-20 0 4.45838e-20 0 5.98432e-20 0 7.85224e-20 0 1.02731e-19 0
40.9273 9.50479e-05 2.88366e-05 6.62113e-05 0.69661 0.621723 0 0 4.15065e-42 0 1.58478e-36 0 1.61864e-33 0 1.6186e-31 0 5.16994e-30 0 7.56217e-29 0 7.02544e-28 0 4.59528e-27 0 2.29298e-26 0 9.30858e-26 0 3.24179e-25 0 1.01279e-24 0 2.78229e-24 0 6.98839e-24 0 1.66075e-23 0 3.64863e-23 0 7.45018e-23 0 1.45718e-22 0 2.80571e-22 0 5.06799e-22 0 8.82736e-22 0 1.52051e-21 0 2.47462e-21 0 3.99229e-21 0 6.24595e-21 0 9.69837e-21 0 1.46314e-20 0 2.19309e-20 0 3.19921e-20 0 4.54676e-20 0 6.43065e-20 0 9.05198e-20 0 1.24351e-19 0 1.70138e-19 0 2.31862e-19 0 3.0883e-19 0 4.09969e-19 0 5.42434e-19 0 7.02369e-19 0 9.06934e-19 0
43.0281 9.54272e-05 2.88895e-05 6.65377e-05 0.697262 0.615909 0 0 4.48211e-40 0 9.13796e-35 0 6.65443e-32 0 5.31437e-30 0 1.43334e-28 0 1.83917e-27 0 1.53245e-26 0 9.14539e-26 0 4.21898e-25 0 1.59949e-24 0 5.24113e-24 0 1.54884e-23 0 4.05005e-23 0 9.72538e-23 0 2.21554e-22 0 4.68398e-22 0 9.23666e-22 0 1.74839e-21 0 3.26042e-21 0 5.72176e-21 0 9.69971e-21 0 1.627e-20 0 2.58571e-20 0 4.07522e-20 0 6.23788e-20 0 9.47997e-20 0 1.40176e-19 0 2.05999e-19 0 2.95015e-19 0 4.12144e-19 0 5.73128e-19 0 7.93397e-19 0 1.07316e-18 0 1.446e-18 0 1.94103e-18 0 2.54944e-18 0 3.33786e-18 0 4.35641e-18 0 5.57016e-18 0 7.10326e-18 0
45.2368 9.58963e-05 2.9025e-05 6.68714e-05 0.69733 0.610741 1.03696e-43 0 3.81577e-38 0 4.28276e-33 0 2.26068e-30 0 1.45781e-28 0 3.34761e-27 0 3.79226e-26 0 2.84909e-25 0 1.55827e-24 0 6.6716e-24 0 2.36999e-23 0 7.32863e-23 0 2.05413e-22 0 5.12508e-22 0 1.17916e-21 0 2.5804e-21 0 5.25955e-21 0 1.00334e-20 0 1.84095e-20 0 3.33016e-20 0 5.68585e-20 0 9.39361e-20 0 1.53636e-19 0 2.38706e-19 0 3.6795e-19 0 5.51629e-19 0 8.21377e-19 0 1.19156e-18 0 1.71848e-18 0 2.41828e-18 0 3.32371e-18 0 4.54814e-18 0 6.19694e-18 0 8.25937e-18 0 1.0968e-17 0 1.45127e-17 0 1.88096e-17 0 2.43047e-17 0 3.13114e-17 0 3.95577e-17 0 4.98501e-17 0
47.5588 9.62739e-05 2.91176e-05 6.71563e-05 0.697555 0.604728 1.30769e-41 0 2.57984e-36 0 1.64122e-31 0 6.37906e-29 0 3.35639e-27 0 6.61389e-26 0 6.65504e-25 0 4.53105e-24 0 2.2809e-23 0 9.09612e-23 0 3.03734e-22 0 8.88861e-22 0 2.36911e-21 0 5.65289e-21 0 1.24875e-20 0 2.63016e-20 0 5.1778e-20 0 9.57087e-20 0 1.7048e-19 0 2.99591e-19 0 4.98328e-19 0 8.03355e-19 0 1.28273e-18 0 1.95057e-18 0 2.94383e-18 0 4.32698e-18 0 6.31887e-18 0 9.00169e-18 0 1.27523e-17 0 1.76485e-17 0 2.38825e-17 0 3.2184e-17 0 4.31941e-17 0 5.67678e-17 0 7.43478e-17 0 9.70403e-17 0 1.24189e-16 0 1.58474e-16 0 2.01651e-16 0 2.51867e-16 0 3.13836e-16 0
50 9.65799e-05 2.91833e-05 6.73965e-05 0.697832 0.597523 1.28844e-39 0 1.40154e-34 0 5.19578e-30 0 1.50941e-27 0 6.54472e-26 0 1.11498e-24 0 1.00232e-23 0 6.21416e-23 0 2.89082e-22 0 1.07755e-21 0 3.39243e-21 0 9.42067e-21 0 2.39357e-20 0 5.47384e-20 0 1.1633e-19 0 2.36267e-19 0 4.49991e-19 0 8.07205e-19 0 1.39786e-18 0 2.38982e-18 0 3.87759e-18 0 6.107e-18 0 9.53091e-18 0 1.41995e-17 0 2.10037e-17 0 3.02972e-17 0 4.34337e-17 0 6.08147e-17 0 8.47006e-17 0 1.15376e-16 0 1.53842e-16 0 2.04319e-16 0 2.70305e-16 0 3.5054e-16 0 4.53089e-16 0 5.8374e-16 0 7.38109e-16 0 9.30737e-16 0 1.17047e-15 0 1.44616e-15 0 1.78272e-15 0
52.5665 9.69984e-05 2.92499e-05 6.77485e-05 0.69845 0.590036 1.00239e-37 0 6.18976e-33 0 1.3729e-28 0 3.02365e-26 0 1.09065e-24 0 1.61787e-23 0 1.30652e-22 0 7.40976e-22 0 3.19775e-21 0 1.1178e-20 0 3.3275e-20 0 8.79088e-20 0 2.13415e-19 0 4.68738e-19 0 9.6016e-19 0 1.88379e-18 0 3.47674e-18 0 6.06124e-18 0 1.02188e-17 0 1.70187e-17 0 2.69688e-17 0 4.15429e-17 0 6.34403e-17 0 9.26938e-17 0 1.34516e-16 0 1.90594e-16 0 2.68471e-16 0 3.69778e-16 0 5.06751e-16 0 6.7994e-16 0 8.93981e-16 0 1.17097e-15 0 1.52812e-15 0 1.95672e-15 0 2.49766e-15 0 3.17831e-15 0 3.97304e-15 0 4.9535e-15 0 6.16006e-15 0 7.53279e-15 0 9.1915e-15 0
55.2648 9.75506e-05 2.93998e-05 6.81508e-05 0.69862 0.583467 6.24659e-36 0 2.25104e-31 0 3.06308e-27 0 5.18399e-25 0 1.56961e-23 0 2.04109e-22 0 1.48848e-21 0 7.75594e-21 0 3.11652e-20 0 1.02483e-19 0 2.89252e-19 0 7.2877e-19 0 1.69425e-18 0 3.58095e-18 0 7.08284e-18 0 1.34464e-17 0 2.40853e-17 0 4.08654e-17 0 6.71611e-17 0 1.09101e-16 0 1.69046e-16 0 2.54963e-16 0 3.81389e-16 0 5.47033e-16 0 7.79541e-16 0 1.0859e-15 0 1.50422e-15 0 2.0397e-15 0 2.75257e-15 0 3.64066e-15 0 4.72318e-15 0 6.10561e-15 0 7.86494e-15 0 9.95005e-15 0 1.25503e-14 0 1.57836e-14 0 1.95165e-14 0 2.40721e-14 0 2.96186e-14 0 3.58649e-14 0 4.33391e-14 0
58.1015 9.80261e-05 2.95491e-05 6.8477e-05 0.698559 0.576581 3.14349e-34 0 6.78692e-30 0 5.80259e-26 0 7.64403e-24 0 1.95946e-22 0 2.24809e-21 0 1.48787e-20 0 7.15243e-20 0 2.68533e-19 0 8.33181e-19 0 2.23543e-18 0 5.38372e-18 0 1.2011e-17 0 2.44756e-17 0 4.68252e-17 0 8.61562e-17 0 1.49993e-16 0 2.48008e-16 0 3.97827e-16 0 6.31129e-16 0 9.57209e-16 0 1.41503e-15 0 2.07548e-15 0 2.92493e-15 0 4.09667e-15 0 5.61502e-15 0 7.65535e-15 0 1.02273e-14 0 1.36013e-14 0 1.77456e-14 0 2.27314e-14 0 2.90187e-14 0 3.69211e-14 0 4.61762e-14 0 5.7587e-14 0 7.16171e-14 0 8.76414e-14 0 1.06997e-13 0 1.30325e-13 0 1.56342e-13 0 1.87185e-13 0
61.0839 9.83282e-05 2.96858e-05 6.86424e-05 0.698095 0.568019 1.29033e-32 0 1.71137e-28 0 9.40416e-25 0 9.76177e-23 0 2.13579e-21 0 2.17519e-20 0 1.31274e-19 0 5.84485e-19 0 2.05715e-18 0 6.03947e-18 0 1.54416e-17 0 3.56268e-17 0 7.64293e-17 0 1.50425e-16 0 2.78811e-16 0 4.97952e-16 0 8.43756e-16 0 1.36128e-15 0 2.13381e-15 0 3.30975e-15 0 4.91871e-15 0 7.13383e-15 0 1.02696e-14 0 1.42323e-14 0 1.96086e-14 0 2.64656e-14 0 3.55405e-14 0 4.68144e-14 0 6.13974e-14 0 7.90721e-14 0 1.00071e-13 0 1.26235e-13 0 1.58735e-13 0 1.96369e-13 0 2.42268e-13 0 2.98102e-13 0 3.61223e-13 0 4.36725e-13 0 5.26842e-13 0 6.26424e-13 0 7.43443e-13 0
64.2193 9.85724e-05 2.96077e-05 6.89647e-05 0.699635 0.556536 4.33373e-31 0 3.61596e-27 0 1.30496e-23 0 1.07986e-21 0 2.03222e-20 0 1.84799e-19 0 1.02156e-18 0 4.22855e-18 0 1.3996e-17 0 3.89851e-17 0 9.52111e-17 0 2.10884e-16 0 4.35855e-16 0 8.29936e-16 0 1.49263e-15 0 2.59138e-15 0 4.27935e-15 0 6.74476e-15 0 1.03429e-14 0 1.57027e-14 0 2.28892e-14 0 3.26001e-14 0 4.61024e-14 0 6.2882e-14 0 8.5291e-14 0 1.13444e-13 0 1.50165e-13 0 1.95157e-13 0 2.52583e-13 0 3.21302e-13 0 4.0198e-13 0 5.01363e-13 0 6.23426e-13 0 7.63263e-13 0 9.3206e-13 0 1.13531e-12 0 1.36287e-12 0 1.63253e-12 0 1.95144e-12 0 2.30077e-12 0 2.70783e-12 0
67.5157 9.90323e-05 2.96268e-05 6.94054e-05 0.700836 0.545399 1.21499e-29 0 6.52346e-26 0 1.57822e-22 0 1.0527e-20 0 1.71663e-19 0 1.40151e-18 0 7.12695e-18 0 2.7524e-17 0 8.59297e-17 0 2.27676e-16 0 5.32321e-16 0 1.13414e-15 0 2.26242e-15 0 4.17463e-15 0 7.2959e-15 0 1.233e-14 0 1.98689e-14 0 3.06277e-14 0 4.59966e-14 0 6.84233e-14 0 9.79196e-14 0 1.37075e-13 0 1.90597e-13 0 2.56057e-13 0 3.42176e-13 0 4.48827e-13 0 5.86033e-13 0 7.51933e-13 0 9.61016e-13 0 1.20819e-12 0 1.49512e-12 0 1.84476e-12 0 2.26962e-12 0 2.75139e-12 0 3.32724e-12 0 4.01396e-12 0 4.77571e-12 0 5.67046e-12 0 6.71937e-12 0 7.85876e-12 0 9.17588e-12 0
70.9813 9.97363e-05 2.98117e-05 6.99246e-05 0.701095 0.536226 2.8756e-28 0 1.01514e-24 0 1.67884e-21 0 9.12184e-20 0 1.29796e-18 0 9.5644e-18 0 4.49243e-17 0 1.6242e-16 0 4.79657e-16 0 1.21184e-15 0 2.71826e-15 0 5.58146e-15 0 1.07649e-14 0 1.92781e-14 0 3.2786e-14 0 5.40064e-14 0 8.50235e-14 0 1.28323e-13 0 1.88927e-13 0 2.75645e-13 0 3.87628e-13 0 5.33792e-13 0 7.30363e-13 0 9.67164e-13 0 1.27428e-12 0 1.64946e-12 0 2.12583e-12 0 2.69464e-12 0 3.40291e-12 0 4.23061e-12 0 5.18114e-12 0 6.32751e-12 0 7.70638e-12 0 9.2548e-12 0 1.10884e-11 0 1.3255e-11 0 1.56373e-11 0 1.84119e-11 0 2.16377e-11 0 2.5114e-11 0 2.9102e-11 0
74.6248 0.000100351 3.00064e-05 7.03442e-05 0.700984 0.527618 5.76428e-27 0 1.3656e-23 0 1.57278e-20 0 7.03118e-19 0 8.7883e-18 0 5.87423e-17 0 2.55843e-16 0 8.6872e-16 0 2.43338e-15 0 5.87585e-15 0 1.26703e-14 0 2.51182e-14 0 4.69162e-14 0 8.16627e-14 0 1.35328e-13 0 2.17551e-13 0 3.3499e-13 0 4.95529e-13 0 7.15906e-13 0 1.02542e-12 0 1.41821e-12 0 1.9227e-12 0 2.59078e-12 0 3.38405e-12 0 4.39901e-12 0 5.62288e-12 0 7.15758e-12 0 8.9683e-12 0 1.11972e-11 0 1.37736e-11 0 1.67021e-11 0 2.01995e-11 0 2.43657e-11 0 2.9001e-11 0 3.44417e-11 0 4.08141e-11 0 4.77623e-11 0 5.57905e-11 0 6.50503e-11 0 7.49539e-11 0 8.62337e-11 0
78.4553 0.000100676 3.01286e-05 7.05476e-05 0.700737 0.51723 9.83915e-26 0 1.59505e-22 0 1.30213e-19 0 4.83544e-18 0 5.34268e-17 0 3.25479e-16 0 1.31931e-15 0 4.22018e-15 0 1.12414e-14 0 2.60009e-14 0 5.40024e-14 0 1.03539e-13 0 1.87581e-13 0 3.17789e-13 0 5.13797e-13 0 8.07047e-13 0 1.21679e-12 0 1.76584e-12 0 2.50575e-12 0 3.52668e-12 0 4.80094e-12 0 6.41276e-12 0 8.51609e-12 0 1.09795e-11 0 1.40909e-11 0 1.77967e-11 0 2.23887e-11 0 2.77454e-11 0 3.42677e-11 0 4.17283e-11 0 5.01265e-11 0 6.00627e-11 0 7.17905e-11 0 8.47243e-11 0 9.97776e-11 0 1.17263e-10 0 1.36176e-10 0 1.57864e-10 0 1.8269e-10 0 2.09052e-10 0 2.38872e-10 0
82.4824 0.000100678 3.01137e-05 7.05648e-05 0.700892 0.502783 1.43816e-24 0 1.62521e-21 0 9.56352e-19 0 2.97686e-17 0 2.92511e-16 0 1.63151e-15 0 6.17642e-15 0 1.86667e-14 0 4.74004e-14 0 1.05237e-13 0 2.1091e-13 0 3.91728e-13 0 6.89398e-13 0 1.13826e-12 0 1.79766e-12 0 2.7621e-12 0 4.0818e-12 0 5.81688e-12 0 8.11438e-12 0 1.12315e-11 0 1.50611e-11 0 1.98352e-11 0 2.59787e-11 0 3.30805e-11 0 4.1941e-11 0 5.23705e-11 0 6.51493e-11 0 7.98957e-11 0 9.76654e-11 0 1.1779e-10 0 1.40236e-10 0 1.66556e-10 0 1.97352e-10 0 2.31031e-10 0 2.69915e-10 0 3.14724e-10 0 3.62828e-10 0 4.17588e-10 0 4.79826e-10 0 5.45463e-10 0 6.19225e-10 0
86.7162 0.000100674 3.00771e-05 7.05969e-05 0.701243 0.484688 1.82035e-23 0 1.45946e-20 0 6.2903e-18 0 1.65543e-16 0 1.45493e-15 0 7.46185e-15 0 2.64707e-14 0 7.57956e-14 0 1.83908e-13 0 3.92713e-13 0 7.60782e-13 0 1.37095e-12 0 2.34704e-12 0 3.78145e-12 0 5.84029e-12 0 8.78739e-12 0 1.27406e-11 0 1.78451e-11 0 2.44921e-11 0 3.33667e-11 0 4.41075e-11 0 5.73131e-11 0 7.40821e-11 0 9.32275e-11 0 1.16836e-10 0 1.44317e-10 0 1.77628e-10 0 2.15674e-10 0 2.6107e-10 0 3.11999e-10 0 3.68301e-10 0 4.3377e-10 0 5.09732e-10 0 5.92147e-10 0 6.86576e-10 0 7.94574e-10 0 9.09682e-10 0 1.03982e-09 0 1.18671e-09 0 1.34063e-09 0 1.51253e-09 0
91.1674 0.000100981 2.99704e-05 7.1011e-05 0.703209 0.464586 2.00602e-22 0 1.16034e-19 0 3.71911e-17 0 8.34326e-16 0 6.59449e-15 0 3.12262e-14 0 1.04133e-13 0 2.83244e-13 0 6.58145e-13 0 1.35429e-12 0 2.54024e-12 0 4.44782e-12 0 7.41732e-12 0 1.16754e-11 0 1.76535e-11 0 2.60372e-11 0 3.70722e-11 0 5.10777e-11 0 6.90279e-11 0 9.2631e-11 0 1.20792e-10 0 1.54962e-10 0 1.97808e-10 0 2.4615e-10 0 3.05104e-10 0 3.72999e-10 0 4.54462e-10 0 5.466e-10 0 6.55508e-10 0 7.76596e-10 0 9.09343e-10 0 1.06247e-09 0 1.23873e-09 0 1.42852e-09 0 1.6444e-09 0 1.88953e-09 0 2.14903e-09 0 2.44047e-09 0 2.76733e-09 0 3.1077e-09 0 3.48557e-09 0
95.847 0.000101763 3.0121e-05 7.16419e-05 0.704008 0.446653 1.9587e-21 0 8.30529e-19 0 2.00846e-16 0 3.87083e-15 0 2.76575e-14 0 1.21389e-13 0 3.81689e-13 0 9.88699e-13 0 2.20469e-12 0 4.37961e-12 0 7.9664e-12 0 1.35724e-11 0 2.20756e-11 0 3.39875e-11 0 5.03629e-11 0 7.28843e-11 0 1.01999e-10 0 1.38351e-10 0 1.84243e-10 0 2.43717e-10 0 3.13718e-10 0 3.97599e-10 0 5.01518e-10 0 6.17458e-10 0 7.5736e-10 0 9.16858e-10 0 1.10638e-09 0 1.31875e-09 0 1.56753e-09 0 1.84179e-09 0 2.14006e-09 0 2.48149e-09 0 2.87157e-09 0 3.28857e-09 0 3.75962e-09 0 4.29087e-09 0 4.84957e-09 0 5.47317e-09 0 6.16824e-09 0 6.88778e-09 0 7.68212e-09 0
100.767 0.000102769 3.0388e-05 7.2381e-05 0.704308 0.431603 1.69723e-20 0 5.35607e-18 0 9.9079e-16 0 1.65267e-14 0 1.07275e-13 0 4.38028e-13 0 1.30239e-12 0 3.22044e-12 0 6.90547e-12 0 1.32656e-11 0 2.34352e-11 0 3.89015e-11 0 6.17885e-11 0 9.31458e-11 0 1.35399e-10 0 1.92443e-10 0 2.64934e-10 0 3.54048e-10 0 4.64938e-10 0 6.06678e-10 0 7.7136e-10 0 9.66362e-10 0 1.20519e-09 0 1.46882e-09 0 1.78374e-09 0 2.13934e-09 0 2.55798e-09 0 3.02295e-09 0 3.56306e-09 0 4.15362e-09 0 4.79105e-09 0 5.51543e-09 0 6.33708e-09 0 7.20944e-09 0 8.18842e-09 0 9.28537e-09 0 1.04319e-08 0 1.17039e-08 0 1.31135e-08 0 1.45646e-08 0 1.61579e-08 0
105.939 0.000103623 3.0705e-05 7.29182e-05 0.703686 0.418808 1.31004e-19 0 3.12157e-17 0 4.47525e-15 0 6.50652e-14 0 3.85479e-13 0 1.46951e-12 0 4.14292e-12 0 9.80127e-12 0 2.02482e-11 0 3.76771e-11 0 6.47369e-11 0 1.04834e-10 0 1.62792e-10 0 2.4054e-10 0 3.43327e-10 0 4.79666e-10 0 6.50124e-10 0 8.56588e-10 0 1.11001e-09 0 1.42971e-09 0 1.79662e-09 0 2.22617e-09 0 2.74659e-09 0 3.3152e-09 0 3.988e-09 0 4.74076e-09 0 5.61921e-09 0 6.58671e-09 0 7.70148e-09 0 8.911e-09 0 1.02071e-08 0 1.16699e-08 0 1.33178e-08 0 1.5056e-08 0 1.69945e-08 0 1.91532e-08 0 2.13961e-08 0 2.38707e-08 0 2.65975e-08 0 2.93896e-08 0 3.244e-08 0
111.377 0.000104074 3.10683e-05 7.30052e-05 0.701477 0.406352 9.05734e-19 0 1.65208e-16 0 1.85862e-14 0 2.37117e-13 0 1.28792e-12 0 4.59925e-12 0 1.23266e-11 0 2.79615e-11 0 5.57546e-11 0 1.00648e-10 0 1.68423e-10 0 2.66398e-10 0 4.04884e-10 0 5.86955e-10 0 8.23346e-10 0 1.13168e-09 0 1.51123e-09 0 1.96454e-09 0 2.51374e-09 0 3.19797e-09 0 3.97409e-09 0 4.87299e-09 0 5.9508e-09 0 7.11708e-09 0 8.48456e-09 0 1.00013e-08 0 1.17565e-08 0 1.36742e-08 0 1.5867e-08 0 1.82286e-08 0 2.0742e-08 0 2.35599e-08 0 2.67139e-08 0 3.00202e-08 0 3.36856e-08 0 3.77435e-08 0 4.19361e-08 0 4.6537e-08 0 5.15799e-08 0 5.67175e-08 0 6.23031e-08 0
117.094 0.000103868 3.12317e-05 7.26366e-05 0.699314 0.390078 5.59549e-18 0 7.91546e-16 0 7.07112e-14 0 7.96659e-13 0 3.98399e-12 0 1.33698e-11 0 3.41489e-11 0 7.44264e-11 0 1.43487e-10 0 2.51659e-10 0 4.10669e-10 0 6.35184e-10 0 9.45851e-10 0 1.34655e-09 0 1.85791e-09 0 2.51431e-09 0 3.31052e-09 0 4.24876e-09 0 5.37149e-09 0 6.75375e-09 0 8.30425e-09 0 1.00817e-08 0 1.21921e-08 0 1.44547e-08 0 1.70848e-08 0 1.99779e-08 0 2.32993e-08 0 2.69007e-08 0 3.09885e-08 0 3.53604e-08 0 3.9983e-08 0 4.51334e-08 0 5.08626e-08 0 5.6833e-08 0 6.34145e-08 0 7.06601e-08 0 7.81065e-08 0 8.62361e-08 0 9.51021e-08 0 1.04091e-07 0 1.13819e-07 0
123.105 0.000103117 3.11823e-05 7.19348e-05 0.697603 0.366835 3.10381e-17 0 3.44771e-15 0 2.47336e-13 0 2.47582e-12 0 1.14455e-11 0 3.62051e-11 0 8.83362e-11 0 1.8534e-10 0 3.46047e-10 0 5.90503e-10 0 9.40845e-10 0 1.42455e-09 0 2.08045e-09 0 2.91118e-09 0 3.95407e-09 0 5.2726e-09 0 6.84965e-09 0 8.68446e-09 0 1.08544e-08 0 1.34958e-08 0 1.64275e-08 0 1.97557e-08 0 2.36704e-08 0 2.7831e-08 0 3.26276e-08 0 3.78623e-08 0 4.38268e-08 0 5.02473e-08 0 5.74844e-08 0 6.51731e-08 0 7.32524e-08 0 8.22005e-08 0 9.2096e-08 0 1.0235e-07 0 1.13594e-07 0 1.25906e-07 0 1.38495e-07 0 1.52173e-07 0 1.67018e-07 0 1.82e-07 0 1.98142e-07 0
129.424 0.000102212 3.10083e-05 7.12038e-05 0.696628 0.335037 1.55793e-16 0 1.37501e-14 0 8.00678e-13 0 7.16217e-12 0 3.07253e-11 0 9.18781e-11 0 2.14619e-10 0 4.34295e-10 0 7.86525e-10 0 1.30758e-09 0 2.03651e-09 0 3.0217e-09 0 4.33212e-09 0 5.9633e-09 0 7.97939e-09 0 1.04918e-08 0 1.34568e-08 0 1.6865e-08 0 2.08505e-08 0 2.56503e-08 0 3.09242e-08 0 3.6856e-08 0 4.37711e-08 0 5.10594e-08 0 5.93965e-08 0 6.8427e-08 0 7.86428e-08 0 8.95639e-08 0 1.01793e-07 0 1.14703e-07 0 1.28188e-07 0 1.4304e-07 0 1.59373e-07 0 1.76207e-07 0 1.94571e-07 0 2.1458e-07 0 2.34939e-07 0 2.56958e-07 0 2.80746e-07 0 3.04649e-07 0 3.30297e-07 0
136.067 0.000101497 3.07232e-05 7.07734e-05 0.697298 0.294588 7.11182e-16 0 5.04359e-14 0 2.40829e-12 0 1.93569e-11 0 7.73408e-11 0 2.19229e-10 0 4.91321e-10 0 9.60586e-10 0 1.68994e-09 0 2.74061e-09 0 4.17707e-09 0 6.07952e-09 0 8.56407e-09 0 1.16062e-08 0 1.53108e-08 0 1.98643e-08 0 2.51704e-08 0 3.11994e-08 0 3.8175e-08 0 4.64903e-08 0 5.55396e-08 0 6.56283e-08 0 7.72903e-08 0 8.94845e-08 0 1.0333e-07 0 1.1822e-07 0 1.3495e-07 0 1.52718e-07 0 1.72488e-07 0 1.93234e-07 0 2.14784e-07 0 2.38389e-07 0 2.64211e-07 0 2.90691e-07 0 3.19436e-07 0 3.50605e-07 0 3.82176e-07 0 4.16169e-07 0 4.52735e-07 0 4.89326e-07 0 5.28432e-07 0
143.051 0.000101358 3.04859e-05 7.08722e-05 0.699226 0.248263 2.98101e-15 0 1.71696e-13 0 6.78822e-12 0 4.92822e-11 0 1.84031e-10 0 4.9578e-10 0 1.06818e-09 0 2.02115e-09 0 3.45904e-09 0 5.47874e-09 0 8.18029e-09 0 1.16898e-08 0 1.6194e-08 0 2.16231e-08 0 2.81418e-08 0 3.60501e-08 0 4.51547e-08 0 5.53867e-08 0 6.71059e-08 0 8.09403e-08 0 9.58593e-08 0 1.12353e-07 0 1.31265e-07 0 1.50892e-07 0 1.73019e-07 0 1.96655e-07 0 2.23038e-07 0 2.50884e-07 0 2.81684e-07 0 3.13818e-07 0 3.4702e-07 0 3.83202e-07 0 4.22582e-07 0 4.62772e-07 0 5.06197e-07 0 5.5307e-07 0 6.0034e-07 0 6.51023e-07 0 7.05319e-07 0 7.59437e-07 0 8.17056e-07 0
150.394 0.000101949 3.04066e-05 7.15419e-05 0.701745 0.19969 1.15643e-14 0 5.4647e-13 0 1.80547e-11 0 1.18984e-10 0 4.16634e-10 0 1.0694e-09 0 2.21931e-09 0 4.07053e-09 0 6.786e-09 0 1.05096e-08 0 1.53878e-08 0 2.16096e-08 0 2.94632e-08 0 3.87896e-08 0 4.98381e-08 0 6.3076e-08 0 7.81423e-08 0 9.48982e-08 0 1.13905e-07 0 1.36136e-07 0 1.59903e-07 0 1.85968e-07 0 2.15628e-07 0 2.46188e-07 0 2.8041e-07 0 3.1673e-07 0 3.57021e-07 0 3.99295e-07 0 4.45787e-07 0 4.9403e-07 0 5.43622e-07 0 5.97403e-07 0 6.55657e-07 0 7.14835e-07 0 7.78497e-07 0 8.46914e-07 0 9.15625e-07 0 9.89005e-07 0 1.06731e-06 0 1.14506e-06 0 1.22754e-06 0
158.114 0.000103188 3.05281e-05 7.26603e-05 0.704152 0.152049 4.17477e-14 0 1.63428e-12 0 4.55183e-11 0 2.73592e-10 0 9.01146e-10 0 2.20898e-09 0 4.42374e-09 0 7.87699e-09 0 1.28081e-08 0 1.94171e-08 0 2.79054e-08 0 3.85441e-08 0 5.17629e-08 0 6.72392e-08 0 8.53404e-08 0 1.06773e-07 0 1.30901e-07 0 1.57469e-07 0 1.87331e-07 0 2.21952e-07 0 2.5866e-07 0 2.98614e-07 0 3.43747e-07 0 3.89933e-07 0 4.41323e-07 0 4.9553e-07 0 5.55311e-07 0 6.17679e-07 0 6.859e-07 0 7.56325e-07 0 8.28369e-07 0 9.06137e-07 0 9.89988e-07 0 1.0748e-06 0 1.16565e-06 0 1.26289e-06 0 1.36016e-06 0 1.46365e-06 0 1.57366e-06 0 1.68251e-06 0 1.7976e-06 0
166.23 0.000104867 3.08731e-05 7.39938e-05 0.705597 0.10764 1.4088e-13 0 4.61086e-12 0 1.09168e-10 0 6.01154e-10 0 1.86811e-09 0 4.38314e-09 0 8.48513e-09 0 1.46891e-08 0 2.33246e-08 0 3.46489e-08 0 4.89219e-08 0 6.65158e-08 0 8.80508e-08 0 1.12925e-07 0 1.41667e-07 0 1.75317e-07 0 2.12807e-07 0 2.53699e-07 0 2.99262e-07 0 3.51646e-07 0 4.06753e-07 0 4.663e-07 0 5.33102e-07 0 6.01019e-07 0 6.76129e-07 0 7.54895e-07 0 8.41274e-07 0 9.30909e-07 0 1.02845e-06 0 1.12865e-06 0 1.23068e-06 0 1.34033e-06 0 1.45805e-06 0 1.57662e-06 0 1.70313e-06 0 1.838e-06 0 1.97241e-06 0 2.11489e-06 0 2.26583e-06 0 2.41466e-06 0 2.57151e-06 0
174.763 0.000106682 3.14835e-05 7.51987e-05 0.704885 0.0678674 4.46514e-13 0 1.23255e-11 0 2.50045e-10 0 1.26687e-09 0 3.72483e-09 0 8.38315e-09 0 1.57135e-08 0 2.64835e-08 0 4.11138e-08 0 5.99062e-08 0 8.31709e-08 0 1.11398e-07 0 1.45459e-07 0 1.84298e-07 0 2.2866e-07 0 2.80045e-07 0 3.36728e-07 0 3.98004e-07 0 4.65712e-07 0 5.42938e-07 0 6.23575e-07 0 7.10112e-07 0 8.06553e-07 0 9.04e-07 0 1.01114e-06 0 1.12288e-06 0 1.24476e-06 0 1.3706e-06 0 1.50686e-06 0 1.64618e-06 0 1.78743e-06 0 1.9386e-06 0 2.10021e-06 0 2.26234e-06 0 2.43469e-06 0 2.61773e-06 0 2.7995e-06 0 2.99153e-06 0 3.19425e-06 0 3.39352e-06 0 3.60286e-06 0
183.733 0.000108279 3.22047e-05 7.60744e-05 0.702577 0.0326345 1.32678e-12 0 3.11467e-11 0 5.45511e-10 0 2.55336e-09 0 7.12226e-09 0 1.5407e-08 0 2.80067e-08 0 4.60144e-08 0 6.99167e-08 0 1.00019e-07 0 1.36655e-07 0 1.80442e-07 0 2.32563e-07 0 2.91276e-07 0 3.57602e-07 0 4.33651e-07 0 5.16753e-07 0 6.05823e-07 0 7.03468e-07 0 8.14001e-07 0 9.28596e-07 0 1.05078e-06 0 1.18608e-06 0 1.322e-06 0 1.47063e-06 0 1.6248e-06 0 1.79213e-06 0 1.96404e-06 0 2.14934e-06 0 2.33794e-06 0 2.52837e-06 0 2.73135e-06 0 2.9475e-06 0 3.16354e-06 0 3.39236e-06 0 3.63452e-06 0 3.87417e-06 0 4.12653e-06 0 4.3921e-06 0 4.65232e-06 0 4.92491e-06 0
193.164 0.000109058 3.27727e-05 7.62857e-05 0.699494 0.000579957 3.67791e-12 0 7.4011e-11 0 1.12715e-09 0 4.89284e-09 0 1.29812e-08 0 2.7043e-08 0 4.77449e-08 0 7.65652e-08 0 1.13985e-07 0 1.60235e-07 0 2.15617e-07 0 2.80866e-07 0 3.5754e-07 0 4.42908e-07 0 5.38345e-07 0 6.46713e-07 0 7.64077e-07 0 8.88849e-07 0 1.02461e-06 0 1.17718e-06 0 1.3343e-06 0 1.50078e-06 0 1.68404e-06 0 1.86711e-06 0 2.06624e-06 0 2.27178e-06 0 2.49377e-06 0 2.7208e-06 0 2.96441e-06 0 3.21133e-06 0 3.45964e-06 0 3.72332e-06 0 4.00307e-06 0 4.28167e-06 0 4.57574e-06 0 4.8859e-06 0 5.19185e-06 0 5.51304e-06 0 5.85e-06 0 6.17922e-06 0 6.52312e-06 0
203.079 0.000108798 3.34237e-05 7.53742e-05 0.692791 -0.0272379 9.61159e-12 0 1.67047e-10 0 2.22731e-09 0 8.99978e-09 0 2.27665e-08 0 4.57587e-08 0 7.85766e-08 0 1.23136e-07 0 1.79789e-07 0 2.48571e-07 0 3.29671e-07 0 4.23929e-07 0 5.33334e-07 0 6.53807e-07 0 7.87152e-07 0 9.37176e-07 0 1.09827e-06 0 1.26822e-06 0 1.45182e-06 0 1.65674e-06 0 1.86641e-06 0 2.08726e-06 0 2.32901e-06 0 2.56922e-06 0 2.8292e-06 0 3.09626e-06 0 3.38339e-06 0 3.67574e-06 0 3.98813e-06 0 4.30348e-06 0 4.61941e-06 0 4.9537e-06 0 5.30709e-06 0 5.65784e-06 0 6.02686e-06 0 6.41482e-06 0 6.79633e-06 0 7.19567e-06 0 7.61339e-06 0 8.02039e-06 0 8.44441e-06 0
213.503 0.000107154 3.38611e-05 7.32924e-05 0.683995 -0.0521462 2.35417e-11 0 3.55908e-10 0 4.18171e-09 0 1.57833e-08 0 3.81577e-08 0 7.41237e-08 0 1.23969e-07 0 1.90054e-07 0 2.72415e-07 0 3.70724e-07 0 4.84946e-07 0 6.15989e-07 0 7.66323e-07 0 9.3013e-07 0 1.10973e-06 0 1.31003e-06 0 1.52338e-06 0 1.74679e-06 0 1.98652e-06 0 2.25235e-06 0 2.52268e-06 0 2.80583e-06 0 3.1141e-06 0 3.41886e-06 0 3.74715e-06 0 4.08285e-06 0 4.44219e-06 0 4.80655e-06 0 5.19433e-06 0 5.58427e-06 0 5.97355e-06 0 6.38402e-06 0 6.81649e-06 0 7.24434e-06 0 7.69308e-06 0 8.16341e-06 0 8.62458e-06 0 9.10593e-06 0 9.60807e-06 0 1.0096e-05 0 1.06031e-05 0
224.463 0.000104017 3.40712e-05 6.99456e-05 0.672445 -0.0743127 5.41866e-11 0 7.1747e-10 0 7.47443e-09 0 2.64397e-08 0 6.12244e-08 0 1.15138e-07 0 1.87789e-07 0 2.81952e-07 0 3.97095e-07 0 5.32331e-07 0 6.87274e-07 0 8.62857e-07 0 1.06206e-06 0 1.27695e-06 0 1.51044e-06 0 1.76868e-06 0 2.04163e-06 0 2.32546e-06 0 2.62805e-06 0 2.96153e-06 0 3.29868e-06 0 3.64993e-06 0 4.03038e-06 0 4.4047e-06 0 4.80609e-06 0 5.21478e-06 0 5.65045e-06 0 6.09043e-06 0 6.55693e-06 0 7.0243e-06 0 7.4893e-06 0 7.97802e-06 0 8.49128e-06 0 8.99749e-06 0 9.52686e-06 0 1.00801e-05 0 1.0621e-05 0 1.11841e-05 0 1.177e-05 0 1.23379e-05 0 1.29267e-05 0
235.984 9.93531e-05 3.3918e-05 6.54352e-05 0.658612 -0.0944808 1.17072e-10 0 1.36643e-09 0 1.26961e-08 0 4.22241e-08 0 9.38476e-08 0 1.7113e-07 0 2.72523e-07 0 4.01137e-07 0 5.55586e-07 0 7.34217e-07 0 9.36174e-07 0 1.16236e-06 0 1.41627e-06 0 1.68758e-06 0 1.97987e-06 0 2.30058e-06 0 2.63708e-06 0 2.98467e-06 0 3.35296e-06 0 3.75645e-06 0 4.16214e-06 0 4.58265e-06 0 5.03591e-06 0 5.47981e-06 0 5.95379e-06 0 6.43441e-06 0 6.94474e-06 0 7.45817e-06 0 8.00058e-06 0 8.54213e-06 0 9.07917e-06 0 9.64187e-06 0 1.0231e-05 0 1.08104e-05 0 1.14145e-05 0 1.20442e-05 0 1.26582e-05 0 1.32958e-05 0 1.39576e-05 0 1.45975e-05 0 1.52593e-05 0
248.097 9.33792e-05 3.33681e-05 6.0011e-05 0.64266 -0.112847 2.37756e-10 0 2.46131e-09 0 2.05108e-08 0 6.43268e-08 0 1.37506e-07 0 2.43493e-07 0 3.79051e-07 0 5.47507e-07 0 7.46352e-07 0 9.72985e-07 0 1.22599e-06 0 1.50621e-06 0 1.81761e-06 0 2.14736e-06 0 2.49972e-06 0 2.88343e-06 0 3.28324e-06 0 3.69362e-06 0 4.1259e-06 0 4.59685e-06 0 5.06789e-06 0 5.55377e-06 0 6.07507e-06 0 6.58339e-06 0 7.12394e-06 0 7.66993e-06 0 8.2475e-06 0 8.8265e-06 0 9.43607e-06 0 1.00427e-05 0 1.06424e-05 0 1.12689e-05 0 1.19229e-05 0 1.25643e-05 0 1.32314e-05 0 1.39248e-05 0 1.45993e-05 0 1.5298e-05 0 1.60215e-05 0 1.67194e-05 0 1.74398e-05 0
260.832 8.64583e-05 3.25693e-05 5.3889e-05 0.623294 -0.12956 4.56787e-10 0 4.2188e-09 0 3.16992e-08 0 9.40202e-08 0 1.93661e-07 0 3.33497e-07 0 5.08066e-07 0 7.20803e-07 0 9.67837e-07 0 1.2455e-06 0 1.55176e-06 0 1.88738e-06 0 2.2568e-06 0 2.64462e-06 0 3.05584e-06 0 3.50044e-06 0 3.96064e-06 0 4.43016e-06 0 4.922e-06 0 5.45499e-06 0 5.98543e-06 0 6.53006e-06 0 7.11182e-06 0 7.67676e-06 0 8.2752e-06 0 8.87741e-06 0 9.51219e-06 0 1.01464e-05 0 1.08119e-05 0 1.1472e-05 0 1.21228e-05 0 1.28008e-05 0 1.35066e-05 0 1.41969e-05 0 1.4913e-05 0 1.56556e-05 0 1.63762e-05 0 1.7121e-05 0 1.78903e-05 0 1.8631e-05 0 1.93939e-05 0
274.221 7.90191e-05 3.14874e-05 4.75317e-05 0.601521 -0.144594 8.30768e-10 0 6.88362e-09 0 4.68719e-08 0 1.31836e-07 0 2.6214e-07 0 4.39602e-07 0 6.56089e-07 0 9.1505e-07 0 1.21111e-06 0 1.5395e-06 0 1.89759e-06 0 2.28606e-06 0 2.70978e-06 0 3.15097e-06 0 3.61534e-06 0 4.114e-06 0 4.62691e-06 0 5.14723e-06 0 5.6894e-06 0 6.27397e-06 0 6.85298e-06 0 7.44489e-06 0 8.07451e-06 0 8.68353e-06 0 9.32629e-06 0 9.97082e-06 0 1.06479e-05 0 1.13222e-05 0 1.20276e-05 0 1.27252e-05 0 1.3411e-05 0 1.41236e-05 0 1.48634e-05 0 1.55853e-05 0 1.63323e-05 0 1.71051e-05 0 1.78533e-05 0 1.8625e-05 0 1.94204e-05 0 2.01846e-05 0 2.09702e-05 0
288.297 7.14345e-05 3.02142e-05 4.12203e-05 0.577036 -0.158181 1.43643e-09 0 1.07346e-08 0 6.65589e-08 0 1.77992e-07 0 3.42237e-07 0 5.5962e-07 0 8.19047e-07 0 1.12393e-06 0 1.46737e-06 0 1.84353e-06 0 2.24927e-06 0 2.68523e-06 0 3.15665e-06 0 3.64371e-06 0 4.15276e-06 0 4.69589e-06 0 5.25119e-06 0 5.81145e-06 0 6.39233e-06 0 7.01562e-06 0 7.6302e-06 0 8.25588e-06 0 8.91877e-06 0 9.55759e-06 0 1.02294e-05 0 1.09009e-05 0 1.1604e-05 0 1.2302e-05 0 1.30301e-05 0 1.37482e-05 0 1.44522e-05 0 1.51818e-05 0 1.59376e-05 0 1.66731e-05 0 1.74327e-05 0 1.82166e-05 0 1.8974e-05 0 1.97534e-05 0 2.05553e-05 0 2.13242e-05 0 2.21132e-05 0
303.095 6.40726e-05 2.88616e-05 3.5211e-05 0.549548 -0.170366 2.37319e-09 0 1.60763e-08 0 9.1184e-08 0 2.32411e-07 0 4.32838e-07 0 6.90983e-07 0 9.92682e-07 0 1.34133e-06 0 1.72856e-06 0 2.14764e-06 0 2.59502e-06 0 3.07135e-06 0 3.58221e-06 0 4.10611e-06 0 4.65005e-06 0 5.22683e-06 0 5.81319e-06 0 6.40174e-06 0 7.00904e-06 0 7.65773e-06 0 8.2946e-06 0 8.94043e-06 0 9.62209e-06 0 1.02767e-05 0 1.09628e-05 0 1.16464e-05 0 1.236e-05 0 1.30664e-05 0 1.38011e-05 0 1.45238e-05 0 1.52306e-05 0 1.59614e-05 0 1.67165e-05 0 1.74498e-05 0 1.82054e-05 0 1.89835e-05 0 1.97338e-05 0 2.05045e-05 0 2.12958e-05 0 2.20532e-05 0 2.2829e-05 0
318.653 5.71489e-05 2.74435e-05 2.97054e-05 0.519789 -0.181149 3.75375e-09 0 2.31608e-08 0 1.20695e-07 0 2.93894e-07 0 5.30979e-07 0 8.28526e-07 0 1.16943e-06 0 1.55712e-06 0 1.98198e-06 0 2.43658e-06 0 2.91712e-06 0 3.42435e-06 0 3.9641e-06 0 4.51375e-06 0 5.08083e-06 0 5.67864e-06 0 6.28311e-06 0 6.88686e-06 0 7.50704e-06 0 8.16661e-06 0 8.81155e-06 0 9.46311e-06 0 1.01484e-05 0 1.08042e-05 0 1.14895e-05 0 1.21701e-05 0 1.28787e-05 0 1.35781e-05 0 1.43036e-05 0 1.50155e-05 0 1.571e-05 0 1.64265e-05 0 1.71652e-05 0 1.7881e-05 0 1.86171e-05 0 1.93736e-05 0 2.01016e-05 0 2.08481e-05 0 2.16131e-05 0 2.2344e-05 0 2.30915e-05 0
335.009 5.08045e-05 2.60058e-05 2.47987e-05 0.488121 -0.191152 5.70181e-09 0 3.21896e-08 0 1.54757e-07 0 3.60818e-07 0 6.33341e-07 0 9.6703e-07 0 1.34217e-06 0 1.76236e-06 0 2.217e-06 0 2.69822e-06 0 3.20217e-06 0 3.72974e-06 0 4.28699e-06 0 4.85068e-06 0 5.42876e-06 0 6.0348e-06 0 6.64444e-06 0 7.25055e-06 0 7.87047e-06 0 8.52707e-06 0 9.16663e-06 0 9.81046e-06 0 1.04853e-05 0 1.11291e-05 0 1.17998e-05 0 1.24641e-05 0 1.31537e-05 0 1.38326e-05 0 1.45352e-05 0 1.52228e-05 0 1.58922e-05 0 1.65813e-05 0 1.72902e-05 0 1.79758e-05 0 1.86794e-05 0 1.94012e-05 0 2.00945e-05 0 2.08041e-05 0 2.15302e-05 0 2.22228e-05 0 2.29299e-05 0
352.205 4.52621e-05 2.47344e-05 2.05277e-05 0.453529 -0.199685 8.39166e-09 0 4.35363e-08 0 1.93864e-07 0 4.33703e-07 0 7.40664e-07 0 1.1078e-06 0 1.51317e-06 0 1.9607e-06 0 2.4391e-06 0 2.94028e-06 0 3.46049e-06 0 4.00085e-06 0 4.56759e-06 0 5.13726e-06 0 5.71816e-06 0 6.32395e-06 0 6.9304e-06 0 7.53066e-06 0 8.14212e-06 0 8.78723e-06 0 9.4133e-06 0 1.00415e-05 0 1.06977e-05 0 1.13219e-05 0 1.19704e-05 0 1.26109e-05 0 1.32741e-05 0 1.39255e-05 0 1.45979e-05 0 1.52545e-05 0 1.58923e-05 0 1.65476e-05 0 1.72204e-05 0 1.78698e-05 0 1.85351e-05 0 1.92163e-05 0 1.98695e-05 0 2.0537e-05 0 2.12188e-05 0 2.18682e-05 0 2.25302e-05 0
370.284 4.044e-05 2.35517e-05 1.68883e-05 0.417613 -0.207179 1.19567e-08 0 5.7241e-08 0 2.36968e-07 0 5.0971e-07 0 8.48042e-07 0 1.24375e-06 0 1.67327e-06 0 2.14097e-06 0 2.63522e-06 0 3.14798e-06 0 3.67573e-06 0 4.21986e-06 0 4.78677e-06 0 5.35319e-06 0 5.92766e-06 0 6.52377e-06 0 7.11777e-06 0 7.70327e-06 0 8.29739e-06 0 8.92191e-06 0 9.5259e-06 0 1.013e-05 0 1.07592e-05 0 1.13559e-05 0 1.19742e-05 0 1.25833e-05 0 1.32125e-05 0 1.3829e-05 0 1.4464e-05 0 1.50827e-05 0 1.56825e-05 0 1.62976e-05 0 1.69279e-05 0 1.75352e-05 0 1.81563e-05 0 1.87911e-05 0 1.93989e-05 0 2.0019e-05 0 2.06515e-05 0 2.12529e-05 0 2.18652e-05 0
389.291 3.64475e-05 2.26231e-05 1.38244e-05 0.379296 -0.212543 1.66467e-08 0 7.38283e-08 0 2.85164e-07 0 5.90886e-07 0 9.59006e-07 0 1.38051e-06 0 1.83063e-06 0 2.31442e-06 0 2.8201e-06 0 3.33989e-06 0 3.87061e-06 0 4.41397e-06 0 4.97649e-06 0 5.53535e-06 0 6.09925e-06 0 6.68163e-06 0 7.25944e-06 0 7.82672e-06 0 8.40025e-06 0 9.00102e-06 0 9.58015e-06 0 1.01576e-05 0 1.07574e-05 0 1.13247e-05 0 1.1911e-05 0 1.24872e-05 0 1.3081e-05 0 1.36615e-05 0 1.42582e-05 0 1.48384e-05 0 1.53999e-05 0 1.59746e-05 0 1.65624e-05 0 1.71279e-05 0 1.77052e-05 0 1.82944e-05 0 1.88576e-05 0 1.94314e-05 0 2.00157e-05 0 2.05706e-05 0 2.11349e-05 0
409.273 3.28652e-05 2.15598e-05 1.13054e-05 0.343993 -0.217396 2.23066e-08 0 9.19921e-08 0 3.32649e-07 0 6.65226e-07 0 1.05449e-06 0 1.49129e-06 0 1.9506e-06 0 2.43818e-06 0 2.94257e-06 0 3.45649e-06 0 3.97727e-06 0 4.5069e-06 0 5.05192e-06 0 5.59048e-06 0 6.13129e-06 0 6.68732e-06 0 7.2367e-06 0 7.77407e-06 0 8.31549e-06 0 8.88076e-06 0 9.42399e-06 0 9.96411e-06 0 1.05236e-05 0 1.10514e-05 0 1.15956e-05 0 1.21292e-05 0 1.2678e-05 0 1.32133e-05 0 1.37624e-05 0 1.42954e-05 0 1.48102e-05 0 1.53362e-05 0 1.58734e-05 0 1.63893e-05 0 1.69152e-05 0 1.74511e-05 0 1.79627e-05 0 1.84831e-05 0 1.90124e-05 0 1.95144e-05 0 2.00241e-05 0
430.281 2.97847e-05 2.0551e-05 9.23371e-06 0.310015 -0.222371 2.9047e-08 0 1.11785e-07 0 3.79657e-07 0 7.34024e-07 0 1.13776e-06 0 1.58218e-06 0 2.0427e-06 0 2.52584e-06 0 3.02077e-06 0 3.52086e-06 0 4.02399e-06 0 4.53246e-06 0 5.05275e-06 0 5.56425e-06 0 6.07554e-06 0 6.59901e-06 0 7.11421e-06 0 7.61636e-06 0 8.12065e-06 0 8.64552e-06 0 9.14845e-06 0 9.64718e-06 0 1.01624e-05 0 1.06474e-05 0 1.11463e-05 0 1.16344e-05 0 1.21353e-05 0 1.26231e-05 0 1.31224e-05 0 1.36062e-05 0 1.40728e-05 0 1.45487e-05 0 1.50339e-05 0 1.54993e-05 0 1.59729e-05 0 1.64549e-05 0 1.69144e-05 0 1.73812e-05 0 1.78553e-05 0 1.83045e-05 0 1.87601e-05 0
452.368 2.71406e-05 1.96016e-05 7.53905e-06 0.277778 -0.227263 3.68231e-08 0 1.32691e-07 0 4.24578e-07 0 7.94949e-07 0 1.20623e-06 0 1.65078e-06 0 2.10507e-06 0 2.5764e-06 0 3.05474e-06 0 3.53429e-06 0 4.01349e-06 0 4.49489e-06 0 4.98484e-06 0 5.4642e-06 0 5.9413e-06 0 6.42781e-06 0 6.90489e-06 0 7.36833e-06 0 7.83233e-06 0 8.31384e-06 0 8.77396e-06 0 9.22908e-06 0 9.69815e-06 0 1.01386e-05 0 1.05908e-05 0 1.10324e-05 0 1.14847e-05 0 1.19242e-05 0 1.23734e-05 0 1.28078e-05 0 1.32262e-05 0 1.36522e-05 0 1.4086e-05 0 1.45014e-05 0 1.49237e-05 0 1.53528e-05 0 1.57613e-05 0 1.61759e-05 0 1.65964e-05 0 1.69944e-05 0 1.73976e-05 0
475.588 2.49154e-05 1.87606e-05 6.15479e-06 0.247027 -0.232061 4.56353e-08 0 1.54476e-07 0 4.67052e-07 0 8.48211e-07 0 1.26128e-06 0 1.70011e-06 0 2.14267e-06 0 2.59701e-06 0 3.05408e-06 0 3.50889e-06 0 3.96046e-06 0 4.41156e-06 0 4.86835e-06 0 5.31325e-06 0 5.75423e-06 0 6.20225e-06 0 6.64004e-06 0 7.06399e-06 0 7.48723e-06 0 7.92523e-06 0 8.3427e-06 0 8.75465e-06 0 9.17825e-06 0 9.57521e-06 0 9.98191e-06 0 1.03783e-05 0 1.07835e-05 0 1.11767e-05 0 1.15778e-05 0 1.19652e-05 0 1.23376e-05 0 1.27164e-05 0 1.31015e-05 0 1.34698e-05 0 1.38437e-05 0 1.42232e-05 0 1.45841e-05 0 1.49498e-05 0 1.53205e-05 0 1.56709e-05 0 1.60255e-05 0
500 2.30864e-05 1.80585e-05 5.02789e-06 0.217786 -0.236611 5.54855e-08 0 1.76975e-07 0 5.07018e-07 0 8.94505e-07 0 1.30482e-06 0 1.73363e-06 0 2.16073e-06 0 2.59484e-06 0 3.02794e-06 0 3.45587e-06 0 3.87819e-06 0 4.29783e-06 0 4.72075e-06 0 5.13089e-06 0 5.53587e-06 0 5.94585e-06 0 6.34518e-06 0 6.73074e-06 0 7.1146e-06 0 7.51083e-06 0 7.88756e-06 0 8.25849e-06 0 8.6391e-06 0 8.99507e-06 0 9.35908e-06 0 9.71324e-06 0 1.00747e-05 0 1.04248e-05 0 1.07814e-05 0 1.11253e-05 0 1.14555e-05 0 1.17909e-05 0 1.21314e-05 0 1.24567e-05 0 1.27865e-05 0 1.31208e-05 0 1.34384e-05 0 1.376e-05 0 1.40855e-05 0 1.43929e-05 0 1.47037e-05 0
525.665 2.16181e-05 1.75056e-05 4.11252e-06 0.190235 -0.240724 6.63538e-08 0 2.00005e-07 0 5.44409e-07 0 9.34417e-07 0 1.33842e-06 0 1.75414e-06 0 2.16333e-06 0 2.57534e-06 0 2.98317e-06 0 3.38348e-06 0 3.77628e-06 0 4.16465e-06 0 4.55429e-06 0 4.93063e-06 0 5.30091e-06 0 5.67452e-06 0 6.0373e-06 0 6.38661e-06 0 6.73349e-06 0 7.09068e-06 0 7.42952e-06 0 7.76244e-06 0 8.10338e-06 0 8.42164e-06 0 8.74653e-06 0 9.06211e-06 0 9.38365e-06 0 9.69464e-06 0 1.0011e-05 0 1.03156e-05 0 1.06076e-05 0 1.09039e-05 0 1.12045e-05 0 1.14911e-05 0 1.17815e-05 0 1.20756e-05 0 1.23546e-05 0 1.26368e-05 0 1.29222e-05 0 1.31915e-05 0 1.34635e-05 0
552.648 2.04589e-05 1.7091e-05 3.36796e-06 0.16462 -0.244198 7.81448e-08 0 2.2322e-07 0 5.78765e-07 0 9.67786e-07 0 1.36246e-06 0 1.76267e-06 0 2.15221e-06 0 2.54097e-06 0 2.92294e-06 0 3.29553e-06 0 3.65918e-06 0 4.01703e-06 0 4.37454e-06 0 4.71855e-06 0 5.05587e-06 0 5.39516e-06 0 5.72368e-06 0 6.03917e-06 0 6.35173e-06 0 6.67284e-06 0 6.97681e-06 0 7.27489e-06 0 7.57956e-06 0 7.86348e-06 0 8.15285e-06 0 8.43348e-06 0 8.71899e-06 0 8.99474e-06 0 9.27485e-06 0 9.54422e-06 0 9.80218e-06 0 1.00636e-05 0 1.03284e-05 0 1.05808e-05 0 1.08361e-05 0 1.10944e-05 0 1.13393e-05 0 1.15867e-05 0 1.18368e-05 0 1.20725e-05 0 1.23104e-05 0
581.015 1.95889e-05 1.68281e-05 2.76084e-06 0.140939 -0.246416 9.08536e-08 0 2.46599e-07 0 6.10531e-07 0 9.95932e-07 0 1.3793e-06 0 1.76268e-06 0 2.13194e-06 0 2.49738e-06 0 2.85395e-06 0 3.19972e-06 0 3.53549e-06 0 3.86446e-06 0 4.19181e-06 0 4.50569e-06 0 4.81248e-06 0 5.12017e-06 0 5.41728e-06 0 5.70193e-06 0 5.9833e-06 0 6.27175e-06 0 6.54426e-06 0 6.811e-06 0 7.08317e-06 0 7.33639e-06 0 7.59407e-06 0 7.84361e-06 0 8.09714e-06 0 8.34167e-06 0 8.58976e-06 0 8.82805e-06 0 9.05599e-06 0 9.28671e-06 0 9.52021e-06 0 9.74249e-06 0 9.9672e-06 0 1.01943e-05 0 1.04094e-05 0 1.06266e-05 0 1.08458e-05 0 1.10523e-05 0 1.12606e-05 0
610.839 1.89629e-05 1.66992e-05 2.26368e-06 0.119374 -0.246839 1.04321e-07 0 2.69738e-07 0 6.39181e-07 0 1.01847e-06 0 1.38878e-06 0 1.75429e-06 0 2.10287e-06 0 2.44512e-06 0 2.77689e-06 0 3.09684e-06 0 3.40608e-06 0 3.70779e-06 0 4.00691e-06 0 4.29277e-06 0 4.57135e-06 0 4.84997e-06 0 5.11835e-06 0 5.37488e-06 0 5.62793e-06 0 5.88684e-06 0 6.13098e-06 0 6.36954e-06 0 6.61257e-06 0 6.83833e-06 0 7.06775e-06 0 7.28961e-06 0 7.51473e-06 0 7.7316e-06 0 7.95135e-06 0 8.16219e-06 0 8.36367e-06 0 8.5674e-06 0 8.77338e-06 0 8.96928e-06 0 9.16713e-06 0 9.36693e-06 0 9.55599e-06 0 9.74674e-06 0 9.93915e-06 0 1.01202e-05 0 1.03028e-05 0
642.193 1.85536e-05 1.66982e-05 1.85542e-06 0.100003 -0.244681 1.18396e-07 0 2.92339e-07 0 6.64523e-07 0 1.03554e-06 0 1.39146e-06 0 1.73846e-06 0 2.06631e-06 0 2.38584e-06 0 2.69368e-06 0 2.98902e-06 0 3.27322e-06 0 3.54942e-06 0 3.8223e-06 0 4.08227e-06 0 4.33492e-06 0 4.58697e-06 0 4.82919e-06 0 5.06022e-06 0 5.28767e-06 0 5.51996e-06 0 5.73862e-06 0 5.95195e-06 0 6.16894e-06 0 6.37023e-06 0 6.57451e-06 0 6.77181e-06 0 6.97177e-06 0 7.16418e-06 0 7.35894e-06 0 7.5456e-06 0 7.7238e-06 0 7.90383e-06 0 8.08567e-06 0 8.25847e-06 0 8.43285e-06 0 8.60879e-06 0 8.77516e-06 0 8.94287e-06 0 9.11194e-06 0 9.27093e-06 0 9.43108e-06 0
675.157 1.83066e-05 1.67872e-05 1.51937e-06 0.0829961 -0.239183 1.32643e-07 0 3.13491e-07 0 6.85049e-07 0 1.04526e-06 0 1.38513e-06 0 1.71265e-06 0 2.0194e-06 0 2.3163e-06 0 2.6007e-06 0 2.87223e-06 0 3.13243e-06 0 3.3844e-06 0 3.63254e-06 0 3.86825e-06 0 4.09674e-06 0 4.32414e-06 0 4.54219e-06 0 4.74976e-06 0 4.95375e-06 0 5.16171e-06 0 5.35716e-06 0 5.54756e-06 0 5.74096e-06 0 5.92013e-06 0 6.10174e-06 0 6.27695e-06 0 6.45431e-06 0 6.6248e-06 0 6.79719e-06 0 6.96225e-06 0 7.11969e-06 0 7.27861e-06 0 7.439e-06 0 7.59128e-06 0 7.74484e-06 0 7.89966e-06 0 8.04594e-06 0 8.19332e-06 0 8.34178e-06 0 8.4813e-06 0 8.62175e-06 0
709.813 1.81607e-05 1.69178e-05 1.24286e-06 0.0684368 -0.229853 1.46397e-07 0 3.31919e-07 0 6.98712e-07 0 1.04506e-06 0 1.36677e-06 0 1.67344e-06 0 1.9583e-06 0 2.23224e-06 0 2.49323e-06 0 2.74129e-06 0 2.97808e-06 0 3.2066e-06 0 3.43098e-06 0 3.64354e-06 0 3.84909e-06 0 4.05321e-06 0 4.24855e-06 0 4.43416e-06 0 4.61625e-06 0 4.8016e-06 0 4.97553e-06 0 5.14475e-06 0 5.3164e-06 0 5.47523e-06 0 5.63603e-06 0 5.791e-06 0 5.94772e-06 0 6.09821e-06 0 6.25024e-06 0 6.39568e-06 0 6.53428e-06 0 6.67408e-06 0 6.81506e-06 0 6.94881e-06 0 7.08359e-06 0 7.21938e-06 0 7.3476e-06 0 7.47669e-06 0 7.60665e-06 0 7.72872e-06 0 7.85153e-06 0
746.248 1.80449e-05 1.70294e-05 1.01553e-06 0.0562776 -0.216798 1.58745e-07 0 3.46005e-07 0 7.03033e-07 0 1.03187e-06 0 1.33286e-06 0 1.61686e-06 0 1.87866e-06 0 2.12888e-06 0 2.36608e-06 0 2.59058e-06 0 2.80411e-06 0 3.00955e-06 0 3.21068e-06 0 3.40075e-06 0 3.58414e-06 0 3.76588e-06 0 3.93947e-06 0 4.10414e-06 0 4.26543e-06 0 4.42937e-06 0 4.583e-06 0 4.73227e-06 0 4.8835e-06 0 5.02328e-06 0 5.16466e-06 0 5.30076e-06 0 5.43828e-06 0 5.5702e-06 0 5.70336e-06 0 5.83064e-06 0 5.95184e-06 0 6.074e-06 0 6.1971e-06 0 6.31382e-06 0 6.43135e-06 0 6.54969e-06 0 6.66136e-06 0 6.77372e-06 0 6.88678e-06 0 6.99291e-06 0 7.09963e-06 0
784.553 1.79229e-05 1.70943e-05 8.28619e-07 0.0462323 -0.199073 1.68988e-07 0 3.54822e-07 0 6.97192e-07 0 1.00522e-06 0 1.28329e-06 0 1.54318e-06 0 1.78103e-06 0 2.00708e-06 0 2.22037e-06 0 2.42145e-06 0 2.61206e-06 0 2.79491e-06 0 2.97346e-06 0 3.14181e-06 0 3.30389e-06 0 3.46422e-06 0 3.61709e-06 0 3.76187e-06 0 3.90348e-06 0 4.04722e-06 0 4.18174e-06 0 4.3123e-06 0 4.44442e-06 0 4.56642e-06 0 4.68968e-06 0 4.80824e-06 0 4.92792e-06 0 5.04264e-06 0 5.15834e-06 0 5.26885e-06 0 5.374e-06 0 5.47992e-06 0 5.58658e-06 0 5.68764e-06 0 5.78935e-06 0 5.89169e-06 0 5.98822e-06 0 6.08529e-06 0 6.1829e-06 0 6.27449e-06 0 6.36655e-06 0
824.824 1.77251e-05 1.70499e-05 6.75186e-07 0.0380921 -0.177073 1.76105e-07 0 3.56903e-07 0 6.79405e-07 0 9.63218e-07 0 1.21615e-06 0 1.45043e-06 0 1.66342e-06 0 1.86477e-06 0 2.05394e-06 0 2.23162e-06 0 2.39953e-06 0 2.56017e-06 0 2.71665e-06 0 2.86387e-06 0 3.00535e-06 0 3.14504e-06 0 3.27802e-06 0 3.40378e-06 0 3.52663e-06 0 3.65116e-06 0 3.76756e-06 0 3.88042e-06 0 3.99451e-06 0 4.09975e-06 0 4.206e-06 0 4.3081e-06 0 4.41108e-06 0 4.50972e-06 0 4.60913e-06 0 4.70401e-06 0 4.79423e-06 0 4.88505e-06 0 4.97646e-06 0 5.06301e-06 0 5.15007e-06 0 5.23763e-06 0 5.32016e-06 0 5.40312e-06 0 5.48651e-06 0 5.56471e-06 0 5.64328e-06 0
867.163 1.74053e-05 1.68563e-05 5.49016e-07 0.0315431 -0.149624 1.79364e-07 0 3.51522e-07 0 6.49415e-07 0 9.06189e-07 0 1.13227e-06 0 1.33996e-06 0 1.52758e-06 0 1.7041e-06 0 1.86925e-06 0 2.02387e-06 0 2.16955e-06 0 2.30858e-06 0 2.44371e-06 0 2.57058e-06 0 2.69229e-06 0 2.81227e-06 0 2.92631e-06 0 3.03402e-06 0 3.1391e-06 0 3.24549e-06 0 3.34484e-06 0 3.44106e-06 0 3.53825e-06 0 3.62781e-06 0 3.71816e-06 0 3.80491e-06 0 3.89235e-06 0 3.97604e-06 0 4.06032e-06 0 4.14071e-06 0 4.21711e-06 0 4.29398e-06 0 4.37129e-06 0 4.44446e-06 0 4.51802e-06 0 4.59196e-06 0 4.66163e-06 0 4.73163e-06 0 4.80195e-06 0 4.86788e-06 0 4.93408e-06 0
911.674 1.68825e-05 1.64372e-05 4.45296e-07 0.0263762 -0.117558 1.77797e-07 0 3.3757e-07 0 6.06244e-07 0 8.33371e-07 0 1.03111e-06 0 1.21135e-06 0 1.37324e-06 0 1.52486e-06 0 1.66618e-06 0 1.79807e-06 0 1.92202e-06 0 2.04002e-06 0 2.15448e-06 0 2.26175e-06 0 2.36448e-06 0 2.46561e-06 0 2.56159e-06 0 2.65213e-06 0 2.74037e-06 0 2.82961e-06 0 2.91286e-06 0 2.99341e-06 0 3.07469e-06 0 3.14955e-06 0 3.225e-06 0 3.29739e-06 0 3.37031e-06 0 3.44005e-06 0 3.51025e-06 0 3.57716e-06 0 3.64072e-06 0 3.70463e-06 0 3.76888e-06 0 3.82966e-06 0 3.89073e-06 0 3.95209e-06 0 4.00988e-06 0 4.06792e-06 0 4.1262e-06 0 4.18082e-06 0 4.23564e-06 0
958.471 1.60685e-05 1.57087e-05 3.59784e-07 0.0223906 -0.081257 1.70558e-07 0 3.14254e-07 0 5.495e-07 0 7.44781e-07 0 9.13017e-07 0 1.06526e-06 0 1.20128e-06 0 1.32812e-06 0 1.44595e-06 0 1.55559e-06 0 1.65838e-06 0 1.75602e-06 0 1.85056e-06 0 1.939e-06 0 2.02358e-06 0 2.10671e-06 0 2.18552e-06 0 2.25978e-06 0 2.33207e-06 0 2.40511e-06 0 2.47319e-06 0 2.539e-06 0 2.60536e-06 0 2.66642e-06 0 2.72793e-06 0 2.7869e-06 0 2.84627e-06 0 2.90302e-06 0 2.9601e-06 0 3.01448e-06 0 3.06611e-06 0 3.118e-06 0 3.17014e-06 0 3.21944e-06 0 3.26896e-06 0 3.3187e-06 0 3.36552e-06 0 3.41252e-06 0 3.4597e-06 0 3.5039e-06 0 3.54825e-06 0
1007.67 1.49585e-05 1.46688e-05 2.89698e-07 0.0193667 -0.0437082 1.57966e-07 0 2.82918e-07 0 4.82404e-07 0 6.45208e-07 0 7.84101e-07 0 9.08954e-07 0 1.01995e-06 0 1.12305e-06 0 1.21851e-06 0 1.30711e-06 0 1.38998e-06 0 1.46854e-06 0 1.54448e-06 0 1.6154e-06 0 1.68314e-06 0 1.74963e-06 0 1.81259e-06 0 1.87185e-06 0 1.92949e-06 0 1.98767e-06 0 2.04185e-06 0 2.09419e-06 0 2.14693e-06 0 2.19542e-06 0 2.24423e-06 0 2.29101e-06 0 2.33807e-06 0 2.38302e-06 0 2.42822e-06 0 2.47126e-06 0 2.51211e-06 0 2.55314e-06 0 2.59435e-06 0 2.6333e-06 0 2.6724e-06 0 2.71166e-06 0 2.74861e-06 0 2.78569e-06 0 2.82289e-06 0 2.85774e-06 0 2.89269e-06 0
1059.39 1.35934e-05 1.33608e-05 2.32567e-07 0.0171089 -0.00765846 1.411e-07 0 2.46034e-07 0 4.09675e-07 0 5.41124e-07 0 6.52253e-07 0 7.51532e-07 0 8.39383e-07 0 9.20694e-07 0 9.95764e-07 0 1.06526e-06 0 1.13012e-06 0 1.19151e-06 0 1.25074e-06 0 1.30599e-06 0 1.35868e-06 0 1.41035e-06 0 1.45922e-06 0 1.50518e-06 0 1.54983e-06 0 1.59487e-06 0 1.63678e-06 0 1.67724e-06 0 1.71798e-06 0 1.75541e-06 0 1.79307e-06 0 1.82914e-06 0 1.86541e-06 0 1.90004e-06 0 1.93484e-06 0 1.96796e-06 0 1.99938e-06 0 2.03092e-06 0 2.0626e-06 0 2.09252e-06 0 2.12256e-06 0 2.1527e-06 0 2.18106e-06 0 2.20951e-06 0 2.23805e-06 0 2.26476e-06 0 2.29156e-06 0
1113.77 1.20898e-05 1.19034e-05 1.86434e-07 0.0154208 0.024247 1.21968e-07 0 2.0737e-07 0 3.37664e-07 0 4.40791e-07 0 5.27246e-07 0 6.04042e-07 0 6.71709e-07 0 7.3413e-07 0 7.91604e-07 0 8.44688e-07 0 8.9414e-07 0 9.40863e-07 0 9.85878e-07 0 1.02781e-06 0 1.06776e-06 0 1.10688e-06 0 1.14386e-06 0 1.17859e-06 0 1.21232e-06 0 1.24631e-06 0 1.27791e-06 0 1.3084e-06 0 1.33909e-06 0 1.36726e-06 0 1.3956e-06 0 1.42272e-06 0 1.44998e-06 0 1.47599e-06 0 1.50212e-06 0 1.52698e-06 0 1.55056e-06 0 1.57422e-06 0 1.59797e-06 0 1.6204e-06 0 1.6429e-06 0 1.66548e-06 0 1.68671e-06 0 1.708e-06 0 1.72936e-06 0 1.74935e-06 0 1.76939e-06 0
1170.94 1.05548e-05 1.04054e-05 1.49411e-07 0.0141558 0.0507158 1.02409e-07 0 1.70017e-07 0 2.71079e-07 0 3.4998e-07 0 4.15612e-07 0 4.73603e-07 0 5.24501e-07 0 5.7131e-07 0 6.14301e-07 0 6.53925e-07 0 6.90773e-07 0 7.25534e-07 0 7.58979e-07 0 7.90096e-07 0 8.19706e-07 0 8.48681e-07 0 8.76036e-07 0 9.01715e-07 0 9.26629e-07 0 9.51721e-07 0 9.75037e-07 0 9.97517e-07 0 1.02012e-06 0 1.04088e-06 0 1.06173e-06 0 1.08169e-06 0 1.10174e-06 0 1.12086e-06 0 1.14006e-06 0 1.15832e-06 0 1.17563e-06 0 1.193e-06 0 1.21043e-06 0 1.22688e-06 0 1.24338e-06 0 1.25994e-06 0 1.2755e-06 0 1.2911e-06 0 1.30674e-06 0 1.32138e-06 0 1.33605e-06 0
1231.05 9.0856e-06 8.96575e-06 1.19856e-07 0.0131919 0.0710779 8.39524e-08 0 1.36284e-07 0 2.13037e-07 0 2.72201e-07 0 3.21064e-07 0 3.64028e-07 0 4.016e-07 0 4.36057e-07 0 4.67631e-07 0 4.96676e-07 0 5.23642e-07 0 5.49046e-07 0 5.73456e-07 0 5.96142e-07 0 6.17709e-07 0 6.38794e-07 0 6.58684e-07 0 6.77341e-07 0 6.9543e-07 0 7.13637e-07 0 7.30545e-07 0 7.46837e-07 0 7.63215e-07 0 7.7824e-07 0 7.93334e-07 0 8.0777e-07 0 8.22266e-07 0 8.3609e-07 0 8.49965e-07 0 8.63156e-07 0 8.75654e-07 0 8.88192e-07 0 9.00767e-07 0 9.12637e-07 0 9.24539e-07 0 9.36473e-07 0 9.47691e-07 0 9.58935e-07 0 9.70207e-07 0 9.80751e-07 0 9.91317e-07 0
1294.24 7.74785e-06 7.65152e-06 9.63283e-08 0.0124329 0.0855563 6.75561e-08 0 1.07374e-07 0 1.64753e-07 0 2.08465e-07 0 2.44327e-07 0 2.75718e-07 0 3.03079e-07 0 3.28106e-07 0 3.50991e-07 0 3.72006e-07 0 3.91488e-07 0 4.09817e-07 0 4.27409e-07 0 4.43742e-07 0 4.59256e-07 0 4.7441e-07 0 4.88694e-07 0 5.02084e-07 0 5.15058e-07 0 5.28109e-07 0 5.40223e-07 0 5.51889e-07 0 5.63611e-07 0 5.74361e-07 0 5.85155e-07 0 5.95474e-07 0 6.05833e-07 0 6.15707e-07 0 6.25615e-07 0 6.35032e-07 0 6.43951e-07 0 6.52896e-07 0 6.61865e-07 0 6.70329e-07 0 6.78814e-07 0 6.8732e-07 0 6.95313e-07 0 7.03323e-07 0 7.11351e-07 0 7.18859e-07 0 7.26382e-07 0
1360.67 6.56476e-06 6.48718e-06 7.75886e-08 0.0118189 0.0949511 5.35515e-08 0 8.34396e-08 0 1.25811e-07 0 1.5774e-07 0 1.83775e-07 0 2.06471e-07 0 2.26192e-07 0 2.44189e-07 0 2.60613e-07 0 2.75672e-07 0 2.89612e-07 0 3.02712e-07 0 3.15272e-07 0 3.26923e-07 0 3.37979e-07 0 3.48772e-07 0 3.58937e-07 0 3.68461e-07 0 3.77684e-07 0 3.86956e-07 0 3.95558e-07 0 4.03838e-07 0 4.12155e-07 0 4.19778e-07 0 4.2743e-07 0 4.34744e-07 0 4.42082e-07 0 4.49075e-07 0 4.5609e-07 0 4.62755e-07 0 4.69066e-07 0 4.75394e-07 0 4.81737e-07 0 4.87721e-07 0 4.93719e-07 0 4.99731e-07 0 5.05378e-07 0 5.11037e-07 0 5.16707e-07 0 5.22009e-07 0 5.2732e-07 0
1430.51 5.53895e-06 5.47632e-06 6.26266e-08 0.0113066 0.100312 4.19323e-08 0 6.41253e-08 0 9.51147e-08 0 1.18233e-07 0 1.36979e-07 0 1.53258e-07 0 1.67364e-07 0 1.80209e-07 0 1.9191e-07 0 2.02622e-07 0 2.12527e-07 0 2.21825e-07 0 2.30731e-07 0 2.38985e-07 0 2.46812e-07 0 2.54447e-07 0 2.61634e-07 0 2.68363e-07 0 2.74877e-07 0 2.81422e-07 0 2.87491e-07 0 2.93331e-07 0 2.99194e-07 0 3.04567e-07 0 3.09957e-07 0 3.15108e-07 0 3.20274e-07 0 3.25197e-07 0 3.30132e-07 0 3.34821e-07 0 3.3926e-07 0 3.43708e-07 0 3.48168e-07 0 3.52373e-07 0 3.56588e-07 0 3.60811e-07 0 3.64777e-07 0 3.68751e-07 0 3.72732e-07 0 3.76454e-07 0 3.80182e-07 0
1503.94 4.66275e-06 4.61209e-06 5.06551e-08 0.0108638 0.102917 3.25124e-08 0 4.88538e-08 0 7.13554e-08 0 8.7987e-08 0 1.01403e-07 0 1.13013e-07 0 1.23048e-07 0 1.32168e-07 0 1.40462e-07 0 1.48044e-07 0 1.55048e-07 0 1.61615e-07 0 1.679e-07 0 1.73721e-07 0 1.79237e-07 0 1.84614e-07 0 1.89673e-07 0 1.94407e-07 0 1.98986e-07 0 2.03587e-07 0 2.07851e-07 0 2.11952e-07 0 2.16068e-07 0 2.19839e-07 0 2.23621e-07 0 2.27233e-07 0 2.30856e-07 0 2.34306e-07 0 2.37765e-07 0 2.4105e-07 0 2.44159e-07 0 2.47275e-07 0 2.50397e-07 0 2.53342e-07 0 2.56291e-07 0 2.59247e-07 0 2.62022e-07 0 2.64802e-07 0 2.67586e-07 0 2.70189e-07 0 2.72796e-07 0
1581.14 3.89123e-06 3.85021e-06 4.10266e-08 0.0105433 0.103763 2.48124e-08 0 3.66732e-08 0 5.27957e-08 0 6.4611e-08 0 7.40968e-08 0 8.22798e-08 0 8.93359e-08 0 9.57365e-08 0 1.01549e-07 0 1.06857e-07 0 1.11754e-07 0 1.16342e-07 0 1.20729e-07 0 1.2479e-07 0 1.28635e-07 0 1.32381e-07 0 1.35904e-07 0 1.39199e-07 0 1.42385e-07 0 1.45584e-07 0 1.48549e-07 0 1.51399e-07 0 1.54258e-07 0 1.56877e-07 0 1.59503e-07 0 1.6201e-07 0 1.64524e-07 0 1.66918e-07 0 1.69317e-07 0 1.71595e-07 0 1.73751e-07 0 1.75911e-07 0 1.78075e-07 0 1.80115e-07 0 1.82158e-07 0 1.84205e-07 0 1.86127e-07 0 1.88052e-07 0 1.8998e-07 0 1.91782e-07 0 1.93586e-07 0
1662.3 3.20546e-06 3.17221e-06 3.32475e-08 0.0103722 0.100881 1.85656e-08 0 2.70182e-08 0 3.83721e-08 0 4.66277e-08 0 5.32269e-08 0 5.89032e-08 0 6.37873e-08 0 6.82103e-08 0 7.22216e-08 0 7.58803e-08 0 7.92526e-08 0 8.24096e-08 0 8.54264e-08 0 8.82164e-08 0 9.08571e-08 0 9.34285e-08 0 9.58453e-08 0 9.81049e-08 0 1.00289e-07 0 1.02482e-07 0 1.04512e-07 0 1.06464e-07 0 1.08421e-07 0 1.10214e-07 0 1.1201e-07 0 1.13726e-07 0 1.15445e-07 0 1.17082e-07 0 1.18722e-07 0 1.20279e-07 0 1.21752e-07 0 1.23228e-07 0 1.24706e-07 0 1.26099e-07 0 1.27495e-07 0 1.28892e-07 0 1.30204e-07 0 1.31518e-07 0 1.32834e-07 0 1.34064e-07 0 1.35295e-07 0
1747.63 2.67379e-06 2.6468e-06 2.69922e-08 0.0100951 0.0938853 1.39807e-08 0 2.00521e-08 0 2.81185e-08 0 3.39417e-08 0 3.8578e-08 0 4.25552e-08 0 4.59708e-08 0 4.90591e-08 0 5.18565e-08 0 5.44055e-08 0 5.67528e-08 0 5.89487e-08 0 6.10456e-08 0 6.29837e-08 0 6.48172e-08 0 6.66017e-08 0 6.82782e-08 0 6.9845e-08 0 7.13591e-08 0 7.28782e-08 0 7.42848e-08 0 7.56365e-08 0 7.69918e-08 0 7.82323e-08 0 7.94756e-08 0 8.06623e-08 0 8.18515e-08 0 8.29834e-08 0 8.41174e-08 0 8.51937e-08 0 8.62119e-08 0 8.72316e-08 0 8.8253e-08 0 8.92156e-08 0 9.01796e-08 0 9.11449e-08 0 9.2051e-08 0 9.29583e-08 0 9.38667e-08 0 9.47155e-08 0 9.55652e-08 0
1837.33 2.28868e-06 2.26671e-06 2.1971e-08 0.00959982 0.0873275 1.07432e-08 0 1.51996e-08 0 2.10612e-08 0 2.52649e-08 0 2.85996e-08 0 3.14533e-08 0 3.38996e-08 0 3.61085e-08 0 3.81071e-08 0 3.99264e-08 0 4.16005e-08 0 4.31655e-08 0 4.46591e-08 0 4.60389e-08 0 4.73435e-08 0 4.86127e-08 0 4.98047e-08 0 5.09182e-08 0 5.1994e-08 0 5.3073e-08 0 5.40717e-08 0 5.50313e-08 0 5.59931e-08 0 5.68733e-08 0 5.77553e-08 0 5.8597e-08 0 5.94402e-08 0 6.02428e-08 0 6.10466e-08 0 6.18094e-08 0 6.25309e-08 0 6.32535e-08 0 6.3977e-08 0 6.46589e-08 0 6.53416e-08 0 6.60252e-08 0 6.66668e-08 0 6.73091e-08 0 6.79522e-08 0 6.85529e-08 0 6.91543e-08 0
1931.64 1.96192e-06 1.94402e-06 1.79045e-08 0.00912601 0.0826374 8.22215e-09 0 1.14848e-08 0 1.57367e-08 0 1.87677e-08 0 2.1164e-08 0 2.32102e-08 0 2.49614e-08 0 2.65406e-08 0 2.7968e-08 0 2.92663e-08 0 3.04601e-08 0 3.15754e-08 0 3.26392e-08 0 3.36215e-08 0 3.45498e-08 0 3.54527e-08 0 3.63002e-08 0 3.70918e-08 0 3.78562e-08 0 3.86228e-08 0 3.93321e-08 0 4.00135e-08 0 4.06963e-08 0 4.1321e-08 0 4.19469e-08 0 4.25441e-08 0 4.31423e-08 0 4.37115e-08 0 4.42816e-08 0 4.48224e-08 0 4.53339e-08 0 4.58461e-08 0 4.63589e-08 0 4.68421e-08 0 4.73259e-08 0 4.78102e-08 0 4.82647e-08 0 4.87197e-08 0 4.91752e-08 0 4.96006e-08 0 5.00265e-08 0
2030.79 1.6648e-06 1.6502e-06 1.45937e-08 0.00876602 0.0775893 6.19643e-09 0 8.55189e-09 0 1.15957e-08 0 1.37534e-08 0 1.54542e-08 0 1.69036e-08 0 1.81421e-08 0 1.92577e-08 0 2.02652e-08 0 2.11808e-08 0 2.20221e-08 0 2.28077e-08 0 2.35567e-08 0 2.42479e-08 0 2.49009e-08 0 2.55358e-08 0 2.61316e-08 0 2.66879e-08 0 2.72249e-08 0 2.77633e-08 0 2.82614e-08 0 2.87398e-08 0 2.92191e-08 0 2.96575e-08 0 3.00967e-08 0 3.05156e-08 0 3.09352e-08 0 3.13344e-08 0 3.17342e-08 0 3.21134e-08 0 3.2472e-08 0 3.2831e-08 0 3.31904e-08 0 3.3529e-08 0 3.3868e-08 0 3.42074e-08 0 3.45258e-08 0 3.48445e-08 0 3.51635e-08 0 3.54615e-08 0 3.57598e-08 0
2135.03 1.41315e-06 1.40124e-06 1.19018e-08 0.00842224 0.0723239 4.64881e-09 0 6.3441e-09 0 8.51787e-09 0 1.00511e-08 0 1.12563e-08 0 1.22814e-08 0 1.31562e-08 0 1.39433e-08 0 1.46536e-08 0 1.52986e-08 0 1.5891e-08 0 1.64438e-08 0 1.69706e-08 0 1.74566e-08 0 1.79156e-08 0 1.83616e-08 0 1.87801e-08 0 1.91708e-08 0 1.95478e-08 0 1.99257e-08 0 2.02753e-08 0 2.06109e-08 0 2.09471e-08 0 2.12546e-08 0 2.15626e-08 0 2.18563e-08 0 2.21505e-08 0 2.24303e-08 0 2.27104e-08 0 2.29762e-08 0 2.32274e-08 0 2.34789e-08 0 2.37307e-08 0 2.39679e-08 0 2.42054e-08 0 2.4443e-08 0 2.4666e-08 0 2.48892e-08 0 2.51125e-08 0 2.53211e-08 0 2.55299e-08 0
2244.63 1.20176e-06 1.19205e-06 9.71176e-09 0.00808128 0.0670689 3.47843e-09 0 4.69702e-09 0 6.24852e-09 0 7.33777e-09 0 8.19182e-09 0 8.91702e-09 0 9.53515e-09 0 1.00908e-08 0 1.05918e-08 0 1.10465e-08 0 1.14638e-08 0 1.18531e-08 0 1.22239e-08 0 1.25659e-08 0 1.28888e-08 0 1.32024e-08 0 1.34966e-08 0 1.37712e-08 0 1.40362e-08 0 1.43017e-08 0 1.45472e-08 0 1.47829e-08 0 1.5019e-08 0 1.52348e-08 0 1.5451e-08 0 1.56572e-08 0 1.58636e-08 0 1.606e-08 0 1.62565e-08 0 1.64429e-08 0 1.66192e-08 0 1.67956e-08 0 1.69722e-08 0 1.71385e-08 0 1.7305e-08 0 1.74716e-08 0 1.76279e-08 0 1.77844e-08 0 1.7941e-08 0 1.80872e-08 0 1.82335e-08 0
2359.84 1.02491e-06 1.01698e-06 7.92854e-09 0.00773583 0.0620189 2.5991e-09 0 3.47505e-09 0 4.58308e-09 0 5.35772e-09 0 5.96369e-09 0 6.47745e-09 0 6.91486e-09 0 7.30774e-09 0 7.66169e-09 0 7.98275e-09 0 8.2773e-09 0 8.55193e-09 0 8.81344e-09 0 9.05452e-09 0 9.28206e-09 0 9.50307e-09 0 9.71031e-09 0 9.90367e-09 0 1.00902e-08 0 1.02771e-08 0 1.04499e-08 0 1.06158e-08 0 1.07819e-08 0 1.09338e-08 0 1.10859e-08 0 1.12309e-08 0 1.13761e-08 0 1.15141e-08 0 1.16523e-08 0 1.17834e-08 0 1.19073e-08 0 1.20313e-08 0 1.21554e-08 0 1.22723e-08 0 1.23893e-08 0 1.25064e-08 0 1.26162e-08 0 1.27261e-08 0 1.28361e-08 0 1.29388e-08 0 1.30416e-08 0
2480.97 8.76617e-07 8.70141e-07 6.47601e-09 0.0073875 0.0572244 1.93996e-09 0 2.56978e-09 0 3.36177e-09 0 3.91333e-09 0 4.34389e-09 0 4.70843e-09 0 5.01847e-09 0 5.29674e-09 0 5.54726e-09 0 5.77439e-09 0 5.98267e-09 0 6.1768e-09 0 6.36158e-09 0 6.53187e-09 0 6.69256e-09 0 6.8486e-09 0 6.99489e-09 0 7.13134e-09 0 7.26298e-09 0 7.39483e-09 0 7.51673e-09 0 7.63372e-09 0 7.75086e-09 0 7.85794e-09 0 7.96515e-09 0 8.06737e-09 0 8.16969e-09 0 8.26699e-09 0 8.36438e-09 0 8.45673e-09 0 8.54403e-09 0 8.63139e-09 0 8.71881e-09 0 8.80116e-09 0 8.88356e-09 0 8.96602e-09 0 9.04337e-09 0 9.12078e-09 0 9.19823e-09 0 9.27056e-09 0 9.34293e-09 0
2608.32 7.51924e-07 7.46633e-07 5.29166e-09 0.00703749 0.0527166 1.44672e-09 0 1.89979e-09 0 2.46644e-09 0 2.85969e-09 0 3.16608e-09 0 3.42516e-09 0 3.64531e-09 0 3.84275e-09 0 4.02041e-09 0 4.18139e-09 0 4.32896e-09 0 4.46645e-09 0 4.59728e-09 0 4.71783e-09 0 4.83154e-09 0 4.94194e-09 0 5.04542e-09 0 5.14193e-09 0 5.23501e-09 0 5.32823e-09 0 5.41441e-09 0 5.49709e-09 0 5.57988e-09 0 5.65555e-09 0 5.7313e-09 0 5.80352e-09 0 5.8758e-09 0 5.94453e-09 0 6.01332e-09 0 6.07854e-09 0 6.14019e-09 0 6.20187e-09 0 6.26361e-09 0 6.32174e-09 0 6.37992e-09 0 6.43813e-09 0 6.49274e-09 0 6.54737e-09 0 6.60204e-09 0 6.65309e-09 0 6.70416e-09 0
2742.21 6.46759e-07 6.42434e-07 4.32519e-09 0.00668749 0.0485094 1.07811e-09 0 1.40422e-09 0 1.81008e-09 0 2.09084e-09 0 2.30922e-09 0 2.49365e-09 0 2.65025e-09 0 2.79059e-09 0 2.91681e-09 0 3.03114e-09 0 3.13589e-09 0 3.23346e-09 0 3.32628e-09 0 3.41178e-09 0 3.49242e-09 0 3.57069e-09 0 3.64405e-09 0 3.71245e-09 0 3.77841e-09 0 3.84446e-09 0 3.90551e-09 0 3.96408e-09 0 4.02271e-09 0 4.07631e-09 0 4.12995e-09 0 4.18108e-09 0 4.23226e-09 0 4.28092e-09 0 4.32961e-09 0 4.37578e-09 0 4.41941e-09 0 4.46307e-09 0 4.50675e-09 0 4.54789e-09 0 4.58906e-09 0 4.63025e-09 0 4.66888e-09 0 4.70753e-09 0 4.74621e-09 0 4.78232e-09 0 4.81845e-09 0
2882.97 5.57779e-07 5.54243e-07 3.53603e-09 0.00633949 0.0445986 8.02912e-10 0 1.03779e-09 0 1.32881e-09 0 1.52954e-09 0 1.68542e-09 0 1.81694e-09 0 1.92852e-09 0 2.02846e-09 0 2.1183e-09 0 2.19964e-09 0 2.27414e-09 0 2.34352e-09 0 2.4095e-09 0 2.47027e-09 0 2.52757e-09 0 2.58317e-09 0 2.63528e-09 0 2.68385e-09 0 2.73069e-09 0 2.77759e-09 0 2.82093e-09 0 2.86251e-09 0 2.90413e-09 0 2.94216e-09 0 2.98023e-09 0 3.01651e-09 0 3.05283e-09 0 3.08735e-09 0 3.12189e-09 0 3.15464e-09 0 3.18559e-09 0 3.21656e-09 0 3.24754e-09 0 3.27672e-09 0 3.30591e-09 0 3.33512e-09 0 3.36252e-09 0 3.38992e-09 0 3.41734e-09 0 3.44295e-09 0 3.46856e-09 0
3030.95 4.82273e-07 4.79382e-07 2.89143e-09 0.00599542 0.0409763 5.9765e-10 0 7.66952e-10 0 9.75855e-10 0 1.11957e-09 0 1.23102e-09 0 1.32495e-09 0 1.40459e-09 0 1.47589e-09 0 1.53994e-09 0 1.59792e-09 0 1.65102e-09 0 1.70044e-09 0 1.74744e-09 0 1.79071e-09 0 1.8315e-09 0 1.87108e-09 0 1.90817e-09 0 1.94274e-09 0 1.97607e-09 0 2.00943e-09 0 2.04026e-09 0 2.06984e-09 0 2.09944e-09 0 2.12649e-09 0 2.15356e-09 0 2.17936e-09 0 2.20518e-09 0 2.22972e-09 0 2.25428e-09 0 2.27756e-09 0 2.29956e-09 0 2.32158e-09 0 2.3436e-09 0 2.36434e-09 0 2.38508e-09 0 2.40584e-09 0 2.42531e-09 0 2.44478e-09 0 2.46427e-09 0 2.48246e-09 0 2.50066e-09 0
3186.53 4.18003e-07 4.15638e-07 2.36471e-09 0.00565716 0.0376268 4.44658e-10 0 5.66784e-10 0 7.16916e-10 0 8.19952e-10 0 8.99747e-10 0 9.66948e-10 0 1.02388e-09 0 1.07483e-09 0 1.12059e-09 0 1.16199e-09 0 1.19989e-09 0 1.23517e-09 0 1.2687e-09 0 1.29957e-09 0 1.32867e-09 0 1.3569e-09 0 1.38335e-09 0 1.40799e-09 0 1.43176e-09 0 1.45554e-09 0 1.47752e-09 0 1.4986e-09 0 1.51969e-09 0 1.53897e-09 0 1.55826e-09 0 1.57664e-09 0 1.59504e-09 0 1.61252e-09 0 1.63002e-09 0 1.6466e-09 0 1.66227e-09 0 1.67795e-09 0 1.69364e-09 0 1.70841e-09 0 1.72318e-09 0 1.73796e-09 0 1.75183e-09 0 1.7657e-09 0 1.77957e-09 0 1.79252e-09 0 1.80548e-09 0
3350.09 3.63161e-07 3.61227e-07 1.93419e-09 0.00532598 0.0345396 3.3072e-10 0 4.18892e-10 0 5.26917e-10 0 6.00894e-10 0 6.58116e-10 0 7.06269e-10 0 7.47043e-10 0 7.83513e-10 0 8.16256e-10 0 8.45873e-10 0 8.7298e-10 0 8.98202e-10 0 9.22175e-10 0 9.44239e-10 0 9.65036e-10 0 9.85208e-10 0 1.0041e-09 0 1.02171e-09 0 1.03868e-09 0 1.05567e-09 0 1.07137e-09 0 1.08642e-09 0 1.10149e-09 0 1.11525e-09 0 1.12902e-09 0 1.14215e-09 0 1.15528e-09 0 1.16776e-09 0 1.18025e-09 0 1.19209e-09 0 1.20327e-09 0 1.21446e-09 0 1.22566e-09 0 1.2362e-09 0 1.24674e-09 0 1.25729e-09 0 1.26718e-09 0 1.27708e-09 0 1.28698e-09 0 1.29622e-09 0 1.30546e-09 0
3522.05 3.16232e-07 3.1465e-07 1.58224e-09 0.00500341 0.0316955 2.4591e-10 0 3.09625e-10 0 3.87447e-10 0 4.40634e-10 0 4.81731e-10 0 5.1629e-10 0 5.45538e-10 0 5.71688e-10 0 5.95158e-10 0 6.16382e-10 0 6.35802e-10 0 6.53869e-10 0 6.71038e-10 0 6.86838e-10 0 7.01727e-10 0 7.16169e-10 0 7.29693e-10 0 7.42296e-10 0 7.54444e-10 0 7.66601e-10 0 7.77832e-10 0 7.88603e-10 0 7.99381e-10 0 8.09227e-10 0 8.19079e-10 0 8.28468e-10 0 8.37861e-10 0 8.46789e-10 0 8.55721e-10 0 8.64186e-10 0 8.72185e-10 0 8.80187e-10 0 8.88192e-10 0 8.95728e-10 0 9.03268e-10 0 9.1081e-10 0 9.17883e-10 0 9.24958e-10 0 9.32035e-10 0 9.38642e-10 0 9.45251e-10 0
3702.84 2.75975e-07 2.74681e-07 1.29444e-09 0.00469042 0.0290795 1.82814e-10 0 2.289e-10 0 2.85031e-10 0 3.23325e-10 0 3.52886e-10 0 3.77728e-10 0 3.98742e-10 0 4.17523e-10 0 4.34375e-10 0 4.4961e-10 0 4.63548e-10 0 4.76512e-10 0 4.8883e-10 0 5.00164e-10 0 5.10844e-10 0 5.21201e-10 0 5.30899e-10 0 5.39936e-10 0 5.48646e-10 0 5.57362e-10 0 5.65413e-10 0 5.73134e-10 0 5.80859e-10 0 5.87917e-10 0 5.94978e-10 0 6.01706e-10 0 6.08437e-10 0 6.14835e-10 0 6.21235e-10 0 6.27301e-10 0 6.33032e-10 0 6.38766e-10 0 6.44501e-10 0 6.499e-10 0 6.55302e-10 0 6.60704e-10 0 6.65771e-10 0 6.70839e-10 0 6.75909e-10 0 6.80642e-10 0 6.85376e-10 0
3892.91 2.4136e-07 2.403e-07 1.05907e-09 0.00438796 0.0266757 1.35893e-10 0 1.6926e-10 0 2.09798e-10 0 2.37409e-10 0 2.58704e-10 0 2.76588e-10 0 2.91711e-10 0 3.05223e-10 0 3.17343e-10 0 3.28298e-10 0 3.38318e-10 0 3.47637e-10 0 3.5649e-10 0 3.64634e-10 0 3.72308e-10 0 3.7975e-10 0 3.86717e-10 0 3.93209e-10 0 3.99465e-10 0 4.05725e-10 0 4.11507e-10 0 4.17052e-10 0 4.22599e-10 0 4.27667e-10 0 4.32737e-10 0 4.37568e-10 0 4.42401e-10 0 4.46994e-10 0 4.51589e-10 0 4.55943e-10 0 4.60057e-10 0 4.64173e-10 0 4.6829e-10 0 4.72165e-10 0 4.76042e-10 0 4.7992e-10 0 4.83557e-10 0 4.87194e-10 0 4.90832e-10 0 4.94229e-10 0 4.97626e-10 0
4092.73 2.11523e-07 2.10656e-07 8.66557e-10 0.00409675 0.0244672 1.0101e-10 0 1.25194e-10 0 1.54507e-10 0 1.74443e-10 0 1.89806e-10 0 2.02702e-10 0 2.13603e-10 0 2.23339e-10 0 2.3207e-10 0 2.3996e-10 0 2.47176e-10 0 2.53886e-10 0 2.60259e-10 0 2.66123e-10 0 2.71646e-10 0 2.77002e-10 0 2.82016e-10 0 2.86687e-10 0 2.91189e-10 0 2.95693e-10 0 2.99853e-10 0 3.03842e-10 0 3.07833e-10 0 3.11479e-10 0 3.15126e-10 0 3.186e-10 0 3.22077e-10 0 3.2538e-10 0 3.28685e-10 0 3.31816e-10 0 3.34775e-10 0 3.37735e-10 0 3.40695e-10 0 3.43482e-10 0 3.4627e-10 0 3.49058e-10 0 3.51673e-10 0 3.54289e-10 0 3.56905e-10 0 3.59347e-10 0 3.61789e-10 0
4302.81 1.8575e-07 1.85041e-07 7.09072e-10 0.00381735 0.0224396 7.50845e-11 0 9.26313e-11 0 1.13855e-10 0 1.2827e-10 0 1.3937e-10 0 1.48684e-10 0 1.56553e-10 0 1.6358e-10 0 1.69881e-10 0 1.75573e-10 0 1.80778e-10 0 1.85618e-10 0 1.90214e-10 0 1.94442e-10 0 1.98425e-10 0 2.02286e-10 0 2.059e-10 0 2.09268e-10 0 2.12513e-10 0 2.15759e-10 0 2.18758e-10 0 2.21633e-10 0 2.24509e-10 0 2.27136e-10 0 2.29764e-10 0 2.32268e-10 0 2.34772e-10 0 2.37153e-10 0 2.39534e-10 0 2.4179e-10 0 2.43922e-10 0 2.46054e-10 0 2.48187e-10 0 2.50194e-10 0 2.52203e-10 0 2.54211e-10 0 2.56095e-10 0 2.57979e-10 0 2.59863e-10 0 2.61622e-10 0 2.63382e-10 0
4523.68 1.63441e-07 1.62861e-07 5.80235e-10 0.00355013 0.0205788 5.58192e-11 0 6.85647e-11 0 8.39517e-11 0 9.43895e-11 0 1.02422e-10 0 1.09159e-10 0 1.14849e-10 0 1.19929e-10 0 1.24482e-10 0 1.28596e-10 0 1.32357e-10 0 1.35853e-10 0 1.39173e-10 0 1.42227e-10 0 1.45104e-10 0 1.47892e-10 0 1.50503e-10 0 1.52934e-10 0 1.55277e-10 0 1.57621e-10 0 1.59786e-10 0 1.61862e-10 0 1.63938e-10 0 1.65834e-10 0 1.67732e-10 0 1.69539e-10 0 1.71347e-10 0 1.73065e-10 0 1.74784e-10 0 1.76412e-10 0 1.77951e-10 0 1.7949e-10 0 1.81029e-10 0 1.82478e-10 0 1.83927e-10 0 1.85377e-10 0 1.86736e-10 0 1.88095e-10 0 1.89455e-10 0 1.90725e-10 0 1.91994e-10 0
4755.88 1.44099e-07 1.43624e-07 4.74894e-10 0.00329561 0.0188722 4.15073e-11 0 5.07765e-11 0 6.19475e-11 0 6.95169e-11 0 7.53386e-11 0 8.02191e-11 0 8.43404e-11 0 8.80187e-11 0 9.13154e-11 0 9.42932e-11 0 9.70153e-11 0 9.95455e-11 0 1.01948e-10 0 1.04158e-10 0 1.06239e-10 0 1.08256e-10 0 1.10145e-10 0 1.11904e-10 0 1.13599e-10 0 1.15294e-10 0 1.1686e-10 0 1.18361e-10 0 1.19863e-10 0 1.21234e-10 0 1.22606e-10 0 1.23913e-10 0 1.25221e-10 0 1.26463e-10 0 1.27706e-10 0 1.28883e-10 0 1.29996e-10 0 1.31108e-10 0 1.32221e-10 0 1.33269e-10 0 1.34317e-10 0 1.35365e-10 0 1.36347e-10 0 1.3733e-10 0 1.38313e-10 0 1.39231e-10 0 1.40149e-10 0
5000 1.27288e-07 1.26899e-07 3.88693e-10 0.00305365 0.0173061 3.08726e-11 0 3.76217e-11 0 4.57428e-11 0 5.12401e-11 0 5.54658e-11 0 5.90071e-11 0 6.19967e-11 0 6.46644e-11 0 6.7055e-11 0 6.92141e-11 0 7.11875e-11 0 7.30217e-11 0 7.47632e-11 0 7.63647e-11 0 7.7873e-11 0 7.9335e-11 0 8.07034e-11 0 8.1978e-11 0 8.3206e-11 0 8.44344e-11 0 8.55689e-11 0 8.66564e-11 0 8.77443e-11 0 8.87378e-11 0 8.97317e-11 0 9.06785e-11 0 9.16256e-11 0 9.25255e-11 0 9.34256e-11 0 9.42786e-11 0 9.50843e-11 0 9.58901e-11 0 9.66962e-11 0 9.74549e-11 0 9.82138e-11 0 9.89728e-11 0 9.96845e-11 0 1.00396e-10 0 1.01108e-10 0 1.01773e-10 0 1.02437e-10 0
