# 0.00208343 0 105 : grain size, compostion index, size index
# Heating and cooling timescale: 3.66571e-07 4.82828e+31
# Ratio of heating to cooling to determine stochastic cutoff: 100
# Equilibrium emission is recorded even for those grains in the stochastic regime.
# Emission spectrum was computed for: 
# Type: ISRF
# Scales: 0.25 0.5 1 1.5 2 2.5 3 3.5 4 4.5 5 5.5 6 6.5 7 7.5 8 8.5 9 9.5 10 10.5 11 11.5 12 12.5 13 13.5 14 14.5 15 15.5 16 16.5 17 17.5 18 18.5 19 19.5 20
# StochasticallyHeated: 0 0 0 0 0 0 0 0 0 0 0 0 0 0 0 0 0 0 0 0 0 0 0 0 0 0 0 0 0 0 0 0 0 0 0 0 0 0 0 0 0
# Temperature: -1
# Wavelength  CExt  CAbs  CSca  Albedo G EqEm1 StEm1 EqEm2 StEm2 EqEm3 StEm3 EqEm4 StEm4 EqEm5 StEm5 EqEm6 StEm6 EqEm7 StEm7 EqEm8 StEm8 EqEm9 StEm9 EqEm10 StEm10 EqEm11 StEm11 EqEm12 StEm12 EqEm13 StEm13 EqEm14 StEm14 EqEm15 StEm15 EqEm16 StEm16 EqEm17 StEm17 EqEm18 StEm18 EqEm19 StEm19 EqEm20 StEm20 EqEm21 StEm21 EqEm22 StEm22 EqEm23 StEm23 EqEm24 StEm24 EqEm25 StEm25 EqEm26 StEm26 EqEm27 StEm27 EqEm28 StEm28 EqEm29 StEm29 EqEm30 StEm30 EqEm31 StEm31 EqEm32 StEm32 EqEm33 StEm33 EqEm34 StEm34 EqEm35 StEm35 EqEm36 StEm36 EqEm37 StEm37 EqEm38 StEm38 EqEm39 StEm39 EqEm40 StEm40 EqEm41 StEm41
0.05 2.73756e-05 1.29135e-05 1.44621e-05 0.528283 0.989939 0 0 0 0 0 0 0 0 0 0 0 0 0 0 0 0 0 0 0 0 0 0 0 0 0 0 0 0 0 0 0 0 0 0 0 0 0 0 0 0 0 0 0 0 0 0 0 0 0 0 0 0 0 0 0 0 0 0 0 0 0 0 0 0 0 0 0 0 0 0 0 0 0 0 0 0 0 0 0 0 0 0
0.0525665 2.7386e-05 1.26672e-05 1.47187e-05 0.537455 0.983271 0 0 0 0 0 0 0 0 0 0 0 0 0 0 0 0 0 0 0 0 0 0 0 0 0 0 0 0 0 0 0 0 0 0 0 0 0 0 0 0 0 0 0 0 0 0 0 0 0 0 0 0 0 0 0 0 0 0 0 0 0 0 0 0 0 0 0 0 0 0 0 0 0 0 0 0 0 0 0 0 0 0
0.0552647 2.73936e-05 1.25865e-05 1.48071e-05 0.540531 0.979661 0 0 0 0 0 0 0 0 0 0 0 0 0 0 0 0 0 0 0 0 0 0 0 0 0 0 0 0 0 0 0 0 0 0 0 0 0 0 0 0 0 0 0 0 0 0 0 0 0 0 0 0 0 0 0 0 0 0 0 0 0 0 0 0 0 0 0 0 0 0 0 0 0 0 0 0 0 0 0 0 0 0
0.0581015 2.74003e-05 1.25475e-05 1.48528e-05 0.542067 0.977162 0 0 0 0 0 0 0 0 0 0 0 0 0 0 0 0 0 0 0 0 0 0 0 0 0 0 0 0 0 0 0 0 0 0 0 0 0 0 0 0 0 0 0 0 0 0 0 0 0 0 0 0 0 0 0 0 0 0 0 0 0 0 0 0 0 0 0 0 0 0 0 0 0 0 0 0 0 0 0 0 0 0
0.0610839 2.74066e-05 1.25256e-05 1.4881e-05 0.542972 0.9753 0 0 0 0 0 0 0 0 0 0 0 0 0 0 0 0 0 0 0 0 0 0 0 0 0 0 0 0 0 0 0 0 0 0 0 0 0 0 0 0 0 0 0 0 0 0 0 0 0 0 0 0 0 0 0 0 0 0 0 0 0 0 0 0 0 0 0 0 0 0 0 0 0 0 0 0 0 0 0 0 0 0
0.0642193 2.74126e-05 1.25061e-05 1.49065e-05 0.543781 0.97367 0 0 0 0 0 0 0 0 0 0 0 0 0 0 0 0 0 0 0 0 0 0 0 0 0 0 0 0 0 0 0 0 0 0 0 0 0 0 0 0 0 0 0 0 0 0 0 0 0 0 0 0 0 0 0 0 0 0 0 0 0 0 0 0 0 0 0 0 0 0 0 0 0 0 0 0 0 0 0 0 0 0
0.0675157 2.74187e-05 1.24807e-05 1.4938e-05 0.54481 0.971953 0 0 0 0 0 0 0 0 0 0 0 0 0 0 0 0 0 0 0 0 0 0 0 0 0 0 0 0 0 0 0 0 0 0 0 0 0 0 0 0 0 0 0 0 0 0 0 0 0 0 0 0 0 0 0 0 0 0 0 0 0 0 0 0 0 0 0 0 0 0 0 0 0 0 0 0 0 0 0 0 0 0
0.0709813 2.74249e-05 1.24475e-05 1.49774e-05 0.546124 0.969982 0 0 0 0 0 0 0 0 0 0 0 0 0 0 0 0 0 0 0 0 0 0 0 0 0 0 0 0 0 0 0 0 0 0 0 0 0 0 0 0 0 0 0 0 0 0 0 0 0 0 0 0 0 0 0 0 0 0 0 0 0 0 0 0 0 0 0 0 0 0 0 0 0 0 0 0 0 0 0 0 0 0
0.0746248 2.74313e-05 1.24091e-05 1.50222e-05 0.547629 0.96775 0 0 0 0 0 0 0 0 0 0 0 0 0 0 0 0 0 0 0 0 0 0 0 0 0 0 0 0 0 0 0 0 0 0 0 0 0 0 0 0 0 0 0 0 0 0 0 0 0 0 0 0 0 0 0 0 0 0 0 0 0 0 0 0 0 0 0 0 0 0 0 0 0 0 0 0 0 0 0 0 0 0
0.0784553 2.74381e-05 1.23705e-05 1.50676e-05 0.549148 0.965419 0 0 0 0 0 0 0 0 0 0 0 0 0 0 0 0 0 0 0 0 0 0 0 0 0 0 0 0 0 0 0 0 0 0 0 0 0 0 0 0 0 0 0 0 0 0 0 0 0 0 0 0 0 0 0 0 0 0 0 0 0 0 0 0 0 0 0 0 0 0 0 0 0 0 0 0 0 0 0 0 0 0
0.0824824 2.7445e-05 1.23329e-05 1.51121e-05 0.550631 0.963049 0 0 0 0 0 0 0 0 0 0 0 0 0 0 0 0 0 0 0 0 0 0 0 0 0 0 0 0 0 0 0 0 0 0 0 0 0 0 0 0 0 0 0 0 0 0 0 0 0 0 0 0 0 0 0 0 0 0 0 0 0 0 0 0 0 0 0 0 0 0 0 0 0 0 0 0 0 0 0 0 0 0
0.0867162 2.74523e-05 1.22958e-05 1.51565e-05 0.552104 0.96063 0 0 0 0 0 0 0 0 0 0 0 0 0 0 0 0 0 0 0 0 0 0 0 0 0 0 0 0 0 0 0 0 0 0 0 0 0 0 0 0 0 0 0 0 0 0 0 0 0 0 0 0 0 0 0 0 0 0 0 0 0 0 0 0 0 0 0 0 0 0 0 0 0 0 0 0 0 0 0 0 0 0
0.0911674 2.74597e-05 1.22588e-05 1.5201e-05 0.553573 0.958149 0 0 0 0 0 0 0 0 0 0 0 0 0 0 0 0 0 0 0 0 0 0 0 0 0 0 0 0 0 0 0 0 0 0 0 0 0 0 0 0 0 0 0 0 0 0 0 0 0 0 0 0 0 0 0 0 0 0 0 0 0 0 0 0 0 0 0 0 0 0 0 0 0 0 0 0 0 0 0 0 0 0
0.095847 2.74675e-05 1.22224e-05 1.52451e-05 0.555024 0.955616 0 0 0 0 0 0 0 0 0 0 0 0 0 0 0 0 0 0 0 0 0 0 0 0 0 0 0 0 0 0 0 0 0 0 0 0 0 0 0 0 0 0 0 0 0 0 0 0 0 0 0 0 0 0 0 0 0 0 0 0 0 0 0 0 0 0 0 0 0 0 0 0 0 0 0 0 0 0 0 0 0 0
0.100767 2.74756e-05 1.21881e-05 1.52875e-05 0.556402 0.953089 0 0 0 0 0 0 0 0 0 0 0 0 0 0 0 0 0 0 0 0 0 0 0 0 0 0 0 0 0 0 0 0 0 0 0 0 0 0 0 0 0 0 0 0 0 0 0 0 0 0 0 0 0 0 0 0 0 0 0 0 0 0 0 0 0 0 0 0 0 0 0 0 0 0 0 0 0 0 0 0 0 0
0.105939 2.74841e-05 1.21616e-05 1.53225e-05 0.557503 0.950774 0 0 0 0 0 0 0 0 0 0 0 0 0 0 0 0 0 0 0 0 0 0 0 0 0 0 0 0 0 0 0 0 0 0 0 0 0 0 0 0 0 0 0 0 0 0 0 0 0 0 0 0 0 0 0 0 0 0 0 0 0 0 0 0 0 0 0 0 0 0 0 0 0 0 0 0 0 0 0 0 0 0
0.111377 2.74928e-05 1.2148e-05 1.53448e-05 0.558138 0.949047 0 0 0 0 0 0 0 0 0 0 0 0 0 0 0 0 0 0 0 0 0 0 0 0 0 0 0 0 0 0 0 0 0 0 0 0 0 0 0 0 0 0 0 0 0 0 0 0 0 0 0 0 0 0 0 0 0 0 0 0 0 0 0 0 0 0 0 0 0 0 0 0 0 0 0 0 0 0 0 0 0 0
0.117094 2.75014e-05 1.21433e-05 1.53581e-05 0.558448 0.947877 0 0 0 0 0 0 0 0 0 0 0 0 0 0 0 0 0 0 0 0 0 0 0 0 0 0 0 0 0 0 0 0 0 0 0 0 0 0 0 0 0 0 0 0 0 0 0 0 0 0 0 0 0 0 0 0 0 0 0 0 0 0 0 0 0 0 0 0 0 0 0 0 0 0 0 0 0 0 0 0 0 0
0.123105 2.75102e-05 1.21328e-05 1.53774e-05 0.558972 0.946495 0 0 0 0 0 0 0 0 0 0 0 0 0 0 0 0 0 0 0 0 0 0 0 0 0 0 0 0 0 0 0 0 0 0 0 0 0 0 0 0 0 0 0 0 0 0 0 0 0 0 0 0 0 0 0 0 0 0 0 0 0 0 0 0 0 0 0 0 0 0 0 0 0 0 0 0 0 0 0 0 0 0
0.129424 2.75195e-05 1.21305e-05 1.5389e-05 0.559204 0.945415 0 0 0 0 0 0 0 0 0 0 0 0 0 0 0 0 0 0 0 0 0 0 0 0 0 0 0 0 0 0 0 0 0 0 0 0 0 0 0 0 0 0 0 0 0 0 0 0 0 0 0 0 0 0 0 0 0 0 0 0 0 0 0 0 0 0 0 0 0 0 0 0 0 0 0 0 0 0 0 0 0 0
0.136067 2.75286e-05 1.215e-05 1.53786e-05 0.558641 0.945549 0 0 0 0 0 0 0 0 0 0 0 0 0 0 0 0 0 0 0 0 0 0 0 0 0 0 0 0 0 0 0 0 0 0 0 0 0 0 0 0 0 0 0 0 0 0 0 0 0 0 0 0 0 0 0 0 0 0 0 0 0 0 0 0 0 0 0 0 0 0 0 0 0 0 0 0 0 0 0 0 0 0
0.143051 2.75378e-05 1.21573e-05 1.53805e-05 0.558525 0.945276 0 0 0 0 0 0 0 0 0 0 0 0 0 0 0 0 0 0 0 0 0 0 0 0 0 0 0 0 0 0 0 0 0 0 0 0 0 0 0 0 0 0 0 0 0 0 0 0 0 0 0 0 0 0 0 0 0 0 0 0 0 0 0 0 0 0 0 0 0 0 0 0 0 0 0 0 0 0 0 0 0 0
0.150394 2.75475e-05 1.21893e-05 1.53582e-05 0.557518 0.945974 0 0 0 0 0 0 0 0 0 0 0 0 0 0 0 0 0 0 0 0 0 0 0 0 0 0 0 0 0 0 0 0 0 0 0 0 0 0 0 0 0 0 0 0 0 0 0 0 0 0 0 0 0 0 0 0 0 0 0 0 0 0 0 0 0 0 0 0 0 0 0 0 0 0 0 0 0 0 0 0 0 0
0.158114 2.75549e-05 1.22875e-05 1.52674e-05 0.554071 0.950653 0 0 0 0 0 0 0 0 0 0 0 0 0 0 0 0 0 0 0 0 0 0 0 0 0 0 0 0 0 0 0 0 0 0 0 0 0 0 0 0 0 0 0 0 0 0 0 0 0 0 0 0 0 0 0 0 0 0 0 0 0 0 0 0 0 0 0 0 0 0 0 0 0 0 0 0 0 0 0 0 0 0
0.16623 2.75608e-05 1.2299e-05 1.52618e-05 0.553751 0.952146 0 0 0 0 0 0 0 0 0 0 0 0 0 0 0 0 0 0 0 0 0 0 0 0 0 0 0 0 0 0 0 0 0 0 0 0 0 0 0 0 0 0 0 0 0 0 0 0 0 0 0 0 0 0 0 0 0 0 0 0 0 0 0 0 0 0 0 0 0 0 0 0 0 0 0 0 0 0 0 0 0 0
0.174762 2.75688e-05 1.221e-05 1.53588e-05 0.557108 0.948743 0 0 0 0 0 0 0 0 0 0 0 0 0 0 0 0 0 0 0 0 0 0 0 0 0 0 0 0 0 0 0 0 0 0 0 0 0 0 0 0 0 0 0 0 0 0 0 0 0 0 0 0 0 0 0 0 0 0 0 0 0 0 0 0 0 0 0 0 0 0 0 0 0 0 0 0 0 0 0 0 0 0
0.183733 2.75789e-05 1.20705e-05 1.55083e-05 0.562327 0.942613 0 0 0 0 0 0 0 0 0 0 0 0 0 0 0 0 0 0 0 0 0 0 0 0 0 0 0 0 0 0 0 0 0 0 0 0 0 0 0 0 0 0 0 0 0 0 0 0 0 0 0 0 0 0 0 0 0 0 0 0 0 0 0 0 0 0 0 0 0 0 0 0 0 0 0 0 0 0 0 0 0 0
0.193164 2.75913e-05 1.1866e-05 1.57253e-05 0.569935 0.9329 0 0 0 0 0 0 0 0 0 0 0 0 0 0 0 0 0 0 0 0 0 0 0 0 0 0 0 0 0 0 0 0 0 0 0 0 0 0 0 0 0 0 0 0 0 0 0 0 0 0 0 0 0 0 0 0 0 0 0 0 0 0 0 0 0 0 0 0 0 0 0 0 0 0 0 0 0 0 0 0 0 0
0.203079 2.76068e-05 1.16513e-05 1.59555e-05 0.577957 0.921358 0 0 0 0 0 0 0 0 0 0 0 0 0 0 0 0 0 0 0 0 0 0 0 0 0 0 0 0 0 0 0 0 0 0 0 0 0 0 0 0 0 0 0 0 0 0 0 0 0 0 0 0 0 0 0 0 0 0 0 0 0 0 0 0 0 0 0 0 0 0 0 0 0 0 0 0 0 0 0 0 0 0
0.213503 2.76226e-05 1.14853e-05 1.61373e-05 0.584206 0.911726 0 0 0 0 0 0 0 0 0 0 0 0 0 0 0 0 0 0 0 0 0 0 0 0 0 0 0 0 0 0 0 0 0 0 0 0 0 0 0 0 0 0 0 0 0 0 0 0 0 0 0 0 0 0 0 0 0 0 0 0 0 0 0 0 0 0 0 0 0 0 0 0 0 0 0 0 0 0 0 0 0 0
0.224463 2.76389e-05 1.13423e-05 1.62966e-05 0.589625 0.903068 0 0 0 0 0 0 0 0 0 0 0 0 0 0 0 0 0 0 0 0 0 0 0 0 0 0 0 0 0 0 0 0 0 0 0 0 0 0 0 0 0 0 0 0 0 0 0 0 0 0 0 0 0 0 0 0 0 0 0 0 0 0 0 0 0 0 0 0 0 0 0 0 0 0 0 0 0 0 0 0 0 0
0.235984 2.76556e-05 1.11977e-05 1.64579e-05 0.595102 0.894364 0 0 0 0 0 0 0 0 0 0 0 0 0 0 0 0 0 0 0 0 0 0 0 0 0 0 0 0 0 0 0 0 0 0 0 0 0 0 0 0 0 0 0 0 0 0 0 0 0 0 0 0 0 0 0 0 0 0 0 0 0 0 0 0 0 0 0 0 0 0 0 0 0 0 0 0 0 0 0 0 0 0
0.248097 2.76741e-05 1.10275e-05 1.66466e-05 0.601522 0.884054 0 0 0 0 0 0 0 0 0 0 0 0 0 0 0 0 0 0 0 0 0 0 0 0 0 0 0 0 0 0 0 0 0 0 0 0 0 0 0 0 0 0 0 0 0 0 0 0 0 0 0 0 0 0 0 0 0 0 0 0 0 0 0 0 0 0 0 0 0 0 0 0 0 0 0 0 0 0 0 0 0 0
0.260832 2.76934e-05 1.08951e-05 1.67983e-05 0.606582 0.875299 0 0 0 0 0 0 0 0 0 0 0 0 0 0 0 0 0 0 0 0 0 0 0 0 0 0 0 0 0 0 0 0 0 0 0 0 0 0 0 0 0 0 0 0 0 0 0 0 0 0 0 0 0 0 0 0 0 0 0 0 0 0 0 0 0 0 0 0 0 0 0 0 0 0 0 0 0 0 0 0 0 0
0.274221 2.77132e-05 1.07914e-05 1.69218e-05 0.610604 0.867944 0 0 0 0 0 0 0 0 0 0 0 0 0 0 0 0 0 0 0 0 0 0 0 0 0 0 0 0 0 0 0 0 0 0 0 0 0 0 0 0 0 0 0 0 0 0 0 0 0 0 0 0 0 0 0 0 0 0 0 0 0 0 0 0 0 0 0 0 0 0 0 0 0 0 0 0 0 0 0 0 0 0
0.288297 2.77334e-05 1.07099e-05 1.70235e-05 0.613826 0.861869 0 0 0 0 0 0 0 0 0 0 0 0 0 0 0 0 0 0 0 0 0 0 0 0 0 0 0 0 0 0 0 0 0 0 0 0 0 0 0 0 0 0 0 0 0 0 0 0 0 0 0 0 0 0 0 0 0 0 0 0 0 0 0 0 0 0 0 0 0 0 0 0 0 0 0 0 0 0 0 0 0 0
0.303095 2.77542e-05 1.06424e-05 1.71118e-05 0.616547 0.856486 0 0 0 0 0 0 0 0 0 0 0 0 0 0 0 0 0 0 0 0 0 0 0 0 0 0 0 0 0 0 0 0 0 0 0 0 0 0 0 0 0 0 0 0 0 0 0 0 0 0 0 0 0 0 0 0 0 0 0 0 0 0 0 0 0 0 0 0 0 0 0 0 0 0 0 0 0 0 0 0 0 0
0.318653 2.77753e-05 1.05869e-05 1.71884e-05 0.618838 0.851837 0 0 0 0 0 0 0 0 0 0 0 0 0 0 0 0 0 0 0 0 0 0 0 0 0 0 0 0 0 0 0 0 0 0 0 0 0 0 0 0 0 0 0 0 0 0 0 0 0 0 0 0 0 0 0 0 0 0 0 0 0 0 0 0 0 0 0 0 0 0 0 0 0 0 0 0 0 0 0 0 0 0
0.335009 2.77971e-05 1.05382e-05 1.72588e-05 0.620888 0.847601 0 0 0 0 0 0 0 0 0 0 0 0 0 0 0 0 0 0 0 0 0 0 0 0 0 0 0 0 0 0 0 0 0 0 0 0 0 0 0 0 0 0 0 0 0 0 0 0 0 0 0 0 0 0 0 0 0 0 0 0 0 0 0 0 0 0 0 0 0 0 0 0 0 0 0 0 0 0 0 0 0 0
0.352205 2.78195e-05 1.04961e-05 1.73234e-05 0.622708 0.843747 0 0 0 0 0 0 0 0 0 0 0 0 0 0 0 0 0 0 0 0 0 0 0 0 0 0 0 0 0 0 0 0 0 0 0 0 0 0 0 0 0 0 0 0 0 0 0 0 0 0 0 0 0 0 0 0 0 0 0 0 0 0 0 0 0 0 0 0 0 0 0 0 0 0 0 0 0 0 0 0 0 0
0.370284 2.78425e-05 1.04544e-05 1.73881e-05 0.624517 0.839975 0 0 0 0 0 0 0 0 0 0 0 0 0 0 0 0 0 0 0 0 0 0 0 0 0 0 0 0 0 0 0 0 0 0 0 0 0 0 0 0 0 0 0 0 0 0 0 0 0 0 0 0 0 0 0 0 0 0 0 0 0 0 0 0 0 0 0 0 0 0 0 0 0 0 0 0 0 0 0 0 0 0
0.389291 2.78665e-05 1.04149e-05 1.74515e-05 0.626256 0.83635 0 0 0 0 0 0 0 0 0 0 0 0 0 0 0 0 0 0 0 0 0 0 0 0 0 0 0 0 0 0 0 0 0 0 0 0 0 0 0 0 0 0 0 0 0 0 0 0 0 0 0 0 0 0 0 0 0 0 0 0 0 0 0 0 0 0 0 0 0 0 0 0 0 0 0 0 0 0 0 0 0 0
0.409273 2.78911e-05 1.03738e-05 1.75173e-05 0.62806 0.832673 0 0 0 0 0 0 0 0 0 0 0 0 0 0 0 0 0 0 0 0 0 0 0 0 0 0 0 0 0 0 0 0 0 0 0 0 0 0 0 0 0 0 0 0 0 0 0 0 0 0 0 0 0 0 0 0 0 0 0 0 0 0 0 0 0 0 0 0 0 0 0 0 0 0 0 0 0 0 0 0 0 0
0.430281 2.79168e-05 1.03324e-05 1.75844e-05 0.629886 0.828979 0 0 0 0 0 0 0 0 0 0 0 0 0 0 0 0 0 0 0 0 0 0 0 0 0 0 0 0 0 0 0 0 0 0 0 0 0 0 0 0 0 0 0 0 0 0 0 0 0 0 0 0 0 0 0 0 0 0 0 0 0 0 0 0 0 0 0 0 0 0 0 0 0 0 0 0 0 0 0 0 0 0
0.452368 2.79434e-05 1.02943e-05 1.76491e-05 0.631601 0.825429 0 0 0 0 0 0 0 0 0 0 0 0 0 0 0 0 0 0 0 0 0 0 0 0 0 0 0 0 0 0 0 0 0 0 0 0 0 0 0 0 0 0 0 0 0 0 0 0 0 0 0 0 0 0 0 0 0 0 0 0 0 0 0 0 0 0 0 0 0 0 0 0 0 0 0 0 0 0 0 0 0 0
0.475588 2.79708e-05 1.02575e-05 1.77133e-05 0.633277 0.82193 0 0 0 0 0 0 0 0 0 0 0 0 0 0 0 0 0 0 0 0 0 0 0 0 0 0 0 0 0 0 0 0 0 0 0 0 0 0 0 0 0 0 0 0 0 0 0 0 0 0 0 0 0 0 0 0 0 0 0 0 0 0 0 0 0 0 0 0 0 0 0 0 0 0 0 0 0 0 0 0 0 0
0.5 2.79988e-05 1.0229e-05 1.77698e-05 0.634665 0.818822 0 0 0 0 0 0 0 0 0 0 0 0 0 0 0 0 0 0 0 0 0 0 0 0 0 0 0 0 0 0 0 0 0 0 0 0 0 0 0 0 0 0 0 0 0 0 0 0 0 0 0 0 0 0 0 0 0 0 0 0 0 0 0 0 0 0 0 0 0 0 0 0 0 0 0 0 0 0 0 0 0 0
0.525665 2.80272e-05 1.0208e-05 1.78192e-05 0.635782 0.816113 0 0 0 0 0 0 0 0 0 0 0 0 0 0 0 0 0 0 0 0 0 0 0 0 0 0 0 0 0 0 0 0 0 0 0 0 0 0 0 0 0 0 0 0 0 0 0 0 0 0 0 0 0 0 0 0 0 0 0 0 0 0 0 0 0 0 0 0 0 0 0 0 0 0 0 0 0 0 0 0 0 0
0.552648 2.8056e-05 1.01938e-05 1.78622e-05 0.636662 0.813777 0 0 0 0 0 0 0 0 0 0 0 0 0 0 0 0 0 0 0 0 0 0 0 0 0 0 0 0 0 0 0 0 0 0 0 0 0 0 0 0 0 0 0 0 0 0 0 0 0 0 0 0 0 0 0 0 0 0 0 0 0 0 0 0 0 0 0 0 0 0 0 0 0 0 0 0 0 0 0 0 0 0
0.581015 2.80853e-05 1.01839e-05 1.79014e-05 0.637394 0.811689 0 0 0 0 0 0 0 0 0 0 0 0 0 0 0 0 0 0 0 0 0 0 0 0 0 0 0 0 0 0 0 0 0 0 0 0 0 0 0 0 0 0 0 0 0 0 0 0 0 0 0 0 0 0 0 0 0 0 0 0 0 0 0 0 0 0 0 0 0 0 0 0 0 0 0 0 0 0 0 0 0 0
0.610839 2.81152e-05 1.01753e-05 1.79399e-05 0.638085 0.809691 0 0 0 0 0 0 0 0 0 0 0 0 0 0 0 0 0 0 0 0 0 0 0 0 0 0 0 0 0 0 0 0 0 0 0 0 0 0 0 0 0 0 0 0 0 0 0 0 0 0 0 0 0 0 0 0 0 0 0 0 0 0 0 0 0 0 0 0 0 0 0 0 0 0 0 0 0 0 0 0 0 0
0.642193 2.81456e-05 1.01682e-05 1.79774e-05 0.638729 0.807795 0 0 0 0 0 0 0 0 0 0 0 0 0 0 0 0 0 0 0 0 0 0 0 0 0 0 0 0 0 0 0 0 0 0 0 0 0 0 0 0 0 0 0 0 0 0 0 0 0 0 0 0 0 0 0 0 0 0 0 0 0 0 0 0 0 0 0 0 0 0 0 0 0 0 0 0 0 0 0 0 0 0
0.675157 2.81767e-05 1.01611e-05 1.80156e-05 0.639379 0.805923 0 0 0 0 0 0 0 0 0 0 0 0 0 0 0 0 0 0 0 0 0 0 0 0 0 0 0 0 0 0 0 0 0 0 0 0 0 0 0 0 0 0 0 0 0 0 0 0 0 0 0 0 0 0 0 0 0 0 0 0 0 0 0 0 0 0 0 0 0 0 0 0 0 0 0 0 0 0 0 0 0 0
0.709813 2.82085e-05 1.01541e-05 1.80543e-05 0.640032 0.804053 0 0 0 0 0 0 0 0 0 0 0 0 0 0 0 0 0 0 0 0 0 0 0 0 0 0 0 0 0 0 0 0 0 0 0 0 0 0 0 0 0 0 0 0 0 0 0 0 0 0 0 0 0 0 0 0 0 0 0 0 0 0 0 0 0 0 0 0 0 0 0 0 0 0 0 0 0 0 0 0 0 0
0.746248 2.82407e-05 1.01488e-05 1.8092e-05 0.640634 0.802265 0 0 0 0 0 0 0 0 0 0 0 0 0 0 0 0 0 0 0 0 0 0 0 0 0 0 0 0 0 0 0 0 0 0 0 0 0 0 0 0 0 0 0 0 0 0 0 0 0 0 0 0 0 0 0 0 0 0 0 0 0 0 0 0 0 0 0 0 0 0 0 0 0 0 0 0 0 0 0 0 0 0
0.784553 2.82733e-05 1.01461e-05 1.81272e-05 0.641141 0.800597 0 0 0 0 0 0 0 0 0 0 0 0 0 0 0 0 0 0 0 0 0 0 0 0 0 0 0 0 0 0 0 0 0 0 0 0 0 0 0 0 0 0 0 0 0 0 0 0 0 0 0 0 0 0 0 0 0 0 0 0 0 0 0 0 0 0 0 0 0 0 0 0 0 0 0 0 0 0 0 0 0 0
0.824824 2.83057e-05 1.0153e-05 1.81527e-05 0.641309 0.799413 0 0 0 0 0 0 0 0 0 0 0 0 0 0 0 0 0 0 0 0 0 0 0 0 0 0 0 0 0 0 0 0 0 0 0 0 0 0 0 0 0 0 0 0 0 0 0 0 0 0 0 0 0 0 0 0 0 0 0 0 0 0 0 0 0 0 0 0 0 0 0 0 0 0 0 0 0 0 0 0 0 0
0.867162 2.83382e-05 1.01689e-05 1.81693e-05 0.641159 0.798749 0 0 0 0 0 0 0 0 0 0 0 0 0 0 0 0 0 0 0 0 0 0 0 0 0 0 0 0 0 0 0 0 0 0 0 0 0 0 0 0 0 0 0 0 0 0 0 0 0 0 0 0 0 0 0 0 0 0 0 0 0 0 0 0 0 0 0 0 0 0 0 0 0 0 0 0 0 0 0 0 0 0
0.911674 2.83717e-05 1.01857e-05 1.81859e-05 0.640989 0.798183 0 0 0 0 0 0 0 0 0 0 0 0 0 0 0 0 0 0 0 0 0 0 0 0 0 0 0 0 0 0 0 0 0 0 0 0 0 0 0 0 0 0 0 0 0 0 0 0 0 0 0 0 0 0 0 0 0 0 0 0 0 0 0 0 0 0 0 0 0 0 0 0 0 0 0 0 0 0 0 0 0 0
0.95847 2.84068e-05 1.01944e-05 1.82124e-05 0.641128 0.797223 0 0 0 0 0 0 0 0 0 0 0 0 0 0 0 0 0 0 0 0 0 0 0 0 0 0 0 0 0 0 0 0 0 0 0 0 0 0 0 0 0 0 0 0 0 0 0 0 0 0 0 0 0 0 0 0 0 0 0 0 0 0 0 0 0 0 0 0 0 0 0 0 0 0 0 0 0 0 0 0 0 0
1.00767 2.8443e-05 1.01983e-05 1.82447e-05 0.641446 0.795991 0 0 0 0 0 0 0 0 0 0 0 0 0 0 0 0 0 0 0 0 0 0 0 0 0 0 0 0 0 0 0 0 0 0 0 0 0 0 0 0 0 0 0 0 0 0 0 0 0 0 0 0 0 0 0 0 0 0 0 0 0 0 0 0 0 0 0 0 0 0 0 0 0 0 0 0 0 0 0 0 0 0
1.05939 2.848e-05 1.02037e-05 1.82763e-05 0.641723 0.794817 0 0 0 0 0 0 0 0 0 0 0 0 0 0 0 0 0 0 0 0 0 0 0 0 0 0 0 0 0 0 0 0 0 0 0 0 0 0 0 0 0 0 0 0 0 0 0 0 0 0 0 0 0 0 0 0 0 0 0 0 0 0 0 0 0 0 0 0 0 0 0 0 0 0 0 0 0 0 0 0 0 0
1.11377 2.85178e-05 1.02098e-05 1.8308e-05 0.641985 0.793666 0 0 0 0 0 0 0 0 0 0 0 0 0 0 0 0 0 0 0 0 0 0 0 0 0 0 0 0 0 0 0 0 0 0 0 0 0 0 0 0 0 0 0 0 0 0 0 0 0 0 0 0 0 0 0 0 0 0 0 0 0 0 0 0 0 0 0 0 0 0 0 0 0 0 0 0 0 0 0 0 0 0
1.17094 2.85566e-05 1.02138e-05 1.83427e-05 0.64233 0.792391 0 0 0 0 0 0 0 0 0 0 0 0 0 0 0 0 0 0 0 0 0 0 0 0 0 0 0 0 0 0 0 0 0 0 0 0 0 0 0 0 0 0 0 0 0 0 0 0 0 0 0 0 0 0 0 0 0 0 0 0 0 0 0 0 0 0 0 0 0 0 0 0 0 0 0 0 0 0 0 0 0 0
1.23105 2.85964e-05 1.02181e-05 1.83783e-05 0.642679 0.791109 0 0 0 0 0 0 0 0 0 0 0 0 0 0 0 0 0 0 0 0 0 0 0 0 0 0 0 0 0 0 0 0 0 0 0 0 0 0 0 0 0 0 0 0 0 0 0 0 0 0 0 0 0 0 0 0 0 0 0 0 0 0 0 0 0 0 0 0 0 0 0 0 0 0 0 0 0 0 0 0 0 0
1.29424 2.86367e-05 1.02243e-05 1.84124e-05 0.642964 0.789903 0 0 0 0 0 0 0 0 0 0 0 0 0 0 0 0 0 0 0 0 0 0 0 0 0 0 0 0 0 0 0 0 0 0 0 0 0 0 0 0 0 0 0 0 0 0 0 0 0 0 0 0 0 0 0 0 0 0 0 0 0 0 0 0 0 0 0 0 0 0 0 0 0 0 0 0 0 0 0 0 0 0
1.36067 2.86775e-05 1.02376e-05 1.84399e-05 0.643008 0.789038 0 0 0 0 0 0 0 0 0 0 0 0 0 0 0 0 0 0 0 0 0 0 0 0 0 0 0 0 0 0 0 0 0 0 0 0 0 0 0 0 0 0 0 0 0 0 0 0 0 0 0 0 0 0 0 0 0 0 0 0 0 0 0 0 0 0 0 0 0 0 0 0 0 0 0 0 0 0 0 0 0 0
1.43051 2.87203e-05 1.02517e-05 1.84686e-05 0.64305 0.788211 0 0 0 0 0 0 0 0 0 0 0 0 0 0 0 0 0 0 0 0 0 0 0 0 0 0 0 0 0 0 0 0 0 0 0 0 0 0 0 0 0 0 0 0 0 0 0 0 0 0 0 0 0 0 0 0 0 0 0 0 0 0 0 0 0 0 0 0 0 0 0 0 0 0 0 0 0 0 0 0 0 0
1.50394 2.87649e-05 1.02579e-05 1.85071e-05 0.643391 0.786947 0 0 0 0 0 0 0 0 0 0 0 0 0 0 0 0 0 0 0 0 0 0 0 0 0 0 0 0 0 0 0 0 0 0 0 0 0 0 0 0 0 0 0 0 0 0 0 0 0 0 0 0 0 0 0 0 0 0 0 0 0 0 0 0 0 0 0 0 0 0 0 0 0 0 0 0 0 0 0 0 0 0
1.58114 2.88106e-05 1.02625e-05 1.85481e-05 0.643795 0.785564 0 0 0 0 0 0 0 0 0 0 0 0 0 0 0 0 0 0 0 0 0 0 0 0 0 0 0 0 0 0 0 0 0 0 0 0 0 0 0 0 0 0 0 0 0 0 0 0 0 0 0 0 0 0 0 0 0 0 0 0 0 0 0 0 0 0 0 0 0 0 0 0 0 0 0 0 0 0 0 0 0 0
1.6623 2.88569e-05 1.02694e-05 1.85875e-05 0.644126 0.784263 0 0 0 0 0 0 0 0 0 0 0 0 0 0 0 0 0 0 0 0 0 0 0 0 0 0 0 0 0 0 0 0 0 0 0 0 0 0 0 0 0 0 0 0 0 0 0 0 0 0 0 0 0 0 0 0 0 0 0 0 0 0 0 0 0 0 0 0 0 0 0 0 0 0 0 0 0 0 0 0 0 0
1.74763 2.8904e-05 1.02802e-05 1.86238e-05 0.644333 0.783122 0 0 0 0 0 0 0 0 0 0 0 0 0 0 0 0 0 0 0 0 0 0 0 0 0 0 0 0 0 0 0 0 0 0 0 0 0 0 0 0 0 0 0 0 0 0 0 0 0 0 0 0 0 0 0 0 0 0 0 0 0 0 0 0 0 0 0 0 0 0 0 0 0 0 0 0 0 0 0 0 0 0
1.83733 2.89535e-05 1.02913e-05 1.86623e-05 0.644559 0.781968 0 0 0 0 0 0 0 0 0 0 0 0 0 0 0 0 0 0 0 0 0 0 0 0 0 0 0 0 0 0 0 0 0 0 0 0 0 0 0 0 0 0 0 0 0 0 0 0 0 0 0 0 0 0 0 0 0 0 0 0 0 0 0 0 0 0 0 0 0 0 0 0 0 0 0 0 0 0 0 0 0 0
1.93164 2.90042e-05 1.02955e-05 1.87087e-05 0.645035 0.780425 0 0 0 0 0 0 0 0 0 0 0 0 0 0 0 0 0 0 0 0 0 0 0 0 0 0 0 0 0 0 0 0 0 0 0 0 0 0 0 0 0 0 0 0 0 0 0 0 0 0 0 0 0 0 0 0 0 0 0 0 0 0 0 0 0 0 0 0 0 0 0 0 0 0 0 0 0 0 0 0 0 0
2.03079 2.90552e-05 1.03046e-05 1.87506e-05 0.645344 0.779084 0 0 0 0 0 0 0 0 0 0 0 0 0 0 0 0 0 0 0 0 0 0 0 0 0 0 0 0 0 0 0 0 0 0 0 0 0 0 0 0 0 0 0 0 0 0 0 0 0 0 0 0 0 0 0 0 0 0 0 0 0 0 0 0 0 0 0 0 0 0 0 0 0 0 0 0 0 0 0 0 0 0
2.13503 2.91079e-05 1.03173e-05 1.87906e-05 0.645548 0.777885 0 0 0 0 0 0 0 0 0 0 0 0 0 0 0 0 0 0 0 0 0 0 0 0 0 0 0 0 0 0 0 0 0 0 0 0 0 0 0 0 0 0 0 0 0 0 0 0 0 0 0 0 0 0 0 0 0 0 0 0 0 0 0 0 0 0 0 0 0 0 0 0 0 0 0 0 0 0 0 0 0 0
2.24463 2.9162e-05 1.03307e-05 1.88313e-05 0.645747 0.776671 0 0 0 0 0 0 0 0 0 0 0 0 0 0 0 0 0 0 0 0 0 0 0 0 0 0 0 0 0 0 0 0 0 0 0 0 0 0 0 0 0 0 0 0 0 0 0 0 0 0 0 0 0 0 0 0 0 0 0 0 0 0 0 0 0 0 0 0 0 0 0 0 0 0 0 0 0 0 0 0 0 0
2.35984 2.92182e-05 1.03447e-05 1.88735e-05 0.645951 0.775434 0 0 0 0 0 0 0 0 0 0 0 0 0 0 0 0 0 0 0 0 0 0 0 0 0 0 0 0 0 0 0 0 0 0 0 0 0 0 0 0 0 0 0 0 0 0 0 0 0 0 0 0 0 0 0 0 0 0 0 0 0 0 0 0 0 0 0 0 0 0 0 0 0 0 0 0 0 0 0 0 0 0
2.48097 2.92754e-05 1.03556e-05 1.89198e-05 0.646271 0.774004 0 0 0 0 0 0 0 0 0 0 0 0 0 0 0 0 0 0 0 0 0 0 0 0 0 0 0 0 0 0 0 0 0 0 0 0 0 0 0 0 0 0 0 0 0 0 0 0 0 0 0 0 0 0 0 0 0 0 0 0 0 0 0 0 0 0 0 0 0 0 0 0 0 0 0 0 0 0 0 0 0 0
2.60832 2.93337e-05 1.03794e-05 1.89544e-05 0.646162 0.773144 0 0 0 0 0 0 0 0 0 0 0 0 0 0 0 0 0 0 0 0 0 0 0 0 0 0 0 0 0 0 0 0 0 0 0 0 0 0 0 0 0 0 0 0 0 0 0 0 0 0 0 0 0 0 0 0 0 0 0 0 0 0 0 0 0 0 0 0 0 0 0 0 0 0 0 0 0 0 0 0 0 0
2.74221 2.93974e-05 1.03922e-05 1.90051e-05 0.646491 0.771686 0 0 0 0 0 0 0 0 0 0 0 0 0 0 0 0 0 0 0 0 0 0 0 0 0 0 0 0 0 0 0 0 0 0 0 0 0 0 0 0 0 0 0 0 0 0 0 0 0 0 0 0 0 0 0 0 0 0 0 0 0 0 0 0 0 0 0 0 0 0 0 0 0 0 0 0 0 0 0 0 0 0
2.88297 2.94598e-05 1.04015e-05 1.90583e-05 0.646926 0.770018 0 0 0 0 0 0 0 0 0 0 0 0 0 0 0 0 0 0 0 0 0 0 0 0 0 0 0 0 0 0 0 0 0 0 0 0 0 0 0 0 0 0 0 0 0 0 0 0 0 0 0 0 0 0 0 0 0 0 0 0 0 0 0 0 0 0 0 0 0 0 0 0 0 0 0 0 0 0 0 0 0 0
3.03095 2.95252e-05 1.04201e-05 1.91051e-05 0.647078 0.768727 0 0 0 0 0 0 0 0 0 0 0 0 0 0 0 0 0 0 0 0 0 0 0 0 0 0 0 0 0 0 0 0 0 0 0 0 0 0 0 0 0 0 0 0 0 0 0 0 0 0 0 0 0 0 0 0 0 0 0 0 0 0 0 0 0 0 0 0 0 0 0 0 0 0 0 0 0 0 0 0 0 0
3.18653 2.95936e-05 1.04266e-05 1.9167e-05 0.647675 0.766806 0 0 0 0 0 0 0 0 0 0 0 0 0 0 0 0 0 0 0 0 0 0 0 0 0 0 0 0 0 0 0 0 0 0 0 0 0 0 0 0 0 0 0 0 0 0 0 0 0 0 0 0 0 0 0 0 0 0 0 0 0 0 0 0 0 0 0 0 0 0 0 0 0 0 0 0 0 0 0 0 0 0
3.35009 2.96585e-05 1.04316e-05 1.92269e-05 0.648276 0.764805 0 0 0 0 0 0 0 0 0 0 0 0 0 0 0 0 0 0 0 0 0 0 0 0 0 0 0 0 0 0 0 0 0 0 0 0 0 0 0 0 0 0 0 0 0 0 0 0 0 0 0 0 0 0 0 0 0 0 0 0 0 0 0 0 0 0 0 0 0 0 0 0 0 0 0 0 0 0 0 0 0 0
3.52205 2.97298e-05 1.04539e-05 1.92759e-05 0.648369 0.7635 0 0 0 0 0 0 0 0 0 0 0 0 0 0 0 0 0 0 0 0 0 0 0 0 0 0 0 0 0 0 0 0 0 0 0 0 0 0 0 0 0 0 0 0 0 0 0 0 0 0 0 0 0 0 0 0 0 0 0 0 0 0 0 0 0 0 0 0 0 0 0 0 0 0 0 0 0 0 0 0 0 0
3.70284 2.98017e-05 1.04653e-05 1.93364e-05 0.648834 0.761654 0 0 0 0 0 0 0 0 0 0 0 0 0 0 0 0 0 0 0 0 0 0 0 0 0 0 0 0 0 0 0 0 0 0 0 0 0 0 0 0 0 0 0 0 0 0 0 0 0 0 0 0 0 0 0 0 0 0 0 0 0 0 0 0 0 0 0 0 0 0 0 0 0 0 0 0 0 0 0 0 0 0
3.89291 2.98736e-05 1.04719e-05 1.94017e-05 0.649459 0.759552 0 0 0 0 0 0 0 0 0 0 0 0 0 0 0 0 0 0 0 0 0 0 0 0 0 0 0 0 0 0 0 0 0 0 0 0 0 0 0 0 0 0 0 0 0 0 0 0 0 0 0 0 0 0 0 0 0 0 0 0 0 0 0 0 0 0 0 0 0 0 0 0 0 0 0 0 0 0 0 0 0 0
4.09273 2.99488e-05 1.04849e-05 1.94639e-05 0.649905 0.757665 0 0 0 0 0 0 0 0 0 0 0 0 0 0 0 0 0 0 0 0 0 0 0 0 0 0 0 0 0 0 0 0 0 0 0 0 0 0 0 0 0 0 0 0 0 0 0 0 0 0 0 0 0 0 0 0 0 0 0 0 0 0 0 0 0 0 0 0 0 0 0 0 0 0 0 0 0 0 0 0 0 0
4.30281 3.00252e-05 1.05102e-05 1.95149e-05 0.649952 0.756256 0 0 0 0 0 0 0 0 0 0 0 0 0 0 0 0 0 0 0 0 0 0 0 0 0 0 0 0 0 0 0 0 0 0 0 0 0 0 0 0 0 0 0 0 0 0 0 0 0 0 0 0 0 0 0 0 0 0 0 0 0 0 0 0 0 0 0 0 0 0 0 0 0 0 0 0 0 0 0 0 0 0
4.52368 3.01013e-05 1.05343e-05 1.9567e-05 0.650039 0.75474 0 0 0 0 0 0 0 0 0 0 0 0 0 0 0 0 0 0 0 0 0 0 0 0 0 0 0 0 0 0 0 0 0 0 0 0 0 0 0 0 0 0 0 0 0 0 0 0 0 0 0 0 0 0 0 0 0 0 0 0 0 0 0 0 0 0 0 0 0 0 0 0 0 0 0 0 0 0 0 0 0 0
4.75588 3.01808e-05 1.05552e-05 1.96256e-05 0.650268 0.753008 0 0 0 0 0 0 0 0 0 0 0 0 0 0 0 0 0 0 0 0 0 0 0 0 0 0 0 0 0 0 0 0 0 0 0 0 0 0 0 0 0 0 0 0 0 0 0 0 0 0 0 0 0 0 0 0 0 0 0 0 0 0 0 0 0 0 0 0 0 0 0 0 0 0 0 0 0 0 0 0 0 0
5 3.02585e-05 1.05778e-05 1.96807e-05 0.650418 0.751314 0 0 0 0 0 0 0 0 0 0 0 0 0 0 0 0 0 0 0 0 0 0 0 0 0 0 0 0 0 0 0 0 0 0 0 0 0 0 0 0 0 0 0 0 0 0 0 0 0 0 0 0 0 0 0 0 0 0 0 0 0 0 0 0 0 0 0 0 0 0 0 0 0 0 0 0 0 0 0 0 0 0
5.25665 3.0342e-05 1.06225e-05 1.97195e-05 0.649906 0.750421 0 0 0 0 0 0 0 0 0 0 0 0 0 0 0 0 0 0 0 0 0 0 0 0 0 0 0 0 0 0 0 0 0 0 0 0 0 0 0 0 0 0 0 0 0 0 0 0 0 0 0 0 0 0 0 0 0 0 0 0 0 0 0 0 0 0 0 0 0 0 0 0 0 0 0 0 0 0 0 0 0 0
5.52648 3.04309e-05 1.0675e-05 1.97559e-05 0.649206 0.749717 0 0 0 0 0 0 0 0 0 0 0 0 0 0 0 0 0 0 0 0 0 0 0 0 0 0 0 0 0 0 0 0 0 0 0 0 0 0 0 0 0 0 0 0 0 0 0 0 0 0 0 0 0 0 0 0 0 0 0 0 0 0 0 0 0 0 0 0 0 0 0 0 0 0 0 0 0 0 0 0 0 0
5.81015 3.05341e-05 1.07571e-05 1.9777e-05 0.647701 0.749998 0 0 0 0 0 0 0 0 0 0 0 0 0 0 0 0 0 0 0 0 0 0 0 0 0 0 0 0 0 0 0 0 0 0 0 0 0 0 0 0 0 0 0 0 0 0 0 0 0 0 0 0 0 0 0 0 0 0 0 0 0 0 0 0 0 0 0 0 0 0 0 0 0 0 0 0 0 0 0 0 0 0
6.10839 3.06539e-05 1.08036e-05 1.98503e-05 0.647562 0.748587 0 0 0 0 0 0 0 0 0 0 0 0 0 0 0 0 0 0 0 0 0 0 0 0 0 0 0 0 0 0 0 0 0 0 0 0 0 0 0 0 0 0 0 0 0 0 0 0 0 0 0 0 0 0 0 0 0 0 0 0 0 0 0 0 0 0 0 0 0 0 0 0 0 0 0 0 0 0 0 0 0 0
6.42193 3.07605e-05 1.0746e-05 2.00145e-05 0.650656 0.743126 0 0 0 0 0 0 0 0 0 0 0 0 0 0 0 0 0 0 0 0 0 0 0 0 0 0 0 0 0 0 0 0 0 0 0 0 0 0 0 0 0 0 0 0 0 0 0 0 0 0 0 0 0 0 0 0 0 0 0 0 0 0 0 0 0 0 0 0 0 0 0 0 0 0 0 0 0 0 0 0 0 0
6.75157 3.08591e-05 1.07555e-05 2.01036e-05 0.651464 0.740372 0 0 0 0 0 0 0 0 0 0 0 0 0 0 0 0 0 0 0 0 0 0 0 0 0 0 0 0 0 0 0 0 0 0 0 0 0 0 0 0 0 0 0 0 0 0 0 0 0 0 0 0 0 0 0 0 0 0 0 0 0 0 0 0 0 0 0 0 0 0 0 0 0 0 0 0 0 0 0 0 0 0
7.09813 3.0977e-05 1.07748e-05 2.02022e-05 0.652167 0.737785 0 0 0 0 0 0 0 0 0 0 0 0 0 0 0 0 0 0 0 0 0 0 0 0 0 0 0 0 0 0 0 0 0 0 0 0 0 0 0 0 0 0 0 0 0 0 0 0 0 0 0 0 0 0 0 0 0 0 0 0 0 0 0 0 0 0 0 0 0 0 0 0 0 0 0 0 0 0 0 0 0 0
7.46248 3.10874e-05 1.07286e-05 2.03589e-05 0.654891 0.732791 0 0 0 0 0 0 0 0 0 0 0 0 0 0 0 0 0 0 0 0 0 0 0 0 0 0 0 0 0 0 0 0 0 0 0 0 0 0 0 0 0 0 0 0 0 0 0 0 0 0 0 0 0 0 0 0 0 0 0 0 0 0 0 0 0 0 0 0 0 0 0 0 0 0 0 0 0 0 0 0 0 0
7.84553 3.11853e-05 1.06948e-05 2.04905e-05 0.657056 0.728387 0 0 0 0 0 0 0 0 0 0 0 0 0 0 0 0 0 0 0 0 0 0 0 0 0 0 0 0 0 0 0 0 0 0 0 0 0 0 0 0 0 0 0 0 0 0 0 0 0 0 0 0 0 0 0 0 0 0 0 0 0 0 0 0 0 0 0 0 0 0 0 0 0 0 0 0 0 0 0 0 0 0
8.24824 3.12806e-05 1.06408e-05 2.06398e-05 0.659827 0.723311 0 0 0 0 0 0 0 0 0 0 0 0 0 0 0 0 0 0 0 0 0 0 0 0 0 0 0 0 0 0 0 0 0 0 0 0 0 0 0 0 0 0 0 0 0 0 0 0 0 0 0 0 0 0 0 0 0 0 0 0 0 0 0 0 0 0 0 0 0 0 0 0 0 0 0 0 0 0 0 0 0 0
8.67162 3.13682e-05 1.06067e-05 2.07615e-05 0.661866 0.719007 0 0 0 0 0 0 0 0 0 0 0 0 0 0 0 0 0 0 0 0 0 0 0 0 0 0 0 0 0 0 0 0 0 0 0 0 0 0 0 0 0 0 0 0 0 0 0 0 0 0 0 0 0 0 0 0 0 0 0 0 0 0 0 0 0 0 0 0 0 0 0 0 0 0 0 0 0 0 0 0 0 0
9.11674 3.145e-05 1.05903e-05 2.08597e-05 0.663266 0.715334 0 0 0 0 0 0 0 0 0 0 0 0 0 0 0 0 0 0 0 0 0 0 0 0 0 0 0 0 0 0 0 0 0 0 0 0 0 0 0 0 0 0 0 0 0 0 0 0 0 0 0 0 0 0 0 0 0 0 0 0 0 0 0 0 0 0 0 0 0 0 0 0 0 0 0 0 0 0 0 0 0 0
9.5847 3.1531e-05 1.05927e-05 2.09383e-05 0.664054 0.712239 0 0 0 0 0 0 0 0 0 0 0 0 0 0 0 0 0 0 0 0 0 0 0 0 0 0 0 0 0 0 0 0 0 0 0 0 0 0 0 0 0 0 0 0 0 0 0 0 0 0 0 0 0 0 0 0 0 0 0 0 0 0 0 0 0 0 0 0 0 0 0 0 0 0 0 0 0 0 0 0 0 0
10.0767 3.16217e-05 1.06308e-05 2.09909e-05 0.663814 0.710161 0 0 0 0 0 0 0 0 0 0 0 0 0 0 0 0 0 0 0 0 0 0 0 0 0 0 0 0 0 0 0 0 0 0 0 0 0 0 0 0 0 0 0 0 0 0 0 0 0 0 0 0 0 0 0 0 0 0 0 0 0 0 0 0 0 0 0 0 0 0 0 0 0 0 0 0 0 0 0 0 0 0
10.5939 3.17307e-05 1.07069e-05 2.10238e-05 0.662569 0.709079 0 0 0 0 0 0 0 0 0 0 0 0 0 0 0 0 0 0 0 0 0 0 0 0 0 0 0 0 0 0 0 0 0 0 0 0 0 0 0 0 0 0 0 0 0 0 0 0 0 0 0 0 0 0 0 0 0 0 0 0 0 0 0 0 0 0 0 0 0 0 0 0 0 0 0 0 0 0 0 0 0 0
11.1377 3.18617e-05 1.07469e-05 2.11148e-05 0.662702 0.706572 0 0 0 0 0 0 0 0 0 0 0 0 0 0 0 0 0 0 0 0 0 0 0 0 0 0 0 0 0 0 0 0 0 0 0 0 0 0 0 0 0 0 0 0 0 0 0 0 0 0 0 0 0 0 0 0 0 0 0 0 0 0 0 0 0 0 0 0 0 0 0 0 0 0 0 0 0 0 0 0 0 0
11.7094 3.19692e-05 1.07342e-05 2.1235e-05 0.664234 0.702481 0 0 0 0 0 0 0 0 0 0 0 0 0 0 0 0 0 0 0 0 0 0 0 0 0 0 0 0 0 0 0 0 0 0 0 0 0 0 0 0 0 0 0 0 0 0 0 0 0 0 0 0 0 0 0 0 0 0 0 0 0 0 0 0 0 0 0 0 0 0 0 0 0 0 0 0 0 0 0 0 0 0
12.3105 3.2076e-05 1.07463e-05 2.13297e-05 0.664974 0.699084 0 0 0 0 0 0 0 0 0 0 0 0 0 0 0 0 0 0 0 0 0 0 0 0 0 0 0 0 0 0 0 0 0 0 0 0 0 0 0 0 0 0 0 0 0 0 0 0 0 0 0 0 0 0 0 0 0 0 0 0 0 0 0 0 0 0 0 0 0 0 0 0 0 0 0 0 0 0 0 0 0 0
12.9424 3.22231e-05 1.08071e-05 2.1416e-05 0.664616 0.696784 0 0 0 0 0 0 0 0 0 0 0 0 0 0 0 0 0 0 0 0 0 0 0 0 0 0 0 0 0 0 0 0 0 0 0 0 0 0 0 0 0 0 0 0 0 0 0 0 0 0 0 0 0 0 0 0 0 0 0 0 0 0 0 0 0 0 0 0 0 0 0 0 0 0 0 0 0 0 0 0 0 0
13.6067 3.22992e-05 1.07363e-05 2.15629e-05 0.667598 0.69094 0 0 0 0 0 0 0 0 0 0 0 0 0 0 0 0 0 0 0 0 0 0 0 0 0 0 0 0 0 0 0 0 0 0 0 0 0 0 0 0 0 0 0 0 0 0 0 0 0 0 0 0 0 0 0 0 0 0 0 0 0 0 0 0 0 0 0 0 0 0 0 0 0 0 0 0 0 0 0 0 0 0
14.3051 3.24213e-05 1.07838e-05 2.16375e-05 0.667386 0.688117 0 0 0 0 0 0 0 0 0 0 0 0 0 0 0 0 0 0 0 0 0 0 0 0 0 0 0 0 0 0 0 0 0 0 0 0 0 0 0 0 0 0 0 0 0 0 0 0 0 0 0 0 0 0 0 0 0 0 0 0 0 0 0 0 0 0 0 0 0 0 0 0 0 0 0 0 0 0 0 0 0 0
15.0394 3.25444e-05 1.08385e-05 2.17059e-05 0.666963 0.685375 0 0 0 0 0 0 0 0 0 0 0 0 0 0 0 0 0 0 0 0 0 0 0 0 0 0 0 0 0 0 0 0 0 0 0 0 0 0 0 0 0 0 0 0 0 0 0 0 0 0 0 0 0 0 0 0 0 0 0 0 0 0 0 0 0 0 0 0 0 0 0 0 0 0 0 0 0 0 0 0 0 0
15.8114 3.26663e-05 1.0873e-05 2.17933e-05 0.66715 0.681857 0 0 0 0 0 0 0 0 0 0 0 0 0 0 0 0 0 0 0 0 0 0 0 0 0 0 0 0 0 0 0 0 0 0 0 0 0 0 0 0 0 0 0 0 0 0 0 0 0 0 0 0 0 0 0 0 0 0 0 0 0 0 0 0 0 0 0 0 0 0 0 0 0 0 0 0 0 0 1.4013e-45 0 1.4013e-45 0
16.623 3.28012e-05 1.08757e-05 2.19255e-05 0.668437 0.677324 0 0 0 0 0 0 0 0 0 0 0 0 0 0 0 0 0 0 0 0 0 0 0 0 0 0 0 0 0 0 0 0 0 0 0 0 0 0 0 0 0 0 0 0 0 0 0 0 0 0 0 0 0 0 0 0 0 0 0 0 0 0 1.4013e-45 0 2.8026e-45 0 4.2039e-45 0 9.80909e-45 0 1.82169e-44 0 3.22299e-44 0 5.74532e-44 0 1.03696e-43 0 1.76564e-43 0 3.01279e-43 0
17.4762 3.29377e-05 1.09016e-05 2.20361e-05 0.669023 0.673242 0 0 0 0 0 0 0 0 0 0 0 0 0 0 0 0 0 0 0 0 0 0 0 0 0 0 0 0 0 0 0 0 0 0 0 0 0 0 0 0 0 0 0 0 0 0 0 0 1.4013e-45 0 2.8026e-45 0 5.60519e-45 0 1.26117e-44 0 2.66247e-44 0 5.74532e-44 0 1.1911e-43 0 2.34017e-43 0 4.59626e-43 0 8.60397e-43 0 1.59748e-42 0 2.94693e-42 0 5.19601e-42 0 9.10564e-42 0 1.58613e-41 0 2.64845e-41 0 4.3998e-41 0
18.3733 3.30465e-05 1.09007e-05 2.21458e-05 0.670141 0.668319 0 0 0 0 0 0 0 0 0 0 0 0 0 0 0 0 0 0 0 0 0 0 0 0 0 0 0 0 0 0 0 0 0 0 0 0 0 0 1.4013e-45 0 4.2039e-45 0 1.12104e-44 0 2.94273e-44 0 7.56701e-44 0 1.8357e-43 0 4.23192e-43 0 9.58488e-43 0 2.06271e-42 0 4.39027e-42 0 8.89264e-42 0 1.78399e-41 0 3.41384e-41 0 6.47932e-41 0 1.17565e-40 0 2.11834e-40 0 3.79089e-40 0 6.50183e-40 0 1.10867e-39 0 1.87967e-39 0 3.06104e-39 0 4.96085e-39 0
19.3164 3.31748e-05 1.09594e-05 2.22154e-05 0.669647 0.664747 0 0 0 0 0 0 0 0 0 0 0 0 0 0 0 0 0 0 0 0 0 0 0 0 0 0 0 0 0 0 1.4013e-45 0 7.00649e-45 0 2.52234e-44 0 7.9874e-44 0 2.41023e-43 0 7.10458e-43 0 1.88335e-42 0 4.70416e-42 0 1.15663e-41 0 2.69077e-41 0 5.93632e-41 0 1.29382e-40 0 2.68237e-40 0 5.50291e-40 0 1.07676e-39 0 2.08791e-39 0 3.87069e-39 0 7.12024e-39 0 1.25489e-38 0 2.19705e-38 0 3.8216e-38 0 6.38409e-38 0 1.0606e-37 0 1.75241e-37 0 2.78665e-37 0 4.41095e-37 0
20.3079 3.33329e-05 1.1031e-05 2.23018e-05 0.669064 0.661042 0 0 0 0 0 0 0 0 0 0 0 0 0 0 0 0 0 0 0 0 0 0 0 0 2.8026e-45 0 1.68156e-44 0 7.9874e-44 0 3.237e-43 0 1.16168e-42 0 3.96427e-42 0 1.20764e-41 0 3.44649e-41 0 9.62888e-41 0 2.43316e-40 0 5.81254e-40 0 1.36772e-39 0 3.05327e-39 0 6.48095e-39 0 1.3598e-38 0 2.72056e-38 0 5.38886e-38 0 1.02044e-37 0 1.91575e-37 0 3.44611e-37 0 6.15334e-37 0 1.05489e-36 0 1.79707e-36 0 3.04251e-36 0 4.95685e-36 0 8.03328e-36 0 1.29518e-35 0 2.01346e-35 0 3.11641e-35 0
21.3503 3.34647e-05 1.10079e-05 2.24568e-05 0.671059 0.654871 0 0 0 0 0 0 0 0 0 0 0 0 0 0 0 0 0 0 1.4013e-45 0 1.54143e-44 0 1.03696e-43 0 5.75934e-43 0 2.78298e-42 0 1.17387e-41 0 4.46229e-41 0 1.50641e-40 0 4.83937e-40 0 1.39611e-39 0 3.78543e-39 0 1.00585e-38 0 2.42925e-38 0 5.56164e-38 0 1.25513e-37 0 2.6942e-37 0 5.51243e-37 0 1.11549e-36 0 2.15747e-36 0 4.13324e-36 0 7.58653e-36 0 1.38114e-35 0 2.41423e-35 0 4.19052e-35 0 6.99736e-35 0 1.16144e-34 0 1.91646e-34 0 3.04876e-34 0 4.82584e-34 0 7.60121e-34 0 1.15648e-33 0 1.75222e-33 0
22.4463 3.36115e-05 1.10512e-05 2.25603e-05 0.671207 0.650192 0 0 0 0 0 0 0 0 0 0 0 0 0 0 2.8026e-45 0 3.08286e-44 0 3.06884e-43 0 2.38921e-42 0 1.49533e-41 0 7.67982e-41 0 3.43406e-40 0 1.35043e-39 0 4.80943e-39 0 1.52994e-38 0 4.64275e-38 0 1.27186e-37 0 3.28463e-37 0 8.32113e-37 0 1.92498e-36 0 4.23245e-36 0 9.1795e-36 0 1.89829e-35 0 3.75056e-35 0 7.33286e-35 0 1.3733e-34 0 2.54874e-34 0 4.54151e-34 0 8.02958e-34 0 1.36581e-33 0 2.30774e-33 0 3.75822e-33 0 6.08554e-33 0 9.79902e-33 0 1.52392e-32 0 2.35871e-32 0 3.63372e-32 0 5.41637e-32 0 8.04169e-32 0
23.5984 3.37517e-05 1.10634e-05 2.26883e-05 0.672213 0.644416 0 0 0 0 0 0 0 0 0 0 0 0 1.82169e-44 0 3.65739e-43 0 4.60327e-42 0 4.16228e-41 0 2.9267e-40 0 1.67494e-39 0 7.94171e-39 0 3.30077e-38 0 1.21408e-37 0 4.06382e-37 0 1.22174e-36 0 3.51188e-36 0 9.15876e-36 0 2.25821e-35 0 5.46702e-35 0 1.21398e-34 0 2.56845e-34 0 5.36391e-34 0 1.07058e-33 0 2.04604e-33 0 3.87146e-33 0 7.03173e-33 0 1.26622e-32 0 2.1935e-32 0 3.77177e-32 0 6.25143e-32 0 1.02957e-31 0 1.63723e-31 0 2.58944e-31 0 4.0737e-31 0 6.2002e-31 0 9.39409e-31 0 1.41699e-30 0 2.07139e-30 0 3.01662e-30 0
24.8097 3.38703e-05 1.10793e-05 2.2791e-05 0.67289 0.638255 0 0 0 0 0 0 0 0 1.4013e-45 0 9.10844e-44 0 2.81801e-42 0 4.84639e-41 0 5.39661e-40 0 4.38271e-39 0 2.8018e-38 0 1.47255e-37 0 6.47119e-37 0 2.50887e-36 0 8.65949e-36 0 2.73252e-35 0 7.78514e-35 0 2.1254e-34 0 5.28946e-34 0 1.24797e-33 0 2.89362e-33 0 6.17996e-33 0 1.26054e-32 0 2.53953e-32 0 4.90045e-32 0 9.07397e-32 0 1.66431e-31 0 2.93608e-31 0 5.13741e-31 0 8.66404e-31 0 1.45089e-30 0 2.34615e-30 0 3.77095e-30 0 5.86232e-30 0 9.06665e-30 0 1.39515e-29 0 2.08033e-29 0 3.08867e-29 0 4.56634e-29 0 6.55257e-29 0 9.36913e-29 0
26.0832 3.40208e-05 1.1105e-05 2.29158e-05 0.673582 0.63223 0 0 0 0 0 0 1.4013e-45 0 2.10195e-43 0 1.28443e-41 0 3.34702e-40 0 5.00861e-39 0 4.95807e-38 0 3.63516e-37 0 2.12266e-36 0 1.0288e-35 0 4.20584e-35 0 1.52621e-34 0 4.95862e-34 0 1.47933e-33 0 4.00468e-33 0 1.04099e-32 0 2.4779e-32 0 5.60628e-32 0 1.24762e-31 0 2.56764e-31 0 5.05814e-31 0 9.84771e-31 0 1.84027e-30 0 3.30657e-30 0 5.88781e-30 0 1.0103e-29 0 1.72014e-29 0 2.82786e-29 0 4.61785e-29 0 7.29407e-29 0 1.14552e-28 0 1.74287e-28 0 2.63874e-28 0 3.97588e-28 0 5.81396e-28 0 8.46702e-28 0 1.22811e-27 0 1.7315e-27 0 2.43293e-27 0
27.4221 3.41799e-05 1.11374e-05 2.30426e-05 0.674155 0.62621 0 0 0 0 0 0 1.58347e-43 0 2.79923e-41 0 1.40012e-39 0 3.11157e-38 0 4.08008e-37 0 3.61123e-36 0 2.40227e-35 0 1.28695e-34 0 5.77491e-34 0 2.204e-33 0 7.51006e-33 0 2.30359e-32 0 6.51525e-32 0 1.68003e-31 0 4.16811e-31 0 9.51018e-31 0 2.0676e-30 0 4.42498e-30 0 8.79147e-30 0 1.67549e-29 0 3.15761e-29 0 5.72329e-29 0 9.99351e-29 0 1.73005e-28 0 2.89139e-28 0 4.79663e-28 0 7.69643e-28 0 1.22708e-27 0 1.89544e-27 0 2.91187e-27 0 4.34046e-27 0 6.4398e-27 0 9.51078e-27 0 1.3652e-26 0 1.95202e-26 0 2.7804e-26 0 3.85485e-26 0 5.32724e-26 0
28.8297 3.43133e-05 1.11791e-05 2.31342e-05 0.674206 0.619597 0 0 0 0 1.54143e-44 0 2.11974e-41 0 2.90454e-39 0 1.2002e-37 0 2.29251e-36 0 2.65113e-35 0 2.10951e-34 0 1.27929e-33 0 6.31421e-33 0 2.63311e-32 0 9.41317e-32 0 3.02115e-31 0 8.77339e-31 0 2.35857e-30 0 5.80698e-30 0 1.37818e-29 0 3.02039e-29 0 6.32228e-29 0 1.30372e-28 0 2.50483e-28 0 4.62575e-28 0 8.45206e-28 0 1.48813e-27 0 2.52867e-27 0 4.26184e-27 0 6.94632e-27 0 1.12422e-26 0 1.7627e-26 0 2.74708e-26 0 4.1542e-26 0 6.24951e-26 0 9.13578e-26 0 1.32959e-25 0 1.9266e-25 0 2.71712e-25 0 3.81782e-25 0 5.34486e-25 0 7.29306e-25 0 9.92075e-25 0
30.3095 3.44214e-05 1.11729e-05 2.32485e-05 0.675407 0.611286 0 0 0 0 2.23227e-42 0 2.19353e-39 0 2.36376e-37 0 8.14466e-36 0 1.34705e-34 0 1.38228e-33 0 9.9396e-33 0 5.51997e-32 0 2.5202e-31 0 9.80183e-31 0 3.29277e-30 0 9.98325e-30 0 2.75209e-29 0 7.04976e-29 0 1.661e-28 0 3.77919e-28 0 7.97113e-28 0 1.60941e-27 0 3.20356e-27 0 5.96183e-27 0 1.06851e-26 0 1.89573e-26 0 3.24682e-26 0 5.37613e-26 0 8.83295e-26 0 1.40574e-25 0 2.22225e-25 0 3.40865e-25 0 5.19837e-25 0 7.70397e-25 0 1.13609e-24 0 1.63028e-24 0 2.32957e-24 0 3.31503e-24 0 4.59742e-24 0 6.35343e-24 0 8.74975e-24 0 1.17592e-23 0 1.57576e-23 0
31.8653 3.45801e-05 1.12063e-05 2.33738e-05 0.675932 0.603769 0 0 1.4013e-45 0 2.55591e-40 0 1.79407e-37 0 1.53839e-35 0 4.45946e-34 0 6.43131e-33 0 5.89036e-32 0 3.84665e-31 0 1.96471e-30 0 8.32908e-30 0 3.03158e-29 0 9.59908e-29 0 2.7569e-28 0 7.23284e-28 0 1.7696e-27 0 3.99853e-27 0 8.7397e-27 0 1.77743e-26 0 3.46771e-26 0 6.67437e-26 0 1.205e-25 0 2.099e-25 0 3.62122e-25 0 6.04126e-25 0 9.75991e-25 0 1.56514e-24 0 2.43501e-24 0 3.76424e-24 0 5.65453e-24 0 8.44758e-24 0 1.22811e-23 0 1.77705e-23 0 2.50548e-23 0 3.51833e-23 0 4.92117e-23 0 6.71676e-23 0 9.13682e-23 0 1.23879e-22 0 1.64101e-22 0 2.16778e-22 0
33.5009 3.47752e-05 1.12908e-05 2.34844e-05 0.67532 0.59737 0 0 2.74654e-43 0 2.30435e-38 0 1.17456e-35 0 8.10427e-34 0 1.99314e-32 0 2.52329e-31 0 2.07419e-30 0 1.23595e-29 0 5.82959e-29 0 2.30308e-28 0 7.87023e-28 0 2.35564e-27 0 6.42583e-27 0 1.6083e-26 0 3.76671e-26 0 8.17902e-26 0 1.72075e-25 0 3.38035e-25 0 6.38321e-25 0 1.18994e-24 0 2.08724e-24 0 3.5386e-24 0 5.94442e-24 0 9.6723e-24 0 1.52643e-23 0 2.39206e-23 0 3.64205e-23 0 5.51171e-23 0 8.11666e-23 0 1.18905e-22 0 1.69736e-22 0 2.41213e-22 0 3.34432e-22 0 4.61907e-22 0 6.35581e-22 0 8.54411e-22 0 1.14493e-21 0 1.52941e-21 0 1.99837e-21 0 2.60422e-21 0
35.2205 3.49357e-05 1.13714e-05 2.35643e-05 0.674504 0.590064 0 0 3.41721e-41 0 1.64733e-36 0 6.19333e-34 0 3.47523e-32 0 7.30973e-31 0 8.17534e-30 0 6.06343e-29 0 3.3115e-28 0 1.44801e-27 0 5.34949e-27 0 1.72161e-26 0 4.88438e-26 0 1.26868e-25 0 3.03623e-25 0 6.82158e-25 0 1.42621e-24 0 2.89353e-24 0 5.4999e-24 0 1.00683e-23 0 1.82067e-23 0 3.10718e-23 0 5.13371e-23 0 8.40834e-23 0 1.33601e-22 0 2.06197e-22 0 3.16119e-22 0 4.71531e-22 0 6.99303e-22 0 1.01053e-21 0 1.45304e-21 0 2.03846e-21 0 2.8476e-21 0 3.88559e-21 0 5.28271e-21 0 7.15656e-21 0 9.48259e-21 0 1.25265e-20 0 1.64983e-20 0 2.12775e-20 0 2.7372e-20 0
37.0284 3.50276e-05 1.13949e-05 2.36327e-05 0.674687 0.580062 5.04467e-44 0 3.30117e-39 0 9.40004e-35 0 2.64572e-32 0 1.21957e-30 0 2.21073e-29 0 2.19757e-28 0 1.47798e-27 0 7.42978e-27 0 3.02301e-26 0 1.04778e-25 0 3.18499e-25 0 8.58761e-25 0 2.12899e-24 0 4.88263e-24 0 1.05449e-23 0 2.12667e-23 0 4.16816e-23 0 7.67809e-23 0 1.36468e-22 0 2.39744e-22 0 3.9861e-22 0 6.42637e-22 0 1.0275e-21 0 1.59611e-21 0 2.41176e-21 0 3.62111e-21 0 5.29693e-21 0 7.70589e-21 0 1.09371e-20 0 1.545e-20 0 2.13194e-20 0 2.92996e-20 0 3.93777e-20 0 5.27396e-20 0 7.03959e-20 0 9.20031e-20 0 1.19896e-19 0 1.55801e-19 0 1.98454e-19 0 2.52177e-19 0
38.9291 3.51492e-05 1.14209e-05 2.37283e-05 0.675075 0.568967 6.55668e-42 0 2.52102e-37 0 4.35065e-33 0 9.29776e-31 0 3.5548e-29 0 5.59379e-28 0 4.97068e-27 0 3.04599e-26 0 1.41513e-25 0 5.37654e-25 0 1.75379e-24 0 5.04941e-24 0 1.2971e-23 0 3.07626e-23 0 6.77491e-23 0 1.40917e-22 0 2.74631e-22 0 5.20865e-22 0 9.31279e-22 0 1.60939e-21 0 2.75062e-21 0 4.4612e-21 0 7.02655e-21 0 1.09802e-20 0 1.66936e-20 0 2.47211e-20 0 3.6388e-20 0 5.22486e-20 0 7.46319e-20 0 1.0413e-19 0 1.44637e-19 0 1.96471e-19 0 2.65855e-19 0 3.5218e-19 0 4.65003e-19 0 6.11988e-19 0 7.89445e-19 0 1.01557e-18 0 1.30293e-18 0 1.64013e-18 0 2.05989e-18 0
40.9273 3.53558e-05 1.14829e-05 2.38729e-05 0.675219 0.558731 6.72458e-40 0 1.54405e-35 0 1.6549e-31 0 2.72174e-29 0 8.71008e-28 0 1.19805e-26 0 9.569e-26 0 5.36709e-25 0 2.31333e-24 0 8.23458e-24 0 2.53539e-23 0 6.93243e-23 0 1.70064e-22 0 3.86681e-22 0 8.19392e-22 0 1.64446e-21 0 3.10213e-21 0 5.70248e-21 0 9.91054e-21 0 1.66756e-20 0 2.77642e-20 0 4.39795e-20 0 6.775e-20 0 1.03588e-19 0 1.543e-19 0 2.24161e-19 0 3.23783e-19 0 4.56772e-19 0 6.41193e-19 0 8.80196e-19 0 1.20314e-18 0 1.61005e-18 0 2.1467e-18 0 2.80498e-18 0 3.65366e-18 0 4.74451e-18 0 6.04465e-18 0 7.68099e-18 0 9.73524e-18 0 1.21178e-17 0 1.50507e-17 0
43.0281 3.56158e-05 1.15789e-05 2.40369e-05 0.674895 0.549887 5.45117e-38 0 7.66595e-34 0 5.22288e-30 0 6.69554e-28 0 1.80914e-26 0 2.18949e-25 0 1.58007e-24 0 8.14676e-24 0 3.26967e-23 0 1.09392e-22 0 3.18819e-22 0 8.29959e-22 0 1.94875e-21 0 4.25675e-21 0 8.69548e-21 0 1.68676e-20 0 3.08485e-20 0 5.50463e-20 0 9.31199e-20 0 1.52754e-19 0 2.48077e-19 0 3.84237e-19 0 5.79555e-19 0 8.67946e-19 0 1.26795e-18 0 1.80873e-18 0 2.56609e-18 0 3.55976e-18 0 4.91495e-18 0 6.64342e-18 0 8.94334e-18 0 1.1799e-17 0 1.55124e-17 0 2.00062e-17 0 2.57252e-17 0 3.29825e-17 0 4.15267e-17 0 5.21547e-17 0 6.53428e-17 0 8.04697e-17 0 9.88941e-17 0
45.2368 3.58285e-05 1.16966e-05 2.41319e-05 0.673539 0.541213 3.52993e-36 0 3.11398e-32 0 1.3788e-28 0 1.39464e-26 0 3.2081e-25 0 3.43754e-24 0 2.25254e-23 0 1.07203e-22 0 4.0203e-22 0 1.26804e-21 0 3.5076e-21 0 8.71434e-21 0 1.96262e-20 0 4.12658e-20 0 8.14066e-20 0 1.52887e-19 0 2.71487e-19 0 4.70939e-19 0 7.76483e-19 0 1.24333e-18 0 1.97196e-18 0 2.98975e-18 0 4.41993e-18 0 6.49007e-18 0 9.30724e-18 0 1.30486e-17 0 1.81988e-17 0 2.48457e-17 0 3.37684e-17 0 4.49773e-17 0 5.96757e-17 0 7.76727e-17 0 1.00763e-16 0 1.28349e-16 0 1.63025e-16 0 2.06494e-16 0 2.5708e-16 0 3.19303e-16 0 3.95664e-16 0 4.82332e-16 0 5.8683e-16 0
47.5588 3.59179e-05 1.17584e-05 2.41595e-05 0.67263 0.529554 1.83406e-34 0 1.03831e-30 0 3.05133e-27 0 2.46354e-25 0 4.86249e-24 0 4.64055e-23 0 2.77417e-22 0 1.22345e-21 0 4.30141e-21 0 1.28271e-20 0 3.37622e-20 0 8.02342e-20 0 1.73678e-19 0 3.52161e-19 0 6.72054e-19 0 1.22392e-18 0 2.11327e-18 0 3.56854e-18 0 5.74189e-18 0 8.98519e-18 0 1.39335e-17 0 2.07e-17 0 3.00236e-17 0 4.32664e-17 0 6.09646e-17 0 8.40727e-17 0 1.15367e-16 0 1.55128e-16 0 2.07702e-16 0 2.72801e-16 0 3.56989e-16 0 4.58708e-16 0 5.87556e-16 0 7.39622e-16 0 9.28541e-16 0 1.16264e-15 0 1.43205e-15 0 1.75993e-15 0 2.15811e-15 0 2.60551e-15 0 3.13979e-15 0
50 3.59408e-05 1.17831e-05 2.41577e-05 0.672153 0.51397 7.73959e-33 0 2.87342e-29 0 5.71785e-26 0 3.72556e-24 0 6.35695e-23 0 5.43409e-22 0 2.97698e-21 0 1.22113e-20 0 4.03766e-20 0 1.14151e-19 0 2.8659e-19 0 6.52882e-19 0 1.36096e-18 0 2.66596e-18 0 4.92962e-18 0 8.71865e-18 0 1.46579e-17 0 2.41267e-17 0 3.79295e-17 0 5.80703e-17 0 8.81422e-17 0 1.2844e-16 0 1.8294e-16 0 2.5897e-16 0 3.58844e-16 0 4.87156e-16 0 6.5824e-16 0 8.72394e-16 0 1.15153e-15 0 1.49245e-15 0 1.92755e-15 0 2.44665e-15 0 3.09625e-15 0 3.85403e-15 0 4.78502e-15 0 5.92596e-15 0 7.22526e-15 0 8.79063e-15 0 1.06727e-14 0 1.27672e-14 0 1.52458e-14 0
52.5665 3.60046e-05 1.1784e-05 2.42206e-05 0.672709 0.495182 2.6825e-31 0 6.66704e-28 0 9.15595e-25 0 4.86517e-23 0 7.2277e-22 0 5.56391e-21 0 2.8052e-20 0 1.07405e-19 0 3.3499e-19 0 9.00212e-19 0 2.16076e-18 0 4.7285e-18 0 9.50951e-18 0 1.80264e-17 0 3.23471e-17 0 5.56391e-17 0 9.11982e-17 0 1.46503e-16 0 2.25285e-16 0 3.37814e-16 0 5.02411e-16 0 7.18776e-16 0 1.00624e-15 0 1.40046e-15 0 1.9099e-15 0 2.55442e-15 0 3.40115e-15 0 4.44613e-15 0 5.78974e-15 0 7.40943e-15 0 9.45073e-15 0 1.1857e-14 0 1.48336e-14 0 1.82677e-14 0 2.24421e-14 0 2.75045e-14 0 3.3212e-14 0 4.00224e-14 0 4.8133e-14 0 5.70778e-14 0 6.75707e-14 0
55.2648 3.61941e-05 1.18125e-05 2.43816e-05 0.673636 0.475996 7.74251e-30 0 1.31371e-26 0 1.26786e-23 0 5.54912e-22 0 7.22619e-21 0 5.03515e-20 0 2.34582e-19 0 8.41173e-19 0 2.48185e-18 0 6.35517e-18 0 1.46158e-17 0 3.07846e-17 0 5.98348e-17 0 1.09937e-16 0 1.91722e-16 0 3.21157e-16 0 5.1386e-16 0 8.06592e-16 0 1.21455e-15 0 1.78555e-15 0 2.60457e-15 0 3.66165e-15 0 5.04255e-15 0 6.90576e-15 0 9.27625e-15 0 1.22317e-14 0 1.60602e-14 0 2.07217e-14 0 2.66382e-14 0 3.36821e-14 0 4.24542e-14 0 5.26769e-14 0 6.51841e-14 0 7.94628e-14 0 9.66452e-14 0 1.17276e-13 0 1.40314e-13 0 1.67554e-13 0 1.99701e-13 0 2.3485e-13 0 2.75742e-13 0
58.1015 3.65131e-05 1.18904e-05 2.46227e-05 0.674353 0.458831 1.88138e-28 0 2.22029e-25 0 1.53201e-22 0 5.57556e-21 0 6.40547e-20 0 4.05966e-19 0 1.75446e-18 0 5.91095e-18 0 1.65426e-17 0 4.04594e-17 0 8.93422e-17 0 1.81456e-16 0 3.41429e-16 0 6.08963e-16 0 1.03354e-15 0 1.68824e-15 0 2.63995e-15 0 4.05363e-15 0 5.9831e-15 0 8.632e-15 0 1.23615e-14 0 1.70918e-14 0 2.31727e-14 0 3.12515e-14 0 4.13784e-14 0 5.383e-14 0 6.97452e-14 0 8.88762e-14 0 1.12859e-13 0 1.41078e-13 0 1.75821e-13 0 2.15872e-13 0 2.64363e-13 0 3.19171e-13 0 3.84493e-13 0 4.62182e-13 0 5.48155e-13 0 6.48925e-13 0 7.6683e-13 0 8.94689e-13 0 1.04227e-12 0
61.0839 3.68914e-05 1.20552e-05 2.48362e-05 0.673223 0.445067 3.89383e-27 0 3.25332e-24 0 1.63146e-21 0 4.98179e-20 0 5.08021e-19 0 2.94216e-18 0 1.18382e-17 0 3.75876e-17 0 1.00039e-16 0 2.34218e-16 0 4.97577e-16 0 9.76229e-16 0 1.78105e-15 0 3.08815e-15 0 5.10761e-15 0 8.14553e-15 0 1.24624e-14 0 1.87394e-14 0 2.71384e-14 0 3.84589e-14 0 5.41179e-14 0 7.36526e-14 0 9.83837e-14 0 1.3076e-13 0 1.70776e-13 0 2.1933e-13 0 2.80606e-13 0 3.53369e-13 0 4.43522e-13 0 5.48407e-13 0 6.76158e-13 0 8.21905e-13 0 9.96619e-13 0 1.19222e-12 0 1.42323e-12 0 1.69549e-12 0 1.9942e-12 0 2.34143e-12 0 2.74439e-12 0 3.17797e-12 0 3.67469e-12 0
64.2193 3.71809e-05 1.21837e-05 2.49972e-05 0.672313 0.432093 6.84917e-26 0 4.12028e-23 0 1.52524e-20 0 3.94143e-19 0 3.58849e-18 0 1.90746e-17 0 7.17056e-17 0 2.15186e-16 0 5.45988e-16 0 1.2263e-15 0 2.51107e-15 0 4.76715e-15 0 8.44569e-15 0 1.42556e-14 0 2.30058e-14 0 3.58626e-14 0 5.37412e-14 0 7.9216e-14 0 1.12665e-13 0 1.56967e-13 0 2.17225e-13 0 2.91221e-13 0 3.83546e-13 0 5.02733e-13 0 6.48079e-13 0 8.22232e-13 0 1.03936e-12 0 1.29423e-12 0 1.60649e-12 0 1.96592e-12 0 2.39923e-12 0 2.88872e-12 0 3.46997e-12 0 4.11485e-12 0 4.86985e-12 0 5.7521e-12 0 6.7121e-12 0 7.81929e-12 0 9.09421e-12 0 1.04558e-11 0 1.20047e-11 0
67.5157 3.72899e-05 1.23067e-05 2.49832e-05 0.669972 0.418191 1.03461e-24 0 4.55376e-22 0 1.26294e-19 0 2.78448e-18 0 2.27597e-17 0 1.11503e-16 0 3.92921e-16 0 1.11754e-15 0 2.70951e-15 0 5.84986e-15 0 1.15667e-14 0 2.12823e-14 0 3.66664e-14 0 6.03281e-14 0 9.51091e-14 0 1.45082e-13 0 2.13158e-13 0 3.08305e-13 0 4.31009e-13 0 5.90847e-13 0 8.048e-13 0 1.06361e-12 0 1.3821e-12 0 1.78782e-12 0 2.27629e-12 0 2.85462e-12 0 3.56741e-12 0 4.39486e-12 0 5.39797e-12 0 6.54089e-12 0 7.90529e-12 0 9.43226e-12 0 1.12292e-11 0 1.32057e-11 0 1.55007e-11 0 1.81607e-11 0 2.10325e-11 0 2.432e-11 0 2.80775e-11 0 3.20621e-11 0 3.65641e-11 0
70.9813 3.71982e-05 1.23773e-05 2.48208e-05 0.66726 0.399829 1.34703e-23 0 4.40451e-21 0 9.2818e-19 0 1.75956e-17 0 1.29801e-16 0 5.88442e-16 0 1.94992e-15 0 5.27e-15 0 1.22365e-14 0 2.54445e-14 0 4.86636e-14 0 8.69127e-14 0 1.45814e-13 0 2.34148e-13 0 3.61028e-13 0 5.39484e-13 0 7.77873e-13 0 1.105e-12 0 1.51972e-12 0 2.05147e-12 0 2.75248e-12 0 3.58846e-12 0 4.60374e-12 0 5.88078e-12 0 7.39977e-12 0 9.17778e-12 0 1.13453e-11 0 1.38352e-11 0 1.68233e-11 0 2.01951e-11 0 2.4183e-11 0 2.86063e-11 0 3.37674e-11 0 3.93979e-11 0 4.58844e-11 0 5.33443e-11 0 6.13386e-11 0 7.04248e-11 0 8.07373e-11 0 9.15999e-11 0 1.03794e-10 0
74.6248 3.69285e-05 1.2339e-05 2.45895e-05 0.665867 0.373443 1.51544e-22 0 3.73501e-20 0 6.06139e-18 0 9.95311e-17 0 6.65978e-16 0 2.80437e-15 0 8.76483e-15 0 2.25661e-14 0 5.02854e-14 0 1.00891e-13 0 1.86946e-13 0 3.24561e-13 0 5.30933e-13 0 8.33087e-13 0 1.25765e-12 0 1.8428e-12 0 2.61006e-12 0 3.64469e-12 0 4.9352e-12 0 6.56513e-12 0 8.68301e-12 0 1.11746e-11 0 1.41628e-11 0 1.78765e-11 0 2.22431e-11 0 2.72991e-11 0 3.33988e-11 0 4.0336e-11 0 4.85817e-11 0 5.78007e-11 0 6.86082e-11 0 8.04946e-11 0 9.42509e-11 0 1.09142e-10 0 1.26169e-10 0 1.45606e-10 0 1.66289e-10 0 1.89639e-10 0 2.15963e-10 0 2.43513e-10 0 2.74252e-10 0
78.4553 3.66336e-05 1.22345e-05 2.43991e-05 0.66603 0.338222 1.48819e-21 0 2.80308e-19 0 3.54815e-17 0 5.08216e-16 0 3.09917e-15 0 1.21657e-14 0 3.59651e-14 0 8.84181e-14 0 1.89468e-13 0 3.67438e-13 0 6.60643e-13 0 1.11648e-12 0 1.78303e-12 0 2.73688e-12 0 4.04941e-12 0 5.82387e-12 0 8.10964e-12 0 1.11412e-11 0 1.48644e-11 0 1.95001e-11 0 2.5441e-11 0 3.23404e-11 0 4.05173e-11 0 5.05633e-11 0 6.22463e-11 0 7.56352e-11 0 9.16284e-11 0 1.09645e-10 0 1.30866e-10 0 1.54384e-10 0 1.81723e-10 0 2.1155e-10 0 2.45803e-10 0 2.82606e-10 0 3.24391e-10 0 3.71756e-10 0 4.2182e-10 0 4.77974e-10 0 5.40877e-10 0 6.06313e-10 0 6.78896e-10 0
82.4824 3.64438e-05 1.21196e-05 2.43242e-05 0.667445 0.295343 1.28957e-20 0 1.88083e-18 0 1.87962e-16 0 2.36414e-15 0 1.31988e-14 0 4.8465e-14 0 1.35891e-13 0 3.19725e-13 0 6.60102e-13 0 1.23941e-12 0 2.1655e-12 0 3.5671e-12 0 5.56797e-12 0 8.36968e-12 0 1.21489e-11 0 1.71653e-11 0 2.35191e-11 0 3.18139e-11 0 4.18524e-11 0 5.41816e-11 0 6.97769e-11 0 8.76667e-11 0 1.0863e-10 0 1.34106e-10 0 1.63425e-10 0 1.96697e-10 0 2.36068e-10 0 2.80021e-10 0 3.31341e-10 0 3.87746e-10 0 4.52791e-10 0 5.23213e-10 0 6.0349e-10 0 6.89138e-10 0 7.85722e-10 0 8.94476e-10 0 1.00869e-09 0 1.13602e-09 0 1.27779e-09 0 1.42441e-09 0 1.58615e-09 0
86.7162 3.64786e-05 1.20753e-05 2.44033e-05 0.668975 0.248312 9.98736e-20 0 1.1421e-17 0 9.11569e-16 0 1.01323e-14 0 5.20118e-14 0 1.79232e-13 0 4.77877e-13 0 1.07835e-12 0 2.14894e-12 0 3.91263e-12 0 6.65243e-12 0 1.06944e-11 0 1.63341e-11 0 2.40693e-11 0 3.43077e-11 0 4.76625e-11 0 6.43085e-11 0 8.57154e-11 0 1.11262e-10 0 1.42234e-10 0 1.80926e-10 0 2.24793e-10 0 2.75646e-10 0 3.36809e-10 0 4.065e-10 0 4.84854e-10 0 5.76742e-10 0 6.78446e-10 0 7.96216e-10 0 9.24633e-10 0 1.0716e-09 0 1.22955e-09 0 1.40835e-09 0 1.59785e-09 0 1.81016e-09 0 2.0477e-09 0 2.29567e-09 0 2.57049e-09 0 2.87471e-09 0 3.18763e-09 0 3.53099e-09 0
91.1674 3.67564e-05 1.20594e-05 2.4697e-05 0.671911 0.199702 6.92918e-19 0 6.287e-17 0 4.05192e-15 0 4.00416e-14 0 1.89768e-13 0 6.15607e-13 0 1.56462e-12 0 3.3931e-12 0 6.53792e-12 0 1.15605e-11 0 1.91529e-11 0 3.00846e-11 0 4.50093e-11 0 6.50806e-11 0 9.11724e-11 0 1.24646e-10 0 1.65736e-10 0 2.17829e-10 0 2.79172e-10 0 3.52632e-10 0 4.43318e-10 0 5.44999e-10 0 6.61668e-10 0 8.00613e-10 0 9.57442e-10 0 1.1322e-09 0 1.33541e-09 0 1.55849e-09 0 1.81479e-09 0 2.09216e-09 0 2.4073e-09 0 2.74366e-09 0 3.12187e-09 0 3.52015e-09 0 3.96367e-09 0 4.45691e-09 0 4.9688e-09 0 5.533e-09 0 6.15415e-09 0 6.7897e-09 0 7.48358e-09 0
95.847 3.72719e-05 1.2177e-05 2.50949e-05 0.673294 0.153724 4.36809e-18 0 3.18029e-16 0 1.67245e-14 0 1.47785e-13 0 6.49158e-13 0 1.98828e-12 0 4.82842e-12 0 1.00827e-11 0 1.88154e-11 0 3.23569e-11 0 5.23021e-11 0 8.03623e-11 0 1.17888e-10 0 1.67417e-10 0 2.30708e-10 0 3.10632e-10 0 4.07328e-10 0 5.28259e-10 0 6.68871e-10 0 8.35293e-10 0 1.03844e-09 0 1.26381e-09 0 1.51989e-09 0 1.82202e-09 0 2.15998e-09 0 2.53342e-09 0 2.96413e-09 0 3.4333e-09 0 3.96831e-09 0 4.54316e-09 0 5.19179e-09 0 5.87955e-09 0 6.64801e-09 0 7.45232e-09 0 8.34279e-09 0 9.3274e-09 0 1.03436e-08 0 1.14578e-08 0 1.26781e-08 0 1.39204e-08 0 1.52703e-08 0
100.767 3.79054e-05 1.23564e-05 2.5549e-05 0.674021 0.111062 2.49978e-17 0 1.47624e-15 0 6.39766e-14 0 5.08275e-13 0 2.07701e-12 0 6.02326e-12 0 1.4007e-11 0 2.82167e-11 0 5.10756e-11 0 8.55402e-11 0 1.35064e-10 0 2.0322e-10 0 2.92589e-10 0 4.08461e-10 0 5.54133e-10 0 7.35343e-10 0 9.51574e-10 0 1.21852e-09 0 1.52519e-09 0 1.88412e-09 0 2.31758e-09 0 2.79364e-09 0 3.32958e-09 0 3.95627e-09 0 4.6513e-09 0 5.41316e-09 0 6.28509e-09 0 7.22787e-09 0 8.29532e-09 0 9.43445e-09 0 1.07114e-08 0 1.20569e-08 0 1.35512e-08 0 1.51062e-08 0 1.68183e-08 0 1.87011e-08 0 2.06342e-08 0 2.27429e-08 0 2.5041e-08 0 2.73696e-08 0 2.98883e-08 0
105.939 3.85296e-05 1.25831e-05 2.59465e-05 0.673417 0.072421 1.30338e-16 0 6.30735e-15 0 2.27401e-13 0 1.63277e-12 0 6.22896e-12 0 1.71488e-11 0 3.82694e-11 0 7.4501e-11 0 1.31005e-10 0 2.13949e-10 0 3.30365e-10 0 4.87256e-10 0 6.8916e-10 0 9.46539e-10 0 1.26513e-09 0 1.65581e-09 0 2.11591e-09 0 2.67698e-09 0 3.31418e-09 0 4.0521e-09 0 4.93418e-09 0 5.89373e-09 0 6.96446e-09 0 8.20591e-09 0 9.57158e-09 0 1.10572e-08 0 1.27449e-08 0 1.4557e-08 0 1.65949e-08 0 1.87556e-08 0 2.11626e-08 0 2.36836e-08 0 2.64675e-08 0 2.93486e-08 0 3.25041e-08 0 3.59561e-08 0 3.94826e-08 0 4.33114e-08 0 4.74643e-08 0 5.16532e-08 0 5.61648e-08 0
111.377 3.90456e-05 1.28768e-05 2.61688e-05 0.670211 0.0385835 6.22902e-16 0 2.49424e-14 0 7.54863e-13 0 4.92266e-12 0 1.75914e-11 0 4.6094e-11 0 9.89105e-11 0 1.86392e-10 0 3.18849e-10 0 5.08401e-10 0 7.68562e-10 0 1.11225e-09 0 1.54673e-09 0 2.09172e-09 0 2.75644e-09 0 3.56057e-09 0 4.49579e-09 0 5.62297e-09 0 6.88922e-09 0 8.34087e-09 0 1.00593e-08 0 1.19118e-08 0 1.39616e-08 0 1.63191e-08 0 1.88925e-08 0 2.16715e-08 0 2.48068e-08 0 2.81506e-08 0 3.18869e-08 0 3.58238e-08 0 4.01837e-08 0 4.47242e-08 0 4.97109e-08 0 5.48448e-08 0 6.04394e-08 0 6.65295e-08 0 7.27217e-08 0 7.94141e-08 0 8.66404e-08 0 9.38984e-08 0 1.01683e-07 0
117.094 3.92794e-05 1.31472e-05 2.61322e-05 0.665291 0.00835659 2.72141e-15 0 9.10063e-14 0 2.33182e-12 0 1.38761e-11 0 4.65977e-11 0 1.16488e-10 0 2.40819e-10 0 4.39987e-10 0 7.33184e-10 0 1.14273e-09 0 1.69298e-09 0 2.40624e-09 0 3.29274e-09 0 4.3878e-09 0 5.70481e-09 0 7.27752e-09 0 9.08501e-09 0 1.12393e-08 0 1.36345e-08 0 1.63541e-08 0 1.95439e-08 0 2.29528e-08 0 2.66948e-08 0 3.09656e-08 0 3.55932e-08 0 4.05562e-08 0 4.61184e-08 0 5.20127e-08 0 5.85586e-08 0 6.54157e-08 0 7.29667e-08 0 8.07882e-08 0 8.93337e-08 0 9.80878e-08 0 1.07582e-07 0 1.17869e-07 0 1.28281e-07 0 1.39485e-07 0 1.51532e-07 0 1.63582e-07 0 1.76457e-07 0
123.105 3.9104e-05 1.33695e-05 2.57345e-05 0.658105 -0.0185429 1.08965e-14 0 3.07003e-13 0 6.71417e-12 0 3.66225e-11 0 1.1592e-10 0 2.77107e-10 0 5.52913e-10 0 9.80905e-10 0 1.59431e-09 0 2.4316e-09 0 3.534e-09 0 4.9374e-09 0 6.65376e-09 0 8.74316e-09 0 1.12227e-08 0 1.41474e-08 0 1.74709e-08 0 2.13903e-08 0 2.57051e-08 0 3.05597e-08 0 3.62041e-08 0 4.21863e-08 0 4.87036e-08 0 5.60876e-08 0 6.40326e-08 0 7.24976e-08 0 8.19248e-08 0 9.18545e-08 0 1.02818e-07 0 1.14238e-07 0 1.26747e-07 0 1.39638e-07 0 1.53652e-07 0 1.6794e-07 0 1.83367e-07 0 2.00006e-07 0 2.16776e-07 0 2.34748e-07 0 2.53993e-07 0 2.73169e-07 0 2.9358e-07 0
129.424 3.84456e-05 1.35233e-05 2.49222e-05 0.648247 -0.042231 4.00964e-14 0 9.59785e-13 0 1.80554e-11 0 9.06547e-11 0 2.71249e-10 0 6.21411e-10 0 1.19878e-09 0 2.06802e-09 0 3.28247e-09 0 4.90421e-09 0 6.99868e-09 0 9.6196e-09 0 1.27761e-08 0 1.65657e-08 0 2.10061e-08 0 2.61827e-08 0 3.2002e-08 0 3.87962e-08 0 4.62056e-08 0 5.447e-08 0 6.39987e-08 0 7.40189e-08 0 8.48566e-08 0 9.70506e-08 0 1.10084e-07 0 1.23884e-07 0 1.3916e-07 0 1.55157e-07 0 1.72723e-07 0 1.90923e-07 0 2.10757e-07 0 2.31096e-07 0 2.53105e-07 0 2.75443e-07 0 2.99457e-07 0 3.25248e-07 0 3.51136e-07 0 3.78772e-07 0 4.08251e-07 0 4.37515e-07 0 4.68555e-07 0
136.067 3.72098e-05 1.35358e-05 2.3674e-05 0.636229 -0.0637825 1.35413e-13 0 2.77586e-12 0 4.52489e-11 0 2.09979e-10 0 5.95547e-10 0 1.31024e-09 0 2.44781e-09 0 4.11178e-09 0 6.38087e-09 0 9.34836e-09 0 1.31112e-08 0 1.77434e-08 0 2.32415e-08 0 2.97554e-08 0 3.72963e-08 0 4.599e-08 0 5.56636e-08 0 6.685e-08 0 7.89406e-08 0 9.23153e-08 0 1.07614e-07 0 1.23582e-07 0 1.40735e-07 0 1.59907e-07 0 1.80269e-07 0 2.01701e-07 0 2.2529e-07 0 2.49858e-07 0 2.76691e-07 0 3.04356e-07 0 3.34356e-07 0 3.64977e-07 0 3.97964e-07 0 4.31304e-07 0 4.66996e-07 0 5.05175e-07 0 5.43349e-07 0 5.83949e-07 0 6.27097e-07 0 6.69781e-07 0 7.14903e-07 0
143.051 3.54318e-05 1.33992e-05 2.20326e-05 0.621831 -0.0832125 4.21037e-13 0 7.44753e-12 0 1.05934e-10 0 4.56101e-10 0 1.22941e-09 0 2.60262e-09 0 4.71614e-09 0 7.72398e-09 0 1.1732e-08 0 1.68706e-08 0 2.32736e-08 0 3.10345e-08 0 4.01188e-08 0 5.07471e-08 0 6.29101e-08 0 7.67849e-08 0 9.20738e-08 0 1.09593e-07 0 1.28368e-07 0 1.48974e-07 0 1.72368e-07 0 1.96612e-07 0 2.22484e-07 0 2.51221e-07 0 2.81558e-07 0 3.13309e-07 0 3.48066e-07 0 3.84077e-07 0 4.23212e-07 0 4.63365e-07 0 5.06708e-07 0 5.50752e-07 0 5.97998e-07 0 6.45555e-07 0 6.96269e-07 0 7.50308e-07 0 8.0414e-07 0 8.61192e-07 0 9.21612e-07 0 9.81183e-07 0 1.04396e-06 0
150.394 3.31919e-05 1.31172e-05 2.00746e-05 0.604805 -0.100721 1.2094e-12 0 1.85929e-11 0 2.32314e-10 0 9.31417e-10 0 2.39196e-09 0 4.88164e-09 0 8.59283e-09 0 1.37382e-08 0 2.04455e-08 0 2.88838e-08 0 3.92252e-08 0 5.15756e-08 0 6.5842e-08 0 8.23348e-08 0 1.01004e-07 0 1.22086e-07 0 1.45103e-07 0 1.7125e-07 0 1.99045e-07 0 2.29324e-07 0 2.63451e-07 0 2.98582e-07 0 3.3584e-07 0 3.76976e-07 0 4.20154e-07 0 4.651e-07 0 5.14049e-07 0 5.64513e-07 0 6.19094e-07 0 6.74839e-07 0 7.34748e-07 0 7.95371e-07 0 8.60139e-07 0 9.25079e-07 0 9.94076e-07 0 1.06733e-06 0 1.14004e-06 0 1.21684e-06 0 1.29791e-06 0 1.37759e-06 0 1.46129e-06 0
158.114 3.06143e-05 1.27047e-05 1.79095e-05 0.585007 -0.116713 3.22145e-12 0 4.33394e-11 0 4.78702e-10 0 1.79345e-09 0 4.39845e-09 0 8.66933e-09 0 1.48445e-08 0 2.31959e-08 0 3.3857e-08 0 4.70303e-08 0 6.29216e-08 0 8.16347e-08 0 1.0298e-07 0 1.27378e-07 0 1.54709e-07 0 1.85279e-07 0 2.1836e-07 0 2.55631e-07 0 2.94948e-07 0 3.37474e-07 0 3.8508e-07 0 4.3377e-07 0 4.85104e-07 0 5.4146e-07 0 6.00292e-07 0 6.61219e-07 0 7.27247e-07 0 7.94998e-07 0 8.67944e-07 0 9.42121e-07 0 1.02151e-06 0 1.10152e-06 0 1.18667e-06 0 1.27174e-06 0 1.3618e-06 0 1.45708e-06 0 1.55135e-06 0 1.6506e-06 0 1.75503e-06 0 1.85736e-06 0 1.96455e-06 0
166.23 2.78713e-05 1.22019e-05 1.56693e-05 0.562204 -0.131252 8.00037e-12 0 9.48043e-11 0 9.31276e-10 0 3.27112e-09 0 7.67865e-09 0 1.46414e-08 0 2.44208e-08 0 3.7337e-08 0 5.35006e-08 0 7.3134e-08 0 9.64648e-08 0 1.23573e-07 0 1.54127e-07 0 1.88673e-07 0 2.26991e-07 0 2.69461e-07 0 3.15036e-07 0 3.65981e-07 0 4.19331e-07 0 4.76647e-07 0 5.40392e-07 0 6.05192e-07 0 6.73126e-07 0 7.47305e-07 0 8.24341e-07 0 9.03734e-07 0 9.8937e-07 0 1.07685e-06 0 1.17063e-06 0 1.2656e-06 0 1.36683e-06 0 1.46847e-06 0 1.57625e-06 0 1.68355e-06 0 1.79676e-06 0 1.91614e-06 0 2.03387e-06 0 2.15745e-06 0 2.28709e-06 0 2.41375e-06 0 2.54607e-06 0
174.763 2.51482e-05 1.16771e-05 1.34711e-05 0.53567 -0.14411 1.86708e-11 0 1.96091e-10 0 1.72291e-09 0 5.69169e-09 0 1.28155e-08 0 2.36782e-08 0 3.85192e-08 0 5.76839e-08 0 8.1217e-08 0 1.0934e-07 0 1.42285e-07 0 1.80078e-07 0 2.22193e-07 0 2.69324e-07 0 3.2111e-07 0 3.7801e-07 0 4.38586e-07 0 5.05796e-07 0 5.7569e-07 0 6.50296e-07 0 7.3276e-07 0 8.16104e-07 0 9.03011e-07 0 9.9742e-07 0 1.09498e-06 0 1.19506e-06 0 1.30254e-06 0 1.41185e-06 0 1.52856e-06 0 1.64629e-06 0 1.77131e-06 0 1.89638e-06 0 2.02854e-06 0 2.15967e-06 0 2.29759e-06 0 2.44256e-06 0 2.5851e-06 0 2.73429e-06 0 2.89035e-06 0 3.0424e-06 0 3.20083e-06 0
183.733 2.25559e-05 1.11259e-05 1.143e-05 0.506742 -0.155208 4.10299e-11 0 3.84177e-10 0 3.03568e-09 0 9.4601e-09 0 2.04729e-08 0 3.67093e-08 0 5.83159e-08 0 8.56253e-08 0 1.1856e-07 0 1.57314e-07 0 2.02098e-07 0 2.52854e-07 0 3.08805e-07 0 3.70809e-07 0 4.38328e-07 0 5.11905e-07 0 5.89644e-07 0 6.75285e-07 0 7.63759e-07 0 8.57622e-07 0 9.6076e-07 0 1.06442e-06 0 1.17197e-06 0 1.28823e-06 0 1.40781e-06 0 1.52994e-06 0 1.66053e-06 0 1.79283e-06 0 1.93352e-06 0 2.0749e-06 0 2.22451e-06 0 2.37367e-06 0 2.53075e-06 0 2.68612e-06 0 2.84904e-06 0 3.01977e-06 0 3.18717e-06 0 3.36188e-06 0 3.54415e-06 0 3.72127e-06 0 3.90537e-06 0
193.164 2.01079e-05 1.05156e-05 9.59238e-06 0.477044 -0.166222 8.48224e-11 0 7.12052e-10 0 5.08634e-09 0 1.49949e-08 0 3.12506e-08 0 5.44594e-08 0 8.45805e-08 0 1.21882e-07 0 1.66103e-07 0 2.17375e-07 0 2.75862e-07 0 3.41389e-07 0 4.12881e-07 0 4.91373e-07 0 5.76121e-07 0 6.67751e-07 0 7.63865e-07 0 8.69039e-07 0 9.77008e-07 0 1.09089e-06 0 1.21532e-06 0 1.33974e-06 0 1.46819e-06 0 1.6064e-06 0 1.74792e-06 0 1.89186e-06 0 2.04515e-06 0 2.19984e-06 0 2.36374e-06 0 2.52787e-06 0 2.70094e-06 0 2.87293e-06 0 3.05349e-06 0 3.23154e-06 0 3.41771e-06 0 3.61224e-06 0 3.80246e-06 0 4.00047e-06 0 4.20651e-06 0 4.40624e-06 0 4.61334e-06 0
203.079 1.79611e-05 9.98619e-06 7.97489e-06 0.444009 -0.175638 1.67527e-10 0 1.26757e-09 0 8.22576e-09 0 2.30033e-08 0 4.62523e-08 0 7.8446e-08 0 1.19243e-07 0 1.68794e-07 0 2.26585e-07 0 2.92657e-07 0 3.67104e-07 0 4.49602e-07 0 5.38732e-07 0 6.35725e-07 0 7.39602e-07 0 8.51079e-07 0 9.67212e-07 0 1.09348e-06 0 1.22232e-06 0 1.35747e-06 0 1.50437e-06 0 1.6505e-06 0 1.80068e-06 0 1.96156e-06 0 2.12559e-06 0 2.29176e-06 0 2.46806e-06 0 2.64531e-06 0 2.83245e-06 0 3.01921e-06 0 3.21552e-06 0 3.40999e-06 0 3.61355e-06 0 3.81369e-06 0 4.02239e-06 0 4.23988e-06 0 4.45198e-06 0 4.67224e-06 0 4.90085e-06 0 5.12195e-06 0 5.35069e-06 0
213.503 1.60701e-05 9.47728e-06 6.59285e-06 0.410255 -0.1842 3.15169e-10 0 2.16033e-09 0 1.27959e-08 0 3.40312e-08 0 6.6132e-08 0 1.09307e-07 0 1.62791e-07 0 2.26562e-07 0 2.9979e-07 0 3.82401e-07 0 4.74401e-07 0 5.7529e-07 0 6.83277e-07 0 7.99804e-07 0 9.23644e-07 0 1.0556e-06 0 1.19218e-06 0 1.33976e-06 0 1.48951e-06 0 1.64576e-06 0 1.81472e-06 0 1.98202e-06 0 2.15319e-06 0 2.3358e-06 0 2.52123e-06 0 2.70836e-06 0 2.90618e-06 0 3.10437e-06 0 3.31293e-06 0 3.52039e-06 0 3.73778e-06 0 3.9525e-06 0 4.17661e-06 0 4.39638e-06 0 4.62493e-06 0 4.8625e-06 0 5.09361e-06 0 5.33304e-06 0 5.58097e-06 0 5.82022e-06 0 6.0672e-06 0
224.463 1.44473e-05 9.01746e-06 5.42979e-06 0.375836 -0.191782 5.67938e-10 0 3.54375e-09 0 1.92439e-08 0 4.87933e-08 0 9.17926e-08 0 1.48043e-07 0 2.16236e-07 0 2.96125e-07 0 3.86516e-07 0 4.87203e-07 0 5.98089e-07 0 7.18489e-07 0 8.46221e-07 0 9.82953e-07 0 1.1272e-06 0 1.27988e-06 0 1.43691e-06 0 1.60562e-06 0 1.77588e-06 0 1.95264e-06 0 2.14288e-06 0 2.33037e-06 0 2.52143e-06 0 2.72442e-06 0 2.92977e-06 0 3.13626e-06 0 3.35378e-06 0 3.57099e-06 0 3.79883e-06 0 4.02478e-06 0 4.26086e-06 0 4.49337e-06 0 4.73541e-06 0 4.97213e-06 0 5.21771e-06 0 5.47235e-06 0 5.7195e-06 0 5.97496e-06 0 6.23891e-06 0 6.49307e-06 0 6.75492e-06 0
235.984 1.30511e-05 8.58998e-06 4.46113e-06 0.34182 -0.198862 9.81114e-10 0 5.59833e-09 0 2.79905e-08 0 6.7819e-08 0 1.23708e-07 0 1.94915e-07 0 2.79481e-07 0 3.76907e-07 0 4.85602e-07 0 6.05223e-07 0 7.35571e-07 0 8.75773e-07 0 1.02326e-06 0 1.17995e-06 0 1.3441e-06 0 1.51672e-06 0 1.69322e-06 0 1.88181e-06 0 2.07115e-06 0 2.26679e-06 0 2.47637e-06 0 2.68206e-06 0 2.89082e-06 0 3.11178e-06 0 3.33449e-06 0 3.55767e-06 0 3.79201e-06 0 4.02527e-06 0 4.26921e-06 0 4.51043e-06 0 4.76175e-06 0 5.00862e-06 0 5.26494e-06 0 5.51501e-06 0 5.77383e-06 0 6.04158e-06 0 6.30087e-06 0 6.56831e-06 0 6.84406e-06 0 7.10904e-06 0 7.38151e-06 0
248.097 1.18547e-05 8.19399e-06 3.66069e-06 0.308797 -0.205196 1.62856e-09 0 8.53521e-09 0 3.94495e-08 0 9.15415e-08 0 1.62152e-07 0 2.4988e-07 0 3.52045e-07 0 4.67886e-07 0 5.95409e-07 0 7.34148e-07 0 8.83811e-07 0 1.04335e-06 0 1.20984e-06 0 1.38543e-06 0 1.56817e-06 0 1.75917e-06 0 1.95338e-06 0 2.1598e-06 0 2.36602e-06 0 2.57814e-06 0 2.8044e-06 0 3.02555e-06 0 3.24915e-06 0 3.48498e-06 0 3.72184e-06 0 3.95844e-06 0 4.20609e-06 0 4.45186e-06 0 4.70815e-06 0 4.96087e-06 0 5.22349e-06 0 5.48079e-06 0 5.7473e-06 0 6.00671e-06 0 6.2746e-06 0 6.55111e-06 0 6.81832e-06 0 7.09337e-06 0 7.37639e-06 0 7.64786e-06 0 7.92648e-06 0
260.832 1.08699e-05 7.86963e-06 3.00031e-06 0.276019 -0.211156 2.61692e-09 0 1.26496e-08 0 5.42559e-08 0 1.2083e-07 0 2.08141e-07 0 3.14051e-07 0 4.35112e-07 0 5.70315e-07 0 7.1727e-07 0 8.75412e-07 0 1.04438e-06 0 1.22296e-06 0 1.40791e-06 0 1.60163e-06 0 1.80197e-06 0 2.01016e-06 0 2.22071e-06 0 2.44339e-06 0 2.66482e-06 0 2.89161e-06 0 3.13252e-06 0 3.36708e-06 0 3.60339e-06 0 3.85177e-06 0 4.10042e-06 0 4.34802e-06 0 4.60643e-06 0 4.86215e-06 0 5.12807e-06 0 5.38962e-06 0 5.66072e-06 0 5.9257e-06 0 6.19952e-06 0 6.46546e-06 0 6.7395e-06 0 7.02178e-06 0 7.29401e-06 0 7.57369e-06 0 7.86094e-06 0 8.13595e-06 0 8.41772e-06 0
274.221 1.00487e-05 7.58991e-06 2.45874e-06 0.244683 -0.215811 4.068e-09 0 1.82079e-08 0 7.2737e-08 0 1.55779e-07 0 2.61315e-07 0 3.86444e-07 0 5.26961e-07 0 6.81646e-07 0 8.47754e-07 0 1.02466e-06 0 1.21196e-06 0 1.40832e-06 0 1.61021e-06 0 1.82029e-06 0 2.03626e-06 0 2.25945e-06 0 2.48404e-06 0 2.72043e-06 0 2.95447e-06 0 3.1932e-06 0 3.44579e-06 0 3.69081e-06 0 3.93685e-06 0 4.19459e-06 0 4.45182e-06 0 4.70721e-06 0 4.97299e-06 0 5.2353e-06 0 5.50738e-06 0 5.77431e-06 0 6.05033e-06 0 6.3195e-06 0 6.59705e-06 0 6.86603e-06 0 7.14266e-06 0 7.42704e-06 0 7.70077e-06 0 7.98149e-06 0 8.26927e-06 0 8.54433e-06 0 8.82568e-06 0
288.297 9.37525e-06 7.36153e-06 2.01372e-06 0.214791 -0.219222 6.13749e-09 0 2.55324e-08 0 9.53285e-08 0 1.96713e-07 0 3.21753e-07 0 4.66826e-07 0 6.27013e-07 0 8.00951e-07 0 9.85596e-07 0 1.18031e-06 0 1.38469e-06 0 1.59731e-06 0 1.81441e-06 0 2.03893e-06 0 2.26842e-06 0 2.50435e-06 0 2.74062e-06 0 2.98819e-06 0 3.23228e-06 0 3.48028e-06 0 3.74172e-06 0 3.99444e-06 0 4.24738e-06 0 4.51154e-06 0 4.7744e-06 0 5.03465e-06 0 5.30477e-06 0 5.57068e-06 0 5.84582e-06 0 6.11511e-06 0 6.39295e-06 0 6.6633e-06 0 6.94149e-06 0 7.21056e-06 0 7.48675e-06 0 7.77014e-06 0 8.04243e-06 0 8.32119e-06 0 8.60648e-06 0 8.87871e-06 0 9.15673e-06 0
303.095 8.84156e-06 7.19319e-06 1.64837e-06 0.186434 -0.221181 9.01882e-09 0 3.49965e-08 0 1.22526e-07 0 2.44052e-07 0 3.89715e-07 0 5.55259e-07 0 7.35139e-07 0 9.27931e-07 0 1.13037e-06 0 1.34185e-06 0 1.562e-06 0 1.78936e-06 0 2.02001e-06 0 2.25712e-06 0 2.49819e-06 0 2.74479e-06 0 2.99061e-06 0 3.24711e-06 0 3.49898e-06 0 3.75395e-06 0 4.0218e-06 0 4.27985e-06 0 4.53734e-06 0 4.80547e-06 0 5.07153e-06 0 5.33426e-06 0 5.60625e-06 0 5.87337e-06 0 6.1491e-06 0 6.41838e-06 0 6.6956e-06 0 6.96481e-06 0 7.24127e-06 0 7.50817e-06 0 7.78164e-06 0 8.06173e-06 0 8.3304e-06 0 8.605e-06 0 8.88558e-06 0 9.1529e-06 0 9.42551e-06 0
318.653 8.40647e-06 7.05914e-06 1.34732e-06 0.160272 -0.220666 1.28892e-08 0 4.68113e-08 0 1.54167e-07 0 2.96924e-07 0 4.63442e-07 0 6.49006e-07 0 8.47586e-07 0 1.0578e-06 0 1.27625e-06 0 1.50243e-06 0 1.73606e-06 0 1.97566e-06 0 2.21722e-06 0 2.46417e-06 0 2.71395e-06 0 2.96826e-06 0 3.22067e-06 0 3.48298e-06 0 3.73959e-06 0 3.99846e-06 0 4.26948e-06 0 4.52978e-06 0 4.78876e-06 0 5.0577e-06 0 5.32385e-06 0 5.58601e-06 0 5.85677e-06 0 6.12206e-06 0 6.39531e-06 0 6.6616e-06 0 6.9352e-06 0 7.20036e-06 0 7.47217e-06 0 7.7341e-06 0 8.00202e-06 0 8.27598e-06 0 8.53833e-06 0 8.80606e-06 0 9.07921e-06 0 9.33906e-06 0 9.6037e-06 0
335.009 8.04619e-06 6.946e-06 1.10019e-06 0.136734 -0.218925 1.79134e-08 0 6.10886e-08 0 1.89818e-07 0 3.54084e-07 0 5.40794e-07 0 7.45005e-07 0 9.60395e-07 0 1.18574e-06 0 1.4176e-06 0 1.65566e-06 0 1.89973e-06 0 2.1484e-06 0 2.39763e-06 0 2.65106e-06 0 2.90617e-06 0 3.16473e-06 0 3.42033e-06 0 3.68492e-06 0 3.94284e-06 0 4.20218e-06 0 4.47283e-06 0 4.732e-06 0 4.98916e-06 0 5.2555e-06 0 5.51841e-06 0 5.77678e-06 0 6.04302e-06 0 6.30331e-06 0 6.57086e-06 0 6.83107e-06 0 7.0979e-06 0 7.35604e-06 0 7.62018e-06 0 7.8743e-06 0 8.13381e-06 0 8.39874e-06 0 8.65206e-06 0 8.9102e-06 0 9.17318e-06 0 9.42303e-06 0 9.67713e-06 0
352.205 7.81025e-06 6.91145e-06 8.98802e-07 0.11508 -0.214397 2.44541e-08 0 7.85469e-08 0 2.30932e-07 0 4.1788e-07 0 6.25197e-07 0 8.47954e-07 0 1.07969e-06 0 1.31944e-06 0 1.56383e-06 0 1.81274e-06 0 2.06615e-06 0 2.32272e-06 0 2.57844e-06 0 2.83717e-06 0 3.0964e-06 0 3.35805e-06 0 3.61568e-06 0 3.88142e-06 0 4.13959e-06 0 4.39836e-06 0 4.66762e-06 0 4.92473e-06 0 5.17918e-06 0 5.44207e-06 0 5.70095e-06 0 5.9548e-06 0 6.21582e-06 0 6.47049e-06 0 6.73173e-06 0 6.98534e-06 0 7.24493e-06 0 7.49563e-06 0 7.75172e-06 0 7.99772e-06 0 8.24855e-06 0 8.50423e-06 0 8.74836e-06 0 8.99679e-06 0 9.24954e-06 0 9.48935e-06 0 9.73295e-06 0
370.284 7.64744e-06 6.91316e-06 7.3428e-07 0.0960165 -0.206879 3.26432e-08 0 9.90456e-08 0 2.76278e-07 0 4.85696e-07 0 7.12548e-07 0 9.52215e-07 0 1.1983e-06 0 1.45021e-06 0 1.70473e-06 0 1.96198e-06 0 2.22215e-06 0 2.48401e-06 0 2.74363e-06 0 3.00505e-06 0 3.26584e-06 0 3.52801e-06 0 3.7852e-06 0 4.04959e-06 0 4.30561e-06 0 4.56149e-06 0 4.82698e-06 0 5.07981e-06 0 5.32943e-06 0 5.58671e-06 0 5.83951e-06 0 6.08687e-06 0 6.34071e-06 0 6.58789e-06 0 6.84098e-06 0 7.08624e-06 0 7.33686e-06 0 7.57849e-06 0 7.82495e-06 0 8.06133e-06 0 8.302e-06 0 8.54699e-06 0 8.78059e-06 0 9.01801e-06 0 9.25924e-06 0 9.48784e-06 0 9.71978e-06 0
389.291 7.62557e-06 7.02574e-06 5.99834e-07 0.0786609 -0.190681 4.31236e-08 0 1.23947e-07 0 3.28874e-07 0 5.62498e-07 0 8.09989e-07 0 1.0673e-06 0 1.32825e-06 0 1.5927e-06 0 1.85765e-06 0 2.12352e-06 0 2.39071e-06 0 2.65814e-06 0 2.92195e-06 0 3.1864e-06 0 3.44913e-06 0 3.71225e-06 0 3.96949e-06 0 4.23306e-06 0 4.48753e-06 0 4.74114e-06 0 5.00358e-06 0 5.25289e-06 0 5.49845e-06 0 5.751e-06 0 5.99862e-06 0 6.24044e-06 0 6.48811e-06 0 6.72885e-06 0 6.97492e-06 0 7.21297e-06 0 7.45583e-06 0 7.68963e-06 0 7.92775e-06 0 8.1558e-06 0 8.38769e-06 0 8.62342e-06 0 8.84791e-06 0 9.07578e-06 0 9.30704e-06 0 9.52594e-06 0 9.74779e-06 0
409.273 7.41754e-06 6.93176e-06 4.85781e-07 0.0654909 -0.167718 5.39402e-08 0 1.47254e-07 0 3.72576e-07 0 6.20829e-07 0 8.78305e-07 0 1.14196e-06 0 1.4062e-06 0 1.67146e-06 0 1.9351e-06 0 2.19787e-06 0 2.46037e-06 0 2.72171e-06 0 2.97831e-06 0 3.23443e-06 0 3.4879e-06 0 3.74084e-06 0 3.98731e-06 0 4.23908e-06 0 4.48148e-06 0 4.72241e-06 0 4.97111e-06 0 5.20681e-06 0 5.43846e-06 0 5.67622e-06 0 5.90886e-06 0 6.13563e-06 0 6.36748e-06 0 6.59245e-06 0 6.82202e-06 0 7.04376e-06 0 7.26965e-06 0 7.48679e-06 0 7.70763e-06 0 7.91886e-06 0 8.13337e-06 0 8.35117e-06 0 8.55833e-06 0 8.76837e-06 0 8.98129e-06 0 9.18262e-06 0 9.38645e-06 0
430.281 7.15931e-06 6.7662e-06 3.93111e-07 0.054909 -0.143174 6.51819e-08 0 1.6944e-07 0 4.09772e-07 0 6.66091e-07 0 9.26636e-07 0 1.18961e-06 0 1.45026e-06 0 1.70955e-06 0 1.96533e-06 0 2.21863e-06 0 2.47024e-06 0 2.71949e-06 0 2.96313e-06 0 3.20534e-06 0 3.44417e-06 0 3.6817e-06 0 3.91244e-06 0 4.14747e-06 0 4.37313e-06 0 4.59689e-06 0 4.8273e-06 0 5.04519e-06 0 5.25891e-06 0 5.47782e-06 0 5.69163e-06 0 5.89967e-06 0 6.11201e-06 0 6.31773e-06 0 6.52733e-06 0 6.72948e-06 0 6.93511e-06 0 7.13252e-06 0 7.33304e-06 0 7.52459e-06 0 7.71888e-06 0 7.91591e-06 0 8.10312e-06 0 8.29272e-06 0 8.48473e-06 0 8.66609e-06 0 8.84954e-06 0
452.368 6.82749e-06 6.50991e-06 3.17577e-07 0.0465145 -0.117357 7.59012e-08 0 1.88331e-07 0 4.36319e-07 0 6.92742e-07 0 9.48465e-07 0 1.20307e-06 0 1.45277e-06 0 1.69907e-06 0 1.94031e-06 0 2.17775e-06 0 2.41237e-06 0 2.64369e-06 0 2.86885e-06 0 3.09185e-06 0 3.31098e-06 0 3.52822e-06 0 3.73865e-06 0 3.9524e-06 0 4.15712e-06 0 4.35964e-06 0 4.56773e-06 0 4.76409e-06 0 4.95633e-06 0 5.15287e-06 0 5.3445e-06 0 5.53065e-06 0 5.72035e-06 0 5.90386e-06 0 6.09055e-06 0 6.27037e-06 0 6.45304e-06 0 6.62818e-06 0 6.80586e-06 0 6.9754e-06 0 7.14717e-06 0 7.32118e-06 0 7.48634e-06 0 7.65344e-06 0 7.8225e-06 0 7.98203e-06 0 8.14325e-06 0
475.588 6.46431e-06 6.20782e-06 2.56491e-07 0.0396781 -0.0901394 8.57361e-08 0 2.03528e-07 0 4.52684e-07 0 7.02844e-07 0 9.47847e-07 0 1.18865e-06 0 1.42246e-06 0 1.65125e-06 0 1.87383e-06 0 2.09166e-06 0 2.30582e-06 0 2.51604e-06 0 2.71985e-06 0 2.92098e-06 0 3.11798e-06 0 3.31271e-06 0 3.50082e-06 0 3.69141e-06 0 3.87352e-06 0 4.05328e-06 0 4.2376e-06 0 4.41119e-06 0 4.58083e-06 0 4.75397e-06 0 4.92251e-06 0 5.08597e-06 0 5.25231e-06 0 5.41298e-06 0 5.57623e-06 0 5.73326e-06 0 5.89259e-06 0 6.04517e-06 0 6.19978e-06 0 6.34715e-06 0 6.4963e-06 0 6.64725e-06 0 6.79037e-06 0 6.93504e-06 0 7.08127e-06 0 7.21914e-06 0 7.35836e-06 0
500 6.05692e-06 5.85002e-06 2.06898e-07 0.034159 -0.060409 9.37683e-08 0 2.13431e-07 0 4.56682e-07 0 6.94178e-07 0 9.22827e-07 0 1.14482e-06 0 1.35837e-06 0 1.56573e-06 0 1.7662e-06 0 1.96134e-06 0 2.15228e-06 0 2.33893e-06 0 2.51922e-06 0 2.69654e-06 0 2.8697e-06 0 3.04038e-06 0 3.20484e-06 0 3.37107e-06 0 3.52956e-06 0 3.68568e-06 0 3.84544e-06 0 3.99563e-06 0 4.14215e-06 0 4.29147e-06 0 4.43658e-06 0 4.57713e-06 0 4.71995e-06 0 4.85772e-06 0 4.99753e-06 0 5.13185e-06 0 5.26797e-06 0 5.39819e-06 0 5.53e-06 0 5.6555e-06 0 5.78241e-06 0 5.91072e-06 0 6.03226e-06 0 6.15502e-06 0 6.27899e-06 0 6.39578e-06 0 6.51361e-06 0
525.665 5.57893e-06 5.41242e-06 1.6651e-07 0.0298463 -0.0291441 9.87474e-08 0 2.15964e-07 0 4.45429e-07 0 6.63599e-07 0 8.70266e-07 0 1.06862e-06 0 1.25774e-06 0 1.44007e-06 0 1.6153e-06 0 1.78501e-06 0 1.95033e-06 0 2.1113e-06 0 2.26624e-06 0 2.41817e-06 0 2.5661e-06 0 2.71153e-06 0 2.85132e-06 0 2.99231e-06 0 3.12645e-06 0 3.25833e-06 0 3.39305e-06 0 3.51948e-06 0 3.64263e-06 0 3.76794e-06 0 3.88954e-06 0 4.00716e-06 0 4.12653e-06 0 4.24154e-06 0 4.35812e-06 0 4.46998e-06 0 4.58323e-06 0 4.69145e-06 0 4.80089e-06 0 4.90499e-06 0 5.01017e-06 0 5.11641e-06 0 5.21696e-06 0 5.31844e-06 0 5.42083e-06 0 5.51722e-06 0 5.6144e-06 0
552.648 5.04207e-06 4.90829e-06 1.33786e-07 0.0265339 0.000589776 1.00066e-07 0 2.10702e-07 0 4.19686e-07 0 6.13449e-07 0 7.9421e-07 0 9.65823e-07 0 1.12808e-06 0 1.28348e-06 0 1.43199e-06 0 1.57513e-06 0 1.714e-06 0 1.84871e-06 0 1.97796e-06 0 2.10432e-06 0 2.22703e-06 0 2.34738e-06 0 2.4628e-06 0 2.57896e-06 0 2.68927e-06 0 2.79753e-06 0 2.90792e-06 0 3.01136e-06 0 3.11197e-06 0 3.2142e-06 0 3.31328e-06 0 3.40899e-06 0 3.506e-06 0 3.59937e-06 0 3.6939e-06 0 3.78452e-06 0 3.87616e-06 0 3.96365e-06 0 4.05205e-06 0 4.13607e-06 0 4.22088e-06 0 4.30647e-06 0 4.38742e-06 0 4.46905e-06 0 4.55136e-06 0 4.62879e-06 0 4.7068e-06 0
581.015 4.46678e-06 4.35942e-06 1.07361e-07 0.0240354 0.0267954 9.75861e-08 0 1.98216e-07 0 3.81977e-07 0 5.48347e-07 0 7.0133e-07 0 8.45093e-07 0 9.7996e-07 0 1.10831e-06 0 1.23033e-06 0 1.34741e-06 0 1.46056e-06 0 1.56995e-06 0 1.67458e-06 0 1.7766e-06 0 1.87541e-06 0 1.97211e-06 0 2.06465e-06 0 2.15761e-06 0 2.24572e-06 0 2.33205e-06 0 2.41995e-06 0 2.50219e-06 0 2.58207e-06 0 2.66312e-06 0 2.74159e-06 0 2.81729e-06 0 2.89395e-06 0 2.96764e-06 0 3.04217e-06 0 3.11355e-06 0 3.18568e-06 0 3.25447e-06 0 3.32391e-06 0 3.38986e-06 0 3.45638e-06 0 3.52346e-06 0 3.58686e-06 0 3.65075e-06 0 3.71512e-06 0 3.77564e-06 0 3.83657e-06 0
610.839 3.89865e-06 3.81246e-06 8.61897e-08 0.0221076 0.0476604 9.21594e-08 0 1.80907e-07 0 3.3787e-07 0 4.76818e-07 0 6.02861e-07 0 7.20175e-07 0 8.29423e-07 0 9.32779e-07 0 1.03056e-06 0 1.12399e-06 0 1.21395e-06 0 1.30065e-06 0 1.38334e-06 0 1.46375e-06 0 1.54147e-06 0 1.61735e-06 0 1.68984e-06 0 1.76251e-06 0 1.83129e-06 0 1.89857e-06 0 1.96697e-06 0 2.03088e-06 0 2.09287e-06 0 2.15571e-06 0 2.21646e-06 0 2.27501e-06 0 2.33424e-06 0 2.39112e-06 0 2.4486e-06 0 2.50359e-06 0 2.55911e-06 0 2.61202e-06 0 2.66539e-06 0 2.71604e-06 0 2.76709e-06 0 2.81853e-06 0 2.86712e-06 0 2.91604e-06 0 2.96531e-06 0 3.0116e-06 0 3.05818e-06 0
642.193 3.36478e-06 3.2955e-06 6.92732e-08 0.0205878 0.0630752 8.46777e-08 0 1.60922e-07 0 2.91762e-07 0 4.05152e-07 0 5.06705e-07 0 6.00377e-07 0 6.8701e-07 0 7.68519e-07 0 8.45276e-07 0 9.18336e-07 0 9.88447e-07 0 1.05581e-06 0 1.11989e-06 0 1.18205e-06 0 1.24201e-06 0 1.30043e-06 0 1.35613e-06 0 1.41189e-06 0 1.46457e-06 0 1.51604e-06 0 1.56829e-06 0 1.61704e-06 0 1.66428e-06 0 1.71211e-06 0 1.7583e-06 0 1.80277e-06 0 1.84772e-06 0 1.89084e-06 0 1.93438e-06 0 1.976e-06 0 2.01799e-06 0 2.05797e-06 0 2.09827e-06 0 2.13649e-06 0 2.17498e-06 0 2.21375e-06 0 2.25034e-06 0 2.28716e-06 0 2.32422e-06 0 2.35902e-06 0 2.39402e-06 0
675.157 2.88498e-06 2.8292e-06 5.57784e-08 0.019334 0.0733494 7.61228e-08 0 1.40291e-07 0 2.47315e-07 0 3.38228e-07 0 4.18682e-07 0 4.92268e-07 0 5.59887e-07 0 6.23179e-07 0 6.82528e-07 0 7.38813e-07 0 7.92655e-07 0 8.44242e-07 0 8.93195e-07 0 9.40582e-07 0 9.86188e-07 0 1.03055e-06 0 1.07278e-06 0 1.11498e-06 0 1.15479e-06 0 1.19364e-06 0 1.23303e-06 0 1.26973e-06 0 1.30526e-06 0 1.3412e-06 0 1.37587e-06 0 1.40922e-06 0 1.44289e-06 0 1.47517e-06 0 1.50774e-06 0 1.53885e-06 0 1.5702e-06 0 1.60004e-06 0 1.6301e-06 0 1.65858e-06 0 1.68726e-06 0 1.71611e-06 0 1.74334e-06 0 1.77072e-06 0 1.79826e-06 0 1.82411e-06 0 1.85009e-06 0
709.813 2.4677e-06 2.42268e-06 4.50159e-08 0.0182421 0.0795863 6.72945e-08 0 1.20466e-07 0 2.06803e-07 0 2.78777e-07 0 3.41759e-07 0 3.98912e-07 0 4.51115e-07 0 4.99744e-07 0 5.45161e-07 0 5.88089e-07 0 6.29034e-07 0 6.68162e-07 0 7.05207e-07 0 7.40993e-07 0 7.75371e-07 0 8.08753e-07 0 8.4048e-07 0 8.72143e-07 0 9.01975e-07 0 9.31044e-07 0 9.60483e-07 0 9.87891e-07 0 1.01439e-06 0 1.04117e-06 0 1.06698e-06 0 1.09179e-06 0 1.11681e-06 0 1.14079e-06 0 1.16495e-06 0 1.18802e-06 0 1.21126e-06 0 1.23336e-06 0 1.25561e-06 0 1.27667e-06 0 1.29787e-06 0 1.31919e-06 0 1.33929e-06 0 1.35951e-06 0 1.37982e-06 0 1.39888e-06 0 1.41803e-06 0
746.248 2.11386e-06 2.07744e-06 3.6413e-08 0.0172259 0.0830958 5.87755e-08 0 1.0236e-07 0 1.71366e-07 0 2.27886e-07 0 2.76828e-07 0 3.20914e-07 0 3.60958e-07 0 3.98093e-07 0 4.32647e-07 0 4.65205e-07 0 4.96175e-07 0 5.25699e-07 0 5.53592e-07 0 5.80487e-07 0 6.06278e-07 0 6.31283e-07 0 6.55014e-07 0 6.78666e-07 0 7.00922e-07 0 7.22584e-07 0 7.44499e-07 0 7.6488e-07 0 7.84569e-07 0 8.04444e-07 0 8.23588e-07 0 8.41973e-07 0 8.60505e-07 0 8.78246e-07 0 8.96116e-07 0 9.13164e-07 0 9.30326e-07 0 9.46636e-07 0 9.63046e-07 0 9.78579e-07 0 9.94198e-07 0 1.0099e-06 0 1.0247e-06 0 1.03957e-06 0 1.05451e-06 0 1.06852e-06 0 1.08259e-06 0
784.553 1.80867e-06 1.77917e-06 2.95011e-08 0.0163109 0.0845815 5.06211e-08 0 8.5893e-08 0 1.40432e-07 0 1.84368e-07 0 2.22043e-07 0 2.55749e-07 0 2.86204e-07 0 3.1433e-07 0 3.40411e-07 0 3.64914e-07 0 3.88163e-07 0 4.10278e-07 0 4.31131e-07 0 4.51201e-07 0 4.70417e-07 0 4.8902e-07 0 5.06652e-07 0 5.24204e-07 0 5.40701e-07 0 5.56741e-07 0 5.72951e-07 0 5.88014e-07 0 6.02552e-07 0 6.17215e-07 0 6.31328e-07 0 6.44872e-07 0 6.58515e-07 0 6.71566e-07 0 6.84705e-07 0 6.97231e-07 0 7.09833e-07 0 7.21804e-07 0 7.33841e-07 0 7.45229e-07 0 7.56675e-07 0 7.68177e-07 0 7.79011e-07 0 7.89893e-07 0 8.00824e-07 0 8.11068e-07 0 8.21354e-07 0
824.824 1.54931e-06 1.52537e-06 2.39394e-08 0.0154517 0.0847822 4.31218e-08 0 7.13899e-08 0 1.14139e-07 0 1.4805e-07 0 1.76863e-07 0 2.02476e-07 0 2.25508e-07 0 2.46696e-07 0 2.66282e-07 0 2.84633e-07 0 3.02004e-07 0 3.18494e-07 0 3.34014e-07 0 3.48928e-07 0 3.63187e-07 0 3.76972e-07 0 3.90021e-07 0 4.02996e-07 0 4.15178e-07 0 4.27012e-07 0 4.3896e-07 0 4.50053e-07 0 4.6075e-07 0 4.71533e-07 0 4.81902e-07 0 4.91847e-07 0 5.01859e-07 0 5.1143e-07 0 5.2106e-07 0 5.30236e-07 0 5.39462e-07 0 5.48222e-07 0 5.57026e-07 0 5.65352e-07 0 5.73716e-07 0 5.82117e-07 0 5.90027e-07 0 5.9797e-07 0 6.05944e-07 0 6.13415e-07 0 6.20914e-07 0
867.163 1.3235e-06 1.30405e-06 1.94458e-08 0.0146928 0.0838625 3.62134e-08 0 5.85754e-08 0 9.1698e-08 0 1.17595e-07 0 1.39413e-07 0 1.58693e-07 0 1.75953e-07 0 1.91775e-07 0 2.06357e-07 0 2.19986e-07 0 2.32859e-07 0 2.45056e-07 0 2.56516e-07 0 2.67513e-07 0 2.78011e-07 0 2.88149e-07 0 2.97735e-07 0 3.07256e-07 0 3.16187e-07 0 3.24854e-07 0 3.33598e-07 0 3.4171e-07 0 3.49527e-07 0 3.574e-07 0 3.64967e-07 0 3.7222e-07 0 3.79517e-07 0 3.86489e-07 0 3.935e-07 0 4.00177e-07 0 4.06888e-07 0 4.13256e-07 0 4.19653e-07 0 4.25701e-07 0 4.31774e-07 0 4.37871e-07 0 4.4361e-07 0 4.4937e-07 0 4.55151e-07 0 4.60566e-07 0 4.65998e-07 0
911.674 1.12955e-06 1.11374e-06 1.5812e-08 0.0139984 0.0820925 3.00559e-08 0 4.75609e-08 0 7.2991e-08 0 9.26075e-08 0 1.09004e-07 0 1.23415e-07 0 1.36262e-07 0 1.47999e-07 0 1.58788e-07 0 1.68848e-07 0 1.78331e-07 0 1.87301e-07 0 1.95716e-07 0 2.03779e-07 0 2.11468e-07 0 2.18884e-07 0 2.25888e-07 0 2.32839e-07 0 2.39353e-07 0 2.4567e-07 0 2.52038e-07 0 2.57941e-07 0 2.63625e-07 0 2.69347e-07 0 2.74843e-07 0 2.80108e-07 0 2.85402e-07 0 2.90458e-07 0 2.95539e-07 0 3.00376e-07 0 3.05236e-07 0 3.09845e-07 0 3.14474e-07 0 3.18847e-07 0 3.23238e-07 0 3.27644e-07 0 3.3179e-07 0 3.3595e-07 0 3.40124e-07 0 3.44032e-07 0 3.47951e-07 0
958.471 9.62138e-07 9.49271e-07 1.28672e-08 0.0133736 0.0793128 2.46426e-08 0 3.81964e-08 0 5.75334e-08 0 7.2264e-08 0 8.4487e-08 0 9.51751e-08 0 1.04667e-07 0 1.13312e-07 0 1.21239e-07 0 1.28615e-07 0 1.35556e-07 0 1.4211e-07 0 1.4825e-07 0 1.54125e-07 0 1.59722e-07 0 1.65114e-07 0 1.70202e-07 0 1.75247e-07 0 1.79971e-07 0 1.84548e-07 0 1.89159e-07 0 1.93431e-07 0 1.97542e-07 0 2.01678e-07 0 2.05648e-07 0 2.09449e-07 0 2.13269e-07 0 2.16916e-07 0 2.2058e-07 0 2.24065e-07 0 2.27566e-07 0 2.30885e-07 0 2.34217e-07 0 2.37364e-07 0 2.40522e-07 0 2.43691e-07 0 2.46671e-07 0 2.4966e-07 0 2.52659e-07 0 2.55466e-07 0 2.5828e-07 0
1007.67 8.20161e-07 8.09681e-07 1.04794e-08 0.0127772 0.0759224 2.00258e-08 0 3.0441e-08 0 4.50521e-08 0 5.60537e-08 0 6.51209e-08 0 7.30124e-08 0 7.99956e-08 0 8.63388e-08 0 9.21411e-08 0 9.75297e-08 0 1.02592e-07 0 1.07364e-07 0 1.1183e-07 0 1.16098e-07 0 1.2016e-07 0 1.24069e-07 0 1.27754e-07 0 1.31406e-07 0 1.34822e-07 0 1.3813e-07 0 1.41461e-07 0 1.44544e-07 0 1.4751e-07 0 1.50492e-07 0 1.53353e-07 0 1.56091e-07 0 1.58841e-07 0 1.61466e-07 0 1.64101e-07 0 1.66608e-07 0 1.69124e-07 0 1.71509e-07 0 1.73903e-07 0 1.76162e-07 0 1.7843e-07 0 1.80703e-07 0 1.82842e-07 0 1.84986e-07 0 1.87136e-07 0 1.89148e-07 0 1.91165e-07 0
1059.39 7.00293e-07 6.91752e-07 8.54097e-09 0.0121963 0.0720342 1.61537e-08 0 2.41084e-08 0 3.50944e-08 0 4.32776e-08 0 4.99799e-08 0 5.57879e-08 0 6.09108e-08 0 6.55521e-08 0 6.97886e-08 0 7.3716e-08 0 7.73996e-08 0 8.08682e-08 0 8.41095e-08 0 8.72045e-08 0 9.01463e-08 0 9.29755e-08 0 9.56409e-08 0 9.82793e-08 0 1.00746e-07 0 1.03134e-07 0 1.05536e-07 0 1.07758e-07 0 1.09895e-07 0 1.12042e-07 0 1.14102e-07 0 1.16072e-07 0 1.1805e-07 0 1.19937e-07 0 1.2183e-07 0 1.23631e-07 0 1.25438e-07 0 1.2715e-07 0 1.28868e-07 0 1.30489e-07 0 1.32115e-07 0 1.33746e-07 0 1.35278e-07 0 1.36815e-07 0 1.38355e-07 0 1.39797e-07 0 1.41241e-07 0
1113.77 5.9951e-07 5.92545e-07 6.96584e-09 0.0116192 0.0679471 1.29535e-08 0 1.9001e-08 0 2.72327e-08 0 3.33034e-08 0 3.82468e-08 0 4.25136e-08 0 4.62658e-08 0 4.96572e-08 0 5.27468e-08 0 5.56062e-08 0 5.82844e-08 0 6.0803e-08 0 6.31541e-08 0 6.53968e-08 0 6.75266e-08 0 6.95733e-08 0 7.15e-08 0 7.3406e-08 0 7.51871e-08 0 7.69097e-08 0 7.86418e-08 0 8.02436e-08 0 8.1783e-08 0 8.33292e-08 0 8.48115e-08 0 8.62289e-08 0 8.76516e-08 0 8.90081e-08 0 9.03692e-08 0 9.1663e-08 0 9.29608e-08 0 9.41902e-08 0 9.54232e-08 0 9.65867e-08 0 9.77532e-08 0 9.89228e-08 0 1.00022e-07 0 1.01123e-07 0 1.02228e-07 0 1.0326e-07 0 1.04295e-07 0
1170.94 5.14264e-07 5.0858e-07 5.68411e-09 0.0110529 0.0637905 1.03247e-08 0 1.49009e-08 0 2.10464e-08 0 2.5537e-08 0 2.91744e-08 0 3.23023e-08 0 3.50455e-08 0 3.75195e-08 0 3.97693e-08 0 4.18483e-08 0 4.3793e-08 0 4.56198e-08 0 4.73234e-08 0 4.89469e-08 0 5.04876e-08 0 5.19669e-08 0 5.33586e-08 0 5.47345e-08 0 5.60195e-08 0 5.72616e-08 0 5.851e-08 0 5.96639e-08 0 6.07724e-08 0 6.18854e-08 0 6.29519e-08 0 6.39713e-08 0 6.49942e-08 0 6.59692e-08 0 6.69473e-08 0 6.78766e-08 0 6.88086e-08 0 6.96912e-08 0 7.05761e-08 0 7.1411e-08 0 7.22478e-08 0 7.30866e-08 0 7.38747e-08 0 7.46645e-08 0 7.54559e-08 0 7.61959e-08 0 7.69374e-08 0
1231.05 4.42152e-07 4.37511e-07 4.64032e-09 0.0104949 0.0597039 8.18616e-09 0 1.16353e-08 0 1.62101e-08 0 1.95246e-08 0 2.21962e-08 0 2.44859e-08 0 2.64889e-08 0 2.82917e-08 0 2.99285e-08 0 3.14389e-08 0 3.28501e-08 0 3.41743e-08 0 3.54081e-08 0 3.65829e-08 0 3.76969e-08 0 3.87659e-08 0 3.9771e-08 0 4.0764e-08 0 4.1691e-08 0 4.25866e-08 0 4.34863e-08 0 4.43175e-08 0 4.51157e-08 0 4.59169e-08 0 4.66844e-08 0 4.74177e-08 0 4.81533e-08 0 4.88542e-08 0 4.95571e-08 0 5.02248e-08 0 5.08943e-08 0 5.15281e-08 0 5.21634e-08 0 5.27627e-08 0 5.33633e-08 0 5.39651e-08 0 5.45304e-08 0 5.50969e-08 0 5.56643e-08 0 5.61949e-08 0 5.67264e-08 0
1294.24 3.8113e-07 3.7734e-07 3.78993e-09 0.00994394 0.0557927 6.46114e-09 0 9.0526e-09 0 1.24505e-08 0 1.48931e-08 0 1.6853e-08 0 1.85277e-08 0 1.99892e-08 0 2.13023e-08 0 2.24926e-08 0 2.35897e-08 0 2.46135e-08 0 2.55734e-08 0 2.64669e-08 0 2.73171e-08 0 2.81228e-08 0 2.88954e-08 0 2.96214e-08 0 3.03384e-08 0 3.10073e-08 0 3.16533e-08 0 3.2302e-08 0 3.29011e-08 0 3.34762e-08 0 3.40532e-08 0 3.46058e-08 0 3.51336e-08 0 3.56629e-08 0 3.61671e-08 0 3.66727e-08 0 3.71528e-08 0 3.7634e-08 0 3.80895e-08 0 3.8546e-08 0 3.89765e-08 0 3.94078e-08 0 3.984e-08 0 4.02459e-08 0 4.06525e-08 0 4.10598e-08 0 4.14405e-08 0 4.18218e-08 0
1360.67 3.29238e-07 3.26142e-07 3.09675e-09 0.0094058 0.05207 5.07655e-09 0 7.01743e-09 0 9.5355e-09 0 1.13326e-08 0 1.27686e-08 0 1.39921e-08 0 1.50577e-08 0 1.60134e-08 0 1.68786e-08 0 1.76751e-08 0 1.84177e-08 0 1.91133e-08 0 1.97603e-08 0 2.03755e-08 0 2.09581e-08 0 2.15165e-08 0 2.2041e-08 0 2.25587e-08 0 2.30414e-08 0 2.35075e-08 0 2.39753e-08 0 2.44072e-08 0 2.48217e-08 0 2.52374e-08 0 2.56354e-08 0 2.60154e-08 0 2.63964e-08 0 2.67593e-08 0 2.7123e-08 0 2.74684e-08 0 2.78145e-08 0 2.8142e-08 0 2.84702e-08 0 2.87796e-08 0 2.90896e-08 0 2.94001e-08 0 2.96917e-08 0 2.99837e-08 0 3.02762e-08 0 3.05496e-08 0 3.08234e-08 0
1430.51 2.84802e-07 2.82271e-07 2.53107e-09 0.0088871 0.0485603 3.96907e-09 0 5.41754e-09 0 7.27852e-09 0 8.59786e-09 0 9.64818e-09 0 1.05407e-08 0 1.13165e-08 0 1.20113e-08 0 1.26395e-08 0 1.32172e-08 0 1.37553e-08 0 1.42589e-08 0 1.4727e-08 0 1.51719e-08 0 1.5593e-08 0 1.59963e-08 0 1.63749e-08 0 1.67485e-08 0 1.70968e-08 0 1.74329e-08 0 1.77701e-08 0 1.80814e-08 0 1.83799e-08 0 1.86793e-08 0 1.89659e-08 0 1.92395e-08 0 1.95137e-08 0 1.97748e-08 0 2.00364e-08 0 2.02848e-08 0 2.05337e-08 0 2.07691e-08 0 2.1005e-08 0 2.12274e-08 0 2.14501e-08 0 2.16732e-08 0 2.18827e-08 0 2.20924e-08 0 2.23025e-08 0 2.24988e-08 0 2.26953e-08 0
1503.94 2.46342e-07 2.44273e-07 2.06916e-09 0.00839952 0.0453499 3.08461e-09 0 4.1606e-09 0 5.53068e-09 0 6.49609e-09 0 7.262e-09 0 7.91131e-09 0 8.47469e-09 0 8.97852e-09 0 9.43353e-09 0 9.85158e-09 0 1.02406e-08 0 1.06045e-08 0 1.09426e-08 0 1.12636e-08 0 1.15673e-08 0 1.18581e-08 0 1.21309e-08 0 1.24001e-08 0 1.26508e-08 0 1.28928e-08 0 1.31355e-08 0 1.33594e-08 0 1.35741e-08 0 1.37894e-08 0 1.39954e-08 0 1.4192e-08 0 1.4389e-08 0 1.45766e-08 0 1.47645e-08 0 1.49429e-08 0 1.51216e-08 0 1.52906e-08 0 1.54599e-08 0 1.56195e-08 0 1.57793e-08 0 1.59394e-08 0 1.60896e-08 0 1.624e-08 0 1.63907e-08 0 1.65314e-08 0 1.66724e-08 0
1581.14 2.11748e-07 2.10056e-07 1.69156e-09 0.00798856 0.0423191 2.36898e-09 0 3.15993e-09 0 4.1588e-09 0 4.85872e-09 0 5.41225e-09 0 5.8805e-09 0 6.28611e-09 0 6.64839e-09 0 6.97523e-09 0 7.27525e-09 0 7.55426e-09 0 7.81504e-09 0 8.05715e-09 0 8.28697e-09 0 8.50427e-09 0 8.71225e-09 0 8.90734e-09 0 9.09967e-09 0 9.27885e-09 0 9.45165e-09 0 9.62493e-09 0 9.78477e-09 0 9.93802e-09 0 1.00916e-08 0 1.02386e-08 0 1.03788e-08 0 1.05193e-08 0 1.0653e-08 0 1.0787e-08 0 1.09141e-08 0 1.10414e-08 0 1.11618e-08 0 1.12824e-08 0 1.13961e-08 0 1.15099e-08 0 1.16239e-08 0 1.17308e-08 0 1.18379e-08 0 1.19451e-08 0 1.20453e-08 0 1.21456e-08 0
1662.3 1.8174e-07 1.80357e-07 1.38284e-09 0.00760889 0.0388989 1.8072e-09 0 2.38553e-09 0 3.11038e-09 0 3.61571e-09 0 4.01418e-09 0 4.35059e-09 0 4.64158e-09 0 4.90118e-09 0 5.13515e-09 0 5.34975e-09 0 5.5492e-09 0 5.73549e-09 0 5.90836e-09 0 6.07237e-09 0 6.22739e-09 0 6.3757e-09 0 6.51476e-09 0 6.65182e-09 0 6.77946e-09 0 6.90253e-09 0 7.02591e-09 0 7.13968e-09 0 7.24875e-09 0 7.35805e-09 0 7.46258e-09 0 7.56232e-09 0 7.66223e-09 0 7.7573e-09 0 7.85252e-09 0 7.94287e-09 0 8.03336e-09 0 8.11893e-09 0 8.20461e-09 0 8.28535e-09 0 8.36619e-09 0 8.44713e-09 0 8.52309e-09 0 8.59913e-09 0 8.67525e-09 0 8.74637e-09 0 8.81755e-09 0
1747.63 1.59197e-07 1.58066e-07 1.13092e-09 0.00710392 0.0352658 1.40038e-09 0 1.83049e-09 0 2.36585e-09 0 2.73733e-09 0 3.02948e-09 0 3.27569e-09 0 3.48837e-09 0 3.6779e-09 0 3.84858e-09 0 4.00501e-09 0 4.1503e-09 0 4.28594e-09 0 4.41174e-09 0 4.53105e-09 0 4.64377e-09 0 4.75157e-09 0 4.85262e-09 0 4.95218e-09 0 5.04488e-09 0 5.13423e-09 0 5.22379e-09 0 5.30636e-09 0 5.3855e-09 0 5.46479e-09 0 5.5406e-09 0 5.61293e-09 0 5.68537e-09 0 5.75429e-09 0 5.82332e-09 0 5.8888e-09 0 5.95436e-09 0 6.01636e-09 0 6.07843e-09 0 6.13692e-09 0 6.19547e-09 0 6.25409e-09 0 6.30909e-09 0 6.36415e-09 0 6.41926e-09 0 6.47075e-09 0 6.52227e-09 0
1837.33 1.41644e-07 1.40718e-07 9.25405e-10 0.00653332 0.0323627 1.09726e-09 0 1.42114e-09 0 1.82174e-09 0 2.09853e-09 0 2.31568e-09 0 2.49839e-09 0 2.65601e-09 0 2.79635e-09 0 2.92262e-09 0 3.03828e-09 0 3.14564e-09 0 3.24582e-09 0 3.33869e-09 0 3.42674e-09 0 3.50989e-09 0 3.58939e-09 0 3.66389e-09 0 3.73727e-09 0 3.80558e-09 0 3.8714e-09 0 3.93736e-09 0 3.99817e-09 0 4.05643e-09 0 4.1148e-09 0 4.1706e-09 0 4.22382e-09 0 4.27712e-09 0 4.32783e-09 0 4.3786e-09 0 4.42676e-09 0 4.47498e-09 0 4.52056e-09 0 4.5662e-09 0 4.6092e-09 0 4.65224e-09 0 4.69532e-09 0 4.73575e-09 0 4.77621e-09 0 4.8167e-09 0 4.85453e-09 0 4.89238e-09 0
1931.64 1.25096e-07 1.24339e-07 7.57254e-10 0.00605337 0.030109 8.49684e-10 0 1.09105e-09 0 1.38785e-09 0 1.59212e-09 0 1.75203e-09 0 1.88637e-09 0 2.00214e-09 0 2.10512e-09 0 2.19772e-09 0 2.28248e-09 0 2.36112e-09 0 2.43446e-09 0 2.50243e-09 0 2.56684e-09 0 2.62766e-09 0 2.68578e-09 0 2.74024e-09 0 2.79386e-09 0 2.84377e-09 0 2.89185e-09 0 2.94002e-09 0 2.98442e-09 0 3.02696e-09 0 3.06956e-09 0 3.11028e-09 0 3.14912e-09 0 3.18801e-09 0 3.225e-09 0 3.26204e-09 0 3.29716e-09 0 3.33232e-09 0 3.36557e-09 0 3.39884e-09 0 3.43019e-09 0 3.46157e-09 0 3.49297e-09 0 3.52243e-09 0 3.55192e-09 0 3.58143e-09 0 3.60899e-09 0 3.63658e-09 0
2030.79 1.09737e-07 1.09117e-07 6.19558e-10 0.00564585 0.0278269 6.50868e-10 0 8.29025e-10 0 1.04695e-09 0 1.1964e-09 0 1.31316e-09 0 1.41112e-09 0 1.49545e-09 0 1.5704e-09 0 1.63775e-09 0 1.69937e-09 0 1.75651e-09 0 1.80978e-09 0 1.85913e-09 0 1.90588e-09 0 1.95001e-09 0 1.99218e-09 0 2.03167e-09 0 2.07055e-09 0 2.10673e-09 0 2.14158e-09 0 2.17649e-09 0 2.20866e-09 0 2.23947e-09 0 2.27033e-09 0 2.29983e-09 0 2.32795e-09 0 2.35611e-09 0 2.38289e-09 0 2.4097e-09 0 2.43512e-09 0 2.46057e-09 0 2.48463e-09 0 2.50871e-09 0 2.53139e-09 0 2.55409e-09 0 2.57681e-09 0 2.59812e-09 0 2.61945e-09 0 2.64079e-09 0 2.66073e-09 0 2.68067e-09 0
2135.03 9.63606e-08 9.58537e-08 5.06917e-10 0.00526062 0.0256357 4.97189e-10 0 6.28499e-10 0 7.88346e-10 0 8.97612e-10 0 9.82821e-10 0 1.05422e-09 0 1.11563e-09 0 1.17017e-09 0 1.21915e-09 0 1.26394e-09 0 1.30545e-09 0 1.34414e-09 0 1.37997e-09 0 1.41391e-09 0 1.44593e-09 0 1.47652e-09 0 1.50516e-09 0 1.53336e-09 0 1.55959e-09 0 1.58485e-09 0 1.61015e-09 0 1.63347e-09 0 1.65579e-09 0 1.67815e-09 0 1.69952e-09 0 1.71989e-09 0 1.74028e-09 0 1.75967e-09 0 1.77909e-09 0 1.79749e-09 0 1.81592e-09 0 1.83333e-09 0 1.85076e-09 0 1.86718e-09 0 1.8836e-09 0 1.90004e-09 0 1.91547e-09 0 1.9309e-09 0 1.94634e-09 0 1.96076e-09 0 1.97519e-09 0
2244.63 8.47588e-08 8.4344e-08 4.14771e-10 0.00489354 0.023571 3.79094e-10 0 4.75821e-10 0 5.9305e-10 0 6.72948e-10 0 7.35151e-10 0 7.87213e-10 0 8.31953e-10 0 8.71663e-10 0 9.07306e-10 0 9.39883e-10 0 9.70069e-10 0 9.9819e-10 0 1.02422e-09 0 1.04887e-09 0 1.07213e-09 0 1.09434e-09 0 1.11513e-09 0 1.1356e-09 0 1.15463e-09 0 1.17296e-09 0 1.19132e-09 0 1.20823e-09 0 1.22442e-09 0 1.24064e-09 0 1.25613e-09 0 1.2709e-09 0 1.28568e-09 0 1.29974e-09 0 1.31381e-09 0 1.32715e-09 0 1.3405e-09 0 1.35312e-09 0 1.36575e-09 0 1.37765e-09 0 1.38955e-09 0 1.40146e-09 0 1.41263e-09 0 1.42381e-09 0 1.43499e-09 0 1.44544e-09 0 1.45589e-09 0
2359.84 7.46968e-08 7.43574e-08 3.39392e-10 0.0045436 0.0216618 2.88643e-10 0 3.59884e-10 0 4.45878e-10 0 5.0433e-10 0 5.49768e-10 0 5.87759e-10 0 6.20382e-10 0 6.49321e-10 0 6.75282e-10 0 6.99001e-10 0 7.2097e-10 0 7.41431e-10 0 7.60368e-10 0 7.78294e-10 0 7.95201e-10 0 8.11347e-10 0 8.2646e-10 0 8.41332e-10 0 8.55161e-10 0 8.68477e-10 0 8.8181e-10 0 8.94091e-10 0 9.05851e-10 0 9.17623e-10 0 9.28871e-10 0 9.39594e-10 0 9.50325e-10 0 9.60529e-10 0 9.70741e-10 0 9.80423e-10 0 9.90111e-10 0 9.99268e-10 0 1.00843e-09 0 1.01706e-09 0 1.02569e-09 0 1.03433e-09 0 1.04244e-09 0 1.05055e-09 0 1.05866e-09 0 1.06623e-09 0 1.07381e-09 0
2480.97 6.59578e-08 6.568e-08 2.77749e-10 0.00421102 0.0198996 2.19515e-10 0 2.71988e-10 0 3.35096e-10 0 3.77887e-10 0 4.11105e-10 0 4.38853e-10 0 4.62663e-10 0 4.83773e-10 0 5.02702e-10 0 5.1999e-10 0 5.35998e-10 0 5.50903e-10 0 5.64693e-10 0 5.77746e-10 0 5.90053e-10 0 6.01804e-10 0 6.12802e-10 0 6.23623e-10 0 6.33684e-10 0 6.4337e-10 0 6.53067e-10 0 6.61998e-10 0 6.7055e-10 0 6.79109e-10 0 6.87286e-10 0 6.95081e-10 0 7.02882e-10 0 7.10298e-10 0 7.1772e-10 0 7.24756e-10 0 7.31797e-10 0 7.3845e-10 0 7.45108e-10 0 7.51377e-10 0 7.5765e-10 0 7.63926e-10 0 7.69813e-10 0 7.75703e-10 0 7.81596e-10 0 7.87098e-10 0 7.92602e-10 0
2608.32 5.83532e-08 5.81258e-08 2.27326e-10 0.0038957 0.0182764 1.66775e-10 0 2.05432e-10 0 2.51769e-10 0 2.83118e-10 0 3.07423e-10 0 3.27709e-10 0 3.45106e-10 0 3.60521e-10 0 3.74339e-10 0 3.86954e-10 0 3.98632e-10 0 4.09502e-10 0 4.19557e-10 0 4.29072e-10 0 4.38043e-10 0 4.46607e-10 0 4.54621e-10 0 4.62504e-10 0 4.69833e-10 0 4.76888e-10 0 4.8395e-10 0 4.90454e-10 0 4.96681e-10 0 5.02913e-10 0 5.08866e-10 0 5.1454e-10 0 5.20219e-10 0 5.25617e-10 0 5.31018e-10 0 5.36139e-10 0 5.41263e-10 0 5.46104e-10 0 5.50949e-10 0 5.5551e-10 0 5.60074e-10 0 5.6464e-10 0 5.68923e-10 0 5.73207e-10 0 5.77494e-10 0 5.81496e-10 0 5.855e-10 0
2742.21 5.17223e-08 5.15363e-08 1.86063e-10 0.00359735 0.0167837 1.26595e-10 0 1.55083e-10 0 1.89126e-10 0 2.12111e-10 0 2.29912e-10 0 2.44757e-10 0 2.57481e-10 0 2.68751e-10 0 2.78848e-10 0 2.88065e-10 0 2.96594e-10 0 3.04531e-10 0 3.11872e-10 0 3.18818e-10 0 3.25365e-10 0 3.31613e-10 0 3.3746e-10 0 3.43211e-10 0 3.48557e-10 0 3.53703e-10 0 3.58853e-10 0 3.63596e-10 0 3.68136e-10 0 3.7268e-10 0 3.7702e-10 0 3.81156e-10 0 3.85295e-10 0 3.8923e-10 0 3.93167e-10 0 3.96899e-10 0 4.00633e-10 0 4.04161e-10 0 4.07691e-10 0 4.11015e-10 0 4.1434e-10 0 4.17667e-10 0 4.20787e-10 0 4.23908e-10 0 4.27031e-10 0 4.29946e-10 0 4.32863e-10 0
2882.97 4.59295e-08 4.57772e-08 1.52294e-10 0.00331583 0.0154111 9.60252e-11 0 1.17027e-10 0 1.42056e-10 0 1.58923e-10 0 1.71973e-10 0 1.82848e-10 0 1.92164e-10 0 2.00412e-10 0 2.078e-10 0 2.14542e-10 0 2.20779e-10 0 2.26582e-10 0 2.31948e-10 0 2.37024e-10 0 2.41808e-10 0 2.46374e-10 0 2.50646e-10 0 2.54847e-10 0 2.58751e-10 0 2.62509e-10 0 2.66271e-10 0 2.69734e-10 0 2.73049e-10 0 2.76366e-10 0 2.79535e-10 0 2.82555e-10 0 2.85576e-10 0 2.88448e-10 0 2.91321e-10 0 2.94045e-10 0 2.9677e-10 0 2.99345e-10 0 3.01921e-10 0 3.04346e-10 0 3.06773e-10 0 3.092e-10 0 3.11476e-10 0 3.13754e-10 0 3.16032e-10 0 3.18159e-10 0 3.20286e-10 0
3030.95 4.08597e-08 4.0735e-08 1.24656e-10 0.00305084 0.0141499 7.27929e-11 0 8.82838e-11 0 1.06699e-10 0 1.19089e-10 0 1.28665e-10 0 1.3664e-10 0 1.4347e-10 0 1.49513e-10 0 1.54925e-10 0 1.59862e-10 0 1.64429e-10 0 1.68677e-10 0 1.72605e-10 0 1.7632e-10 0 1.79821e-10 0 1.83161e-10 0 1.86286e-10 0 1.89359e-10 0 1.92215e-10 0 1.94963e-10 0 1.97714e-10 0 2.00246e-10 0 2.0267e-10 0 2.05096e-10 0 2.07412e-10 0 2.0962e-10 0 2.11828e-10 0 2.13928e-10 0 2.16028e-10 0 2.18019e-10 0 2.2001e-10 0 2.21892e-10 0 2.23775e-10 0 2.25547e-10 0 2.2732e-10 0 2.29094e-10 0 2.30757e-10 0 2.32421e-10 0 2.34086e-10 0 2.3564e-10 0 2.37194e-10 0
3186.53 3.64148e-08 3.63128e-08 1.02036e-10 0.00280204 0.01299 5.51551e-11 0 6.65882e-11 0 8.01487e-11 0 8.92584e-11 0 9.62934e-11 0 1.02149e-10 0 1.07161e-10 0 1.11595e-10 0 1.15565e-10 0 1.19185e-10 0 1.22533e-10 0 1.25647e-10 0 1.28525e-10 0 1.31248e-10 0 1.33813e-10 0 1.3626e-10 0 1.38549e-10 0 1.408e-10 0 1.42892e-10 0 1.44905e-10 0 1.46919e-10 0 1.48773e-10 0 1.50548e-10 0 1.52324e-10 0 1.5402e-10 0 1.55636e-10 0 1.57253e-10 0 1.5879e-10 0 1.60327e-10 0 1.61784e-10 0 1.63242e-10 0 1.64619e-10 0 1.65997e-10 0 1.67294e-10 0 1.68592e-10 0 1.6989e-10 0 1.71107e-10 0 1.72325e-10 0 1.73543e-10 0 1.7468e-10 0 1.75817e-10 0
3350.09 3.25108e-08 3.24272e-08 8.35208e-11 0.00256902 0.0119252 4.17752e-11 0 5.02193e-11 0 6.02138e-11 0 6.69186e-11 0 7.20925e-11 0 7.63969e-11 0 8.00795e-11 0 8.33366e-11 0 8.62517e-11 0 8.89097e-11 0 9.13674e-11 0 9.3653e-11 0 9.57656e-11 0 9.77631e-11 0 9.96451e-11 0 1.01441e-10 0 1.0312e-10 0 1.04771e-10 0 1.06305e-10 0 1.07781e-10 0 1.09258e-10 0 1.10618e-10 0 1.1192e-10 0 1.13222e-10 0 1.14465e-10 0 1.1565e-10 0 1.16836e-10 0 1.17962e-10 0 1.19089e-10 0 1.20157e-10 0 1.21226e-10 0 1.22235e-10 0 1.23245e-10 0 1.24196e-10 0 1.25147e-10 0 1.26098e-10 0 1.2699e-10 0 1.27882e-10 0 1.28775e-10 0 1.29608e-10 0 1.30441e-10 0
3522.05 2.90763e-08 2.90079e-08 6.83668e-11 0.00235129 0.0109467 3.16332e-11 0 3.78745e-11 0 4.52479e-11 0 5.01882e-11 0 5.39978e-11 0 5.71656e-11 0 5.98749e-11 0 6.22705e-11 0 6.4414e-11 0 6.63681e-11 0 6.81748e-11 0 6.98546e-11 0 7.14071e-11 0 7.28749e-11 0 7.42576e-11 0 7.55767e-11 0 7.68102e-11 0 7.8023e-11 0 7.91499e-11 0 8.02341e-11 0 8.13189e-11 0 8.23175e-11 0 8.32732e-11 0 8.42293e-11 0 8.51423e-11 0 8.60123e-11 0 8.68825e-11 0 8.77096e-11 0 8.8537e-11 0 8.93211e-11 0 9.01054e-11 0 9.08464e-11 0 9.15877e-11 0 9.22855e-11 0 9.29835e-11 0 9.36817e-11 0 9.43364e-11 0 9.49913e-11 0 9.56463e-11 0 9.62578e-11 0 9.68695e-11 0
3702.84 2.60492e-08 2.59932e-08 5.59622e-11 0.00214833 0.0100481 2.39493e-11 0 2.85662e-11 0 3.40113e-11 0 3.76554e-11 0 4.04637e-11 0 4.2798e-11 0 4.47937e-11 0 4.65579e-11 0 4.81361e-11 0 4.95747e-11 0 5.09044e-11 0 5.21407e-11 0 5.32832e-11 0 5.43632e-11 0 5.53805e-11 0 5.63509e-11 0 5.72583e-11 0 5.81504e-11 0 5.89793e-11 0 5.97767e-11 0 6.05745e-11 0 6.13089e-11 0 6.20116e-11 0 6.27147e-11 0 6.33861e-11 0 6.40257e-11 0 6.46656e-11 0 6.52737e-11 0 6.58819e-11 0 6.64584e-11 0 6.7035e-11 0 6.75797e-11 0 6.81246e-11 0 6.86376e-11 0 6.91507e-11 0 6.96639e-11 0 7.01451e-11 0 7.06265e-11 0 7.11079e-11 0 7.15574e-11 0 7.20069e-11 0
3892.91 2.33769e-08 2.33311e-08 4.58085e-11 0.00195956 0.00922304 1.81304e-11 0 2.15487e-11 0 2.5574e-11 0 2.82652e-11 0 3.03379e-11 0 3.206e-11 0 3.3532e-11 0 3.48329e-11 0 3.59965e-11 0 3.70569e-11 0 3.8037e-11 0 3.89481e-11 0 3.979e-11 0 4.05857e-11 0 4.13353e-11 0 4.20502e-11 0 4.27186e-11 0 4.33757e-11 0 4.39863e-11 0 4.45736e-11 0 4.51612e-11 0 4.5702e-11 0 4.62196e-11 0 4.67373e-11 0 4.72317e-11 0 4.77027e-11 0 4.81738e-11 0 4.86215e-11 0 4.90694e-11 0 4.94938e-11 0 4.99183e-11 0 5.03194e-11 0 5.07205e-11 0 5.10981e-11 0 5.14758e-11 0 5.18536e-11 0 5.22079e-11 0 5.25622e-11 0 5.29166e-11 0 5.32474e-11 0 5.35783e-11 0
4092.73 2.10139e-08 2.09764e-08 3.7497e-11 0.00178439 0.00846528 1.37254e-11 0 1.62587e-11 0 1.92376e-11 0 2.12273e-11 0 2.2759e-11 0 2.40312e-11 0 2.51182e-11 0 2.60788e-11 0 2.69378e-11 0 2.77205e-11 0 2.84439e-11 0 2.91163e-11 0 2.97375e-11 0 3.03246e-11 0 3.08776e-11 0 3.1405e-11 0 3.18981e-11 0 3.23829e-11 0 3.28332e-11 0 3.32664e-11 0 3.36998e-11 0 3.40986e-11 0 3.44803e-11 0 3.48621e-11 0 3.52267e-11 0 3.5574e-11 0 3.59214e-11 0 3.62516e-11 0 3.65818e-11 0 3.68947e-11 0 3.72077e-11 0 3.75034e-11 0 3.77992e-11 0 3.80776e-11 0 3.8356e-11 0 3.86346e-11 0 3.88957e-11 0 3.91569e-11 0 3.94182e-11 0 3.96621e-11 0 3.9906e-11 0
4302.81 1.89209e-08 1.88902e-08 3.06936e-11 0.00162221 0.00776949 1.03915e-11 0 1.22707e-11 0 1.44777e-11 0 1.59506e-11 0 1.70838e-11 0 1.80248e-11 0 1.88287e-11 0 1.95388e-11 0 2.01739e-11 0 2.07524e-11 0 2.1287e-11 0 2.17839e-11 0 2.22429e-11 0 2.26767e-11 0 2.30853e-11 0 2.34749e-11 0 2.38392e-11 0 2.41973e-11 0 2.45299e-11 0 2.48499e-11 0 2.517e-11 0 2.54646e-11 0 2.57465e-11 0 2.60285e-11 0 2.62977e-11 0 2.65542e-11 0 2.68107e-11 0 2.70545e-11 0 2.72984e-11 0 2.75294e-11 0 2.77606e-11 0 2.79789e-11 0 2.81972e-11 0 2.84028e-11 0 2.86084e-11 0 2.8814e-11 0 2.90068e-11 0 2.91997e-11 0 2.93926e-11 0 2.95726e-11 0 2.97527e-11 0
4523.68 1.7064e-08 1.70389e-08 2.51246e-11 0.00147237 0.00713066 7.86851e-12 0 9.26395e-12 0 1.09009e-11 0 1.19925e-11 0 1.2832e-11 0 1.35289e-11 0 1.41242e-11 0 1.46499e-11 0 1.512e-11 0 1.55482e-11 0 1.59438e-11 0 1.63115e-11 0 1.66512e-11 0 1.69721e-11 0 1.72744e-11 0 1.75627e-11 0 1.78322e-11 0 1.8097e-11 0 1.83431e-11 0 1.85798e-11 0 1.88165e-11 0 1.90344e-11 0 1.92429e-11 0 1.94515e-11 0 1.96506e-11 0 1.98402e-11 0 2.003e-11 0 2.02103e-11 0 2.03906e-11 0 2.05614e-11 0 2.07323e-11 0 2.08938e-11 0 2.10553e-11 0 2.12072e-11 0 2.13593e-11 0 2.15113e-11 0 2.16539e-11 0 2.17965e-11 0 2.19391e-11 0 2.20722e-11 0 2.22053e-11 0
4755.88 1.54147e-08 1.53942e-08 2.05689e-11 0.00133436 0.00654439 5.95964e-12 0 6.99698e-12 0 8.21258e-12 0 9.02265e-12 0 9.64543e-12 0 1.01623e-11 0 1.06036e-11 0 1.09934e-11 0 1.13418e-11 0 1.16592e-11 0 1.19524e-11 0 1.22249e-11 0 1.24765e-11 0 1.27144e-11 0 1.29383e-11 0 1.31519e-11 0 1.33515e-11 0 1.35478e-11 0 1.373e-11 0 1.39054e-11 0 1.40807e-11 0 1.42421e-11 0 1.43966e-11 0 1.4551e-11 0 1.46985e-11 0 1.4839e-11 0 1.49795e-11 0 1.5113e-11 0 1.52466e-11 0 1.53731e-11 0 1.54997e-11 0 1.56192e-11 0 1.57388e-11 0 1.58513e-11 0 1.59639e-11 0 1.60765e-11 0 1.61821e-11 0 1.62876e-11 0 1.63932e-11 0 1.64918e-11 0 1.65904e-11 0
5000 1.39469e-08 1.393e-08 1.68394e-11 0.0012074 0.00600594 4.51506e-12 0 5.28704e-12 0 6.1908e-12 0 6.79269e-12 0 7.25526e-12 0 7.63904e-12 0 7.9667e-12 0 8.25604e-12 0 8.51466e-12 0 8.75021e-12 0 8.96782e-12 0 9.17002e-12 0 9.35677e-12 0 9.53324e-12 0 9.69941e-12 0 9.85785e-12 0 1.0006e-11 0 1.01515e-11 0 1.02868e-11 0 1.04168e-11 0 1.05469e-11 0 1.06666e-11 0 1.07812e-11 0 1.08957e-11 0 1.10051e-11 0 1.11093e-11 0 1.12135e-11 0 1.13126e-11 0 1.14116e-11 0 1.15054e-11 0 1.15993e-11 0 1.1688e-11 0 1.17766e-11 0 1.18601e-11 0 1.19436e-11 0 1.20271e-11 0 1.21054e-11 0 1.21837e-11 0 1.2262e-11 0 1.2335e-11 0 1.24081e-11 0
