# 0.01 0 120 : grain size, compostion index, size index
# Heating and cooling timescale: 1.7045e-08 inf
# Ratio of heating to cooling to determine stochastic cutoff: 100
# Equilibrium emission is recorded even for those grains in the stochastic regime.
# Emission spectrum was computed for: 
# Type: ISRF
# Scales: 0.25 0.5 1 1.5 2 2.5 3 3.5 4 4.5 5 5.5 6 6.5 7 7.5 8 8.5 9 9.5 10 10.5 11 11.5 12 12.5 13 13.5 14 14.5 15 15.5 16 16.5 17 17.5 18 18.5 19 19.5 20
# StochasticallyHeated: 0 0 0 0 0 0 0 0 0 0 0 0 0 0 0 0 0 0 0 0 0 0 0 0 0 0 0 0 0 0 0 0 0 0 0 0 0 0 0 0 0
# Temperature: -1
# Wavelength  CExt  CAbs  CSca  Albedo G EqEm1 StEm1 EqEm2 StEm2 EqEm3 StEm3 EqEm4 StEm4 EqEm5 StEm5 EqEm6 StEm6 EqEm7 StEm7 EqEm8 StEm8 EqEm9 StEm9 EqEm10 StEm10 EqEm11 StEm11 EqEm12 StEm12 EqEm13 StEm13 EqEm14 StEm14 EqEm15 StEm15 EqEm16 StEm16 EqEm17 StEm17 EqEm18 StEm18 EqEm19 StEm19 EqEm20 StEm20 EqEm21 StEm21 EqEm22 StEm22 EqEm23 StEm23 EqEm24 StEm24 EqEm25 StEm25 EqEm26 StEm26 EqEm27 StEm27 EqEm28 StEm28 EqEm29 StEm29 EqEm30 StEm30 EqEm31 StEm31 EqEm32 StEm32 EqEm33 StEm33 EqEm34 StEm34 EqEm35 StEm35 EqEm36 StEm36 EqEm37 StEm37 EqEm38 StEm38 EqEm39 StEm39 EqEm40 StEm40 EqEm41 StEm41
0.05 0.000629282 0.000297279 0.000332003 0.527591 0.989922 0 0 0 0 0 0 0 0 0 0 0 0 0 0 0 0 0 0 0 0 0 0 0 0 0 0 0 0 0 0 0 0 0 0 0 0 0 0 0 0 0 0 0 0 0 0 0 0 0 0 0 0 0 0 0 0 0 0 0 0 0 0 0 0 0 0 0 0 0 0 0 0 0 0 0 0 0 0 0 0 0 0
0.0525665 0.000629349 0.000291598 0.000337751 0.536668 0.983223 0 0 0 0 0 0 0 0 0 0 0 0 0 0 0 0 0 0 0 0 0 0 0 0 0 0 0 0 0 0 0 0 0 0 0 0 0 0 0 0 0 0 0 0 0 0 0 0 0 0 0 0 0 0 0 0 0 0 0 0 0 0 0 0 0 0 0 0 0 0 0 0 0 0 0 0 0 0 0 0 0 0
0.0552647 0.0006294 0.000289689 0.000339712 0.539739 0.979597 0 0 0 0 0 0 0 0 0 0 0 0 0 0 0 0 0 0 0 0 0 0 0 0 0 0 0 0 0 0 0 0 0 0 0 0 0 0 0 0 0 0 0 0 0 0 0 0 0 0 0 0 0 0 0 0 0 0 0 0 0 0 0 0 0 0 0 0 0 0 0 0 0 0 0 0 0 0 0 0 0 0
0.0581015 0.000629452 0.00028874 0.000340712 0.541283 0.977088 0 0 0 0 0 0 0 0 0 0 0 0 0 0 0 0 0 0 0 0 0 0 0 0 0 0 0 0 0 0 0 0 0 0 0 0 0 0 0 0 0 0 0 0 0 0 0 0 0 0 0 0 0 0 0 0 0 0 0 0 0 0 0 0 0 0 0 0 0 0 0 0 0 0 0 0 0 0 0 0 0 0
0.0610839 0.000629499 0.000288188 0.000341312 0.542195 0.975217 0 0 0 0 0 0 0 0 0 0 0 0 0 0 0 0 0 0 0 0 0 0 0 0 0 0 0 0 0 0 0 0 0 0 0 0 0 0 0 0 0 0 0 0 0 0 0 0 0 0 0 0 0 0 0 0 0 0 0 0 0 0 0 0 0 0 0 0 0 0 0 0 0 0 0 0 0 0 0 0 0 0
0.0642193 0.000629546 0.000287697 0.000341849 0.543009 0.973578 0 0 0 0 0 0 0 0 0 0 0 0 0 0 0 0 0 0 0 0 0 0 0 0 0 0 0 0 0 0 0 0 0 0 0 0 0 0 0 0 0 0 0 0 0 0 0 0 0 0 0 0 0 0 0 0 0 0 0 0 0 0 0 0 0 0 0 0 0 0 0 0 0 0 0 0 0 0 0 0 0 0
0.0675157 0.000629593 0.000287073 0.000342521 0.544035 0.971853 0 0 0 0 0 0 0 0 0 0 0 0 0 0 0 0 0 0 0 0 0 0 0 0 0 0 0 0 0 0 0 0 0 0 0 0 0 0 0 0 0 0 0 0 0 0 0 0 0 0 0 0 0 0 0 0 0 0 0 0 0 0 0 0 0 0 0 0 0 0 0 0 0 0 0 0 0 0 0 0 0 0
0.0709813 0.000629643 0.000286272 0.000343371 0.545342 0.969871 0 0 0 0 0 0 0 0 0 0 0 0 0 0 0 0 0 0 0 0 0 0 0 0 0 0 0 0 0 0 0 0 0 0 0 0 0 0 0 0 0 0 0 0 0 0 0 0 0 0 0 0 0 0 0 0 0 0 0 0 0 0 0 0 0 0 0 0 0 0 0 0 0 0 0 0 0 0 0 0 0 0
0.0746248 0.000629694 0.000285351 0.000344343 0.546842 0.967625 0 0 0 0 0 0 0 0 0 0 0 0 0 0 0 0 0 0 0 0 0 0 0 0 0 0 0 0 0 0 0 0 0 0 0 0 0 0 0 0 0 0 0 0 0 0 0 0 0 0 0 0 0 0 0 0 0 0 0 0 0 0 0 0 0 0 0 0 0 0 0 0 0 0 0 0 0 0 0 0 0 0
0.0784553 0.000629748 0.000284422 0.000345327 0.548357 0.96528 0 0 0 0 0 0 0 0 0 0 0 0 0 0 0 0 0 0 0 0 0 0 0 0 0 0 0 0 0 0 0 0 0 0 0 0 0 0 0 0 0 0 0 0 0 0 0 0 0 0 0 0 0 0 0 0 0 0 0 0 0 0 0 0 0 0 0 0 0 0 0 0 0 0 0 0 0 0 0 0 0 0
0.0824824 0.000629802 0.000283514 0.000346288 0.549836 0.962894 0 0 0 0 0 0 0 0 0 0 0 0 0 0 0 0 0 0 0 0 0 0 0 0 0 0 0 0 0 0 0 0 0 0 0 0 0 0 0 0 0 0 0 0 0 0 0 0 0 0 0 0 0 0 0 0 0 0 0 0 0 0 0 0 0 0 0 0 0 0 0 0 0 0 0 0 0 0 0 0 0 0
0.0867162 0.000629859 0.000282613 0.000347246 0.551307 0.960459 0 0 0 0 0 0 0 0 0 0 0 0 0 0 0 0 0 0 0 0 0 0 0 0 0 0 0 0 0 0 0 0 0 0 0 0 0 0 0 0 0 0 0 0 0 0 0 0 0 0 0 0 0 0 0 0 0 0 0 0 0 0 0 0 0 0 0 0 0 0 0 0 0 0 0 0 0 0 0 0 0 0
0.0911674 0.000629919 0.000281714 0.000348205 0.552778 0.957962 0 0 0 0 0 0 0 0 0 0 0 0 0 0 0 0 0 0 0 0 0 0 0 0 0 0 0 0 0 0 0 0 0 0 0 0 0 0 0 0 0 0 0 0 0 0 0 0 0 0 0 0 0 0 0 0 0 0 0 0 0 0 0 0 0 0 0 0 0 0 0 0 0 0 0 0 0 0 0 0 0 0
0.095847 0.000629981 0.000280826 0.000349155 0.554231 0.95541 0 0 0 0 0 0 0 0 0 0 0 0 0 0 0 0 0 0 0 0 0 0 0 0 0 0 0 0 0 0 0 0 0 0 0 0 0 0 0 0 0 0 0 0 0 0 0 0 0 0 0 0 0 0 0 0 0 0 0 0 0 0 0 0 0 0 0 0 0 0 0 0 0 0 0 0 0 0 0 0 0 0
0.100767 0.000630045 0.000279982 0.000350062 0.555615 0.952864 0 0 0 0 0 0 0 0 0 0 0 0 0 0 0 0 0 0 0 0 0 0 0 0 0 0 0 0 0 0 0 0 0 0 0 0 0 0 0 0 0 0 0 0 0 0 0 0 0 0 0 0 0 0 0 0 0 0 0 0 0 0 0 0 0 0 0 0 0 0 0 0 0 0 0 0 0 0 0 0 0 0
0.105939 0.00063011 0.000279311 0.0003508 0.556727 0.95053 0 0 0 0 0 0 0 0 0 0 0 0 0 0 0 0 0 0 0 0 0 0 0 0 0 0 0 0 0 0 0 0 0 0 0 0 0 0 0 0 0 0 0 0 0 0 0 0 0 0 0 0 0 0 0 0 0 0 0 0 0 0 0 0 0 0 0 0 0 0 0 0 0 0 0 0 0 0 0 0 0 0
0.111377 0.000630179 0.00027893 0.000351249 0.557379 0.948789 0 0 0 0 0 0 0 0 0 0 0 0 0 0 0 0 0 0 0 0 0 0 0 0 0 0 0 0 0 0 0 0 0 0 0 0 0 0 0 0 0 0 0 0 0 0 0 0 0 0 0 0 0 0 0 0 0 0 0 0 0 0 0 0 0 0 0 0 0 0 0 0 0 0 0 0 0 0 0 0 0 0
0.117094 0.000630248 0.000278753 0.000351495 0.557708 0.947609 0 0 0 0 0 0 0 0 0 0 0 0 0 0 0 0 0 0 0 0 0 0 0 0 0 0 0 0 0 0 0 0 0 0 0 0 0 0 0 0 0 0 0 0 0 0 0 0 0 0 0 0 0 0 0 0 0 0 0 0 0 0 0 0 0 0 0 0 0 0 0 0 0 0 0 0 0 0 0 0 0 0
0.123105 0.000630318 0.000278443 0.000351875 0.55825 0.946214 0 0 0 0 0 0 0 0 0 0 0 0 0 0 0 0 0 0 0 0 0 0 0 0 0 0 0 0 0 0 0 0 0 0 0 0 0 0 0 0 0 0 0 0 0 0 0 0 0 0 0 0 0 0 0 0 0 0 0 0 0 0 0 0 0 0 0 0 0 0 0 0 0 0 0 0 0 0 0 0 0 0
0.129424 0.000630392 0.000278314 0.000352078 0.558507 0.945124 0 0 0 0 0 0 0 0 0 0 0 0 0 0 0 0 0 0 0 0 0 0 0 0 0 0 0 0 0 0 0 0 0 0 0 0 0 0 0 0 0 0 0 0 0 0 0 0 0 0 0 0 0 0 0 0 0 0 0 0 0 0 0 0 0 0 0 0 0 0 0 0 0 0 0 0 0 0 0 0 0 0
0.136067 0.000630465 0.000278683 0.000351782 0.557972 0.945256 0 0 0 0 0 0 0 0 0 0 0 0 0 0 0 0 0 0 0 0 0 0 0 0 0 0 0 0 0 0 0 0 0 0 0 0 0 0 0 0 0 0 0 0 0 0 0 0 0 0 0 0 0 0 0 0 0 0 0 0 0 0 0 0 0 0 0 0 0 0 0 0 0 0 0 0 0 0 0 0 0 0
0.143051 0.000630541 0.000278775 0.000351767 0.55788 0.944978 0 0 0 0 0 0 0 0 0 0 0 0 0 0 0 0 0 0 0 0 0 0 0 0 0 0 0 0 0 0 0 0 0 0 0 0 0 0 0 0 0 0 0 0 0 0 0 0 0 0 0 0 0 0 0 0 0 0 0 0 0 0 0 0 0 0 0 0 0 0 0 0 0 0 0 0 0 0 0 0 0 0
0.150394 0.00063062 0.000279418 0.000351202 0.556915 0.945681 0 0 0 0 0 0 0 0 0 0 0 0 0 0 0 0 0 0 0 0 0 0 0 0 0 0 0 0 0 0 0 0 0 0 0 0 0 0 0 0 0 0 0 0 0 0 0 0 0 0 0 0 0 0 0 0 0 0 0 0 0 0 0 0 0 0 0 0 0 0 0 0 0 0 0 0 0 0 0 0 0 0
0.158114 0.000630688 0.000281594 0.000349094 0.553513 0.950398 0 0 0 0 0 0 0 0 0 0 0 0 0 0 0 0 0 0 0 0 0 0 0 0 0 0 0 0 0 0 0 0 0 0 0 0 0 0 0 0 0 0 0 0 0 0 0 0 0 0 0 0 0 0 0 0 0 0 0 0 0 0 0 0 0 0 0 0 0 0 0 0 0 0 0 0 0 0 0 0 0 0
0.16623 0.000630752 0.000281834 0.000348918 0.553177 0.9519 0 0 0 0 0 0 0 0 0 0 0 0 0 0 0 0 0 0 0 0 0 0 0 0 0 0 0 0 0 0 0 0 0 0 0 0 0 0 0 0 0 0 0 0 0 0 0 0 0 0 0 0 0 0 0 0 0 0 0 0 0 0 0 0 0 0 0 0 0 0 0 0 0 0 0 0 0 0 0 0 0 0
0.174762 0.000630828 0.000279785 0.000351043 0.556479 0.948462 0 0 0 0 0 0 0 0 0 0 0 0 0 0 0 0 0 0 0 0 0 0 0 0 0 0 0 0 0 0 0 0 0 0 0 0 0 0 0 0 0 0 0 0 0 0 0 0 0 0 0 0 0 0 0 0 0 0 0 0 0 0 0 0 0 0 0 0 0 0 0 0 0 0 0 0 0 0 0 0 0 0
0.183733 0.000630911 0.000276571 0.00035434 0.561632 0.942271 0 0 0 0 0 0 0 0 0 0 0 0 0 0 0 0 0 0 0 0 0 0 0 0 0 0 0 0 0 0 0 0 0 0 0 0 0 0 0 0 0 0 0 0 0 0 0 0 0 0 0 0 0 0 0 0 0 0 0 0 0 0 0 0 0 0 0 0 0 0 0 0 0 0 0 0 0 0 0 0 0 0
0.193164 0.000631011 0.000271855 0.000359156 0.569176 0.932456 0 0 0 0 0 0 0 0 0 0 0 0 0 0 0 0 0 0 0 0 0 0 0 0 0 0 0 0 0 0 0 0 0 0 0 0 0 0 0 0 0 0 0 0 0 0 0 0 0 0 0 0 0 0 0 0 0 0 0 0 0 0 0 0 0 0 0 0 0 0 0 0 0 0 0 0 0 0 0 0 0 0
0.203079 0.000631124 0.000266852 0.000364272 0.57718 0.92079 0 0 0 0 0 0 0 0 0 0 0 0 0 0 0 0 0 0 0 0 0 0 0 0 0 0 0 0 0 0 0 0 0 0 0 0 0 0 0 0 0 0 0 0 0 0 0 0 0 0 0 0 0 0 0 0 0 0 0 0 0 0 0 0 0 0 0 0 0 0 0 0 0 0 0 0 0 0 0 0 0 0
0.213503 0.000631241 0.000262944 0.000368297 0.583449 0.911049 0 0 0 0 0 0 0 0 0 0 0 0 0 0 0 0 0 0 0 0 0 0 0 0 0 0 0 0 0 0 0 0 0 0 0 0 0 0 0 0 0 0 0 0 0 0 0 0 0 0 0 0 0 0 0 0 0 0 0 0 0 0 0 0 0 0 0 0 0 0 0 0 0 0 0 0 0 0 0 0 0 0
0.224463 0.000631363 0.00025955 0.000371812 0.588905 0.902289 0 0 0 0 0 0 0 0 0 0 0 0 0 0 0 0 0 0 0 0 0 0 0 0 0 0 0 0 0 0 0 0 0 0 0 0 0 0 0 0 0 0 0 0 0 0 0 0 0 0 0 0 0 0 0 0 0 0 0 0 0 0 0 0 0 0 0 0 0 0 0 0 0 0 0 0 0 0 0 0 0 0
0.235984 0.000631485 0.000256116 0.00037537 0.594423 0.893476 0 0 0 0 0 0 0 0 0 0 0 0 0 0 0 0 0 0 0 0 0 0 0 0 0 0 0 0 0 0 0 0 0 0 0 0 0 0 0 0 0 0 0 0 0 0 0 0 0 0 0 0 0 0 0 0 0 0 0 0 0 0 0 0 0 0 0 0 0 0 0 0 0 0 0 0 0 0 0 0 0 0
0.248097 0.000631618 0.000252076 0.000379542 0.600904 0.883035 0 0 0 0 0 0 0 0 0 0 0 0 0 0 0 0 0 0 0 0 0 0 0 0 0 0 0 0 0 0 0 0 0 0 0 0 0 0 0 0 0 0 0 0 0 0 0 0 0 0 0 0 0 0 0 0 0 0 0 0 0 0 0 0 0 0 0 0 0 0 0 0 0 0 0 0 0 0 0 0 0 0
0.260832 0.000631759 0.000248877 0.000382882 0.606057 0.874164 0 0 0 0 0 0 0 0 0 0 0 0 0 0 0 0 0 0 0 0 0 0 0 0 0 0 0 0 0 0 0 0 0 0 0 0 0 0 0 0 0 0 0 0 0 0 0 0 0 0 0 0 0 0 0 0 0 0 0 0 0 0 0 0 0 0 0 0 0 0 0 0 0 0 0 0 0 0 0 0 0 0
0.274221 0.000631902 0.000246321 0.000385581 0.610191 0.866706 0 0 0 0 0 0 0 0 0 0 0 0 0 0 0 0 0 0 0 0 0 0 0 0 0 0 0 0 0 0 0 0 0 0 0 0 0 0 0 0 0 0 0 0 0 0 0 0 0 0 0 0 0 0 0 0 0 0 0 0 0 0 0 0 0 0 0 0 0 0 0 0 0 0 0 0 0 0 0 0 0 0
0.288297 0.00063205 0.000244267 0.000387783 0.613532 0.860538 0 0 0 0 0 0 0 0 0 0 0 0 0 0 0 0 0 0 0 0 0 0 0 0 0 0 0 0 0 0 0 0 0 0 0 0 0 0 0 0 0 0 0 0 0 0 0 0 0 0 0 0 0 0 0 0 0 0 0 0 0 0 0 0 0 0 0 0 0 0 0 0 0 0 0 0 0 0 0 0 0 0
0.303095 0.0006322 0.000242522 0.000389678 0.616384 0.85507 0 0 0 0 0 0 0 0 0 0 0 0 0 0 0 0 0 0 0 0 0 0 0 0 0 0 0 0 0 0 0 0 0 0 0 0 0 0 0 0 0 0 0 0 0 0 0 0 0 0 0 0 0 0 0 0 0 0 0 0 0 0 0 0 0 0 0 0 0 0 0 0 0 0 0 0 0 0 0 0 0 0
0.318653 0.000632358 0.000241045 0.000391313 0.618816 0.850341 0 0 0 0 0 0 0 0 0 0 0 0 0 0 0 0 0 0 0 0 0 0 0 0 0 0 0 0 0 0 0 0 0 0 0 0 0 0 0 0 0 0 0 0 0 0 0 0 0 0 0 0 0 0 0 0 0 0 0 0 0 0 0 0 0 0 0 0 0 0 0 0 0 0 0 0 0 0 0 0 0 0
0.335009 0.000632516 0.000239716 0.0003928 0.621013 0.846029 0 0 0 0 0 0 0 0 0 0 0 0 0 0 0 0 0 0 0 0 0 0 0 0 0 0 0 0 0 0 0 0 0 0 0 0 0 0 0 0 0 0 0 0 0 0 0 0 0 0 0 0 0 0 0 0 0 0 0 0 0 0 0 0 0 0 0 0 0 0 0 0 0 0 0 0 0 0 0 0 0 0
0.352205 0.000632682 0.000238527 0.000394155 0.622991 0.842103 0 0 0 0 0 0 0 0 0 0 0 0 0 0 0 0 0 0 0 0 0 0 0 0 0 0 0 0 0 0 0 0 0 0 0 0 0 0 0 0 0 0 0 0 0 0 0 0 0 0 0 0 0 0 0 0 0 0 0 0 0 0 0 0 0 0 0 0 0 0 0 0 0 0 0 0 0 0 0 0 0 0
0.370284 0.000632854 0.000237341 0.000395513 0.624968 0.838257 0 0 0 0 0 0 0 0 0 0 0 0 0 0 0 0 0 0 0 0 0 0 0 0 0 0 0 0 0 0 0 0 0 0 0 0 0 0 0 0 0 0 0 0 0 0 0 0 0 0 0 0 0 0 0 0 0 0 0 0 0 0 0 0 0 0 0 0 0 0 0 0 0 0 0 0 0 0 0 0 0 0
0.389291 0.000633032 0.000236194 0.000396838 0.626884 0.834559 0 0 0 0 0 0 0 0 0 0 0 0 0 0 0 0 0 0 0 0 0 0 0 0 0 0 0 0 0 0 0 0 0 0 0 0 0 0 0 0 0 0 0 0 0 0 0 0 0 0 0 0 0 0 0 0 0 0 0 0 0 0 0 0 0 0 0 0 0 0 0 0 0 0 0 0 0 0 0 0 0 0
0.409273 0.000633216 0.000235 0.000398215 0.628878 0.830807 0 0 0 0 0 0 0 0 0 0 0 0 0 0 0 0 0 0 0 0 0 0 0 0 0 0 0 0 0 0 0 0 0 0 0 0 0 0 0 0 0 0 0 0 0 0 0 0 0 0 0 0 0 0 0 0 0 0 0 0 0 0 0 0 0 0 0 0 0 0 0 0 0 0 0 0 0 0 0 0 0 0
0.430281 0.000633405 0.000233787 0.000399618 0.630905 0.827036 0 0 0 0 0 0 0 0 0 0 0 0 0 0 0 0 0 0 0 0 0 0 0 0 0 0 0 0 0 0 0 0 0 0 0 0 0 0 0 0 0 0 0 0 0 0 0 0 0 0 0 0 0 0 0 0 0 0 0 0 0 0 0 0 0 0 0 0 0 0 0 0 0 0 0 0 0 0 0 0 0 0
0.452368 0.000633604 0.000232636 0.000400968 0.632837 0.823411 0 0 0 0 0 0 0 0 0 0 0 0 0 0 0 0 0 0 0 0 0 0 0 0 0 0 0 0 0 0 0 0 0 0 0 0 0 0 0 0 0 0 0 0 0 0 0 0 0 0 0 0 0 0 0 0 0 0 0 0 0 0 0 0 0 0 0 0 0 0 0 0 0 0 0 0 0 0 0 0 0 0
0.475588 0.000633807 0.000231502 0.000402306 0.634744 0.819836 0 0 0 0 0 0 0 0 0 0 0 0 0 0 0 0 0 0 0 0 0 0 0 0 0 0 0 0 0 0 0 0 0 0 0 0 0 0 0 0 0 0 0 0 0 0 0 0 0 0 0 0 0 0 0 0 0 0 0 0 0 0 0 0 0 0 0 0 0 0 0 0 0 0 0 0 0 0 0 0 0 0
0.5 0.00063402 0.000230545 0.000403475 0.636376 0.816661 0 0 0 0 0 0 0 0 0 0 0 0 0 0 0 0 0 0 0 0 0 0 0 0 0 0 0 0 0 0 0 0 0 0 0 0 0 0 0 0 0 0 0 0 0 0 0 0 0 0 0 0 0 0 0 0 0 0 0 0 0 0 0 0 0 0 0 0 0 0 0 0 0 0 0 0 0 0 0 0 0 0
0.525665 0.000634237 0.000229755 0.000404482 0.637746 0.81389 0 0 0 0 0 0 0 0 0 0 0 0 0 0 0 0 0 0 0 0 0 0 0 0 0 0 0 0 0 0 0 0 0 0 0 0 0 0 0 0 0 0 0 0 0 0 0 0 0 0 0 0 0 0 0 0 0 0 0 0 0 0 0 0 0 0 0 0 0 0 0 0 0 0 0 0 0 0 0 0 0 0
0.552648 0.000634459 0.000229115 0.000405345 0.638882 0.811498 0 0 0 0 0 0 0 0 0 0 0 0 0 0 0 0 0 0 0 0 0 0 0 0 0 0 0 0 0 0 0 0 0 0 0 0 0 0 0 0 0 0 0 0 0 0 0 0 0 0 0 0 0 0 0 0 0 0 0 0 0 0 0 0 0 0 0 0 0 0 0 0 0 0 0 0 0 0 0 0 0 0
0.581015 0.000634684 0.000228567 0.000406118 0.639873 0.809361 0 0 0 0 0 0 0 0 0 0 0 0 0 0 0 0 0 0 0 0 0 0 0 0 0 0 0 0 0 0 0 0 0 0 0 0 0 0 0 0 0 0 0 0 0 0 0 0 0 0 0 0 0 0 0 0 0 0 0 0 0 0 0 0 0 0 0 0 0 0 0 0 0 0 0 0 0 0 0 0 0 0
0.610839 0.000634922 0.000228042 0.00040688 0.640834 0.807314 0 0 0 0 0 0 0 0 0 0 0 0 0 0 0 0 0 0 0 0 0 0 0 0 0 0 0 0 0 0 0 0 0 0 0 0 0 0 0 0 0 0 0 0 0 0 0 0 0 0 0 0 0 0 0 0 0 0 0 0 0 0 0 0 0 0 0 0 0 0 0 0 0 0 0 0 0 0 0 0 0 0
0.642193 0.000635162 0.000227547 0.000407614 0.641749 0.805374 0 0 0 0 0 0 0 0 0 0 0 0 0 0 0 0 0 0 0 0 0 0 0 0 0 0 0 0 0 0 0 0 0 0 0 0 0 0 0 0 0 0 0 0 0 0 0 0 0 0 0 0 0 0 0 0 0 0 0 0 0 0 0 0 0 0 0 0 0 0 0 0 0 0 0 0 0 0 0 0 0 0
0.675157 0.000635411 0.000227047 0.000408364 0.642677 0.803457 0 0 0 0 0 0 0 0 0 0 0 0 0 0 0 0 0 0 0 0 0 0 0 0 0 0 0 0 0 0 0 0 0 0 0 0 0 0 0 0 0 0 0 0 0 0 0 0 0 0 0 0 0 0 0 0 0 0 0 0 0 0 0 0 0 0 0 0 0 0 0 0 0 0 0 0 0 0 0 0 0 0
0.709813 0.000635666 0.000226542 0.000409124 0.643615 0.801545 0 0 0 0 0 0 0 0 0 0 0 0 0 0 0 0 0 0 0 0 0 0 0 0 0 0 0 0 0 0 0 0 0 0 0 0 0 0 0 0 0 0 0 0 0 0 0 0 0 0 0 0 0 0 0 0 0 0 0 0 0 0 0 0 0 0 0 0 0 0 0 0 0 0 0 0 0 0 0 0 0 0
0.746248 0.00063593 0.000226068 0.000409862 0.644508 0.799717 0 0 0 0 0 0 0 0 0 0 0 0 0 0 0 0 0 0 0 0 0 0 0 0 0 0 0 0 0 0 0 0 0 0 0 0 0 0 0 0 0 0 0 0 0 0 0 0 0 0 0 0 0 0 0 0 0 0 0 0 0 0 0 0 0 0 0 0 0 0 0 0 0 0 0 0 0 0 0 0 0 0
0.784553 0.000636198 0.000225653 0.000410546 0.645311 0.798015 0 0 0 0 0 0 0 0 0 0 0 0 0 0 0 0 0 0 0 0 0 0 0 0 0 0 0 0 0 0 0 0 0 0 0 0 0 0 0 0 0 0 0 0 0 0 0 0 0 0 0 0 0 0 0 0 0 0 0 0 0 0 0 0 0 0 0 0 0 0 0 0 0 0 0 0 0 0 0 0 0 0
0.824824 0.000636473 0.000225457 0.000411016 0.645772 0.796811 0 0 0 0 0 0 0 0 0 0 0 0 0 0 0 0 0 0 0 0 0 0 0 0 0 0 0 0 0 0 0 0 0 0 0 0 0 0 0 0 0 0 0 0 0 0 0 0 0 0 0 0 0 0 0 0 0 0 0 0 0 0 0 0 0 0 0 0 0 0 0 0 0 0 0 0 0 0 0 0 0 0
0.867162 0.000636749 0.00022547 0.000411279 0.645904 0.796137 0 0 0 0 0 0 0 0 0 0 0 0 0 0 0 0 0 0 0 0 0 0 0 0 0 0 0 0 0 0 0 0 0 0 0 0 0 0 0 0 0 0 0 0 0 0 0 0 0 0 0 0 0 0 0 0 0 0 0 0 0 0 0 0 0 0 0 0 0 0 0 0 0 0 0 0 0 0 0 0 0 0
0.911674 0.000637035 0.000225499 0.000411536 0.646018 0.795561 0 0 0 0 0 0 0 0 0 0 0 0 0 0 0 0 0 0 0 0 0 0 0 0 0 0 0 0 0 0 0 0 0 0 0 0 0 0 0 0 0 0 0 0 0 0 0 0 0 0 0 0 0 0 0 0 0 0 0 0 0 0 0 0 0 0 0 0 0 0 0 0 0 0 0 0 0 0 0 0 0 0
0.95847 0.000637334 0.000225328 0.000412006 0.646453 0.794583 0 0 0 0 0 0 0 0 0 0 0 0 0 0 0 0 0 0 0 0 0 0 0 0 0 0 0 0 0 0 0 0 0 0 0 0 0 0 0 0 0 0 0 0 0 0 0 0 0 0 0 0 0 0 0 0 0 0 0 0 0 0 0 0 0 0 0 0 0 0 0 0 0 0 0 0 0 0 0 0 0 0
1.00767 0.000637643 0.000225037 0.000412605 0.647079 0.793332 0 0 0 0 0 0 0 0 0 0 0 0 0 0 0 0 0 0 0 0 0 0 0 0 0 0 0 0 0 0 0 0 0 0 0 0 0 0 0 0 0 0 0 0 0 0 0 0 0 0 0 0 0 0 0 0 0 0 0 0 0 0 0 0 0 0 0 0 0 0 0 0 0 0 0 0 0 0 0 0 0 0
1.05939 0.00063796 0.000224773 0.000413187 0.647669 0.792143 0 0 0 0 0 0 0 0 0 0 0 0 0 0 0 0 0 0 0 0 0 0 0 0 0 0 0 0 0 0 0 0 0 0 0 0 0 0 0 0 0 0 0 0 0 0 0 0 0 0 0 0 0 0 0 0 0 0 0 0 0 0 0 0 0 0 0 0 0 0 0 0 0 0 0 0 0 0 0 0 0 0
1.11377 0.000638289 0.000224518 0.000413771 0.648251 0.790979 0 0 0 0 0 0 0 0 0 0 0 0 0 0 0 0 0 0 0 0 0 0 0 0 0 0 0 0 0 0 0 0 0 0 0 0 0 0 0 0 0 0 0 0 0 0 0 0 0 0 0 0 0 0 0 0 0 0 0 0 0 0 0 0 0 0 0 0 0 0 0 0 0 0 0 0 0 0 0 0 0 0
1.17094 0.000638627 0.000224207 0.000414421 0.648924 0.789694 0 0 0 0 0 0 0 0 0 0 0 0 0 0 0 0 0 0 0 0 0 0 0 0 0 0 0 0 0 0 0 0 0 0 0 0 0 0 0 0 0 0 0 0 0 0 0 0 0 0 0 0 0 0 0 0 0 0 0 0 0 0 0 0 0 0 0 0 0 0 0 0 0 0 0 0 0 0 0 0 0 0
1.23105 0.000638974 0.000223892 0.000415082 0.649607 0.788403 0 0 0 0 0 0 0 0 0 0 0 0 0 0 0 0 0 0 0 0 0 0 0 0 0 0 0 0 0 0 0 0 0 0 0 0 0 0 0 0 0 0 0 0 0 0 0 0 0 0 0 0 0 0 0 0 0 0 0 0 0 0 0 0 0 0 0 0 0 0 0 0 0 0 0 0 0 0 0 0 0 0
1.29424 0.000639334 0.000223618 0.000415716 0.650233 0.787196 0 0 0 0 0 0 0 0 0 0 0 0 0 0 0 0 0 0 0 0 0 0 0 0 0 0 0 0 0 0 0 0 0 0 0 0 0 0 0 0 0 0 0 0 0 0 0 0 0 0 0 0 0 0 0 0 0 0 0 0 0 0 0 0 0 0 0 0 0 0 0 0 0 0 0 0 0 0 0 0 0 0
1.36067 0.000639698 0.0002235 0.000416198 0.650616 0.78634 0 0 0 0 0 0 0 0 0 0 0 0 0 0 0 0 0 0 0 0 0 0 0 0 0 0 0 0 0 0 0 0 0 0 0 0 0 0 0 0 0 0 0 0 0 0 0 0 0 0 0 0 0 0 0 0 0 0 0 0 0 0 0 0 0 0 0 0 0 0 0 0 0 0 0 0 0 0 0 0 0 0
1.43051 0.000640076 0.000223383 0.000416693 0.651005 0.785523 0 0 0 0 0 0 0 0 0 0 0 0 0 0 0 0 0 0 0 0 0 0 0 0 0 0 0 0 0 0 0 0 0 0 0 0 0 0 0 0 0 0 0 0 0 0 0 0 0 0 0 0 0 0 0 0 0 0 0 0 0 0 0 0 0 0 0 0 0 0 0 0 0 0 0 0 0 0 0 0 0 0
1.50394 0.000640474 0.000223068 0.000417405 0.651714 0.784262 0 0 0 0 0 0 0 0 0 0 0 0 0 0 0 0 0 0 0 0 0 0 0 0 0 0 0 0 0 0 0 0 0 0 0 0 0 0 0 0 0 0 0 0 0 0 0 0 0 0 0 0 0 0 0 0 0 0 0 0 0 0 0 0 0 0 0 0 0 0 0 0 0 0 0 0 0 0 0 0 0 0
1.58114 0.000640884 0.00022271 0.000418174 0.652496 0.782887 0 0 0 0 0 0 0 0 0 0 0 0 0 0 0 0 0 0 0 0 0 0 0 0 0 0 0 0 0 0 0 0 0 0 0 0 0 0 0 0 0 0 0 0 0 0 0 0 0 0 0 0 0 0 0 0 0 0 0 0 0 0 0 0 0 0 0 0 0 0 0 0 0 0 0 0 0 0 0 0 0 0
1.6623 0.000641302 0.000222399 0.000418903 0.653207 0.781601 0 0 0 0 0 0 0 0 0 0 0 0 0 0 0 0 0 0 0 0 0 0 0 0 0 0 0 0 0 0 0 0 0 0 0 0 0 0 0 0 0 0 0 0 0 0 0 0 0 0 0 0 0 0 0 0 0 0 0 0 0 0 0 0 0 0 0 0 0 0 0 0 0 0 0 0 0 0 0 0 0 0
1.74763 0.000641732 0.000222168 0.000419564 0.6538 0.780488 0 0 0 0 0 0 0 0 0 0 0 0 0 0 0 0 0 0 0 0 0 0 0 0 0 0 0 0 0 0 0 0 0 0 0 0 0 0 0 0 0 0 0 0 0 0 0 0 0 0 0 0 0 0 0 0 0 0 0 0 0 0 0 0 0 0 0 0 0 0 0 0 0 0 0 0 0 0 0 0 0 0
1.83733 0.000642181 0.000221922 0.000420259 0.654425 0.77936 0 0 0 0 0 0 0 0 0 0 0 0 0 0 0 0 0 0 0 0 0 0 0 0 0 0 0 0 0 0 0 0 0 0 0 0 0 0 0 0 0 0 0 0 0 0 0 0 0 0 0 0 0 0 0 0 0 0 0 0 0 0 0 0 0 0 0 0 0 0 0 0 0 0 0 0 0 0 0 0 0 0
1.93164 0.000642645 0.00022151 0.000421135 0.655315 0.777843 0 0 0 0 0 0 0 0 0 0 0 0 0 0 0 0 0 0 0 0 0 0 0 0 0 0 0 0 0 0 0 0 0 0 0 0 0 0 0 0 0 0 0 0 0 0 0 0 0 0 0 0 0 0 0 0 0 0 0 0 0 0 0 0 0 0 0 0 0 0 0 0 0 0 0 0 0 0 0 0 0 0
2.03079 0.000643116 0.000221208 0.000421908 0.656037 0.776543 0 0 0 0 0 0 0 0 0 0 0 0 0 0 0 0 0 0 0 0 0 0 0 0 0 0 0 0 0 0 0 0 0 0 0 0 0 0 0 0 0 0 0 0 0 0 0 0 0 0 0 0 0 0 0 0 0 0 0 0 0 0 0 0 0 0 0 0 0 0 0 0 0 0 0 0 0 0 0 0 0 0
2.13503 0.000643603 0.000220973 0.000422631 0.656663 0.775392 0 0 0 0 0 0 0 0 0 0 0 0 0 0 0 0 0 0 0 0 0 0 0 0 0 0 0 0 0 0 0 0 0 0 0 0 0 0 0 0 0 0 0 0 0 0 0 0 0 0 0 0 0 0 0 0 0 0 0 0 0 0 0 0 0 0 0 0 0 0 0 0 0 0 0 0 0 0 0 0 0 0
2.24463 0.000644106 0.000220738 0.000423368 0.657295 0.774235 0 0 0 0 0 0 0 0 0 0 0 0 0 0 0 0 0 0 0 0 0 0 0 0 0 0 0 0 0 0 0 0 0 0 0 0 0 0 0 0 0 0 0 0 0 0 0 0 0 0 0 0 0 0 0 0 0 0 0 0 0 0 0 0 0 0 0 0 0 0 0 0 0 0 0 0 0 0 0 0 0 0
2.35984 0.000644629 0.000220499 0.00042413 0.657945 0.773061 0 0 0 0 0 0 0 0 0 0 0 0 0 0 0 0 0 0 0 0 0 0 0 0 0 0 0 0 0 0 0 0 0 0 0 0 0 0 0 0 0 0 0 0 0 0 0 0 0 0 0 0 0 0 0 0 0 0 0 0 0 0 0 0 0 0 0 0 0 0 0 0 0 0 0 0 0 0 0 0 0 0
2.48097 0.000645167 0.000220183 0.000424984 0.658719 0.771698 0 0 0 0 0 0 0 0 0 0 0 0 0 0 0 0 0 0 0 0 0 0 0 0 0 0 0 0 0 0 0 0 0 0 0 0 0 0 0 0 0 0 0 0 0 0 0 0 0 0 0 0 0 0 0 0 0 0 0 0 0 0 0 0 0 0 0 0 0 0 0 0 0 0 0 0 0 0 0 0 0 0
2.60832 0.000645712 0.000220145 0.000425567 0.659066 0.770931 0 0 0 0 0 0 0 0 0 0 0 0 0 0 0 0 0 0 0 0 0 0 0 0 0 0 0 0 0 0 0 0 0 0 0 0 0 0 0 0 0 0 0 0 0 0 0 0 0 0 0 0 0 0 0 0 0 0 0 0 0 0 0 0 0 0 0 0 0 0 0 0 0 0 0 0 0 0 0 0 0 0
2.74221 0.000646304 0.000219817 0.000426487 0.659886 0.769547 0 0 0 0 0 0 0 0 0 0 0 0 0 0 0 0 0 0 0 0 0 0 0 0 0 0 0 0 0 0 0 0 0 0 0 0 0 0 0 0 0 0 0 0 0 0 0 0 0 0 0 0 0 0 0 0 0 0 0 0 0 0 0 0 0 0 0 0 0 0 0 0 0 0 0 0 0 0 0 0 0 0
2.88297 0.000646899 0.000219423 0.000427476 0.660808 0.76797 0 0 0 0 0 0 0 0 0 0 0 0 0 0 0 0 0 0 0 0 0 0 0 0 0 0 0 0 0 0 0 0 0 0 0 0 0 0 0 0 0 0 0 0 0 0 0 0 0 0 0 0 0 0 0 0 0 0 0 0 0 0 0 0 0 0 0 0 0 0 0 0 0 0 0 0 0 0 0 0 0 0
3.03095 0.000647517 0.000219211 0.000428306 0.66146 0.766787 0 0 0 0 0 0 0 0 0 0 0 0 0 0 0 0 0 0 0 0 0 0 0 0 0 0 0 0 0 0 0 0 0 0 0 0 0 0 0 0 0 0 0 0 0 0 0 0 0 0 0 0 0 0 0 0 0 0 0 0 0 0 0 0 0 0 0 0 0 0 0 0 0 0 0 0 0 0 0 0 0 0
3.18653 0.000648166 0.000218707 0.000429459 0.662576 0.764963 0 0 0 0 0 0 0 0 0 0 0 0 0 0 0 0 0 0 0 0 0 0 0 0 0 0 0 0 0 0 0 0 0 0 0 0 0 0 0 0 0 0 0 0 0 0 0 0 0 0 0 0 0 0 0 0 0 0 0 0 0 0 0 0 0 0 0 0 0 0 0 0 0 0 0 0 0 0 0 0 0 0
3.35009 0.000648804 0.000218207 0.000430597 0.663677 0.763093 0 0 0 0 0 0 0 0 0 0 0 0 0 0 0 0 0 0 0 0 0 0 0 0 0 0 0 0 0 0 0 0 0 0 0 0 0 0 0 0 0 0 0 0 0 0 0 0 0 0 0 0 0 0 0 0 0 0 0 0 0 0 0 0 0 0 0 0 0 0 0 0 0 0 0 0 0 0 0 0 0 0
3.52205 0.000649485 0.00021803 0.000431455 0.664303 0.761934 0 0 0 0 0 0 0 0 0 0 0 0 0 0 0 0 0 0 0 0 0 0 0 0 0 0 0 0 0 0 0 0 0 0 0 0 0 0 0 0 0 0 0 0 0 0 0 0 0 0 0 0 0 0 0 0 0 0 0 0 0 0 0 0 0 0 0 0 0 0 0 0 0 0 0 0 0 0 0 0 0 0
3.70284 0.000650185 0.000217615 0.00043257 0.665303 0.760237 0 0 0 0 0 0 0 0 0 0 0 0 0 0 0 0 0 0 0 0 0 0 0 0 0 0 0 0 0 0 0 0 0 0 0 0 0 0 0 0 0 0 0 0 0 0 0 0 0 0 0 0 0 0 0 0 0 0 0 0 0 0 0 0 0 0 0 0 0 0 0 0 0 0 0 0 0 0 0 0 0 0
3.89291 0.000650897 0.0002171 0.000433797 0.666461 0.758302 0 0 0 0 0 0 0 0 0 0 0 0 0 0 0 0 0 0 0 0 0 0 0 0 0 0 0 0 0 0 0 0 0 0 0 0 0 0 0 0 0 0 0 0 0 0 0 0 0 0 0 0 0 0 0 0 0 0 0 0 0 0 0 0 0 0 0 0 0 0 0 0 0 0 0 0 0 0 0 0 0 0
4.09273 0.000651637 0.000216698 0.000434939 0.667456 0.756599 0 0 0 0 0 0 0 0 0 0 0 0 0 0 0 0 0 0 0 0 0 0 0 0 0 0 0 0 0 0 0 0 0 0 0 0 0 0 0 0 0 0 0 0 0 0 0 0 0 0 0 0 0 0 0 0 0 0 0 0 0 0 0 0 0 0 0 0 0 0 0 0 0 0 0 0 0 0 0 0 0 0
4.30281 0.000652388 0.000216552 0.000435836 0.668062 0.755412 0 0 0 0 0 0 0 0 0 0 0 0 0 0 0 0 0 0 0 0 0 0 0 0 0 0 0 0 0 0 0 0 0 0 0 0 0 0 0 0 0 0 0 0 0 0 0 0 0 0 0 0 0 0 0 0 0 0 0 0 0 0 0 0 0 0 0 0 0 0 0 0 0 0 0 0 0 0 0 0 0 0
4.52368 0.000653144 0.000216383 0.000436761 0.668706 0.754143 0 0 0 0 0 0 0 0 0 0 0 0 0 0 0 0 0 0 0 0 0 0 0 0 0 0 0 0 0 0 0 0 0 0 0 0 0 0 0 0 0 0 0 0 0 0 0 0 0 0 0 0 0 0 0 0 0 0 0 0 0 0 0 0 0 0 0 0 0 0 0 0 0 0 0 0 0 0 0 0 0 0
4.75588 0.000653937 0.000216123 0.000437814 0.669505 0.75267 0 0 0 0 0 0 0 0 0 0 0 0 0 0 0 0 0 0 0 0 0 0 0 0 0 0 0 0 0 0 0 0 0 0 0 0 0 0 0 0 0 0 0 0 0 0 0 0 0 0 0 0 0 0 0 0 0 0 0 0 0 0 0 0 0 0 0 0 0 0 0 0 0 0 0 0 0 0 0 0 0 0
5 0.000654723 0.000215914 0.000438809 0.670221 0.751274 0 0 0 0 0 0 0 0 0 0 0 0 0 0 0 0 0 0 0 0 0 0 0 0 0 0 0 0 0 0 0 0 0 0 0 0 0 0 0 0 0 0 0 0 0 0 0 0 0 0 0 0 0 0 0 0 0 0 0 0 0 0 0 0 0 0 0 0 0 0 0 0 0 0 0 0 0 0 0 0 0 0
5.25665 0.000655545 0.000216122 0.000439423 0.670317 0.750719 0 0 0 0 0 0 0 0 0 0 0 0 0 0 0 0 0 0 0 0 0 0 0 0 0 0 0 0 0 0 0 0 0 0 0 0 0 0 0 0 0 0 0 0 0 0 0 0 0 0 0 0 0 0 0 0 0 0 0 0 0 0 0 0 0 0 0 0 0 0 0 0 0 0 0 0 0 0 0 0 0 0
5.52648 0.000656411 0.000216447 0.000439965 0.670258 0.750376 0 0 0 0 0 0 0 0 0 0 0 0 0 0 0 0 0 0 0 0 0 0 0 0 0 0 0 0 0 0 0 0 0 0 0 0 0 0 0 0 0 0 0 0 0 0 0 0 0 0 0 0 0 0 0 0 0 0 0 0 0 0 0 0 0 0 0 0 0 0 0 0 0 0 0 0 0 0 0 0 0 0
5.81015 0.000657374 0.000217274 0.0004401 0.669482 0.751041 0 0 0 0 0 0 0 0 0 0 0 0 0 0 0 0 0 0 0 0 0 0 0 0 0 0 0 0 0 0 0 0 0 0 0 0 0 0 0 0 0 0 0 0 0 0 0 0 0 0 0 0 0 0 0 0 0 0 0 0 0 0 0 0 0 0 0 0 0 0 0 0 0 0 0 0 0 0 0 0 0 0
6.10839 0.000658507 0.000217245 0.000441263 0.670096 0.749927 0 0 0 0 0 0 0 0 0 0 0 0 0 0 0 0 0 0 0 0 0 0 0 0 0 0 0 0 0 0 0 0 0 0 0 0 0 0 0 0 0 0 0 0 0 0 0 0 0 0 0 0 0 0 0 0 0 0 0 0 0 0 0 0 0 0 0 0 0 0 0 0 0 0 0 0 0 0 0 0 0 0
6.42193 0.000659639 0.000215202 0.000444437 0.673758 0.744701 0 0 0 0 0 0 0 0 0 0 0 0 0 0 0 0 0 0 0 0 0 0 0 0 0 0 0 0 0 0 0 0 0 0 0 0 0 0 0 0 0 0 0 0 0 0 0 0 0 0 0 0 0 0 0 0 0 0 0 0 0 0 0 0 0 0 0 0 0 0 0 0 0 0 0 0 0 0 0 0 0 0
6.75157 0.000660661 0.000214596 0.000446065 0.67518 0.742362 0 0 0 0 0 0 0 0 0 0 0 0 0 0 0 0 0 0 0 0 0 0 0 0 0 0 0 0 0 0 0 0 0 0 0 0 0 0 0 0 0 0 0 0 0 0 0 0 0 0 0 0 0 0 0 0 0 0 0 0 0 0 0 0 0 0 0 0 0 0 0 0 0 0 0 0 0 0 0 0 0 0
7.09813 0.000661845 0.000214065 0.00044778 0.676563 0.74017 0 0 0 0 0 0 0 0 0 0 0 0 0 0 0 0 0 0 0 0 0 0 0 0 0 0 0 0 0 0 0 0 0 0 0 0 0 0 0 0 0 0 0 0 0 0 0 0 0 0 0 0 0 0 0 0 0 0 0 0 0 0 0 0 0 0 0 0 0 0 0 0 0 0 0 0 0 0 0 0 0 0
7.46248 0.000663047 0.000212294 0.000450753 0.679821 0.735543 0 0 0 0 0 0 0 0 0 0 0 0 0 0 0 0 0 0 0 0 0 0 0 0 0 0 0 0 0 0 0 0 0 0 0 0 0 0 0 0 0 0 0 0 0 0 0 0 0 0 0 0 0 0 0 0 0 0 0 0 0 0 0 0 0 0 0 0 0 0 0 0 0 0 0 0 0 0 0 0 0 0
7.84553 0.000664143 0.000210875 0.000453269 0.682486 0.73163 0 0 0 0 0 0 0 0 0 0 0 0 0 0 0 0 0 0 0 0 0 0 0 0 0 0 0 0 0 0 0 0 0 0 0 0 0 0 0 0 0 0 0 0 0 0 0 0 0 0 0 0 0 0 0 0 0 0 0 0 0 0 0 0 0 0 0 0 0 0 0 0 0 0 0 0 0 0 0 0 0 0
8.24824 0.000665251 0.000209093 0.000456158 0.685694 0.727074 0 0 0 0 0 0 0 0 0 0 0 0 0 0 0 0 0 0 0 0 0 0 0 0 0 0 0 0 0 0 0 0 0 0 0 0 0 0 0 0 0 0 0 0 0 0 0 0 0 0 0 0 0 0 0 0 0 0 0 0 0 0 0 0 0 0 0 0 0 0 0 0 0 0 0 0 0 0 0 0 0 0
8.67162 0.000666279 0.000207761 0.000458518 0.688177 0.723411 0 0 0 0 0 0 0 0 0 0 0 0 0 0 0 0 0 0 0 0 0 0 0 0 0 0 0 0 0 0 0 0 0 0 0 0 0 0 0 0 0 0 0 0 0 0 0 0 0 0 0 0 0 0 0 0 0 0 0 0 0 0 0 0 0 0 0 0 0 0 0 0 0 0 0 0 0 0 0 0 0 0
9.11674 0.000667234 0.000206816 0.000460418 0.69004 0.720495 0 0 0 0 0 0 0 0 0 0 0 0 0 0 0 0 0 0 0 0 0 0 0 0 0 0 0 0 0 0 0 0 0 0 0 0 0 0 0 0 0 0 0 0 0 0 0 0 0 0 0 0 0 0 0 0 0 0 0 0 0 0 0 0 0 0 0 0 0 0 0 0 0 0 0 0 0 0 0 0 0 0
9.5847 0.00066816 0.000206234 0.000461926 0.691341 0.718258 0 0 0 0 0 0 0 0 0 0 0 0 0 0 0 0 0 0 0 0 0 0 0 0 0 0 0 0 0 0 0 0 0 0 0 0 0 0 0 0 0 0 0 0 0 0 0 0 0 0 0 0 0 0 0 0 0 0 0 0 0 0 0 0 0 0 0 0 0 0 0 0 0 0 0 0 0 0 0 0 0 0
10.0767 0.000669127 0.000206274 0.000462853 0.691727 0.71713 0 0 0 0 0 0 0 0 0 0 0 0 0 0 0 0 0 0 0 0 0 0 0 0 0 0 0 0 0 0 0 0 0 0 0 0 0 0 0 0 0 0 0 0 0 0 0 0 0 0 0 0 0 0 0 0 0 0 0 0 0 0 0 0 0 0 0 0 0 0 0 0 0 0 0 0 0 0 0 0 0 0
10.5939 0.000670231 0.000206939 0.000463292 0.691242 0.717065 0 0 0 0 0 0 0 0 0 0 0 0 0 0 0 0 0 0 0 0 0 0 0 0 0 0 0 0 0 0 0 0 0 0 0 0 0 0 0 0 0 0 0 0 0 0 0 0 0 0 0 0 0 0 0 0 0 0 0 0 0 0 0 0 0 0 0 0 0 0 0 0 0 0 0 0 0 0 0 0 0 0
11.1377 0.0006716 0.000206807 0.000464793 0.692068 0.715513 0 0 0 0 0 0 0 0 0 0 0 0 0 0 0 0 0 0 0 0 0 0 0 0 0 0 0 0 0 0 0 0 0 0 0 0 0 0 0 0 0 0 0 0 0 0 0 0 0 0 0 0 0 0 0 0 0 0 0 0 0 0 0 0 0 0 0 0 0 0 0 0 0 0 0 0 0 0 0 0 0 0
11.7094 0.000672798 0.000205794 0.000467005 0.694123 0.712454 0 0 0 0 0 0 0 0 0 0 0 0 0 0 0 0 0 0 0 0 0 0 0 0 0 0 0 0 0 0 0 0 0 0 0 0 0 0 0 0 0 0 0 0 0 0 0 0 0 0 0 0 0 0 0 0 0 0 0 0 0 0 0 0 0 0 0 0 0 0 0 0 0 0 0 0 0 0 0 0 0 0
12.3105 0.000673972 0.00020526 0.000468711 0.695446 0.710239 0 0 0 0 0 0 0 0 0 0 0 0 0 0 0 0 0 0 0 0 0 0 0 0 0 0 0 0 0 0 0 0 0 0 0 0 0 0 0 0 0 0 0 0 0 0 0 0 0 0 0 0 0 0 0 0 0 0 0 0 0 0 0 0 0 0 0 0 0 0 0 0 0 0 0 0 0 0 0 0 0 0
12.9424 0.000675487 0.000205437 0.00047005 0.695868 0.709147 0 0 0 0 0 0 0 0 0 0 0 0 0 0 0 0 0 0 0 0 0 0 0 0 0 0 0 0 0 0 0 0 0 0 0 0 0 0 0 0 0 0 0 0 0 0 0 0 0 0 0 0 0 0 0 0 0 0 0 0 0 0 0 0 0 0 0 0 0 0 0 0 0 0 0 0 0 0 0 0 0 0
13.6067 0.000676447 0.000203509 0.000472938 0.69915 0.704656 0 0 0 0 0 0 0 0 0 0 0 0 0 0 0 0 0 0 0 0 0 0 0 0 0 0 0 0 0 0 0 0 0 0 0 0 0 0 0 0 0 0 0 0 0 0 0 0 0 0 0 0 0 0 0 0 0 0 0 0 0 0 0 0 0 0 0 0 0 0 0 0 0 0 0 0 0 0 0 0 0 0
14.3051 0.000677722 0.000203528 0.000474194 0.699688 0.703339 0 0 0 0 0 0 0 0 0 0 0 0 0 0 0 0 0 0 0 0 0 0 0 0 0 0 0 0 0 0 0 0 0 0 0 0 0 0 0 0 0 0 0 0 0 0 0 0 0 0 0 0 0 0 0 0 0 0 0 0 0 0 0 0 0 0 0 0 0 0 0 0 0 0 0 0 0 0 0 0 0 0
15.0394 0.000678995 0.000203694 0.000475301 0.700006 0.702242 0 0 0 0 0 0 0 0 0 0 0 0 0 0 0 0 0 0 0 0 0 0 0 0 0 0 0 0 0 0 0 0 0 0 0 0 0 0 0 0 0 0 0 0 0 0 0 0 0 0 0 0 0 0 0 0 0 0 0 0 0 0 0 0 0 0 0 0 0 0 0 0 0 0 0 0 0 0 0 0 0 0
15.8114 0.000680275 0.000203445 0.00047683 0.700938 0.700453 0 0 0 0 0 0 0 0 0 0 0 0 0 0 0 0 0 0 0 0 0 0 0 0 0 0 0 0 0 0 0 0 0 0 0 0 0 0 0 0 0 0 0 0 0 0 0 0 0 0 0 0 0 0 0 0 0 0 0 0 0 0 0 0 0 0 0 0 0 0 0 0 0 0 0 0 0 0 0 0 0 0
16.623 0.00068177 0.000202649 0.000479121 0.702761 0.697741 0 0 0 0 0 0 0 0 0 0 0 0 0 0 0 0 0 0 0 0 0 0 0 0 0 0 0 0 0 0 0 0 0 0 0 0 0 0 0 0 0 0 0 0 0 0 0 0 0 0 0 0 0 0 0 0 0 0 0 0 0 0 0 0 0 0 0 0 0 0 0 0 0 0 0 0 0 0 0 0 0 0
17.4762 0.000683188 0.000202176 0.000481011 0.704069 0.695561 0 0 0 0 0 0 0 0 0 0 0 0 0 0 0 0 0 0 0 0 0 0 0 0 0 0 0 0 0 0 0 0 0 0 0 0 0 0 0 0 0 0 0 0 0 0 0 0 0 0 0 0 0 0 0 0 0 0 0 0 0 0 0 0 0 0 0 0 0 0 0 0 0 0 0 0 0 0 0 0 0 0
18.3733 0.000684421 0.000201375 0.000483045 0.705772 0.692921 0 0 0 0 0 0 0 0 0 0 0 0 0 0 0 0 0 0 0 0 0 0 0 0 0 0 0 0 0 0 0 0 0 0 0 0 0 0 0 0 0 0 0 0 0 0 0 0 0 0 0 0 0 0 0 0 0 0 0 0 0 0 0 0 0 0 0 0 0 0 1.4013e-45 0 1.4013e-45 0 4.2039e-45 0 8.40779e-45 0 1.54143e-44 0 3.08286e-44 0
19.3164 0.000685675 0.000201519 0.000484156 0.706102 0.691706 0 0 0 0 0 0 0 0 0 0 0 0 0 0 0 0 0 0 0 0 0 0 0 0 0 0 0 0 0 0 0 0 0 0 0 0 0 0 0 0 0 0 0 0 0 0 0 0 0 0 0 0 0 0 0 0 0 0 1.4013e-45 0 2.8026e-45 0 7.00649e-45 0 1.68156e-44 0 3.64338e-44 0 8.26766e-44 0 1.82169e-43 0 3.81153e-43 0 7.86128e-43 0 1.54003e-42 0 2.99037e-42 0 5.76074e-42 0
20.3079 0.000687285 0.00020172 0.000485564 0.706496 0.690467 0 0 0 0 0 0 0 0 0 0 0 0 0 0 0 0 0 0 0 0 0 0 0 0 0 0 0 0 0 0 0 0 0 0 0 0 0 0 0 0 0 0 0 0 0 0 0 0 1.4013e-45 0 4.2039e-45 0 1.4013e-44 0 3.78351e-44 0 9.52883e-44 0 2.39622e-43 0 5.94151e-43 0 1.38729e-42 0 3.04923e-42 0 6.62534e-42 0 1.424e-41 0 3.0268e-41 0 6.09495e-41 0 1.21589e-40 0 2.30394e-40 0 4.33139e-40 0 8.08025e-40 0
21.3503 0.000688841 0.000200514 0.000488327 0.708912 0.687146 0 0 0 0 0 0 0 0 0 0 0 0 0 0 0 0 0 0 0 0 0 0 0 0 0 0 0 0 0 0 0 0 0 0 0 0 0 0 0 0 2.8026e-45 0 9.80909e-45 0 3.36312e-44 0 1.09301e-43 0 3.18095e-43 0 9.47278e-43 0 2.51253e-42 0 6.54547e-42 0 1.59972e-41 0 3.85203e-41 0 9.14053e-41 0 2.04546e-40 0 4.32708e-40 0 9.05453e-40 0 1.87459e-39 0 3.84075e-39 0 7.47392e-39 0 1.44156e-38 0 2.64763e-38 0 4.82646e-38 0 8.73383e-38 0
22.4463 0.000690255 0.000200284 0.00048997 0.70984 0.685289 0 0 0 0 0 0 0 0 0 0 0 0 0 0 0 0 0 0 0 0 0 0 0 0 0 0 0 0 0 0 0 0 1.4013e-45 0 8.40779e-45 0 3.50325e-44 0 1.44334e-43 0 5.36697e-43 0 1.84131e-42 0 5.85462e-42 0 1.8158e-41 0 4.99745e-41 0 1.41356e-40 0 3.5729e-40 0 8.88174e-40 0 2.07818e-39 0 4.79377e-39 0 1.09053e-38 0 2.34627e-38 0 4.78513e-38 0 9.65845e-38 0 1.92982e-37 0 3.81784e-37 0 7.19173e-37 0 1.34335e-36 0 2.3951e-36 0 4.23997e-36 0 7.45354e-36 0
23.5984 0.000691726 0.000199433 0.000492293 0.711688 0.682522 0 0 0 0 0 0 0 0 0 0 0 0 0 0 0 0 0 0 0 0 0 0 0 0 0 0 1.4013e-45 0 9.80909e-45 0 6.02558e-44 0 3.22299e-43 0 1.46716e-42 0 6.09004e-42 0 2.31424e-41 0 8.09432e-41 0 2.61828e-40 0 7.86669e-40 0 2.30847e-39 0 6.0469e-39 0 1.62573e-38 0 3.92727e-38 0 9.33812e-38 0 2.09613e-37 0 4.64184e-37 0 1.01443e-36 0 2.10241e-36 0 4.14115e-36 0 8.07687e-36 0 1.56018e-35 0 2.98545e-35 0 5.45254e-35 0 9.87882e-35 0 1.71229e-34 0 2.94786e-34 0 5.04133e-34 0
24.8097 0.000693136 0.000198905 0.000494231 0.713037 0.680223 0 0 0 0 0 0 0 0 0 0 0 0 0 0 0 0 0 0 0 0 0 0 4.2039e-45 0 3.78351e-44 0 2.83062e-43 0 1.8357e-42 0 1.00305e-41 0 4.92977e-41 0 2.08684e-40 0 8.07893e-40 0 2.87617e-39 0 9.46314e-39 0 2.89055e-38 0 8.23054e-38 0 2.29157e-37 0 5.72695e-37 0 1.46713e-36 0 3.39477e-36 0 7.7377e-36 0 1.66965e-35 0 3.55665e-35 0 7.48161e-35 0 1.49636e-34 0 2.85146e-34 0 5.383e-34 0 1.00692e-33 0 1.86668e-33 0 3.31045e-33 0 5.82629e-33 0 9.83111e-33 0 1.64821e-32 0 2.74582e-32 0
26.0832 0.000694629 0.000198433 0.000496196 0.714333 0.677973 0 0 0 0 0 0 0 0 0 0 0 0 0 0 0 0 0 0 4.2039e-45 0 6.72623e-44 0 7.553e-43 0 6.27922e-42 0 4.3125e-41 0 2.55176e-40 0 1.28299e-39 0 5.8339e-39 0 2.30156e-38 0 8.34035e-38 0 2.79074e-37 0 8.66339e-37 0 2.50585e-36 0 6.77979e-36 0 1.7956e-35 0 4.29119e-35 0 1.04997e-34 0 2.332e-34 0 5.10577e-34 0 1.06113e-33 0 2.17845e-33 0 4.4191e-33 0 8.54433e-33 0 1.57774e-32 0 2.88748e-32 0 5.23857e-32 0 9.42319e-32 0 1.62505e-31 0 2.78218e-31 0 4.57617e-31 0 7.48092e-31 0 1.21561e-30 0
27.4221 0.000696062 0.000197752 0.00049831 0.715899 0.675441 0 0 0 0 0 0 0 0 0 0 0 0 0 0 1.4013e-45 0 4.62428e-44 0 8.56193e-43 0 1.079e-41 0 1.08074e-40 0 8.1084e-40 0 5.06849e-39 0 2.74974e-38 0 1.2777e-37 0 5.39576e-37 0 1.99074e-36 0 6.77447e-36 0 2.13698e-35 0 6.27696e-35 0 1.72384e-34 0 4.44275e-34 0 1.122e-33 0 2.56973e-33 0 6.01883e-33 0 1.28572e-32 0 2.70933e-32 0 5.4332e-32 0 1.07692e-31 0 2.11044e-31 0 3.95127e-31 0 7.08092e-31 0 1.25822e-30 0 2.21728e-30 0 3.87575e-30 0 6.50834e-30 0 1.08539e-29 0 1.74242e-29 0 2.78089e-29 0 4.41294e-29 0
28.8297 0.000697586 0.000197383 0.000500203 0.717048 0.673295 0 0 0 0 0 0 0 0 0 0 0 0 5.60519e-45 0 2.85865e-43 0 7.47873e-42 0 1.20447e-40 0 1.34223e-39 0 1.2014e-38 0 8.16904e-38 0 4.66932e-37 0 2.33243e-36 0 1.00548e-35 0 3.95779e-35 0 1.37004e-34 0 4.39164e-34 0 1.30976e-33 0 3.65001e-33 0 9.54156e-33 0 2.34801e-32 0 5.66758e-32 0 1.24658e-31 0 2.80091e-31 0 5.76551e-31 0 1.17152e-30 0 2.27085e-30 0 4.35322e-30 0 8.2553e-30 0 1.49899e-29 0 2.61085e-29 0 4.51088e-29 0 7.73232e-29 0 1.31524e-28 0 2.15341e-28 0 3.50267e-28 0 5.4945e-28 0 8.5713e-28 0 1.32984e-27 0
30.3095 0.000699017 0.000196592 0.000502425 0.718759 0.670593 0 0 0 0 0 0 0 0 0 0 1.26117e-44 0 1.09582e-42 0 4.1826e-41 0 9.33635e-40 0 1.31276e-38 0 1.30045e-37 0 1.04588e-36 0 6.47619e-36 0 3.39968e-35 0 1.56996e-34 0 6.3019e-34 0 2.32004e-33 0 7.55867e-33 0 2.28897e-32 0 6.47195e-32 0 1.71556e-31 0 4.27912e-31 0 1.00772e-30 0 2.32999e-30 0 4.93133e-30 0 1.06507e-29 0 2.11645e-29 0 4.15418e-29 0 7.79635e-29 0 1.44782e-28 0 2.66114e-28 0 4.69337e-28 0 7.95613e-28 0 1.3384e-27 0 2.23464e-27 0 3.70372e-27 0 5.9198e-27 0 9.40295e-27 0 1.44293e-26 0 2.2026e-26 0 3.34484e-26 0
31.8653 0.000700449 0.00019619 0.000504258 0.719907 0.668375 0 0 0 0 0 0 0 0 9.80909e-45 0 2.13978e-42 0 1.48606e-40 0 4.75032e-39 0 9.11189e-38 0 1.12607e-36 0 9.97357e-36 0 7.24492e-35 0 4.10404e-34 0 1.98688e-33 0 8.51489e-33 0 3.1937e-32 0 1.10327e-31 0 3.39303e-31 0 9.73391e-31 0 2.61604e-30 0 6.61216e-30 0 1.57729e-29 0 3.56236e-29 0 7.90638e-29 0 1.61321e-28 0 3.35564e-28 0 6.44829e-28 0 1.22468e-27 0 2.22885e-27 0 4.01586e-27 0 7.16514e-27 0 1.22917e-26 0 2.03066e-26 0 3.33037e-26 0 5.42307e-26 0 8.76924e-26 0 1.36989e-25 0 2.12732e-25 0 3.19694e-25 0 4.7803e-25 0 7.11273e-25 0
33.5009 0.00070197 0.000196116 0.000505854 0.720621 0.666522 0 0 0 0 0 0 1.4013e-45 0 1.61009e-42 0 2.78062e-40 0 1.56967e-38 0 4.2367e-37 0 7.03523e-36 0 7.68991e-35 0 6.12289e-34 0 4.03732e-33 0 2.10135e-32 0 9.41921e-32 0 3.75981e-31 0 1.32206e-30 0 4.29884e-30 0 1.25151e-29 0 3.41027e-29 0 8.73339e-29 0 2.1097e-28 0 4.82343e-28 0 1.0469e-27 0 2.23481e-27 0 4.40384e-27 0 8.83866e-27 0 1.64515e-26 0 3.02819e-26 0 5.35234e-26 0 9.37038e-26 0 1.62528e-25 0 2.71562e-25 0 4.37775e-25 0 7.00835e-25 0 1.11437e-24 0 1.76018e-24 0 2.69044e-24 0 4.08918e-24 0 6.02422e-24 0 8.83266e-24 0 1.28898e-23 0
35.2205 0.000703653 0.000196036 0.000507618 0.721403 0.664594 0 0 0 0 0 0 2.71852e-43 0 2.09528e-40 0 2.81387e-38 0 1.3045e-36 0 2.9977e-35 0 4.3397e-34 0 4.22078e-33 0 3.03693e-32 0 1.82633e-31 0 8.77011e-31 0 3.65353e-30 0 1.36305e-29 0 4.50749e-29 0 1.38367e-28 0 3.82349e-28 0 9.92104e-28 0 2.42667e-27 0 5.61498e-27 0 1.23296e-26 0 2.57672e-26 0 5.30056e-26 0 1.01048e-25 0 1.96026e-25 0 3.53964e-25 0 6.3241e-25 0 1.08713e-24 0 1.85191e-24 0 3.12689e-24 0 5.09531e-24 0 8.02467e-24 0 1.25549e-23 0 1.95162e-23 0 3.01459e-23 0 4.51334e-23 0 6.721e-23 0 9.71591e-23 0 1.39817e-22 0 2.00309e-22 0
37.0284 0.00070523 0.000195611 0.000509619 0.722628 0.662213 0 0 0 0 2.8026e-45 0 3.80242e-41 0 2.11992e-38 0 2.24121e-36 0 8.61541e-35 0 1.69884e-33 0 2.15852e-32 0 1.87868e-31 0 1.22759e-30 0 6.76323e-30 0 3.00823e-29 0 1.16886e-28 0 4.08926e-28 0 1.27558e-27 0 3.707e-27 0 9.74758e-27 0 2.41422e-26 0 5.65282e-26 0 1.25549e-25 0 2.65299e-25 0 5.3484e-25 0 1.06215e-24 0 1.96206e-24 0 3.68505e-24 0 6.46487e-24 0 1.12278e-23 0 1.8797e-23 0 3.11985e-23 0 5.13474e-23 0 8.17002e-23 0 1.25849e-22 0 1.92639e-22 0 2.9307e-22 0 4.43185e-22 0 6.50575e-22 0 9.50146e-22 0 1.34904e-21 0 1.90715e-21 0 2.68473e-21 0
38.9291 0.000706901 0.000195453 0.000511447 0.723507 0.660098 0 0 0 0 4.80645e-43 0 4.13579e-39 0 1.69332e-36 0 1.42585e-34 0 4.58662e-33 0 7.81893e-32 0 8.77504e-31 0 6.87175e-30 0 4.09699e-29 0 2.07674e-28 0 8.58804e-28 0 3.12295e-27 0 1.02776e-26 0 3.03273e-26 0 8.36622e-26 0 2.09847e-25 0 4.97224e-25 0 1.11686e-24 0 2.38577e-24 0 4.86057e-24 0 9.46911e-24 0 1.81854e-23 0 3.26014e-23 0 5.93751e-23 0 1.01345e-22 0 1.71329e-22 0 2.79705e-22 0 4.52898e-22 0 7.2748e-22 0 1.13156e-21 0 1.70664e-21 0 2.55865e-21 0 3.81365e-21 0 5.65178e-21 0 8.1425e-21 0 1.1674e-20 0 1.62938e-20 0 2.26485e-20 0 3.13549e-20 0
40.9273 0.000708604 0.000195386 0.000513218 0.724267 0.658031 0 0 0 0 6.40351e-41 0 3.53597e-37 0 1.07933e-34 0 7.31956e-33 0 1.98749e-31 0 2.95003e-30 0 2.9421e-29 0 2.0837e-28 0 1.13861e-27 0 5.33183e-27 0 2.05725e-26 0 7.024e-26 0 2.18099e-25 0 6.1045e-25 0 1.60261e-24 0 3.8433e-24 0 8.73094e-24 0 1.88517e-23 0 3.88047e-23 0 7.63578e-23 0 1.43991e-22 0 2.67862e-22 0 4.66711e-22 0 8.25474e-22 0 1.37266e-21 0 2.26183e-21 0 3.60525e-21 0 5.70187e-21 0 8.94929e-21 0 1.36232e-20 0 2.01386e-20 0 2.96013e-20 0 4.32692e-20 0 6.29045e-20 0 8.90251e-20 0 1.25411e-19 0 1.72214e-19 0 2.3556e-19 0 3.20975e-19 0
43.0281 0.00071042 0.000195168 0.000515253 0.725278 0.655717 0 0 1.4013e-45 0 6.62368e-39 0 2.40152e-35 0 5.54396e-33 0 3.06013e-31 0 7.0722e-30 0 9.20189e-29 0 8.20242e-28 0 5.27972e-27 0 2.65546e-26 0 1.1532e-25 0 4.16567e-25 0 1.33951e-24 0 3.93541e-24 0 1.04752e-23 0 2.62346e-23 0 6.0284e-23 0 1.31571e-22 0 2.73608e-22 0 5.43694e-22 0 1.03507e-21 0 1.89236e-21 0 3.41521e-21 0 5.79135e-21 0 9.96194e-21 0 1.61592e-20 0 2.59853e-20 0 4.04872e-20 0 6.26151e-20 0 9.61374e-20 0 1.43374e-19 0 2.07938e-19 0 2.99951e-19 0 4.30395e-19 0 6.14379e-19 0 8.54876e-19 0 1.18429e-18 0 1.60128e-18 0 2.15705e-18 0 2.89513e-18 0
45.2368 0.000712262 0.000195115 0.000517147 0.726063 0.653524 0 0 1.87774e-43 0 5.40071e-37 0 1.31236e-33 0 2.32274e-31 0 1.05408e-29 0 2.08978e-28 0 2.39893e-27 0 1.92175e-26 0 1.12949e-25 0 5.25002e-25 0 2.12221e-24 0 7.20003e-24 0 2.18689e-23 0 6.09566e-23 0 1.5468e-22 0 3.70408e-22 0 8.17272e-22 0 1.71702e-21 0 3.44524e-21 0 6.62041e-21 0 1.22137e-20 0 2.16814e-20 0 3.80174e-20 0 6.2827e-20 0 1.05247e-19 0 1.66736e-19 0 2.61977e-19 0 3.99439e-19 0 6.04737e-19 0 9.09261e-19 0 1.32982e-18 0 1.89397e-18 0 2.68361e-18 0 3.78338e-18 0 5.30766e-18 0 7.26716e-18 0 9.90854e-18 0 1.32014e-17 0 1.75266e-17 0 2.31881e-17 0
47.5588 0.00071402 0.000194769 0.000519251 0.727222 0.650946 0 0 2.51729e-41 0 3.50365e-35 0 5.8187e-32 0 7.99868e-30 0 3.01297e-28 0 5.16282e-27 0 5.26083e-26 0 3.80725e-25 0 2.05231e-24 0 8.84998e-24 0 3.34157e-23 0 1.06806e-22 0 3.07277e-22 0 8.14681e-22 0 1.9754e-21 0 4.53299e-21 0 9.62258e-21 0 1.94966e-20 0 3.78126e-20 0 7.03804e-20 0 1.26017e-19 0 2.1752e-19 0 3.71097e-19 0 5.98412e-19 0 9.77515e-19 0 1.51421e-18 0 2.32723e-18 0 3.47603e-18 0 5.1571e-18 0 7.60115e-18 0 1.09125e-17 0 1.52758e-17 0 2.12795e-17 0 2.95012e-17 0 4.07084e-17 0 5.48887e-17 0 7.37147e-17 0 9.6846e-17 0 1.26809e-16 0 1.65493e-16 0
50 0.000715873 0.000194653 0.000521221 0.72809 0.648545 0 0 2.62811e-39 0 1.83349e-33 0 2.1201e-30 0 2.29168e-28 0 7.23078e-27 0 1.07853e-25 0 9.81246e-25 0 6.44716e-24 0 3.20095e-23 0 1.28526e-22 0 4.54806e-22 0 1.37351e-21 0 3.75284e-21 0 9.48729e-21 0 2.20307e-20 0 4.85452e-20 0 9.93326e-20 0 1.94441e-19 0 3.65105e-19 0 6.59266e-19 0 1.14733e-18 0 1.92834e-18 0 3.20511e-18 0 5.04922e-18 0 8.05272e-18 0 1.22103e-17 0 1.83766e-17 0 2.69155e-17 0 3.91706e-17 0 5.66511e-17 0 7.99069e-17 0 1.10036e-16 0 1.50821e-16 0 2.05785e-16 0 2.79531e-16 0 3.71442e-16 0 4.91711e-16 0 6.37456e-16 0 8.23761e-16 0 1.06118e-15 0
52.5665 0.000717835 0.000194542 0.000523294 0.728989 0.646048 8.26766e-44 0 2.16023e-37 0 7.81313e-32 0 6.4025e-29 0 5.50615e-27 0 1.46788e-25 0 1.91883e-24 0 1.56733e-23 0 9.39362e-23 0 4.31287e-22 0 1.61808e-21 0 5.38321e-21 0 1.54032e-20 0 4.00705e-20 0 9.68149e-20 0 2.15757e-19 0 4.57436e-19 0 9.03844e-19 0 1.71217e-18 0 3.11758e-18 0 5.46928e-18 0 9.26422e-18 0 1.51808e-17 0 2.46139e-17 0 3.7925e-17 0 5.91215e-17 0 8.78422e-17 0 1.29591e-16 0 1.86303e-16 0 2.66207e-16 0 3.78133e-16 0 5.24478e-16 0 7.11037e-16 0 9.597e-16 0 1.28973e-15 0 1.72592e-15 0 2.2618e-15 0 2.95341e-15 0 3.7806e-15 0 4.82475e-15 0 6.13891e-15 0
55.2648 0.000719839 0.000194436 0.000525403 0.72989 0.643484 1.12048e-41 0 1.41432e-35 0 2.73837e-30 0 1.61721e-27 0 1.11896e-25 0 2.54122e-24 0 2.93011e-23 0 2.16011e-22 0 1.18626e-21 0 5.05584e-21 0 1.77824e-20 0 5.57883e-20 0 1.51642e-19 0 3.76499e-19 0 8.71315e-19 0 1.86726e-18 0 3.81625e-18 0 7.2939e-18 0 1.33927e-17 0 2.36827e-17 0 4.04226e-17 0 6.67311e-17 0 1.06744e-16 0 1.69037e-16 0 2.55011e-16 0 3.89014e-16 0 5.66926e-16 0 8.20641e-16 0 1.15905e-15 0 1.62755e-15 0 2.27256e-15 0 3.10214e-15 0 4.14357e-15 0 5.51135e-15 0 7.30051e-15 0 9.6316e-15 0 1.24566e-14 0 1.60551e-14 0 2.03054e-14 0 2.56068e-14 0 3.22006e-14 0
58.1015 0.000721813 0.000194123 0.000527691 0.731063 0.640603 1.17194e-39 0 7.4498e-34 0 7.96086e-29 0 3.44294e-26 0 1.93704e-24 0 3.77703e-23 0 3.86499e-22 0 2.58452e-21 0 1.30607e-20 0 5.18612e-20 0 1.71543e-19 0 5.08958e-19 0 1.31752e-18 0 3.12908e-18 0 6.95081e-18 0 1.43517e-17 0 2.83255e-17 0 5.24525e-17 0 9.34949e-17 0 1.60792e-16 0 2.67376e-16 0 4.30722e-16 0 6.73363e-16 0 1.04266e-15 0 1.5417e-15 0 2.30384e-15 0 3.29631e-15 0 4.68611e-15 0 6.50786e-15 0 8.98822e-15 0 1.23474e-14 0 1.66006e-14 0 2.18625e-14 0 2.86771e-14 0 3.74687e-14 0 4.87683e-14 0 6.22851e-14 0 7.92896e-14 0 9.91373e-14 0 1.23612e-13 0 1.53713e-13 0
61.0839 0.00072393 0.000194261 0.000529668 0.731657 0.638077 9.67062e-38 0 3.20153e-32 0 1.94377e-27 0 6.25052e-25 0 2.88851e-23 0 4.87193e-22 0 4.45028e-21 0 2.71224e-20 0 1.26638e-19 0 4.70109e-19 0 1.46678e-18 0 4.12679e-18 0 1.01981e-17 0 2.32187e-17 0 4.96059e-17 0 9.88619e-17 0 1.8875e-16 0 3.39164e-16 0 5.87727e-16 0 9.84365e-16 0 1.59672e-15 0 2.51301e-15 0 3.8439e-15 0 5.82631e-15 0 8.45199e-15 0 1.23849e-14 0 1.7413e-14 0 2.43331e-14 0 3.32553e-14 0 4.52115e-14 0 6.11532e-14 0 8.10383e-14 0 1.053e-13 0 1.36304e-13 0 1.75782e-13 0 2.25867e-13 0 2.85045e-13 0 3.58614e-13 0 4.43517e-13 0 5.47087e-13 0 6.73109e-13 0
64.2193 0.000725946 0.00019352 0.000532426 0.733424 0.634578 6.32656e-36 0 1.12607e-30 0 3.99315e-26 0 9.6866e-24 0 3.71235e-22 0 5.45466e-21 0 4.47249e-20 0 2.49555e-19 0 1.08075e-18 0 3.76314e-18 0 1.11068e-17 0 2.971e-17 0 7.02466e-17 0 1.53638e-16 0 3.16299e-16 0 6.09495e-16 0 1.1275e-15 0 1.96885e-15 0 3.32139e-15 0 5.42456e-15 0 8.59374e-15 0 1.32291e-14 0 1.98197e-14 0 2.94373e-14 0 4.19349e-14 0 6.03126e-14 0 8.33995e-14 0 1.14655e-13 0 1.54323e-13 0 2.06684e-13 0 2.7547e-13 0 3.6006e-13 0 4.61911e-13 0 5.9043e-13 0 7.52037e-13 0 9.54561e-13 0 1.19105e-12 0 1.48175e-12 0 1.81364e-12 0 2.21436e-12 0 2.697e-12 0
67.5157 0.000727981 0.000193172 0.000534809 0.734647 0.631346 3.33982e-34 0 3.2944e-29 0 7.00468e-25 0 1.29959e-22 0 4.16843e-21 0 5.37164e-20 0 3.97442e-19 0 2.0391e-18 0 8.2209e-18 0 2.69333e-17 0 7.54011e-17 0 1.92233e-16 0 4.35818e-16 0 9.17454e-16 0 1.82336e-15 0 3.4028e-15 0 6.10856e-15 0 1.03804e-14 0 1.707e-14 0 2.72193e-14 0 4.21637e-14 0 6.35535e-14 0 9.33543e-14 0 1.36003e-13 0 1.90424e-13 0 2.6906e-13 0 3.66212e-13 0 4.95692e-13 0 6.57584e-13 0 8.68225e-13 0 1.14106e-12 0 1.47208e-12 0 1.86566e-12 0 2.35633e-12 0 2.96604e-12 0 3.72122e-12 0 4.59322e-12 0 5.65369e-12 0 6.8521e-12 0 8.28489e-12 0 9.994e-12 0
70.9813 0.000730194 0.000193039 0.000537155 0.735633 0.628208 1.43652e-32 0 8.08231e-28 0 1.05647e-23 0 1.51887e-21 0 4.11291e-20 0 4.67824e-19 0 3.13916e-18 0 1.48698e-17 0 5.60047e-17 0 1.73153e-16 0 4.6099e-16 0 1.12279e-15 0 2.44579e-15 0 4.96494e-15 0 9.54197e-15 0 1.72732e-14 0 3.01348e-14 0 4.99001e-14 0 8.00894e-14 0 1.24831e-13 0 1.8928e-13 0 2.79644e-13 0 4.03132e-13 0 5.76611e-13 0 7.94182e-13 0 1.10336e-12 0 1.47932e-12 0 1.97299e-12 0 2.58149e-12 0 3.36248e-12 0 4.36054e-12 0 5.55599e-12 0 6.96048e-12 0 8.69147e-12 0 1.08182e-11 0 1.34231e-11 0 1.63991e-11 0 1.99816e-11 0 2.39909e-11 0 2.87398e-11 0 3.43525e-11 0
74.6248 0.000732308 0.000192626 0.000539683 0.736961 0.624671 5.07215e-31 0 1.67298e-26 0 1.37669e-22 0 1.55294e-20 0 3.57961e-19 0 3.61588e-18 0 2.21096e-17 0 9.70714e-17 0 3.42683e-16 0 1.00269e-15 0 2.54485e-15 0 5.93462e-15 0 1.24453e-14 0 2.44055e-14 0 4.54317e-14 0 7.98933e-14 0 1.35646e-13 0 2.19152e-13 0 3.43705e-13 0 5.24232e-13 0 7.78895e-13 0 1.12903e-12 0 1.59878e-12 0 2.24717e-12 0 3.04709e-12 0 4.16591e-12 0 5.50603e-12 0 7.24092e-12 0 9.35061e-12 0 1.20233e-11 0 1.53955e-11 0 1.93856e-11 0 2.40202e-11 0 2.96703e-11 0 3.65377e-11 0 4.48606e-11 0 5.42734e-11 0 6.54949e-11 0 7.79374e-11 0 9.2545e-11 0 1.09659e-10 0
78.4553 0.000734431 0.000192041 0.000542389 0.738517 0.620807 1.48509e-29 0 2.94747e-25 0 1.56182e-21 0 1.39878e-19 0 2.7663e-18 0 2.49597e-17 0 1.39705e-16 0 5.70628e-16 0 1.89412e-15 0 5.25916e-15 0 1.27545e-14 0 2.85391e-14 0 5.77232e-14 0 1.09535e-13 0 1.9781e-13 0 3.384e-13 0 5.59888e-13 0 8.83625e-13 0 1.35571e-12 0 2.0256e-12 0 2.95198e-12 0 4.2021e-12 0 5.85027e-12 0 8.08731e-12 0 1.08043e-11 0 1.45475e-11 0 1.89672e-11 0 2.46122e-11 0 3.13889e-11 0 3.98684e-11 0 5.04378e-11 0 6.27993e-11 0 7.7003e-11 0 9.41397e-11 0 1.14757e-10 0 1.39492e-10 0 1.67199e-10 0 1.99926e-10 0 2.35895e-10 0 2.77769e-10 0 3.26421e-10 0
82.4824 0.000736626 0.000191632 0.000544994 0.739852 0.617037 3.6453e-28 0 4.46272e-24 0 1.5558e-20 0 1.11882e-18 0 1.91261e-17 0 1.54997e-16 0 7.97585e-16 0 3.04144e-15 0 9.52126e-15 0 2.51506e-14 0 5.84133e-14 0 1.25664e-13 0 2.45575e-13 0 4.51652e-13 0 7.9244e-13 0 1.32058e-12 0 2.13186e-12 0 3.29041e-12 0 4.94393e-12 0 7.24344e-12 0 1.03638e-11 0 1.45006e-11 0 1.98645e-11 0 2.70296e-11 0 3.56033e-11 0 4.72471e-11 0 6.08086e-11 0 7.7909e-11 0 9.81873e-11 0 1.23265e-10 0 1.54163e-10 0 1.89902e-10 0 2.30547e-10 0 2.79103e-10 0 3.36953e-10 0 4.05698e-10 0 4.81997e-10 0 5.71333e-10 0 6.687e-10 0 7.81145e-10 0 9.10761e-10 0
86.7162 0.000738505 0.000191575 0.00054693 0.740591 0.613241 7.57345e-27 0 5.85564e-23 0 1.3708e-19 0 8.00063e-18 0 1.19069e-16 0 8.71223e-16 0 4.13854e-15 0 1.47832e-14 0 4.37709e-14 0 1.10266e-13 0 2.45775e-13 0 5.09323e-13 0 9.63299e-13 0 1.71973e-12 0 2.93564e-12 0 4.77166e-12 0 7.52505e-12 0 1.1371e-11 0 1.67489e-11 0 2.40858e-11 0 3.38641e-11 0 4.66105e-11 0 6.28786e-11 0 8.42819e-11 0 1.09532e-10 0 1.4336e-10 0 1.8225e-10 0 2.30694e-10 0 2.87474e-10 0 3.5691e-10 0 4.41526e-10 0 5.38376e-10 0 6.47445e-10 0 7.76524e-10 0 9.28895e-10 0 1.10831e-09 0 1.30572e-09 0 1.53493e-09 0 1.78277e-09 0 2.06681e-09 0 2.39176e-09 0
91.1674 0.000740726 0.000190967 0.000549759 0.742189 0.608933 1.33649e-25 0 6.67426e-22 0 1.06978e-18 0 5.11935e-17 0 6.67781e-16 0 4.43369e-15 0 1.95183e-14 0 6.55191e-14 0 1.83979e-13 0 4.43032e-13 0 9.49587e-13 0 1.89906e-12 0 3.48172e-12 0 6.04233e-12 0 1.00486e-11 0 1.59505e-11 0 2.46011e-11 0 3.64326e-11 0 5.26584e-11 0 7.43942e-11 0 1.02871e-10 0 1.394e-10 0 1.85325e-10 0 2.44879e-10 0 3.14199e-10 0 4.05867e-10 0 5.09956e-10 0 6.38121e-10 0 7.86683e-10 0 9.66434e-10 0 1.1832e-09 0 1.42884e-09 0 1.7029e-09 0 2.02435e-09 0 2.40048e-09 0 2.83956e-09 0 3.31866e-09 0 3.87055e-09 0 4.46277e-09 0 5.13657e-09 0 5.90194e-09 0
95.847 0.000743181 0.000191165 0.000552016 0.742775 0.605105 2.03339e-24 0 6.70018e-21 0 7.49038e-18 0 2.96758e-16 0 3.41478e-15 0 2.06706e-14 0 8.46456e-14 0 2.67825e-13 0 7.15088e-13 0 1.64965e-12 0 3.40664e-12 0 6.58619e-12 0 1.17229e-11 0 1.98042e-11 0 3.21273e-11 0 4.98591e-11 0 7.529e-11 0 1.09382e-10 0 1.55279e-10 0 2.15703e-10 0 2.93588e-10 0 3.91981e-10 0 5.13922e-10 0 6.69897e-10 0 8.49132e-10 0 1.08324e-09 0 1.34597e-09 0 1.66591e-09 0 2.03287e-09 0 2.4724e-09 0 2.99719e-09 0 3.58623e-09 0 4.23763e-09 0 4.99521e-09 0 5.87426e-09 0 6.89197e-09 0 7.99372e-09 0 9.25331e-09 0 1.05952e-08 0 1.21115e-08 0 1.38221e-08 0
100.767 0.000745269 0.000190814 0.000554455 0.743966 0.600359 2.66824e-23 0 5.92017e-20 0 4.69802e-17 0 1.55524e-15 0 1.58839e-14 0 8.80579e-14 0 3.3661e-13 0 1.00682e-12 0 2.56232e-12 0 5.67468e-12 0 1.13109e-11 0 2.11753e-11 0 3.66441e-11 0 6.03404e-11 0 9.56019e-11 0 1.45217e-10 0 2.14917e-10 0 3.06591e-10 0 4.27856e-10 0 5.84887e-10 0 7.84182e-10 0 1.03232e-09 0 1.33568e-09 0 1.71868e-09 0 2.15345e-09 0 2.7147e-09 0 3.33753e-09 0 4.08808e-09 0 4.94035e-09 0 5.95136e-09 0 7.14711e-09 0 8.47715e-09 0 9.93564e-09 0 1.16182e-08 0 1.3555e-08 0 1.57799e-08 0 1.81704e-08 0 2.08838e-08 0 2.37548e-08 0 2.69776e-08 0 3.05899e-08 0
105.939 0.000747741 0.00019037 0.000557371 0.745406 0.595598 3.0485e-22 0 4.64327e-19 0 2.65972e-16 0 7.42183e-15 0 6.76704e-14 0 3.4506e-13 0 1.23543e-12 0 3.50276e-12 0 8.51702e-12 0 1.81441e-11 0 3.49677e-11 0 6.34894e-11 0 1.06967e-10 0 1.719e-10 0 2.66303e-10 0 3.96336e-10 0 5.75445e-10 0 8.0679e-10 0 1.10772e-09 0 1.49134e-09 0 1.97108e-09 0 2.56019e-09 0 3.27114e-09 0 4.15761e-09 0 5.1523e-09 0 6.42211e-09 0 7.81631e-09 0 9.47971e-09 0 1.13506e-08 0 1.35496e-08 0 1.61272e-08 0 1.89697e-08 0 2.20618e-08 0 2.56016e-08 0 2.96455e-08 0 3.42562e-08 0 3.9175e-08 0 4.47201e-08 0 5.05491e-08 0 5.70515e-08 0 6.42951e-08 0
111.377 0.000750345 0.000190576 0.000559768 0.746015 0.591129 3.06489e-21 0 3.26407e-18 0 1.37124e-15 0 3.25242e-14 0 2.66213e-13 0 1.25366e-12 0 4.21756e-12 0 1.13646e-11 0 2.64602e-11 0 5.43256e-11 0 1.01397e-10 0 1.78818e-10 0 2.93696e-10 0 4.61176e-10 0 6.99336e-10 0 1.0208e-09 0 1.45538e-09 0 2.00709e-09 0 2.71341e-09 0 3.60044e-09 0 4.69428e-09 0 6.01995e-09 0 7.60017e-09 0 9.54736e-09 0 1.17083e-08 0 1.44377e-08 0 1.74043e-08 0 2.09102e-08 0 2.48177e-08 0 2.93709e-08 0 3.46622e-08 0 4.04497e-08 0 4.66974e-08 0 5.37977e-08 0 6.1851e-08 0 7.09678e-08 0 8.06281e-08 0 9.14478e-08 0 1.02751e-07 0 1.15285e-07 0 1.29166e-07 0
117.094 0.000752277 0.00019019 0.000562087 0.74718 0.585422 2.71131e-20 0 2.05455e-17 0 6.42671e-15 0 1.306e-13 0 9.6469e-13 0 4.21196e-12 0 1.33549e-11 0 3.42859e-11 0 7.66006e-11 0 1.51841e-10 0 2.74903e-10 0 4.71559e-10 0 7.55964e-10 0 1.16119e-09 0 1.72541e-09 0 2.47245e-09 0 3.46451e-09 0 4.70346e-09 0 6.26575e-09 0 8.20004e-09 0 1.05537e-08 0 1.33707e-08 0 1.66894e-08 0 2.07331e-08 0 2.51737e-08 0 3.07262e-08 0 3.67033e-08 0 4.37035e-08 0 5.14383e-08 0 6.03769e-08 0 7.06802e-08 0 8.1862e-08 0 9.38457e-08 0 1.0737e-07 0 1.22605e-07 0 1.39736e-07 0 1.57771e-07 0 1.77846e-07 0 1.98694e-07 0 2.21683e-07 0 2.47e-07 0
123.105 0.000754872 0.000189904 0.000564968 0.748429 0.579735 2.13102e-19 0 1.16825e-16 0 2.76043e-14 0 4.84253e-13 0 3.24426e-12 0 1.31814e-11 0 3.95046e-11 0 9.68571e-11 0 2.08067e-10 0 3.9889e-10 0 7.01545e-10 0 1.17211e-09 0 1.83623e-09 0 2.76203e-09 0 4.02552e-09 0 5.66799e-09 0 7.81249e-09 0 1.04492e-08 0 1.37264e-08 0 1.77294e-08 0 2.25389e-08 0 2.8227e-08 0 3.4854e-08 0 4.28425e-08 0 5.1528e-08 0 6.22843e-08 0 7.37575e-08 0 8.70794e-08 0 1.01679e-07 0 1.18418e-07 0 1.37563e-07 0 1.58188e-07 0 1.80139e-07 0 2.0475e-07 0 2.32293e-07 0 2.63064e-07 0 2.95261e-07 0 3.3089e-07 0 3.67684e-07 0 4.08038e-07 0 4.52244e-07 0
129.424 0.000758105 0.000190367 0.000567738 0.748891 0.574843 1.50196e-18 0 6.05173e-16 0 1.09507e-13 0 1.6703e-12 0 1.01978e-11 0 3.86923e-11 0 1.0991e-10 0 2.57932e-10 0 5.33782e-10 0 9.9132e-10 0 1.69607e-09 0 2.7636e-09 0 4.2356e-09 0 6.24537e-09 0 8.93643e-09 0 1.23742e-08 0 1.67908e-08 0 2.21411e-08 0 2.87005e-08 0 3.66101e-08 0 4.59991e-08 0 5.69784e-08 0 6.96346e-08 0 8.47369e-08 0 1.01001e-07 0 1.2096e-07 0 1.42064e-07 0 1.66369e-07 0 1.92797e-07 0 2.22872e-07 0 2.57019e-07 0 2.93544e-07 0 3.32164e-07 0 3.75191e-07 0 4.23046e-07 0 4.76185e-07 0 5.31463e-07 0 5.9229e-07 0 6.54771e-07 0 7.22949e-07 0 7.97257e-07 0
136.067 0.00076015 0.000190412 0.000569737 0.749507 0.568768 9.48652e-18 0 2.85188e-15 0 4.00377e-13 0 5.34621e-12 0 2.98812e-11 0 1.06229e-10 0 2.86759e-10 0 6.45502e-10 0 1.28924e-09 0 2.32305e-09 0 3.87169e-09 0 6.15999e-09 0 9.24624e-09 0 1.33775e-08 0 1.88098e-08 0 2.56351e-08 0 3.42704e-08 0 4.45842e-08 0 5.70649e-08 0 7.19315e-08 0 8.93772e-08 0 1.09559e-07 0 1.3259e-07 0 1.59807e-07 0 1.88854e-07 0 2.24191e-07 0 2.61247e-07 0 3.03592e-07 0 3.49296e-07 0 4.00936e-07 0 4.59156e-07 0 5.21016e-07 0 5.86017e-07 0 6.58001e-07 0 7.37593e-07 0 8.2546e-07 0 9.16356e-07 0 1.01585e-06 0 1.11752e-06 0 1.22793e-06 0 1.34769e-06 0
143.051 0.000761925 0.000189976 0.000571949 0.750663 0.561191 5.39611e-17 0 1.22777e-14 0 1.35398e-12 0 1.59307e-11 0 8.1865e-11 0 2.73556e-10 0 7.03504e-10 0 1.52209e-09 0 2.93907e-09 0 5.14574e-09 0 8.36488e-09 0 1.30104e-08 0 1.91454e-08 0 2.72046e-08 0 3.76206e-08 0 5.05024e-08 0 6.65641e-08 0 8.54916e-08 0 1.08113e-07 0 1.34747e-07 0 1.65662e-07 0 2.01061e-07 0 2.4107e-07 0 2.87919e-07 0 3.37489e-07 0 3.97296e-07 0 4.59518e-07 0 5.30099e-07 0 6.0574e-07 0 6.90628e-07 0 7.85696e-07 0 8.86064e-07 0 9.90904e-07 0 1.10635e-06 0 1.23328e-06 0 1.37263e-06 0 1.51602e-06 0 1.67219e-06 0 1.83101e-06 0 2.00267e-06 0 2.18803e-06 0
150.394 0.000765056 0.000189788 0.000575267 0.751929 0.553896 2.78868e-16 0 4.86805e-14 0 4.26706e-12 0 4.45121e-11 0 2.11171e-10 0 6.65276e-10 0 1.63378e-09 0 3.4041e-09 0 6.3653e-09 0 1.08438e-08 0 1.72143e-08 0 2.62033e-08 0 3.78389e-08 0 5.28527e-08 0 7.19409e-08 0 9.5196e-08 0 1.23792e-07 0 1.57061e-07 0 1.96356e-07 0 2.42112e-07 0 2.94673e-07 0 3.54274e-07 0 4.21024e-07 0 4.98503e-07 0 5.79814e-07 0 6.77149e-07 0 7.77657e-07 0 8.90867e-07 0 1.01138e-06 0 1.14575e-06 0 1.29529e-06 0 1.4522e-06 0 1.61519e-06 0 1.79368e-06 0 1.9889e-06 0 2.20209e-06 0 2.42037e-06 0 2.65693e-06 0 2.89643e-06 0 3.15415e-06 0 3.43122e-06 0
158.114 0.000768785 0.000190085 0.0005787 0.752746 0.547601 1.31727e-15 0 1.78718e-13 0 1.25918e-11 0 1.17143e-10 0 5.15064e-10 0 1.53425e-09 0 3.60609e-09 0 7.24905e-09 0 1.3147e-08 0 2.18219e-08 0 3.3869e-08 0 5.05079e-08 0 7.16391e-08 0 9.84447e-08 0 1.31997e-07 0 1.72293e-07 0 2.21192e-07 0 2.77396e-07 0 3.43038e-07 0 4.1867e-07 0 5.04695e-07 0 6.01343e-07 0 7.08647e-07 0 8.32164e-07 0 9.60785e-07 0 1.11361e-06 0 1.27028e-06 0 1.44558e-06 0 1.631e-06 0 1.83648e-06 0 2.06377e-06 0 2.3009e-06 0 2.54587e-06 0 2.81279e-06 0 3.10322e-06 0 3.41882e-06 0 3.7404e-06 0 4.08734e-06 0 4.43703e-06 0 4.81177e-06 0 5.21298e-06 0
166.23 0.000771146 0.00019032 0.000580826 0.753199 0.540585 5.69645e-15 0 6.08111e-13 0 3.48081e-11 0 2.90414e-10 0 1.18785e-09 0 3.35468e-09 0 7.56259e-09 0 1.4693e-08 0 2.5884e-08 0 4.19134e-08 0 6.36711e-08 0 9.31164e-08 0 1.29839e-07 0 1.75674e-07 0 2.32199e-07 0 2.99168e-07 0 3.79421e-07 0 4.70598e-07 0 5.75955e-07 0 6.96135e-07 0 8.3155e-07 0 9.8235e-07 0 1.1484e-06 0 1.33803e-06 0 1.53403e-06 0 1.76527e-06 0 2.00073e-06 0 2.26251e-06 0 2.53771e-06 0 2.84091e-06 0 3.17437e-06 0 3.52037e-06 0 3.87599e-06 0 4.26157e-06 0 4.67909e-06 0 5.13064e-06 0 5.58865e-06 0 6.08063e-06 0 6.57446e-06 0 7.10155e-06 0 7.66366e-06 0
174.763 0.000772143 0.000190357 0.000581786 0.753469 0.531285 2.26342e-14 0 1.92357e-12 0 9.03622e-11 0 6.79737e-10 0 2.59547e-09 0 6.96774e-09 0 1.50965e-08 0 2.83944e-08 0 4.86572e-08 0 7.69571e-08 0 1.14544e-07 0 1.64435e-07 0 2.25593e-07 0 3.00758e-07 0 3.92152e-07 0 4.99041e-07 0 6.25609e-07 0 7.6783e-07 0 9.30507e-07 0 1.11431e-06 0 1.31957e-06 0 1.54624e-06 0 1.79387e-06 0 2.07455e-06 0 2.36262e-06 0 2.70018e-06 0 3.04169e-06 0 3.41909e-06 0 3.81354e-06 0 4.24571e-06 0 4.71844e-06 0 5.20637e-06 0 5.70544e-06 0 6.24403e-06 0 6.82456e-06 0 7.44957e-06 0 8.0808e-06 0 8.75602e-06 0 9.4311e-06 0 1.01489e-05 0 1.09116e-05 0
183.733 0.000774163 0.000190155 0.000584008 0.754373 0.520289 8.29498e-14 0 5.67494e-12 0 2.20908e-10 0 1.50584e-09 0 5.38573e-09 0 1.37779e-08 0 2.87456e-08 0 5.24243e-08 0 8.75037e-08 0 1.35334e-07 0 1.97559e-07 0 2.78647e-07 0 3.76426e-07 0 4.94851e-07 0 6.3692e-07 0 8.01042e-07 0 9.93183e-07 0 1.20684e-06 0 1.44887e-06 0 1.71986e-06 0 2.01992e-06 0 2.34864e-06 0 2.70509e-06 0 3.10621e-06 0 3.51516e-06 0 3.99128e-06 0 4.47003e-06 0 4.99603e-06 0 5.54278e-06 0 6.13866e-06 0 6.78708e-06 0 7.45304e-06 0 8.13105e-06 0 8.85951e-06 0 9.64129e-06 0 1.04793e-05 0 1.13222e-05 0 1.22203e-05 0 1.31149e-05 0 1.40626e-05 0 1.5066e-05 0
193.164 0.000777752 0.000189525 0.000588227 0.756317 0.509409 2.81203e-13 0 1.56519e-11 0 5.09536e-10 0 3.16259e-09 0 1.06288e-08 0 2.5972e-08 0 5.22759e-08 0 9.2581e-08 0 1.50714e-07 0 2.28185e-07 0 3.27006e-07 0 4.53546e-07 0 6.03767e-07 0 7.83183e-07 0 9.95686e-07 0 1.23832e-06 0 1.51931e-06 0 1.82866e-06 0 2.1759e-06 0 2.56134e-06 0 2.98469e-06 0 3.44497e-06 0 3.94052e-06 0 4.4944e-06 0 5.05549e-06 0 5.70475e-06 0 6.35378e-06 0 7.06299e-06 0 7.79631e-06 0 8.59153e-06 0 9.45259e-06 0 1.03328e-05 0 1.12249e-05 0 1.21795e-05 0 1.31996e-05 0 1.42887e-05 0 1.53798e-05 0 1.6538e-05 0 1.76875e-05 0 1.89012e-05 0 2.01818e-05 0
203.079 0.00078275 0.000190716 0.000592033 0.756351 0.501175 8.95613e-13 0 4.09678e-11 0 1.12512e-09 0 6.3879e-09 0 2.02347e-08 0 4.7334e-08 0 9.20739e-08 0 1.58576e-07 0 2.52079e-07 0 3.74003e-07 0 5.26641e-07 0 7.18859e-07 0 9.43681e-07 0 1.20866e-06 0 1.5187e-06 0 1.86877e-06 0 2.27005e-06 0 2.70766e-06 0 3.19457e-06 0 3.73064e-06 0 4.3149e-06 0 4.94557e-06 0 5.61999e-06 0 6.3689e-06 0 7.12299e-06 0 7.9905e-06 0 8.85289e-06 0 9.79034e-06 0 1.07548e-05 0 1.17958e-05 0 1.29176e-05 0 1.40592e-05 0 1.52115e-05 0 1.64394e-05 0 1.77465e-05 0 1.91365e-05 0 2.0524e-05 0 2.19915e-05 0 2.34431e-05 0 2.49707e-05 0 2.65774e-05 0
213.503 0.000786327 0.000192003 0.000594325 0.755823 0.49324 2.66493e-12 0 1.01145e-10 0 2.36295e-09 0 1.23251e-08 0 3.69048e-08 0 8.28207e-08 0 1.55953e-07 0 2.61558e-07 0 4.06479e-07 0 5.91578e-07 0 8.19208e-07 0 1.10135e-06 0 1.42671e-06 0 1.80537e-06 0 2.24334e-06 0 2.73263e-06 0 3.28803e-06 0 3.88827e-06 0 4.5506e-06 0 5.27412e-06 0 6.05695e-06 0 6.89614e-06 0 7.78781e-06 0 8.77187e-06 0 9.75703e-06 0 1.08841e-05 0 1.19986e-05 0 1.32041e-05 0 1.44386e-05 0 1.57648e-05 0 1.71877e-05 0 1.86295e-05 0 2.0079e-05 0 2.16178e-05 0 2.32496e-05 0 2.49786e-05 0 2.66983e-05 0 2.8511e-05 0 3.02982e-05 0 3.21733e-05 0 3.41393e-05 0
224.463 0.000787241 0.000192909 0.000594332 0.754956 0.482799 7.41458e-12 0 2.35635e-10 0 4.71992e-09 0 2.27116e-08 0 6.44593e-08 0 1.3906e-07 0 2.53885e-07 0 4.15189e-07 0 6.31492e-07 0 9.02371e-07 0 1.22988e-06 0 1.62975e-06 0 2.0847e-06 0 2.60786e-06 0 3.20631e-06 0 3.8682e-06 0 4.61255e-06 0 5.41011e-06 0 6.28324e-06 0 7.22998e-06 0 8.2472e-06 0 9.33057e-06 0 1.04746e-05 0 1.17299e-05 0 1.29796e-05 0 1.44019e-05 0 1.58013e-05 0 1.73078e-05 0 1.88435e-05 0 2.04863e-05 0 2.22413e-05 0 2.40125e-05 0 2.57864e-05 0 2.76627e-05 0 2.96454e-05 0 3.17387e-05 0 3.38138e-05 0 3.59941e-05 0 3.8137e-05 0 4.03788e-05 0 4.27224e-05 0
235.984 0.000786376 0.000192713 0.000593663 0.754935 0.467672 1.92797e-11 0 5.17503e-10 0 8.95475e-09 0 3.99074e-08 0 1.07639e-07 0 2.23658e-07 0 3.96511e-07 0 6.33046e-07 0 9.43334e-07 0 1.32469e-06 0 1.7784e-06 0 2.32443e-06 0 2.93778e-06 0 3.63506e-06 0 4.42439e-06 0 5.28906e-06 0 6.25286e-06 0 7.27718e-06 0 8.39012e-06 0 9.58841e-06 0 1.08674e-05 0 1.22211e-05 0 1.36424e-05 0 1.51931e-05 0 1.6729e-05 0 1.84681e-05 0 2.01711e-05 0 2.19963e-05 0 2.38488e-05 0 2.58224e-05 0 2.79224e-05 0 3.00335e-05 0 3.21402e-05 0 3.43609e-05 0 3.66996e-05 0 3.91604e-05 0 4.1592e-05 0 4.41392e-05 0 4.66353e-05 0 4.92392e-05 0 5.1954e-05 0
248.097 0.00078665 0.0001919 0.00059475 0.756055 0.448758 4.71112e-11 0 1.0769e-09 0 1.62131e-08 0 6.71706e-08 0 1.72607e-07 0 3.4607e-07 0 5.96615e-07 0 9.31011e-07 0 1.36059e-06 0 1.87922e-06 0 2.48684e-06 0 3.20817e-06 0 4.00863e-06 0 4.90877e-06 0 5.91765e-06 0 7.01277e-06 0 8.22321e-06 0 9.4997e-06 0 1.08767e-05 0 1.23494e-05 0 1.39114e-05 0 1.5555e-05 0 1.7271e-05 0 1.91334e-05 0 2.09688e-05 0 2.30373e-05 0 2.50536e-05 0 2.72053e-05 0 2.93805e-05 0 3.16887e-05 0 3.41354e-05 0 3.65858e-05 0 3.9023e-05 0 4.15835e-05 0 4.42713e-05 0 4.70907e-05 0 4.9868e-05 0 5.27688e-05 0 5.56037e-05 0 5.85531e-05 0 6.16199e-05 0
260.832 0.000790147 0.000192022 0.000598125 0.756979 0.429469 1.09376e-10 0 2.14595e-09 0 2.83016e-08 0 1.09392e-07 0 2.68443e-07 0 5.20244e-07 0 8.73353e-07 0 1.33357e-06 0 1.91313e-06 0 2.60104e-06 0 3.39529e-06 0 4.32601e-06 0 5.34692e-06 0 6.48315e-06 0 7.74462e-06 0 9.1021e-06 0 1.05906e-05 0 1.21487e-05 0 1.38181e-05 0 1.55922e-05 0 1.74625e-05 0 1.94195e-05 0 2.14521e-05 0 2.36469e-05 0 2.57997e-05 0 2.8215e-05 0 3.05591e-05 0 3.30507e-05 0 3.55596e-05 0 3.82121e-05 0 4.10134e-05 0 4.38093e-05 0 4.6581e-05 0 4.94839e-05 0 5.25219e-05 0 5.56988e-05 0 5.88193e-05 0 6.20696e-05 0 6.52376e-05 0 6.85253e-05 0 7.19354e-05 0
274.221 0.000796954 0.000193188 0.000603766 0.757592 0.412564 2.42059e-10 0 4.1068e-09 0 4.77531e-08 0 1.72786e-07 0 4.05826e-07 0 7.61494e-07 0 1.24642e-06 0 1.8643e-06 0 2.6278e-06 0 3.51953e-06 0 4.53487e-06 0 5.71005e-06 0 6.98498e-06 0 8.39003e-06 0 9.93595e-06 0 1.15859e-05 0 1.33812e-05 0 1.52474e-05 0 1.72341e-05 0 1.93325e-05 0 2.15322e-05 0 2.38216e-05 0 2.61874e-05 0 2.87299e-05 0 3.12127e-05 0 3.39861e-05 0 3.66668e-05 0 3.95051e-05 0 4.23526e-05 0 4.53526e-05 0 4.85099e-05 0 5.16507e-05 0 5.47545e-05 0 5.79958e-05 0 6.1378e-05 0 6.49048e-05 0 6.83594e-05 0 7.19482e-05 0 7.54374e-05 0 7.90498e-05 0 8.27877e-05 0
288.297 0.000804693 0.000195347 0.000609346 0.757241 0.399027 5.11789e-10 0 7.56205e-09 0 7.80039e-08 0 2.65066e-07 0 5.97147e-07 0 1.08659e-06 0 1.73626e-06 0 2.54642e-06 0 3.52964e-06 0 4.66046e-06 0 5.93111e-06 0 7.38461e-06 0 8.94503e-06 0 1.06487e-05 0 1.25072e-05 0 1.44751e-05 0 1.66012e-05 0 1.87964e-05 0 2.1119e-05 0 2.3558e-05 0 2.6101e-05 0 2.87343e-05 0 3.14426e-05 0 3.43399e-05 0 3.71571e-05 0 4.02913e-05 0 4.33088e-05 0 4.64921e-05 0 4.96747e-05 0 5.30163e-05 0 5.65216e-05 0 5.99977e-05 0 6.34228e-05 0 6.69895e-05 0 7.07009e-05 0 7.45605e-05 0 7.83313e-05 0 8.22388e-05 0 8.60288e-05 0 8.99436e-05 0 9.39854e-05 0
303.095 0.000810309 0.000197974 0.000612334 0.75568 0.387588 1.03346e-09 0 1.33887e-08 0 1.23235e-07 0 3.94489e-07 0 8.54165e-07 0 1.5095e-06 0 2.35747e-06 0 3.39347e-06 0 4.62938e-06 0 6.03018e-06 0 7.58453e-06 0 9.34277e-06 0 1.12116e-05 0 1.3234e-05 0 1.54222e-05 0 1.77221e-05 0 2.01896e-05 0 2.27214e-05 0 2.53844e-05 0 2.81656e-05 0 3.10506e-05 0 3.40235e-05 0 3.70674e-05 0 4.03096e-05 0 4.34495e-05 0 4.69291e-05 0 5.02668e-05 0 5.37756e-05 0 5.7272e-05 0 6.09315e-05 0 6.47582e-05 0 6.85417e-05 0 7.22593e-05 0 7.61203e-05 0 8.01275e-05 0 8.42838e-05 0 8.83344e-05 0 9.25221e-05 0 9.65746e-05 0 0.000100751 0 0.000105055 0
318.653 0.00081144 0.000199834 0.000611605 0.753729 0.375066 1.98529e-09 0 2.26964e-08 0 1.87451e-07 0 5.66915e-07 0 1.18208e-06 0 2.03172e-06 0 3.10477e-06 0 4.39041e-06 0 5.89933e-06 0 7.58593e-06 0 9.43514e-06 0 1.15048e-05 0 1.36839e-05 0 1.60221e-05 0 1.85326e-05 0 2.11526e-05 0 2.39452e-05 0 2.67933e-05 0 2.97724e-05 0 3.28676e-05 0 3.60626e-05 0 3.934e-05 0 4.26812e-05 0 4.62255e-05 0 4.96447e-05 0 5.34201e-05 0 5.70286e-05 0 6.08098e-05 0 6.45657e-05 0 6.84849e-05 0 7.25712e-05 0 7.65997e-05 0 8.05477e-05 0 8.46376e-05 0 8.88718e-05 0 9.32528e-05 0 9.75124e-05 0 0.000101906 0 0.000106149 0 0.000110513 0 0.000115 0
335.009 0.000807064 0.000200012 0.000607052 0.752173 0.357568 3.62021e-09 0 3.67455e-08 0 2.73757e-07 0 7.8439e-07 0 1.57791e-06 0 2.64131e-06 0 3.95363e-06 0 5.49705e-06 0 7.28062e-06 0 9.24799e-06 0 1.13807e-05 0 1.37436e-05 0 1.62091e-05 0 1.88335e-05 0 2.16305e-05 0 2.453e-05 0 2.76014e-05 0 3.07159e-05 0 3.39566e-05 0 3.73069e-05 0 4.07492e-05 0 4.4265e-05 0 4.78346e-05 0 5.16066e-05 0 5.52321e-05 0 5.92213e-05 0 6.30216e-05 0 6.69911e-05 0 7.09224e-05 0 7.5013e-05 0 7.92658e-05 0 8.34473e-05 0 8.7535e-05 0 9.17595e-05 0 9.61227e-05 0 0.000100627 0 0.000104996 0 0.000109494 0 0.000113828 0 0.000118277 0 0.000122844 0
352.205 0.000799449 0.000199428 0.00060002 0.750543 0.33249 6.30893e-09 0 5.71856e-08 0 3.86249e-07 0 1.05128e-06 0 2.04385e-06 0 3.33633e-06 0 4.89664e-06 0 6.69962e-06 0 8.75262e-06 0 1.09889e-05 0 1.33869e-05 0 1.60185e-05 0 1.87409e-05 0 2.16168e-05 0 2.46604e-05 0 2.77955e-05 0 3.10969e-05 0 3.44264e-05 0 3.78736e-05 0 4.14206e-05 0 4.50491e-05 0 4.87397e-05 0 5.24725e-05 0 5.64022e-05 0 6.01664e-05 0 6.42944e-05 0 6.82145e-05 0 7.22971e-05 0 7.63289e-05 0 8.05127e-05 0 8.48509e-05 0 8.91055e-05 0 9.32548e-05 0 9.75331e-05 0 0.000101942 0 0.000106483 0 0.00011088 0 0.000115396 0 0.00011974 0 0.000124191 0 0.000128751 0
370.284 0.000791593 0.000197912 0.000593681 0.749983 0.298193 1.05194e-08 0 8.5621e-08 0 5.26818e-07 0 1.36547e-06 0 2.56995e-06 0 4.096e-06 0 5.90014e-06 0 7.95017e-06 0 1.02519e-05 0 1.27294e-05 0 1.53589e-05 0 1.82183e-05 0 2.11525e-05 0 2.42296e-05 0 2.74648e-05 0 3.07769e-05 0 3.42453e-05 0 3.77253e-05 0 4.13111e-05 0 4.49844e-05 0 4.87265e-05 0 5.25177e-05 0 5.63383e-05 0 6.03463e-05 0 6.4173e-05 0 6.83564e-05 0 7.23172e-05 0 7.64307e-05 0 8.04821e-05 0 8.46754e-05 0 8.90125e-05 0 9.32558e-05 0 9.73848e-05 0 0.000101633 0 0.000106002 0 0.000110492 0 0.000114831 0 0.000119279 0 0.00012355 0 0.000127919 0 0.000132386 0
389.291 0.000787842 0.000197873 0.000589969 0.748842 0.256808 1.70193e-08 0 1.25047e-07 0 7.04097e-07 0 1.74208e-06 0 3.17913e-06 0 4.95304e-06 0 7.00886e-06 0 9.30788e-06 0 1.1855e-05 0 1.45656e-05 0 1.74147e-05 0 2.0486e-05 0 2.36135e-05 0 2.68709e-05 0 3.0274e-05 0 3.37382e-05 0 3.73465e-05 0 4.09493e-05 0 4.4645e-05 0 4.84149e-05 0 5.22402e-05 0 5.61015e-05 0 5.99792e-05 0 6.40337e-05 0 6.78927e-05 0 7.2099e-05 0 7.60701e-05 0 8.01834e-05 0 8.42244e-05 0 8.83968e-05 0 9.2702e-05 0 9.69045e-05 0 0.000100985 0 0.000105175 0 0.000109475 0 0.000113887 0 0.000118141 0 0.000122495 0 0.000126668 0 0.00013093 0 0.000135281 0
409.273 0.000789229 0.000197185 0.000592044 0.750155 0.209928 2.64823e-08 0 1.76523e-07 0 9.13526e-07 0 2.1625e-06 0 3.83227e-06 0 5.84295e-06 0 8.12948e-06 0 1.0648e-05 0 1.34032e-05 0 1.63038e-05 0 1.93244e-05 0 2.25541e-05 0 2.58188e-05 0 2.91969e-05 0 3.27053e-05 0 3.62571e-05 0 3.99383e-05 0 4.35968e-05 0 4.73336e-05 0 5.11303e-05 0 5.49684e-05 0 5.88291e-05 0 6.26934e-05 0 6.67213e-05 0 7.05439e-05 0 7.46987e-05 0 7.86107e-05 0 8.26526e-05 0 8.6614e-05 0 9.06948e-05 0 9.48961e-05 0 9.89883e-05 0 0.000102954 0 0.000107018 0 0.000111181 0 0.000115444 0 0.000119548 0 0.000123741 0 0.000127753 0 0.000131844 0 0.000136014 0
430.281 0.000796013 0.000197341 0.000598672 0.752089 0.161419 4.00006e-08 0 2.43048e-07 0 1.16082e-06 0 2.63478e-06 0 4.54077e-06 0 6.78238e-06 0 9.28607e-06 0 1.20043e-05 0 1.49426e-05 0 1.80043e-05 0 2.11648e-05 0 2.45178e-05 0 2.78838e-05 0 3.13452e-05 0 3.49199e-05 0 3.85202e-05 0 4.22338e-05 0 4.59085e-05 0 4.96467e-05 0 5.34306e-05 0 5.72422e-05 0 6.10635e-05 0 6.48767e-05 0 6.88395e-05 0 7.25898e-05 0 7.66553e-05 0 8.04736e-05 0 8.44094e-05 0 8.8258e-05 0 9.22141e-05 0 9.62784e-05 0 0.000100229 0 0.00010405 0 0.00010796 0 0.000111957 0 0.000116043 0 0.00011997 0 0.000123975 0 0.000127803 0 0.0001317 0 0.000135666 0
452.368 0.000807351 0.000198591 0.00060876 0.754021 0.11442 5.88229e-08 0 3.27277e-07 0 1.44827e-06 0 3.15841e-06 0 5.30075e-06 0 7.76444e-06 0 1.04695e-05 0 1.33665e-05 0 1.64625e-05 0 1.96573e-05 0 2.2928e-05 0 2.63723e-05 0 2.98072e-05 0 3.33191e-05 0 3.69264e-05 0 4.05419e-05 0 4.42545e-05 0 4.79129e-05 0 5.16205e-05 0 5.536e-05 0 5.91143e-05 0 6.28664e-05 0 6.65996e-05 0 7.04685e-05 0 7.41204e-05 0 7.80694e-05 0 8.17693e-05 0 8.55747e-05 0 8.92878e-05 0 9.30969e-05 0 9.70024e-05 0 0.000100791 0 0.00010445 0 0.000108186 0 0.000112 0 0.000115892 0 0.000119627 0 0.000123431 0 0.000127061 0 0.000130751 0 0.000134503 0
475.588 0.000821161 0.000201243 0.000619918 0.754928 0.0710241 8.44682e-08 0 4.32192e-07 0 1.77867e-06 0 3.73433e-06 0 6.11134e-06 0 8.78723e-06 0 1.1678e-05 0 1.4734e-05 0 1.79646e-05 0 2.1268e-05 0 2.46231e-05 0 2.81319e-05 0 3.16094e-05 0 3.51451e-05 0 3.87587e-05 0 4.23637e-05 0 4.60499e-05 0 4.96682e-05 0 5.33219e-05 0 5.69946e-05 0 6.06704e-05 0 6.43332e-05 0 6.79675e-05 0 7.1724e-05 0 7.52611e-05 0 7.90769e-05 0 8.26441e-05 0 8.63053e-05 0 8.98706e-05 0 9.3521e-05 0 9.72567e-05 0 0.000100875 0 0.000104362 0 0.000107918 0 0.000111542 0 0.000115235 0 0.000118773 0 0.000122372 0 0.000125801 0 0.000129283 0 0.000132819 0
500 0.000834738 0.000205271 0.000629467 0.754089 0.0321795 1.18574e-07 0 5.60231e-07 0 2.15188e-06 0 4.35761e-06 0 6.96262e-06 0 9.83638e-06 0 1.28935e-05 0 1.60857e-05 0 1.94261e-05 0 2.2812e-05 0 2.62255e-05 0 2.97717e-05 0 3.32657e-05 0 3.67998e-05 0 4.03945e-05 0 4.39651e-05 0 4.76014e-05 0 5.11577e-05 0 5.47366e-05 0 5.83228e-05 0 6.19013e-05 0 6.54573e-05 0 6.89766e-05 0 7.26051e-05 0 7.60139e-05 0 7.96831e-05 0 8.31061e-05 0 8.66122e-05 0 9.00202e-05 0 9.35032e-05 0 9.70614e-05 0 0.000100502 0 0.000103812 0 0.000107183 0 0.000110614 0 0.000114104 0 0.000117444 0 0.000120837 0 0.000124065 0 0.000127339 0 0.00013066 0
525.665 0.000844932 0.000210177 0.000634754 0.751249 -0.00211458 1.62502e-07 0 7.11749e-07 0 2.56028e-06 0 5.00969e-06 0 7.82451e-06 0 1.08706e-05 0 1.4064e-05 0 1.73601e-05 0 2.07757e-05 0 2.42096e-05 0 2.7647e-05 0 3.1196e-05 0 3.46734e-05 0 3.81734e-05 0 4.17174e-05 0 4.52233e-05 0 4.87803e-05 0 5.22469e-05 0 5.57244e-05 0 5.91987e-05 0 6.26559e-05 0 6.60825e-05 0 6.94653e-05 0 7.29451e-05 0 7.6207e-05 0 7.97109e-05 0 8.29732e-05 0 8.63086e-05 0 8.95449e-05 0 9.28469e-05 0 9.62146e-05 0 9.94654e-05 0 0.000102589 0 0.000105766 0 0.000108994 0 0.000112274 0 0.000115408 0 0.000118588 0 0.00012161 0 0.000124673 0 0.000127775 0
552.648 0.00084841 0.000215078 0.000633331 0.746493 -0.0324161 2.16769e-07 0 8.83421e-07 0 2.9857e-06 0 5.65466e-06 0 8.64315e-06 0 1.18188e-05 0 1.51023e-05 0 1.84541e-05 0 2.18959e-05 0 2.53293e-05 0 2.87435e-05 0 3.22478e-05 0 3.56635e-05 0 3.90854e-05 0 4.25359e-05 0 4.5936e-05 0 4.93734e-05 0 5.27126e-05 0 5.60524e-05 0 5.93797e-05 0 6.26819e-05 0 6.59469e-05 0 6.91629e-05 0 7.24639e-05 0 7.55519e-05 0 7.88625e-05 0 8.19392e-05 0 8.50793e-05 0 8.81211e-05 0 9.12199e-05 0 9.43753e-05 0 9.74168e-05 0 0.000100336 0 0.000103299 0 0.000106308 0 0.00010936 0 0.000112274 0 0.000115227 0 0.00011803 0 0.000120867 0 0.000123738 0
581.015 0.000842418 0.000219308 0.00062311 0.739668 -0.0592399 2.80969e-07 0 1.06923e-06 0 3.40572e-06 0 6.25343e-06 0 9.36443e-06 0 1.26136e-05 0 1.59295e-05 0 1.92794e-05 0 2.26895e-05 0 2.60665e-05 0 2.94036e-05 0 3.28098e-05 0 3.61136e-05 0 3.94091e-05 0 4.27188e-05 0 4.59684e-05 0 4.92428e-05 0 5.24139e-05 0 5.55766e-05 0 5.87193e-05 0 6.18307e-05 0 6.48999e-05 0 6.79166e-05 0 7.10067e-05 0 7.3892e-05 0 7.69797e-05 0 7.98441e-05 0 8.2763e-05 0 8.5586e-05 0 8.84577e-05 0 9.13777e-05 0 9.41884e-05 0 9.68823e-05 0 9.96143e-05 0 0.000102384 0 0.000105191 0 0.000107868 0 0.000110577 0 0.000113147 0 0.000115745 0 0.000118372 0
610.839 0.000824847 0.000222026 0.000602821 0.730828 -0.083212 3.53041e-07 0 1.25876e-06 0 3.78987e-06 0 6.75717e-06 0 9.92388e-06 0 1.31776e-05 0 1.64574e-05 0 1.97384e-05 0 2.30512e-05 0 2.63093e-05 0 2.951e-05 0 3.27599e-05 0 3.58977e-05 0 3.90148e-05 0 4.21336e-05 0 4.51855e-05 0 4.8251e-05 0 5.12113e-05 0 5.4156e-05 0 5.70749e-05 0 5.99581e-05 0 6.27961e-05 0 6.558e-05 0 6.84262e-05 0 7.10791e-05 0 7.39132e-05 0 7.65381e-05 0 7.92089e-05 0 8.17884e-05 0 8.44086e-05 0 8.70694e-05 0 8.96273e-05 0 9.20759e-05 0 9.45563e-05 0 9.70683e-05 0 9.96115e-05 0 0.000102034 0 0.000104483 0 0.000106804 0 0.000109149 0 0.000111517 0
642.193 0.00079497 0.000222742 0.000572228 0.719811 -0.104758 4.29697e-07 0 1.44007e-06 0 4.10993e-06 0 7.1262e-06 0 1.02746e-05 0 1.346e-05 0 1.66337e-05 0 1.97791e-05 0 2.2931e-05 0 2.60106e-05 0 2.90192e-05 0 3.20593e-05 0 3.49818e-05 0 3.78738e-05 0 4.07573e-05 0 4.357e-05 0 4.6387e-05 0 4.91e-05 0 5.17922e-05 0 5.44546e-05 0 5.70788e-05 0 5.96568e-05 0 6.21809e-05 0 6.47569e-05 0 6.71539e-05 0 6.97106e-05 0 7.20751e-05 0 7.44775e-05 0 7.67946e-05 0 7.91454e-05 0 8.15295e-05 0 8.38187e-05 0 8.60077e-05 0 8.82228e-05 0 9.04637e-05 0 9.27302e-05 0 9.48866e-05 0 9.70654e-05 0 9.91281e-05 0 0.00010121 0 0.000103311 0
675.157 0.000753415 0.000221081 0.000532334 0.706561 -0.124262 5.0636e-07 0 1.59999e-06 0 4.34022e-06 0 7.32898e-06 0 1.0384e-05 0 1.343e-05 0 1.64317e-05 0 1.9381e-05 0 2.23149e-05 0 2.51642e-05 0 2.79334e-05 0 3.07187e-05 0 3.33855e-05 0 3.6015e-05 0 3.86282e-05 0 4.11696e-05 0 4.3708e-05 0 4.61466e-05 0 4.85609e-05 0 5.09434e-05 0 5.32871e-05 0 5.55852e-05 0 5.78313e-05 0 6.01198e-05 0 6.2246e-05 0 6.45106e-05 0 6.66019e-05 0 6.87241e-05 0 7.07683e-05 0 7.28398e-05 0 7.49382e-05 0 7.69508e-05 0 7.88734e-05 0 8.08169e-05 0 8.27812e-05 0 8.47661e-05 0 8.66528e-05 0 8.85575e-05 0 9.03592e-05 0 9.21764e-05 0 9.40089e-05 0
709.813 0.000702137 0.000217013 0.000485124 0.690925 -0.142018 5.78115e-07 0 1.72736e-06 0 4.46522e-06 0 7.35327e-06 0 1.02474e-05 0 1.30937e-05 0 1.58697e-05 0 1.85749e-05 0 2.12479e-05 0 2.3829e-05 0 2.63254e-05 0 2.88256e-05 0 3.12103e-05 0 3.35538e-05 0 3.58757e-05 0 3.81275e-05 0 4.03709e-05 0 4.25211e-05 0 4.46453e-05 0 4.67374e-05 0 4.87916e-05 0 5.08023e-05 0 5.27644e-05 0 5.47604e-05 0 5.66122e-05 0 5.85819e-05 0 6.03985e-05 0 6.22396e-05 0 6.40111e-05 0 6.58041e-05 0 6.76186e-05 0 6.93571e-05 0 7.10162e-05 0 7.26919e-05 0 7.4384e-05 0 7.60923e-05 0 7.77148e-05 0 7.93514e-05 0 8.08983e-05 0 8.24574e-05 0 8.40286e-05 0
746.248 0.000644095 0.000210756 0.00043334 0.672788 -0.158325 6.40389e-07 0 1.81444e-06 0 4.48066e-06 0 7.20542e-06 0 9.88536e-06 0 1.24871e-05 0 1.5e-05 0 1.74302e-05 0 1.98162e-05 0 2.21079e-05 0 2.43144e-05 0 2.65153e-05 0 2.86072e-05 0 3.06565e-05 0 3.26811e-05 0 3.46396e-05 0 3.65861e-05 0 3.84478e-05 0 4.02832e-05 0 4.20876e-05 0 4.38562e-05 0 4.55846e-05 0 4.72686e-05 0 4.89794e-05 0 5.05645e-05 0 5.22482e-05 0 5.37993e-05 0 5.53695e-05 0 5.68787e-05 0 5.84048e-05 0 5.99475e-05 0 6.14242e-05 0 6.28323e-05 0 6.42532e-05 0 6.56868e-05 0 6.7133e-05 0 6.85055e-05 0 6.98889e-05 0 7.11956e-05 0 7.25117e-05 0 7.38371e-05 0
784.553 0.00058305 0.000203059 0.000379991 0.651729 -0.17322 6.90815e-07 0 1.86104e-06 0 4.40072e-06 0 6.91943e-06 0 9.35344e-06 0 1.16879e-05 0 1.39222e-05 0 1.60674e-05 0 1.81612e-05 0 2.01623e-05 0 2.20807e-05 0 2.39872e-05 0 2.57933e-05 0 2.75574e-05 0 2.92957e-05 0 3.09732e-05 0 3.26368e-05 0 3.42246e-05 0 3.57872e-05 0 3.73207e-05 0 3.88214e-05 0 4.02858e-05 0 4.17106e-05 0 4.31562e-05 0 4.44938e-05 0 4.59131e-05 0 4.72191e-05 0 4.85398e-05 0 4.98079e-05 0 5.1089e-05 0 5.23829e-05 0 5.36204e-05 0 5.47993e-05 0 5.59881e-05 0 5.71866e-05 0 5.83947e-05 0 5.95404e-05 0 6.06945e-05 0 6.17839e-05 0 6.28804e-05 0 6.39839e-05 0
824.824 0.000522208 0.000194398 0.00032781 0.627739 -0.186917 7.27524e-07 0 1.86831e-06 0 4.24008e-06 0 6.52646e-06 0 8.69965e-06 0 1.07603e-05 0 1.27158e-05 0 1.45807e-05 0 1.6391e-05 0 1.81129e-05 0 1.97573e-05 0 2.13858e-05 0 2.29237e-05 0 2.44219e-05 0 2.58945e-05 0 2.73124e-05 0 2.87158e-05 0 3.00527e-05 0 3.13661e-05 0 3.2653e-05 0 3.39105e-05 0 3.51359e-05 0 3.63266e-05 0 3.75332e-05 0 3.86485e-05 0 3.98305e-05 0 4.09171e-05 0 4.20148e-05 0 4.30679e-05 0 4.41309e-05 0 4.52035e-05 0 4.62285e-05 0 4.72043e-05 0 4.81875e-05 0 4.91781e-05 0 5.01759e-05 0 5.11216e-05 0 5.20736e-05 0 5.29716e-05 0 5.38751e-05 0 5.47838e-05 0
867.163 0.000464502 0.00018557 0.000278933 0.600498 -0.199385 7.51292e-07 0 1.84368e-06 0 4.02452e-06 0 6.07126e-06 0 7.98663e-06 0 9.7835e-06 0 1.14752e-05 0 1.30784e-05 0 1.46266e-05 0 1.60929e-05 0 1.7488e-05 0 1.88652e-05 0 2.01621e-05 0 2.14223e-05 0 2.26582e-05 0 2.38457e-05 0 2.50188e-05 0 2.61344e-05 0 2.72287e-05 0 2.82994e-05 0 2.93441e-05 0 3.03608e-05 0 3.13477e-05 0 3.23465e-05 0 3.32688e-05 0 3.42453e-05 0 3.5142e-05 0 3.60472e-05 0 3.69149e-05 0 3.77899e-05 0 3.86723e-05 0 3.95148e-05 0 4.03163e-05 0 4.11234e-05 0 4.1936e-05 0 4.2754e-05 0 4.35289e-05 0 4.43083e-05 0 4.50433e-05 0 4.57823e-05 0 4.65253e-05 0
911.674 0.0004116 0.000176865 0.000234735 0.570299 -0.210794 7.6241e-07 0 1.79211e-06 0 3.77052e-06 0 5.58099e-06 0 7.25071e-06 0 8.80157e-06 0 1.02508e-05 0 1.16163e-05 0 1.29286e-05 0 1.41665e-05 0 1.53402e-05 0 1.64954e-05 0 1.75804e-05 0 1.86323e-05 0 1.96617e-05 0 2.06489e-05 0 2.16224e-05 0 2.25467e-05 0 2.3452e-05 0 2.43366e-05 0 2.51986e-05 0 2.60366e-05 0 2.68491e-05 0 2.76705e-05 0 2.84283e-05 0 2.92298e-05 0 2.99653e-05 0 3.07071e-05 0 3.14176e-05 0 3.21335e-05 0 3.2855e-05 0 3.35434e-05 0 3.41979e-05 0 3.48565e-05 0 3.55192e-05 0 3.6186e-05 0 3.68172e-05 0 3.74519e-05 0 3.805e-05 0 3.86511e-05 0 3.92551e-05 0
958.471 0.000364537 0.000168654 0.000195884 0.537348 -0.221127 7.625e-07 0 1.72065e-06 0 3.4963e-06 0 5.08307e-06 0 6.52663e-06 0 7.85499e-06 0 9.08773e-06 0 1.02429e-05 0 1.13482e-05 0 1.2387e-05 0 1.33687e-05 0 1.43324e-05 0 1.52352e-05 0 1.61086e-05 0 1.69616e-05 0 1.77783e-05 0 1.85823e-05 0 1.93445e-05 0 2.00901e-05 0 2.08177e-05 0 2.15259e-05 0 2.22137e-05 0 2.28798e-05 0 2.35526e-05 0 2.41727e-05 0 2.48281e-05 0 2.54289e-05 0 2.60345e-05 0 2.66141e-05 0 2.71978e-05 0 2.77855e-05 0 2.8346e-05 0 2.88786e-05 0 2.94142e-05 0 2.99529e-05 0 3.04945e-05 0 3.1007e-05 0 3.15221e-05 0 3.20072e-05 0 3.24946e-05 0 3.29842e-05 0
1007.67 0.000323415 0.000160981 0.000162434 0.502246 -0.230534 7.52503e-07 0 1.63373e-06 0 3.21221e-06 0 4.59168e-06 0 5.83073e-06 0 6.96105e-06 0 8.00328e-06 0 8.97504e-06 0 9.90097e-06 0 1.07681e-05 0 1.15854e-05 0 1.23854e-05 0 1.31333e-05 0 1.38554e-05 0 1.45594e-05 0 1.52322e-05 0 1.58937e-05 0 1.65199e-05 0 1.71317e-05 0 1.7728e-05 0 1.83079e-05 0 1.88704e-05 0 1.94147e-05 0 1.9964e-05 0 2.04698e-05 0 2.1004e-05 0 2.14934e-05 0 2.19863e-05 0 2.24578e-05 0 2.29323e-05 0 2.34097e-05 0 2.38648e-05 0 2.4297e-05 0 2.47314e-05 0 2.51681e-05 0 2.5607e-05 0 2.60221e-05 0 2.6439e-05 0 2.68316e-05 0 2.72258e-05 0 2.76216e-05 0
1059.39 0.000288036 0.000153966 0.00013407 0.465463 -0.238984 7.34117e-07 0 1.53658e-06 0 2.92877e-06 0 4.12025e-06 0 5.1778e-06 0 6.13479e-06 0 7.01193e-06 0 7.82595e-06 0 8.59863e-06 0 9.31996e-06 0 9.9979e-06 0 1.066e-05 0 1.12777e-05 0 1.18729e-05 0 1.24523e-05 0 1.30052e-05 0 1.35481e-05 0 1.40613e-05 0 1.45622e-05 0 1.50499e-05 0 1.55236e-05 0 1.59828e-05 0 1.64267e-05 0 1.68743e-05 0 1.72862e-05 0 1.77209e-05 0 1.81188e-05 0 1.85194e-05 0 1.89023e-05 0 1.92874e-05 0 1.96747e-05 0 2.00437e-05 0 2.03939e-05 0 2.07458e-05 0 2.10993e-05 0 2.14545e-05 0 2.17903e-05 0 2.21274e-05 0 2.24447e-05 0 2.27633e-05 0 2.3083e-05 0
1113.77 0.000257919 0.000147665 0.000110254 0.427475 -0.246436 7.09014e-07 0 1.43359e-06 0 2.65352e-06 0 3.67735e-06 0 4.57608e-06 0 5.38328e-06 0 6.11904e-06 0 6.79892e-06 0 7.44198e-06 0 8.04054e-06 0 8.60169e-06 0 9.14856e-06 0 9.65774e-06 0 1.01476e-05 0 1.06237e-05 0 1.10774e-05 0 1.15222e-05 0 1.19424e-05 0 1.23519e-05 0 1.27503e-05 0 1.3137e-05 0 1.35114e-05 0 1.38731e-05 0 1.42376e-05 0 1.45728e-05 0 1.49262e-05 0 1.52496e-05 0 1.5575e-05 0 1.58858e-05 0 1.61982e-05 0 1.65123e-05 0 1.68113e-05 0 1.7095e-05 0 1.738e-05 0 1.76662e-05 0 1.79536e-05 0 1.82251e-05 0 1.84977e-05 0 1.87541e-05 0 1.90115e-05 0 1.92697e-05 0
1170.94 0.00023255 0.000142164 9.0386e-05 0.388674 -0.252734 6.79095e-07 0 1.32894e-06 0 2.39275e-06 0 3.26939e-06 0 4.03104e-06 0 4.71038e-06 0 5.32644e-06 0 5.89343e-06 0 6.42798e-06 0 6.92417e-06 0 7.38829e-06 0 7.83969e-06 0 8.25923e-06 0 8.66223e-06 0 9.05334e-06 0 9.4256e-06 0 9.79017e-06 0 1.01341e-05 0 1.04691e-05 0 1.07947e-05 0 1.11104e-05 0 1.14159e-05 0 1.17107e-05 0 1.20077e-05 0 1.22806e-05 0 1.25682e-05 0 1.28312e-05 0 1.30956e-05 0 1.33481e-05 0 1.36018e-05 0 1.38567e-05 0 1.40993e-05 0 1.43294e-05 0 1.45604e-05 0 1.47922e-05 0 1.5025e-05 0 1.52449e-05 0 1.54655e-05 0 1.5673e-05 0 1.58812e-05 0 1.609e-05 0
1231.05 0.000211285 0.000137392 7.3893e-05 0.349732 -0.257739 6.45479e-07 0 1.22477e-06 0 2.14849e-06 0 2.89684e-06 0 3.54084e-06 0 4.11157e-06 0 4.62669e-06 0 5.09904e-06 0 5.54302e-06 0 5.95412e-06 0 6.33783e-06 0 6.71034e-06 0 7.05599e-06 0 7.38754e-06 0 7.7089e-06 0 8.01441e-06 0 8.31329e-06 0 8.59502e-06 0 8.86914e-06 0 9.13532e-06 0 9.39325e-06 0 9.64264e-06 0 9.88325e-06 0 1.01254e-05 0 1.03477e-05 0 1.0582e-05 0 1.07961e-05 0 1.10112e-05 0 1.12166e-05 0 1.14228e-05 0 1.16299e-05 0 1.1827e-05 0 1.20138e-05 0 1.22013e-05 0 1.23894e-05 0 1.25782e-05 0 1.27565e-05 0 1.29353e-05 0 1.31034e-05 0 1.32721e-05 0 1.34411e-05 0
1294.24 0.000193418 0.000133154 6.02647e-05 0.311577 -0.26138 6.08617e-07 0 1.12168e-06 0 1.91998e-06 0 2.55655e-06 0 3.09953e-06 0 3.57789e-06 0 4.00776e-06 0 4.4006e-06 0 4.76883e-06 0 5.109e-06 0 5.42589e-06 0 5.733e-06 0 6.01755e-06 0 6.29014e-06 0 6.55403e-06 0 6.80464e-06 0 7.04958e-06 0 7.28025e-06 0 7.50452e-06 0 7.72212e-06 0 7.93283e-06 0 8.13644e-06 0 8.33275e-06 0 8.5302e-06 0 8.71143e-06 0 8.90226e-06 0 9.07658e-06 0 9.25167e-06 0 9.41871e-06 0 9.58643e-06 0 9.7548e-06 0 9.91491e-06 0 1.00666e-05 0 1.02189e-05 0 1.03716e-05 0 1.05248e-05 0 1.06694e-05 0 1.08145e-05 0 1.09508e-05 0 1.10875e-05 0 1.12245e-05 0
1360.67 0.000178246 0.000129192 4.90536e-05 0.275202 -0.263664 5.68653e-07 0 1.01964e-06 0 1.7055e-06 0 2.24441e-06 0 2.70036e-06 0 3.09984e-06 0 3.45739e-06 0 3.78312e-06 0 4.08767e-06 0 4.36842e-06 0 4.62949e-06 0 4.88211e-06 0 5.11585e-06 0 5.3395e-06 0 5.55578e-06 0 5.76097e-06 0 5.96134e-06 0 6.14988e-06 0 6.33306e-06 0 6.51067e-06 0 6.68254e-06 0 6.84853e-06 0 7.00847e-06 0 7.16926e-06 0 7.31677e-06 0 7.47202e-06 0 7.61378e-06 0 7.75611e-06 0 7.89184e-06 0 8.02807e-06 0 8.16479e-06 0 8.29475e-06 0 8.41787e-06 0 8.54136e-06 0 8.66522e-06 0 8.78942e-06 0 8.90664e-06 0 9.02416e-06 0 9.1346e-06 0 9.2453e-06 0 9.35626e-06 0
1430.51 0.000165088 0.000125222 3.98667e-05 0.241487 -0.26481 5.2567e-07 0 9.18493e-07 0 1.50333e-06 0 1.95664e-06 0 2.33727e-06 0 2.66909e-06 0 2.96498e-06 0 3.23377e-06 0 3.4845e-06 0 3.71518e-06 0 3.92933e-06 0 4.13627e-06 0 4.3275e-06 0 4.51027e-06 0 4.68685e-06 0 4.85422e-06 0 5.01753e-06 0 5.17109e-06 0 5.32017e-06 0 5.46463e-06 0 5.60434e-06 0 5.7392e-06 0 5.86908e-06 0 5.99958e-06 0 6.11926e-06 0 6.24516e-06 0 6.36008e-06 0 6.47541e-06 0 6.58536e-06 0 6.69568e-06 0 6.80635e-06 0 6.91152e-06 0 7.01113e-06 0 7.11101e-06 0 7.21116e-06 0 7.31156e-06 0 7.4063e-06 0 7.50125e-06 0 7.59047e-06 0 7.67987e-06 0 7.76946e-06 0
1503.94 0.000153423 0.000121051 3.23718e-05 0.210997 -0.265289 4.8025e-07 0 8.18936e-07 0 1.31331e-06 0 1.6917e-06 0 2.00721e-06 0 2.281e-06 0 2.5243e-06 0 2.74475e-06 0 2.94993e-06 0 3.13838e-06 0 3.31307e-06 0 3.48164e-06 0 3.63725e-06 0 3.78582e-06 0 3.92923e-06 0 4.06505e-06 0 4.19747e-06 0 4.3219e-06 0 4.44263e-06 0 4.55956e-06 0 4.67258e-06 0 4.78162e-06 0 4.88658e-06 0 4.992e-06 0 5.08864e-06 0 5.19027e-06 0 5.28299e-06 0 5.37602e-06 0 5.46468e-06 0 5.55361e-06 0 5.6428e-06 0 5.72753e-06 0 5.80776e-06 0 5.88819e-06 0 5.96881e-06 0 6.04962e-06 0 6.12585e-06 0 6.20224e-06 0 6.274e-06 0 6.34589e-06 0 6.41793e-06 0
1581.14 0.000143053 0.000116777 2.62755e-05 0.183677 -0.265384 4.34102e-07 0 7.23466e-07 0 1.13819e-06 0 1.45192e-06 0 1.71185e-06 0 1.93645e-06 0 2.13542e-06 0 2.31526e-06 0 2.48232e-06 0 2.63551e-06 0 2.77732e-06 0 2.914e-06 0 3.04004e-06 0 3.16026e-06 0 3.27622e-06 0 3.38595e-06 0 3.49287e-06 0 3.59328e-06 0 3.69064e-06 0 3.78488e-06 0 3.87594e-06 0 3.96374e-06 0 4.04823e-06 0 4.13306e-06 0 4.21078e-06 0 4.2925e-06 0 4.36702e-06 0 4.44178e-06 0 4.513e-06 0 4.58441e-06 0 4.65602e-06 0 4.72402e-06 0 4.78841e-06 0 4.85293e-06 0 4.9176e-06 0 4.9824e-06 0 5.04351e-06 0 5.10475e-06 0 5.16226e-06 0 5.21987e-06 0 5.27758e-06 0
1662.3 0.00013361 0.000112269 2.13415e-05 0.159729 -0.265613 3.87898e-07 0 6.32675e-07 0 9.77599e-07 0 1.23573e-06 0 1.44835e-06 0 1.63134e-06 0 1.79299e-06 0 1.93878e-06 0 2.07397e-06 0 2.19774e-06 0 2.31217e-06 0 2.42235e-06 0 2.52385e-06 0 2.6206e-06 0 2.71383e-06 0 2.802e-06 0 2.88786e-06 0 2.96844e-06 0 3.04653e-06 0 3.12209e-06 0 3.19507e-06 0 3.2654e-06 0 3.33306e-06 0 3.40096e-06 0 3.46316e-06 0 3.52853e-06 0 3.58813e-06 0 3.64789e-06 0 3.70482e-06 0 3.76188e-06 0 3.81909e-06 0 3.8734e-06 0 3.92481e-06 0 3.97633e-06 0 4.02794e-06 0 4.07966e-06 0 4.12842e-06 0 4.17727e-06 0 4.22314e-06 0 4.26908e-06 0 4.3151e-06 0
1747.63 0.00012508 0.000107693 1.73875e-05 0.139011 -0.267152 3.43214e-07 0 5.48563e-07 0 8.33433e-07 0 1.04452e-06 0 1.21744e-06 0 1.36574e-06 0 1.4964e-06 0 1.614e-06 0 1.72287e-06 0 1.82242e-06 0 1.91435e-06 0 2.00277e-06 0 2.08415e-06 0 2.16166e-06 0 2.23631e-06 0 2.30687e-06 0 2.37553e-06 0 2.43993e-06 0 2.50233e-06 0 2.56267e-06 0 2.62092e-06 0 2.67705e-06 0 2.73102e-06 0 2.78516e-06 0 2.83475e-06 0 2.88684e-06 0 2.93433e-06 0 2.98193e-06 0 3.02726e-06 0 3.0727e-06 0 3.11823e-06 0 3.16146e-06 0 3.20236e-06 0 3.24334e-06 0 3.28439e-06 0 3.32552e-06 0 3.36429e-06 0 3.40312e-06 0 3.43958e-06 0 3.47609e-06 0 3.51265e-06 0
1837.33 0.00011776 0.000103557 1.42031e-05 0.12061 -0.269731 3.02255e-07 0 4.73988e-07 0 7.08805e-07 0 8.81219e-07 0 1.02177e-06 0 1.1419e-06 0 1.2475e-06 0 1.34236e-06 0 1.43005e-06 0 1.51013e-06 0 1.58401e-06 0 1.655e-06 0 1.7203e-06 0 1.78244e-06 0 1.84224e-06 0 1.89874e-06 0 1.95369e-06 0 2.00521e-06 0 2.05511e-06 0 2.10334e-06 0 2.14988e-06 0 2.19471e-06 0 2.2378e-06 0 2.28103e-06 0 2.3206e-06 0 2.36216e-06 0 2.40003e-06 0 2.43799e-06 0 2.47413e-06 0 2.51035e-06 0 2.54663e-06 0 2.58108e-06 0 2.61366e-06 0 2.6463e-06 0 2.67899e-06 0 2.71174e-06 0 2.7426e-06 0 2.77351e-06 0 2.80253e-06 0 2.83159e-06 0 2.86068e-06 0
1931.64 0.000111859 0.000100237 1.16218e-05 0.103897 -0.272952 2.66143e-07 0 4.09963e-07 0 6.04011e-07 0 7.453e-07 0 8.59953e-07 0 9.57659e-07 0 1.04336e-06 0 1.12021e-06 0 1.19116e-06 0 1.25588e-06 0 1.31552e-06 0 1.37279e-06 0 1.42543e-06 0 1.47549e-06 0 1.52364e-06 0 1.56911e-06 0 1.61331e-06 0 1.65474e-06 0 1.69484e-06 0 1.73359e-06 0 1.77097e-06 0 1.80696e-06 0 1.84155e-06 0 1.87624e-06 0 1.90798e-06 0 1.94132e-06 0 1.97169e-06 0 2.00212e-06 0 2.03109e-06 0 2.06011e-06 0 2.08919e-06 0 2.11678e-06 0 2.14288e-06 0 2.16902e-06 0 2.1952e-06 0 2.22141e-06 0 2.24612e-06 0 2.27086e-06 0 2.29408e-06 0 2.31733e-06 0 2.34061e-06 0
2030.79 0.000107802 9.82656e-05 9.53642e-06 0.0884623 -0.276329 2.35851e-07 0 3.57256e-07 0 5.19065e-07 0 6.35976e-07 0 7.30454e-07 0 8.10746e-07 0 8.81028e-07 0 9.43963e-07 0 1.00199e-06 0 1.05486e-06 0 1.10355e-06 0 1.15027e-06 0 1.19317e-06 0 1.23396e-06 0 1.27317e-06 0 1.31017e-06 0 1.34613e-06 0 1.37981e-06 0 1.41241e-06 0 1.4439e-06 0 1.47427e-06 0 1.50351e-06 0 1.53159e-06 0 1.55975e-06 0 1.58551e-06 0 1.61256e-06 0 1.6372e-06 0 1.66188e-06 0 1.68537e-06 0 1.70891e-06 0 1.73247e-06 0 1.75484e-06 0 1.77599e-06 0 1.79717e-06 0 1.81838e-06 0 1.83962e-06 0 1.85963e-06 0 1.87967e-06 0 1.89847e-06 0 1.9173e-06 0 1.93614e-06 0
2135.03 0.000105433 9.75882e-05 7.84436e-06 0.0744017 -0.279219 2.10478e-07 0 3.13841e-07 0 4.5006e-07 0 5.47789e-07 0 6.26466e-07 0 6.93162e-07 0 7.51437e-07 0 8.03547e-07 0 8.51538e-07 0 8.95226e-07 0 9.35425e-07 0 9.73969e-07 0 1.00935e-06 0 1.04296e-06 0 1.07526e-06 0 1.10572e-06 0 1.13532e-06 0 1.16304e-06 0 1.18985e-06 0 1.21575e-06 0 1.24071e-06 0 1.26474e-06 0 1.28781e-06 0 1.31094e-06 0 1.3321e-06 0 1.35431e-06 0 1.37454e-06 0 1.3948e-06 0 1.41408e-06 0 1.43339e-06 0 1.45273e-06 0 1.47107e-06 0 1.48842e-06 0 1.50579e-06 0 1.52318e-06 0 1.5406e-06 0 1.557e-06 0 1.57343e-06 0 1.58884e-06 0 1.60427e-06 0 1.61971e-06 0
2244.63 0.000104724 9.82599e-05 6.46429e-06 0.0617268 -0.280762 1.89383e-07 0 2.78245e-07 0 3.9415e-07 0 4.76769e-07 0 5.4305e-07 0 5.9911e-07 0 6.4801e-07 0 6.91682e-07 0 7.31859e-07 0 7.68404e-07 0 8.02006e-07 0 8.34203e-07 0 8.6374e-07 0 8.91789e-07 0 9.18731e-07 0 9.44135e-07 0 9.68805e-07 0 9.91902e-07 0 1.01424e-06 0 1.0358e-06 0 1.05659e-06 0 1.07659e-06 0 1.09579e-06 0 1.11503e-06 0 1.13264e-06 0 1.15111e-06 0 1.16793e-06 0 1.18478e-06 0 1.20081e-06 0 1.21686e-06 0 1.23293e-06 0 1.24817e-06 0 1.26259e-06 0 1.27702e-06 0 1.29147e-06 0 1.30593e-06 0 1.31955e-06 0 1.33319e-06 0 1.34599e-06 0 1.3588e-06 0 1.37162e-06 0
2359.84 0.000105571 0.000100238 5.33277e-06 0.0505137 -0.279943 1.71745e-07 0 2.48859e-07 0 3.48491e-07 0 4.19091e-07 0 4.75551e-07 0 5.23205e-07 0 5.6471e-07 0 6.01733e-07 0 6.35763e-07 0 6.66692e-07 0 6.95111e-07 0 7.22327e-07 0 7.47282e-07 0 7.7097e-07 0 7.93713e-07 0 8.15152e-07 0 8.35963e-07 0 8.55442e-07 0 8.74274e-07 0 8.92451e-07 0 9.09968e-07 0 9.26818e-07 0 9.42997e-07 0 9.59204e-07 0 9.74028e-07 0 9.89581e-07 0 1.00374e-06 0 1.01792e-06 0 1.03141e-06 0 1.04492e-06 0 1.05844e-06 0 1.07126e-06 0 1.08339e-06 0 1.09553e-06 0 1.10768e-06 0 1.11984e-06 0 1.1313e-06 0 1.14276e-06 0 1.15352e-06 0 1.16429e-06 0 1.17507e-06 0
2480.97 0.000107844 0.000103442 4.40146e-06 0.0408134 -0.275462 1.56786e-07 0 2.24249e-07 0 3.1066e-07 0 3.71561e-07 0 4.20124e-07 0 4.61035e-07 0 4.96618e-07 0 5.28325e-07 0 5.57443e-07 0 5.83889e-07 0 6.08175e-07 0 6.31421e-07 0 6.52726e-07 0 6.72941e-07 0 6.92344e-07 0 7.10627e-07 0 7.2837e-07 0 7.44973e-07 0 7.61021e-07 0 7.76507e-07 0 7.91427e-07 0 8.05777e-07 0 8.19553e-07 0 8.33351e-07 0 8.45968e-07 0 8.59205e-07 0 8.71255e-07 0 8.8332e-07 0 8.94795e-07 0 9.06284e-07 0 9.17785e-07 0 9.28692e-07 0 9.39003e-07 0 9.49324e-07 0 9.59654e-07 0 9.69993e-07 0 9.79732e-07 0 9.89479e-07 0 9.98624e-07 0 1.00777e-06 0 1.01693e-06 0
2608.32 0.000111239 0.000107607 3.63183e-06 0.0326488 -0.265805 1.43619e-07 0 2.0293e-07 0 2.78296e-07 0 3.31151e-07 0 3.73187e-07 0 4.08539e-07 0 4.39248e-07 0 4.66586e-07 0 4.91672e-07 0 5.14441e-07 0 5.3534e-07 0 5.55334e-07 0 5.73651e-07 0 5.91024e-07 0 6.07695e-07 0 6.23398e-07 0 6.38634e-07 0 6.52888e-07 0 6.66661e-07 0 6.7995e-07 0 6.92751e-07 0 7.05061e-07 0 7.16876e-07 0 7.28708e-07 0 7.39527e-07 0 7.50875e-07 0 7.61204e-07 0 7.71545e-07 0 7.81379e-07 0 7.91224e-07 0 8.01078e-07 0 8.10423e-07 0 8.19256e-07 0 8.28097e-07 0 8.36945e-07 0 8.458e-07 0 8.5414e-07 0 8.62486e-07 0 8.70316e-07 0 8.78151e-07 0 8.85992e-07 0
2742.21 0.000115192 0.000112199 2.99304e-06 0.025983 -0.249393 1.31295e-07 0 1.83408e-07 0 2.4915e-07 0 2.95048e-07 0 3.31463e-07 0 3.62039e-07 0 3.8857e-07 0 4.12168e-07 0 4.33807e-07 0 4.53436e-07 0 4.71443e-07 0 4.88663e-07 0 5.04433e-07 0 5.19386e-07 0 5.3373e-07 0 5.47238e-07 0 5.60341e-07 0 5.72596e-07 0 5.84437e-07 0 5.95858e-07 0 6.06859e-07 0 6.17435e-07 0 6.27585e-07 0 6.37749e-07 0 6.4704e-07 0 6.56785e-07 0 6.65654e-07 0 6.74532e-07 0 6.82975e-07 0 6.91425e-07 0 6.99883e-07 0 7.07903e-07 0 7.15483e-07 0 7.23069e-07 0 7.30661e-07 0 7.38258e-07 0 7.45413e-07 0 7.52573e-07 0 7.59289e-07 0 7.6601e-07 0 7.72734e-07 0
2882.97 0.000118835 0.000116375 2.46033e-06 0.0207037 -0.224815 1.18919e-07 0 1.64349e-07 0 2.21281e-07 0 2.60866e-07 0 2.92204e-07 0 3.18479e-07 0 3.41254e-07 0 3.61496e-07 0 3.80045e-07 0 3.96862e-07 0 4.12282e-07 0 4.27024e-07 0 4.40519e-07 0 4.53312e-07 0 4.65579e-07 0 4.7713e-07 0 4.88332e-07 0 4.98806e-07 0 5.08924e-07 0 5.18683e-07 0 5.28081e-07 0 5.37115e-07 0 5.45784e-07 0 5.54463e-07 0 5.62396e-07 0 5.70716e-07 0 5.78287e-07 0 5.85865e-07 0 5.93071e-07 0 6.00283e-07 0 6.07501e-07 0 6.14344e-07 0 6.20811e-07 0 6.27283e-07 0 6.3376e-07 0 6.4024e-07 0 6.46343e-07 0 6.5245e-07 0 6.58179e-07 0 6.6391e-07 0 6.69644e-07 0
3030.95 0.000121025 0.000119011 2.01397e-06 0.016641 -0.19137 1.05795e-07 0 1.4475e-07 0 1.93272e-07 0 2.26883e-07 0 2.53439e-07 0 2.75676e-07 0 2.94933e-07 0 3.12035e-07 0 3.27698e-07 0 3.41892e-07 0 3.54902e-07 0 3.67334e-07 0 3.78713e-07 0 3.89495e-07 0 3.99833e-07 0 4.09564e-07 0 4.19e-07 0 4.27821e-07 0 4.36341e-07 0 4.44557e-07 0 4.52468e-07 0 4.60072e-07 0 4.67368e-07 0 4.74671e-07 0 4.81346e-07 0 4.88346e-07 0 4.94715e-07 0 5.0109e-07 0 5.0715e-07 0 5.13216e-07 0 5.19286e-07 0 5.2504e-07 0 5.30478e-07 0 5.3592e-07 0 5.41365e-07 0 5.46813e-07 0 5.51944e-07 0 5.57077e-07 0 5.61892e-07 0 5.66709e-07 0 5.71529e-07 0
3186.53 0.000120561 0.000118922 1.63897e-06 0.0135946 -0.149604 9.164e-08 0 1.24207e-07 0 1.64548e-07 0 1.92398e-07 0 2.14362e-07 0 2.32732e-07 0 2.48627e-07 0 2.62734e-07 0 2.75647e-07 0 2.87343e-07 0 2.9806e-07 0 3.08298e-07 0 3.17666e-07 0 3.2654e-07 0 3.35047e-07 0 3.43053e-07 0 3.50815e-07 0 3.5807e-07 0 3.65076e-07 0 3.71832e-07 0 3.78335e-07 0 3.84586e-07 0 3.90582e-07 0 3.96584e-07 0 4.0207e-07 0 4.07821e-07 0 4.13054e-07 0 4.18291e-07 0 4.2327e-07 0 4.28252e-07 0 4.33238e-07 0 4.37964e-07 0 4.4243e-07 0 4.46899e-07 0 4.5137e-07 0 4.55844e-07 0 4.60056e-07 0 4.64271e-07 0 4.68224e-07 0 4.72179e-07 0 4.76135e-07 0
3350.09 0.000116574 0.00011525 1.32464e-06 0.0113631 -0.101865 7.67289e-08 0 1.03081e-07 0 1.35561e-07 0 1.57914e-07 0 1.75514e-07 0 1.90219e-07 0 2.02932e-07 0 2.14208e-07 0 2.24525e-07 0 2.33866e-07 0 2.42423e-07 0 2.50594e-07 0 2.58069e-07 0 2.65149e-07 0 2.71934e-07 0 2.78319e-07 0 2.84508e-07 0 2.90292e-07 0 2.95876e-07 0 3.01261e-07 0 3.06444e-07 0 3.11424e-07 0 3.16202e-07 0 3.20984e-07 0 3.25354e-07 0 3.29935e-07 0 3.34103e-07 0 3.38274e-07 0 3.42239e-07 0 3.46207e-07 0 3.50177e-07 0 3.5394e-07 0 3.57496e-07 0 3.61054e-07 0 3.64613e-07 0 3.68174e-07 0 3.71528e-07 0 3.74883e-07 0 3.78029e-07 0 3.81177e-07 0 3.84326e-07 0
3522.05 0.000108933 0.00010787 1.06343e-06 0.00976228 -0.0520018 6.18523e-08 0 8.2409e-08 0 1.0763e-07 0 1.24938e-07 0 1.38546e-07 0 1.49904e-07 0 1.59717e-07 0 1.68416e-07 0 1.76371e-07 0 1.83572e-07 0 1.90165e-07 0 1.96461e-07 0 2.02218e-07 0 2.0767e-07 0 2.12894e-07 0 2.17809e-07 0 2.22573e-07 0 2.27024e-07 0 2.31322e-07 0 2.35464e-07 0 2.39452e-07 0 2.43283e-07 0 2.46958e-07 0 2.50636e-07 0 2.53997e-07 0 2.5752e-07 0 2.60725e-07 0 2.63932e-07 0 2.6698e-07 0 2.70031e-07 0 2.73083e-07 0 2.75975e-07 0 2.78709e-07 0 2.81444e-07 0 2.84179e-07 0 2.86917e-07 0 2.89494e-07 0 2.92072e-07 0 2.9449e-07 0 2.96909e-07 0 2.99328e-07 0
3702.84 9.836e-05 9.75107e-05 8.4933e-07 0.00863492 -0.00460573 4.80146e-08 0 6.34764e-08 0 8.23675e-08 0 9.52987e-08 0 1.05451e-07 0 1.13918e-07 0 1.21228e-07 0 1.27705e-07 0 1.33627e-07 0 1.38984e-07 0 1.43889e-07 0 1.48571e-07 0 1.52851e-07 0 1.56904e-07 0 1.60787e-07 0 1.6444e-07 0 1.67979e-07 0 1.71287e-07 0 1.74479e-07 0 1.77556e-07 0 1.80518e-07 0 1.83363e-07 0 1.86092e-07 0 1.88823e-07 0 1.91319e-07 0 1.93935e-07 0 1.96314e-07 0 1.98695e-07 0 2.00958e-07 0 2.03222e-07 0 2.05487e-07 0 2.07634e-07 0 2.09663e-07 0 2.11692e-07 0 2.13723e-07 0 2.15754e-07 0 2.17666e-07 0 2.19579e-07 0 2.21374e-07 0 2.23168e-07 0 2.24964e-07 0
3892.91 8.61434e-05 8.54669e-05 6.76502e-07 0.00785321 0.036356 3.60404e-08 0 4.72995e-08 0 6.10037e-08 0 7.03626e-08 0 7.77015e-08 0 8.38166e-08 0 8.90934e-08 0 9.37669e-08 0 9.80378e-08 0 1.01901e-07 0 1.05437e-07 0 1.08811e-07 0 1.11895e-07 0 1.14816e-07 0 1.17613e-07 0 1.20244e-07 0 1.22793e-07 0 1.25174e-07 0 1.27473e-07 0 1.29688e-07 0 1.31821e-07 0 1.33869e-07 0 1.35833e-07 0 1.37799e-07 0 1.39595e-07 0 1.41477e-07 0 1.43189e-07 0 1.44903e-07 0 1.46531e-07 0 1.4816e-07 0 1.4979e-07 0 1.51334e-07 0 1.52794e-07 0 1.54254e-07 0 1.55714e-07 0 1.57175e-07 0 1.58551e-07 0 1.59927e-07 0 1.61217e-07 0 1.62508e-07 0 1.63799e-07 0
4092.73 7.36295e-05 7.30907e-05 5.38751e-07 0.00731706 0.0685212 2.6327e-08 0 3.43156e-08 0 4.40055e-08 0 5.06089e-08 0 5.57813e-08 0 6.0088e-08 0 6.38024e-08 0 6.70908e-08 0 7.00949e-08 0 7.28115e-08 0 7.52973e-08 0 7.76691e-08 0 7.98369e-08 0 8.18888e-08 0 8.3854e-08 0 8.57023e-08 0 8.74928e-08 0 8.91655e-08 0 9.07799e-08 0 9.23357e-08 0 9.38328e-08 0 9.5271e-08 0 9.66501e-08 0 9.80301e-08 0 9.92908e-08 0 1.00612e-07 0 1.01814e-07 0 1.03017e-07 0 1.04159e-07 0 1.05303e-07 0 1.06447e-07 0 1.07531e-07 0 1.08555e-07 0 1.09579e-07 0 1.10604e-07 0 1.11629e-07 0 1.12594e-07 0 1.1356e-07 0 1.14465e-07 0 1.15371e-07 0 1.16277e-07 0
4302.81 6.18462e-05 6.14164e-05 4.29812e-07 0.00694969 0.0913402 1.88504e-08 0 2.44126e-08 0 3.11383e-08 0 3.57128e-08 0 3.92924e-08 0 4.2271e-08 0 4.48386e-08 0 4.71109e-08 0 4.91862e-08 0 5.10624e-08 0 5.27789e-08 0 5.44163e-08 0 5.59127e-08 0 5.73289e-08 0 5.86851e-08 0 5.99604e-08 0 6.11958e-08 0 6.23498e-08 0 6.34634e-08 0 6.45366e-08 0 6.55692e-08 0 6.65611e-08 0 6.75123e-08 0 6.84639e-08 0 6.93333e-08 0 7.02444e-08 0 7.10732e-08 0 7.19022e-08 0 7.26901e-08 0 7.34784e-08 0 7.42669e-08 0 7.50142e-08 0 7.57202e-08 0 7.64264e-08 0 7.71328e-08 0 7.78394e-08 0 7.85047e-08 0 7.91701e-08 0 7.97941e-08 0 8.04182e-08 0 8.10425e-08 0
4523.68 5.1375e-05 5.10311e-05 3.43903e-07 0.00669397 0.105659 1.33162e-08 0 1.71414e-08 0 2.17536e-08 0 2.48852e-08 0 2.73334e-08 0 2.93694e-08 0 3.11237e-08 0 3.26757e-08 0 3.40927e-08 0 3.53736e-08 0 3.65451e-08 0 3.76626e-08 0 3.86836e-08 0 3.96498e-08 0 4.0575e-08 0 4.14449e-08 0 4.22875e-08 0 4.30746e-08 0 4.3834e-08 0 4.45658e-08 0 4.52699e-08 0 4.59462e-08 0 4.65947e-08 0 4.72435e-08 0 4.78361e-08 0 4.84572e-08 0 4.90221e-08 0 4.95873e-08 0 5.01243e-08 0 5.06615e-08 0 5.1199e-08 0 5.17082e-08 0 5.21894e-08 0 5.26707e-08 0 5.31521e-08 0 5.36336e-08 0 5.40869e-08 0 5.45404e-08 0 5.49656e-08 0 5.53908e-08 0 5.58162e-08 0
4755.88 4.24253e-05 4.21492e-05 2.76119e-07 0.00650836 0.113031 9.33072e-09 0 1.1943e-08 0 1.50846e-08 0 1.72144e-08 0 1.88779e-08 0 2.02606e-08 0 2.14515e-08 0 2.25048e-08 0 2.34663e-08 0 2.43352e-08 0 2.51298e-08 0 2.58876e-08 0 2.65799e-08 0 2.7235e-08 0 2.78622e-08 0 2.84519e-08 0 2.9023e-08 0 2.95565e-08 0 3.00712e-08 0 3.05671e-08 0 3.10442e-08 0 3.15025e-08 0 3.19418e-08 0 3.23814e-08 0 3.27829e-08 0 3.32037e-08 0 3.35864e-08 0 3.39692e-08 0 3.4333e-08 0 3.46969e-08 0 3.5061e-08 0 3.54059e-08 0 3.57318e-08 0 3.60578e-08 0 3.63838e-08 0 3.671e-08 0 3.7017e-08 0 3.73241e-08 0 3.7612e-08 0 3.79e-08 0 3.81881e-08 0
5000 3.4954e-05 3.47316e-05 2.22411e-07 0.00636295 0.115201 6.50969e-09 0 8.28782e-09 0 1.04212e-08 0 1.18654e-08 0 1.29926e-08 0 1.3929e-08 0 1.47353e-08 0 1.54482e-08 0 1.60988e-08 0 1.66867e-08 0 1.72242e-08 0 1.77368e-08 0 1.8205e-08 0 1.8648e-08 0 1.90721e-08 0 1.94707e-08 0 1.98569e-08 0 2.02175e-08 0 2.05654e-08 0 2.09006e-08 0 2.12231e-08 0 2.15328e-08 0 2.18297e-08 0 2.21268e-08 0 2.23981e-08 0 2.26825e-08 0 2.29411e-08 0 2.31998e-08 0 2.34456e-08 0 2.36915e-08 0 2.39374e-08 0 2.41705e-08 0 2.43907e-08 0 2.46109e-08 0 2.48312e-08 0 2.50515e-08 0 2.52589e-08 0 2.54663e-08 0 2.56608e-08 0 2.58554e-08 0 2.605e-08 0
