# 0.0023131 0 106 : grain size, compostion index, size index
# Heating and cooling timescale: 2.99492e-07 inf
# Ratio of heating to cooling to determine stochastic cutoff: 100
# Equilibrium emission is recorded even for those grains in the stochastic regime.
# Emission spectrum was computed for: 
# Type: ISRF
# Scales: 0.25 0.5 1 1.5 2 2.5 3 3.5 4 4.5 5 5.5 6 6.5 7 7.5 8 8.5 9 9.5 10 10.5 11 11.5 12 12.5 13 13.5 14 14.5 15 15.5 16 16.5 17 17.5 18 18.5 19 19.5 20
# StochasticallyHeated: 0 0 0 0 0 0 0 0 0 0 0 0 0 0 0 0 0 0 0 0 0 0 0 0 0 0 0 0 0 0 0 0 0 0 0 0 0 0 0 0 0
# Temperature: -1
# Wavelength  CExt  CAbs  CSca  Albedo G EqEm1 StEm1 EqEm2 StEm2 EqEm3 StEm3 EqEm4 StEm4 EqEm5 StEm5 EqEm6 StEm6 EqEm7 StEm7 EqEm8 StEm8 EqEm9 StEm9 EqEm10 StEm10 EqEm11 StEm11 EqEm12 StEm12 EqEm13 StEm13 EqEm14 StEm14 EqEm15 StEm15 EqEm16 StEm16 EqEm17 StEm17 EqEm18 StEm18 EqEm19 StEm19 EqEm20 StEm20 EqEm21 StEm21 EqEm22 StEm22 EqEm23 StEm23 EqEm24 StEm24 EqEm25 StEm25 EqEm26 StEm26 EqEm27 StEm27 EqEm28 StEm28 EqEm29 StEm29 EqEm30 StEm30 EqEm31 StEm31 EqEm32 StEm32 EqEm33 StEm33 EqEm34 StEm34 EqEm35 StEm35 EqEm36 StEm36 EqEm37 StEm37 EqEm38 StEm38 EqEm39 StEm39 EqEm40 StEm40 EqEm41 StEm41
0.05 3.37369e-05 1.59162e-05 1.78208e-05 0.528227 0.989939 0 0 0 0 0 0 0 0 0 0 0 0 0 0 0 0 0 0 0 0 0 0 0 0 0 0 0 0 0 0 0 0 0 0 0 0 0 0 0 0 0 0 0 0 0 0 0 0 0 0 0 0 0 0 0 0 0 0 0 0 0 0 0 0 0 0 0 0 0 0 0 0 0 0 0 0 0 0 0 0 0 0
0.0525665 3.37486e-05 1.56125e-05 1.81361e-05 0.537388 0.983268 0 0 0 0 0 0 0 0 0 0 0 0 0 0 0 0 0 0 0 0 0 0 0 0 0 0 0 0 0 0 0 0 0 0 0 0 0 0 0 0 0 0 0 0 0 0 0 0 0 0 0 0 0 0 0 0 0 0 0 0 0 0 0 0 0 0 0 0 0 0 0 0 0 0 0 0 0 0 0 0 0 0
0.0552647 3.37574e-05 1.55127e-05 1.82447e-05 0.540465 0.979657 0 0 0 0 0 0 0 0 0 0 0 0 0 0 0 0 0 0 0 0 0 0 0 0 0 0 0 0 0 0 0 0 0 0 0 0 0 0 0 0 0 0 0 0 0 0 0 0 0 0 0 0 0 0 0 0 0 0 0 0 0 0 0 0 0 0 0 0 0 0 0 0 0 0 0 0 0 0 0 0 0 0
0.0581015 3.3765e-05 1.54643e-05 1.83007e-05 0.542003 0.977157 0 0 0 0 0 0 0 0 0 0 0 0 0 0 0 0 0 0 0 0 0 0 0 0 0 0 0 0 0 0 0 0 0 0 0 0 0 0 0 0 0 0 0 0 0 0 0 0 0 0 0 0 0 0 0 0 0 0 0 0 0 0 0 0 0 0 0 0 0 0 0 0 0 0 0 0 0 0 0 0 0 0
0.0610839 3.37722e-05 1.5437e-05 1.83353e-05 0.54291 0.975294 0 0 0 0 0 0 0 0 0 0 0 0 0 0 0 0 0 0 0 0 0 0 0 0 0 0 0 0 0 0 0 0 0 0 0 0 0 0 0 0 0 0 0 0 0 0 0 0 0 0 0 0 0 0 0 0 0 0 0 0 0 0 0 0 0 0 0 0 0 0 0 0 0 0 0 0 0 0 0 0 0 0
0.0642193 3.37791e-05 1.54127e-05 1.83664e-05 0.54372 0.973663 0 0 0 0 0 0 0 0 0 0 0 0 0 0 0 0 0 0 0 0 0 0 0 0 0 0 0 0 0 0 0 0 0 0 0 0 0 0 0 0 0 0 0 0 0 0 0 0 0 0 0 0 0 0 0 0 0 0 0 0 0 0 0 0 0 0 0 0 0 0 0 0 0 0 0 0 0 0 0 0 0 0
0.0675157 3.3786e-05 1.53811e-05 1.84049e-05 0.544749 0.971946 0 0 0 0 0 0 0 0 0 0 0 0 0 0 0 0 0 0 0 0 0 0 0 0 0 0 0 0 0 0 0 0 0 0 0 0 0 0 0 0 0 0 0 0 0 0 0 0 0 0 0 0 0 0 0 0 0 0 0 0 0 0 0 0 0 0 0 0 0 0 0 0 0 0 0 0 0 0 0 0 0 0
0.0709813 3.37932e-05 1.534e-05 1.84532e-05 0.546063 0.969974 0 0 0 0 0 0 0 0 0 0 0 0 0 0 0 0 0 0 0 0 0 0 0 0 0 0 0 0 0 0 0 0 0 0 0 0 0 0 0 0 0 0 0 0 0 0 0 0 0 0 0 0 0 0 0 0 0 0 0 0 0 0 0 0 0 0 0 0 0 0 0 0 0 0 0 0 0 0 0 0 0 0
0.0746248 3.38007e-05 1.52924e-05 1.85083e-05 0.547571 0.967741 0 0 0 0 0 0 0 0 0 0 0 0 0 0 0 0 0 0 0 0 0 0 0 0 0 0 0 0 0 0 0 0 0 0 0 0 0 0 0 0 0 0 0 0 0 0 0 0 0 0 0 0 0 0 0 0 0 0 0 0 0 0 0 0 0 0 0 0 0 0 0 0 0 0 0 0 0 0 0 0 0 0
0.0784553 3.38083e-05 1.52446e-05 1.85637e-05 0.549088 0.965409 0 0 0 0 0 0 0 0 0 0 0 0 0 0 0 0 0 0 0 0 0 0 0 0 0 0 0 0 0 0 0 0 0 0 0 0 0 0 0 0 0 0 0 0 0 0 0 0 0 0 0 0 0 0 0 0 0 0 0 0 0 0 0 0 0 0 0 0 0 0 0 0 0 0 0 0 0 0 0 0 0 0
0.0824824 3.38164e-05 1.5198e-05 1.86184e-05 0.550574 0.963037 0 0 0 0 0 0 0 0 0 0 0 0 0 0 0 0 0 0 0 0 0 0 0 0 0 0 0 0 0 0 0 0 0 0 0 0 0 0 0 0 0 0 0 0 0 0 0 0 0 0 0 0 0 0 0 0 0 0 0 0 0 0 0 0 0 0 0 0 0 0 0 0 0 0 0 0 0 0 0 0 0 0
0.0867162 3.38246e-05 1.51518e-05 1.86727e-05 0.552046 0.960617 0 0 0 0 0 0 0 0 0 0 0 0 0 0 0 0 0 0 0 0 0 0 0 0 0 0 0 0 0 0 0 0 0 0 0 0 0 0 0 0 0 0 0 0 0 0 0 0 0 0 0 0 0 0 0 0 0 0 0 0 0 0 0 0 0 0 0 0 0 0 0 0 0 0 0 0 0 0 0 0 0 0
0.0911674 3.38331e-05 1.5106e-05 1.87272e-05 0.553516 0.958135 0 0 0 0 0 0 0 0 0 0 0 0 0 0 0 0 0 0 0 0 0 0 0 0 0 0 0 0 0 0 0 0 0 0 0 0 0 0 0 0 0 0 0 0 0 0 0 0 0 0 0 0 0 0 0 0 0 0 0 0 0 0 0 0 0 0 0 0 0 0 0 0 0 0 0 0 0 0 0 0 0 0
0.095847 3.38421e-05 1.50608e-05 1.87813e-05 0.554969 0.9556 0 0 0 0 0 0 0 0 0 0 0 0 0 0 0 0 0 0 0 0 0 0 0 0 0 0 0 0 0 0 0 0 0 0 0 0 0 0 0 0 0 0 0 0 0 0 0 0 0 0 0 0 0 0 0 0 0 0 0 0 0 0 0 0 0 0 0 0 0 0 0 0 0 0 0 0 0 0 0 0 0 0
0.100767 3.38515e-05 1.50182e-05 1.88333e-05 0.556351 0.953072 0 0 0 0 0 0 0 0 0 0 0 0 0 0 0 0 0 0 0 0 0 0 0 0 0 0 0 0 0 0 0 0 0 0 0 0 0 0 0 0 0 0 0 0 0 0 0 0 0 0 0 0 0 0 0 0 0 0 0 0 0 0 0 0 0 0 0 0 0 0 0 0 0 0 0 0 0 0 0 0 0 0
0.105939 3.38612e-05 1.49852e-05 1.88761e-05 0.557454 0.950754 0 0 0 0 0 0 0 0 0 0 0 0 0 0 0 0 0 0 0 0 0 0 0 0 0 0 0 0 0 0 0 0 0 0 0 0 0 0 0 0 0 0 0 0 0 0 0 0 0 0 0 0 0 0 0 0 0 0 0 0 0 0 0 0 0 0 0 0 0 0 0 0 0 0 0 0 0 0 0 0 0 0
0.111377 3.3871e-05 1.49679e-05 1.89031e-05 0.55809 0.949027 0 0 0 0 0 0 0 0 0 0 0 0 0 0 0 0 0 0 0 0 0 0 0 0 0 0 0 0 0 0 0 0 0 0 0 0 0 0 0 0 0 0 0 0 0 0 0 0 0 0 0 0 0 0 0 0 0 0 0 0 0 0 0 0 0 0 0 0 0 0 0 0 0 0 0 0 0 0 0 0 0 0
0.117094 3.38809e-05 1.49617e-05 1.89193e-05 0.558404 0.947856 0 0 0 0 0 0 0 0 0 0 0 0 0 0 0 0 0 0 0 0 0 0 0 0 0 0 0 0 0 0 0 0 0 0 0 0 0 0 0 0 0 0 0 0 0 0 0 0 0 0 0 0 0 0 0 0 0 0 0 0 0 0 0 0 0 0 0 0 0 0 0 0 0 0 0 0 0 0 0 0 0 0
0.123105 3.38911e-05 1.49483e-05 1.89429e-05 0.558932 0.946473 0 0 0 0 0 0 0 0 0 0 0 0 0 0 0 0 0 0 0 0 0 0 0 0 0 0 0 0 0 0 0 0 0 0 0 0 0 0 0 0 0 0 0 0 0 0 0 0 0 0 0 0 0 0 0 0 0 0 0 0 0 0 0 0 0 0 0 0 0 0 0 0 0 0 0 0 0 0 0 0 0 0
0.129424 3.39019e-05 1.4945e-05 1.89569e-05 0.559169 0.945394 0 0 0 0 0 0 0 0 0 0 0 0 0 0 0 0 0 0 0 0 0 0 0 0 0 0 0 0 0 0 0 0 0 0 0 0 0 0 0 0 0 0 0 0 0 0 0 0 0 0 0 0 0 0 0 0 0 0 0 0 0 0 0 0 0 0 0 0 0 0 0 0 0 0 0 0 0 0 0 0 0 0
0.136067 3.39122e-05 1.49685e-05 1.89437e-05 0.558609 0.945527 0 0 0 0 0 0 0 0 0 0 0 0 0 0 0 0 0 0 0 0 0 0 0 0 0 0 0 0 0 0 0 0 0 0 0 0 0 0 0 0 0 0 0 0 0 0 0 0 0 0 0 0 0 0 0 0 0 0 0 0 0 0 0 0 0 0 0 0 0 0 0 0 0 0 0 0 0 0 0 0 0 0
0.143051 3.39228e-05 1.4977e-05 1.89458e-05 0.558497 0.945254 0 0 0 0 0 0 0 0 0 0 0 0 0 0 0 0 0 0 0 0 0 0 0 0 0 0 0 0 0 0 0 0 0 0 0 0 0 0 0 0 0 0 0 0 0 0 0 0 0 0 0 0 0 0 0 0 0 0 0 0 0 0 0 0 0 0 0 0 0 0 0 0 0 0 0 0 0 0 0 0 0 0
0.150394 3.3934e-05 1.50159e-05 1.89181e-05 0.557498 0.945952 0 0 0 0 0 0 0 0 0 0 0 0 0 0 0 0 0 0 0 0 0 0 0 0 0 0 0 0 0 0 0 0 0 0 0 0 0 0 0 0 0 0 0 0 0 0 0 0 0 0 0 0 0 0 0 0 0 0 0 0 0 0 0 0 0 0 0 0 0 0 0 0 0 0 0 0 0 0 0 0 0 0
0.158114 3.39426e-05 1.51365e-05 1.88062e-05 0.554057 0.950636 0 0 0 0 0 0 0 0 0 0 0 0 0 0 0 0 0 0 0 0 0 0 0 0 0 0 0 0 0 0 0 0 0 0 0 0 0 0 0 0 0 0 0 0 0 0 0 0 0 0 0 0 0 0 0 0 0 0 0 0 0 0 0 0 0 0 0 0 0 0 0 0 0 0 0 0 0 0 0 0 0 0
0.16623 3.39495e-05 1.51504e-05 1.87991e-05 0.553738 0.95213 0 0 0 0 0 0 0 0 0 0 0 0 0 0 0 0 0 0 0 0 0 0 0 0 0 0 0 0 0 0 0 0 0 0 0 0 0 0 0 0 0 0 0 0 0 0 0 0 0 0 0 0 0 0 0 0 0 0 0 0 0 0 0 0 0 0 0 0 0 0 0 0 0 0 0 0 0 0 0 0 0 0
0.174762 3.39589e-05 1.50407e-05 1.89182e-05 0.55709 0.948724 0 0 0 0 0 0 0 0 0 0 0 0 0 0 0 0 0 0 0 0 0 0 0 0 0 0 0 0 0 0 0 0 0 0 0 0 0 0 0 0 0 0 0 0 0 0 0 0 0 0 0 0 0 0 0 0 0 0 0 0 0 0 0 0 0 0 0 0 0 0 0 0 0 0 0 0 0 0 0 0 0 0
0.183733 3.39705e-05 1.48688e-05 1.91017e-05 0.562302 0.942589 0 0 0 0 0 0 0 0 0 0 0 0 0 0 0 0 0 0 0 0 0 0 0 0 0 0 0 0 0 0 0 0 0 0 0 0 0 0 0 0 0 0 0 0 0 0 0 0 0 0 0 0 0 0 0 0 0 0 0 0 0 0 0 0 0 0 0 0 0 0 0 0 0 0 0 0 0 0 0 0 0 0
0.193164 3.39848e-05 1.46167e-05 1.93681e-05 0.569905 0.932867 0 0 0 0 0 0 0 0 0 0 0 0 0 0 0 0 0 0 0 0 0 0 0 0 0 0 0 0 0 0 0 0 0 0 0 0 0 0 0 0 0 0 0 0 0 0 0 0 0 0 0 0 0 0 0 0 0 0 0 0 0 0 0 0 0 0 0 0 0 0 0 0 0 0 0 0 0 0 0 0 0 0
0.203079 3.40024e-05 1.43516e-05 1.96508e-05 0.577924 0.921313 0 0 0 0 0 0 0 0 0 0 0 0 0 0 0 0 0 0 0 0 0 0 0 0 0 0 0 0 0 0 0 0 0 0 0 0 0 0 0 0 0 0 0 0 0 0 0 0 0 0 0 0 0 0 0 0 0 0 0 0 0 0 0 0 0 0 0 0 0 0 0 0 0 0 0 0 0 0 0 0 0 0
0.213503 3.40206e-05 1.41465e-05 1.98741e-05 0.584178 0.911671 0 0 0 0 0 0 0 0 0 0 0 0 0 0 0 0 0 0 0 0 0 0 0 0 0 0 0 0 0 0 0 0 0 0 0 0 0 0 0 0 0 0 0 0 0 0 0 0 0 0 0 0 0 0 0 0 0 0 0 0 0 0 0 0 0 0 0 0 0 0 0 0 0 0 0 0 0 0 0 0 0 0
0.224463 3.40391e-05 1.39696e-05 2.00695e-05 0.589602 0.903005 0 0 0 0 0 0 0 0 0 0 0 0 0 0 0 0 0 0 0 0 0 0 0 0 0 0 0 0 0 0 0 0 0 0 0 0 0 0 0 0 0 0 0 0 0 0 0 0 0 0 0 0 0 0 0 0 0 0 0 0 0 0 0 0 0 0 0 0 0 0 0 0 0 0 0 0 0 0 0 0 0 0
0.235984 3.40582e-05 1.37906e-05 2.02675e-05 0.595086 0.89429 0 0 0 0 0 0 0 0 0 0 0 0 0 0 0 0 0 0 0 0 0 0 0 0 0 0 0 0 0 0 0 0 0 0 0 0 0 0 0 0 0 0 0 0 0 0 0 0 0 0 0 0 0 0 0 0 0 0 0 0 0 0 0 0 0 0 0 0 0 0 0 0 0 0 0 0 0 0 0 0 0 0
0.248097 3.40791e-05 1.35801e-05 2.04991e-05 0.601513 0.883968 0 0 0 0 0 0 0 0 0 0 0 0 0 0 0 0 0 0 0 0 0 0 0 0 0 0 0 0 0 0 0 0 0 0 0 0 0 0 0 0 0 0 0 0 0 0 0 0 0 0 0 0 0 0 0 0 0 0 0 0 0 0 0 0 0 0 0 0 0 0 0 0 0 0 0 0 0 0 0 0 0 0
0.260832 3.41012e-05 1.34159e-05 2.06853e-05 0.606585 0.875204 0 0 0 0 0 0 0 0 0 0 0 0 0 0 0 0 0 0 0 0 0 0 0 0 0 0 0 0 0 0 0 0 0 0 0 0 0 0 0 0 0 0 0 0 0 0 0 0 0 0 0 0 0 0 0 0 0 0 0 0 0 0 0 0 0 0 0 0 0 0 0 0 0 0 0 0 0 0 0 0 0 0
0.274221 3.41239e-05 1.32871e-05 2.08368e-05 0.610623 0.86784 0 0 0 0 0 0 0 0 0 0 0 0 0 0 0 0 0 0 0 0 0 0 0 0 0 0 0 0 0 0 0 0 0 0 0 0 0 0 0 0 0 0 0 0 0 0 0 0 0 0 0 0 0 0 0 0 0 0 0 0 0 0 0 0 0 0 0 0 0 0 0 0 0 0 0 0 0 0 0 0 0 0
0.288297 3.41468e-05 1.31854e-05 2.09613e-05 0.61386 0.861756 0 0 0 0 0 0 0 0 0 0 0 0 0 0 0 0 0 0 0 0 0 0 0 0 0 0 0 0 0 0 0 0 0 0 0 0 0 0 0 0 0 0 0 0 0 0 0 0 0 0 0 0 0 0 0 0 0 0 0 0 0 0 0 0 0 0 0 0 0 0 0 0 0 0 0 0 0 0 0 0 0 0
0.303095 3.41706e-05 1.31011e-05 2.10695e-05 0.616598 0.856365 0 0 0 0 0 0 0 0 0 0 0 0 0 0 0 0 0 0 0 0 0 0 0 0 0 0 0 0 0 0 0 0 0 0 0 0 0 0 0 0 0 0 0 0 0 0 0 0 0 0 0 0 0 0 0 0 0 0 0 0 0 0 0 0 0 0 0 0 0 0 0 0 0 0 0 0 0 0 0 0 0 0
0.318653 3.41947e-05 1.30314e-05 2.11633e-05 0.618906 0.85171 0 0 0 0 0 0 0 0 0 0 0 0 0 0 0 0 0 0 0 0 0 0 0 0 0 0 0 0 0 0 0 0 0 0 0 0 0 0 0 0 0 0 0 0 0 0 0 0 0 0 0 0 0 0 0 0 0 0 0 0 0 0 0 0 0 0 0 0 0 0 0 0 0 0 0 0 0 0 0 0 0 0
0.335009 3.42195e-05 1.29701e-05 2.12495e-05 0.620975 0.847468 0 0 0 0 0 0 0 0 0 0 0 0 0 0 0 0 0 0 0 0 0 0 0 0 0 0 0 0 0 0 0 0 0 0 0 0 0 0 0 0 0 0 0 0 0 0 0 0 0 0 0 0 0 0 0 0 0 0 0 0 0 0 0 0 0 0 0 0 0 0 0 0 0 0 0 0 0 0 0 0 0 0
0.352205 3.4245e-05 1.29167e-05 2.13283e-05 0.622814 0.843608 0 0 0 0 0 0 0 0 0 0 0 0 0 0 0 0 0 0 0 0 0 0 0 0 0 0 0 0 0 0 0 0 0 0 0 0 0 0 0 0 0 0 0 0 0 0 0 0 0 0 0 0 0 0 0 0 0 0 0 0 0 0 0 0 0 0 0 0 0 0 0 0 0 0 0 0 0 0 0 0 0 0
0.370284 3.42715e-05 1.2864e-05 2.14075e-05 0.624645 0.83983 0 0 0 0 0 0 0 0 0 0 0 0 0 0 0 0 0 0 0 0 0 0 0 0 0 0 0 0 0 0 0 0 0 0 0 0 0 0 0 0 0 0 0 0 0 0 0 0 0 0 0 0 0 0 0 0 0 0 0 0 0 0 0 0 0 0 0 0 0 0 0 0 0 0 0 0 0 0 0 0 0 0
0.389291 3.42987e-05 1.28138e-05 2.14849e-05 0.626404 0.836199 0 0 0 0 0 0 0 0 0 0 0 0 0 0 0 0 0 0 0 0 0 0 0 0 0 0 0 0 0 0 0 0 0 0 0 0 0 0 0 0 0 0 0 0 0 0 0 0 0 0 0 0 0 0 0 0 0 0 0 0 0 0 0 0 0 0 0 0 0 0 0 0 0 0 0 0 0 0 0 0 0 0
0.409273 3.4327e-05 1.27617e-05 2.15654e-05 0.628232 0.832517 0 0 0 0 0 0 0 0 0 0 0 0 0 0 0 0 0 0 0 0 0 0 0 0 0 0 0 0 0 0 0 0 0 0 0 0 0 0 0 0 0 0 0 0 0 0 0 0 0 0 0 0 0 0 0 0 0 0 0 0 0 0 0 0 0 0 0 0 0 0 0 0 0 0 0 0 0 0 0 0 0 0
0.430281 3.43563e-05 1.2709e-05 2.16473e-05 0.630082 0.828816 0 0 0 0 0 0 0 0 0 0 0 0 0 0 0 0 0 0 0 0 0 0 0 0 0 0 0 0 0 0 0 0 0 0 0 0 0 0 0 0 0 0 0 0 0 0 0 0 0 0 0 0 0 0 0 0 0 0 0 0 0 0 0 0 0 0 0 0 0 0 0 0 0 0 0 0 0 0 0 0 0 0
0.452368 3.43866e-05 1.26604e-05 2.17262e-05 0.631821 0.82526 0 0 0 0 0 0 0 0 0 0 0 0 0 0 0 0 0 0 0 0 0 0 0 0 0 0 0 0 0 0 0 0 0 0 0 0 0 0 0 0 0 0 0 0 0 0 0 0 0 0 0 0 0 0 0 0 0 0 0 0 0 0 0 0 0 0 0 0 0 0 0 0 0 0 0 0 0 0 0 0 0 0
0.475588 3.4418e-05 1.26133e-05 2.18046e-05 0.633525 0.821755 0 0 0 0 0 0 0 0 0 0 0 0 0 0 0 0 0 0 0 0 0 0 0 0 0 0 0 0 0 0 0 0 0 0 0 0 0 0 0 0 0 0 0 0 0 0 0 0 0 0 0 0 0 0 0 0 0 0 0 0 0 0 0 0 0 0 0 0 0 0 0 0 0 0 0 0 0 0 0 0 0 0
0.5 3.44501e-05 1.25763e-05 2.18737e-05 0.634941 0.818643 0 0 0 0 0 0 0 0 0 0 0 0 0 0 0 0 0 0 0 0 0 0 0 0 0 0 0 0 0 0 0 0 0 0 0 0 0 0 0 0 0 0 0 0 0 0 0 0 0 0 0 0 0 0 0 0 0 0 0 0 0 0 0 0 0 0 0 0 0 0 0 0 0 0 0 0 0 0 0 0 0 0
0.525665 3.44827e-05 1.25487e-05 2.1934e-05 0.636087 0.815929 0 0 0 0 0 0 0 0 0 0 0 0 0 0 0 0 0 0 0 0 0 0 0 0 0 0 0 0 0 0 0 0 0 0 0 0 0 0 0 0 0 0 0 0 0 0 0 0 0 0 0 0 0 0 0 0 0 0 0 0 0 0 0 0 0 0 0 0 0 0 0 0 0 0 0 0 0 0 0 0 0 0
0.552648 3.45157e-05 1.25294e-05 2.19863e-05 0.636995 0.81359 0 0 0 0 0 0 0 0 0 0 0 0 0 0 0 0 0 0 0 0 0 0 0 0 0 0 0 0 0 0 0 0 0 0 0 0 0 0 0 0 0 0 0 0 0 0 0 0 0 0 0 0 0 0 0 0 0 0 0 0 0 0 0 0 0 0 0 0 0 0 0 0 0 0 0 0 0 0 0 0 0 0
0.581015 3.45494e-05 1.25153e-05 2.20341e-05 0.637757 0.8115 0 0 0 0 0 0 0 0 0 0 0 0 0 0 0 0 0 0 0 0 0 0 0 0 0 0 0 0 0 0 0 0 0 0 0 0 0 0 0 0 0 0 0 0 0 0 0 0 0 0 0 0 0 0 0 0 0 0 0 0 0 0 0 0 0 0 0 0 0 0 0 0 0 0 0 0 0 0 0 0 0 0
0.610839 3.45838e-05 1.25028e-05 2.2081e-05 0.638479 0.809499 0 0 0 0 0 0 0 0 0 0 0 0 0 0 0 0 0 0 0 0 0 0 0 0 0 0 0 0 0 0 0 0 0 0 0 0 0 0 0 0 0 0 0 0 0 0 0 0 0 0 0 0 0 0 0 0 0 0 0 0 0 0 0 0 0 0 0 0 0 0 0 0 0 0 0 0 0 0 0 0 0 0
0.642193 3.46188e-05 1.24921e-05 2.21266e-05 0.639151 0.807602 0 0 0 0 0 0 0 0 0 0 0 0 0 0 0 0 0 0 0 0 0 0 0 0 0 0 0 0 0 0 0 0 0 0 0 0 0 0 0 0 0 0 0 0 0 0 0 0 0 0 0 0 0 0 0 0 0 0 0 0 0 0 0 0 0 0 0 0 0 0 0 0 0 0 0 0 0 0 0 0 0 0
0.675157 3.46546e-05 1.24815e-05 2.2173e-05 0.63983 0.805727 0 0 0 0 0 0 0 0 0 0 0 0 0 0 0 0 0 0 0 0 0 0 0 0 0 0 0 0 0 0 0 0 0 0 0 0 0 0 0 0 0 0 0 0 0 0 0 0 0 0 0 0 0 0 0 0 0 0 0 0 0 0 0 0 0 0 0 0 0 0 0 0 0 0 0 0 0 0 0 0 0 0
0.709813 3.46913e-05 1.2471e-05 2.22203e-05 0.640515 0.803856 0 0 0 0 0 0 0 0 0 0 0 0 0 0 0 0 0 0 0 0 0 0 0 0 0 0 0 0 0 0 0 0 0 0 0 0 0 0 0 0 0 0 0 0 0 0 0 0 0 0 0 0 0 0 0 0 0 0 0 0 0 0 0 0 0 0 0 0 0 0 0 0 0 0 0 0 0 0 0 0 0 0
0.746248 3.47285e-05 1.24624e-05 2.22661e-05 0.641147 0.802067 0 0 0 0 0 0 0 0 0 0 0 0 0 0 0 0 0 0 0 0 0 0 0 0 0 0 0 0 0 0 0 0 0 0 0 0 0 0 0 0 0 0 0 0 0 0 0 0 0 0 0 0 0 0 0 0 0 0 0 0 0 0 0 0 0 0 0 0 0 0 0 0 0 0 0 0 0 0 0 0 0 0
0.784553 3.47661e-05 1.24573e-05 2.23089e-05 0.641684 0.800399 0 0 0 0 0 0 0 0 0 0 0 0 0 0 0 0 0 0 0 0 0 0 0 0 0 0 0 0 0 0 0 0 0 0 0 0 0 0 0 0 0 0 0 0 0 0 0 0 0 0 0 0 0 0 0 0 0 0 0 0 0 0 0 0 0 0 0 0 0 0 0 0 0 0 0 0 0 0 0 0 0 0
0.824824 3.48036e-05 1.24638e-05 2.23398e-05 0.641881 0.799216 0 0 0 0 0 0 0 0 0 0 0 0 0 0 0 0 0 0 0 0 0 0 0 0 0 0 0 0 0 0 0 0 0 0 0 0 0 0 0 0 0 0 0 0 0 0 0 0 0 0 0 0 0 0 0 0 0 0 0 0 0 0 0 0 0 0 0 0 0 0 0 0 0 0 0 0 0 0 0 0 0 0
0.867162 3.48412e-05 1.24815e-05 2.23597e-05 0.64176 0.798555 0 0 0 0 0 0 0 0 0 0 0 0 0 0 0 0 0 0 0 0 0 0 0 0 0 0 0 0 0 0 0 0 0 0 0 0 0 0 0 0 0 0 0 0 0 0 0 0 0 0 0 0 0 0 0 0 0 0 0 0 0 0 0 0 0 0 0 0 0 0 0 0 0 0 0 0 0 0 0 0 0 0
0.911674 3.488e-05 1.25003e-05 2.23797e-05 0.64162 0.797991 0 0 0 0 0 0 0 0 0 0 0 0 0 0 0 0 0 0 0 0 0 0 0 0 0 0 0 0 0 0 0 0 0 0 0 0 0 0 0 0 0 0 0 0 0 0 0 0 0 0 0 0 0 0 0 0 0 0 0 0 0 0 0 0 0 0 0 0 0 0 0 0 0 0 0 0 0 0 0 0 0 0
0.95847 3.49207e-05 1.2509e-05 2.24118e-05 0.64179 0.797033 0 0 0 0 0 0 0 0 0 0 0 0 0 0 0 0 0 0 0 0 0 0 0 0 0 0 0 0 0 0 0 0 0 0 0 0 0 0 0 0 0 0 0 0 0 0 0 0 0 0 0 0 0 0 0 0 0 0 0 0 0 0 0 0 0 0 0 0 0 0 0 0 0 0 0 0 0 0 0 0 0 0
1.00767 3.49627e-05 1.25118e-05 2.24509e-05 0.642139 0.795803 0 0 0 0 0 0 0 0 0 0 0 0 0 0 0 0 0 0 0 0 0 0 0 0 0 0 0 0 0 0 0 0 0 0 0 0 0 0 0 0 0 0 0 0 0 0 0 0 0 0 0 0 0 0 0 0 0 0 0 0 0 0 0 0 0 0 0 0 0 0 0 0 0 0 0 0 0 0 0 0 0 0
1.05939 3.50055e-05 1.25163e-05 2.24892e-05 0.642447 0.794633 0 0 0 0 0 0 0 0 0 0 0 0 0 0 0 0 0 0 0 0 0 0 0 0 0 0 0 0 0 0 0 0 0 0 0 0 0 0 0 0 0 0 0 0 0 0 0 0 0 0 0 0 0 0 0 0 0 0 0 0 0 0 0 0 0 0 0 0 0 0 0 0 0 0 0 0 0 0 0 0 0 0
1.11377 3.50492e-05 1.25217e-05 2.25275e-05 0.642739 0.793484 0 0 0 0 0 0 0 0 0 0 0 0 0 0 0 0 0 0 0 0 0 0 0 0 0 0 0 0 0 0 0 0 0 0 0 0 0 0 0 0 0 0 0 0 0 0 0 0 0 0 0 0 0 0 0 0 0 0 0 0 0 0 0 0 0 0 0 0 0 0 0 0 0 0 0 0 0 0 0 0 0 0
1.17094 3.50943e-05 1.25246e-05 2.25697e-05 0.643116 0.792214 0 0 0 0 0 0 0 0 0 0 0 0 0 0 0 0 0 0 0 0 0 0 0 0 0 0 0 0 0 0 0 0 0 0 0 0 0 0 0 0 0 0 0 0 0 0 0 0 0 0 0 0 0 0 0 0 0 0 0 0 0 0 0 0 0 0 0 0 0 0 0 0 0 0 0 0 0 0 0 0 0 0
1.23105 3.51405e-05 1.25276e-05 2.26129e-05 0.643498 0.790936 0 0 0 0 0 0 0 0 0 0 0 0 0 0 0 0 0 0 0 0 0 0 0 0 0 0 0 0 0 0 0 0 0 0 0 0 0 0 0 0 0 0 0 0 0 0 0 0 0 0 0 0 0 0 0 0 0 0 0 0 0 0 0 0 0 0 0 0 0 0 0 0 0 0 0 0 0 0 0 0 0 0
1.29424 3.51874e-05 1.25332e-05 2.26542e-05 0.643817 0.789735 0 0 0 0 0 0 0 0 0 0 0 0 0 0 0 0 0 0 0 0 0 0 0 0 0 0 0 0 0 0 0 0 0 0 0 0 0 0 0 0 0 0 0 0 0 0 0 0 0 0 0 0 0 0 0 0 0 0 0 0 0 0 0 0 0 0 0 0 0 0 0 0 0 0 0 0 0 0 0 0 0 0
1.36067 3.52348e-05 1.25473e-05 2.26874e-05 0.643894 0.788876 0 0 0 0 0 0 0 0 0 0 0 0 0 0 0 0 0 0 0 0 0 0 0 0 0 0 0 0 0 0 0 0 0 0 0 0 0 0 0 0 0 0 0 0 0 0 0 0 0 0 0 0 0 0 0 0 0 0 0 0 0 0 0 0 0 0 0 0 0 0 0 0 0 0 0 0 0 0 0 0 0 0
1.43051 3.52845e-05 1.25623e-05 2.27221e-05 0.64397 0.788055 0 0 0 0 0 0 0 0 0 0 0 0 0 0 0 0 0 0 0 0 0 0 0 0 0 0 0 0 0 0 0 0 0 0 0 0 0 0 0 0 0 0 0 0 0 0 0 0 0 0 0 0 0 0 0 0 0 0 0 0 0 0 0 0 0 0 0 0 0 0 0 0 0 0 0 0 0 0 0 0 0 0
1.50394 3.53364e-05 1.25675e-05 2.27689e-05 0.644346 0.786798 0 0 0 0 0 0 0 0 0 0 0 0 0 0 0 0 0 0 0 0 0 0 0 0 0 0 0 0 0 0 0 0 0 0 0 0 0 0 0 0 0 0 0 0 0 0 0 0 0 0 0 0 0 0 0 0 0 0 0 0 0 0 0 0 0 0 0 0 0 0 0 0 0 0 0 0 0 0 0 0 0 0
1.58114 3.53893e-05 1.25708e-05 2.28186e-05 0.644786 0.785422 0 0 0 0 0 0 0 0 0 0 0 0 0 0 0 0 0 0 0 0 0 0 0 0 0 0 0 0 0 0 0 0 0 0 0 0 0 0 0 0 0 0 0 0 0 0 0 0 0 0 0 0 0 0 0 0 0 0 0 0 0 0 0 0 0 0 0 0 0 0 0 0 0 0 0 0 0 0 0 0 0 0
1.6623 3.54431e-05 1.25769e-05 2.28662e-05 0.645153 0.784129 0 0 0 0 0 0 0 0 0 0 0 0 0 0 0 0 0 0 0 0 0 0 0 0 0 0 0 0 0 0 0 0 0 0 0 0 0 0 0 0 0 0 0 0 0 0 0 0 0 0 0 0 0 0 0 0 0 0 0 0 0 0 0 0 0 0 0 0 0 0 0 0 0 0 0 0 0 0 0 0 0 0
1.74763 3.54981e-05 1.25877e-05 2.29103e-05 0.645397 0.782998 0 0 0 0 0 0 0 0 0 0 0 0 0 0 0 0 0 0 0 0 0 0 0 0 0 0 0 0 0 0 0 0 0 0 0 0 0 0 0 0 0 0 0 0 0 0 0 0 0 0 0 0 0 0 0 0 0 0 0 0 0 0 0 0 0 0 0 0 0 0 0 0 0 0 0 0 0 0 0 0 0 0
1.83733 3.55557e-05 1.25988e-05 2.29569e-05 0.645661 0.781854 0 0 0 0 0 0 0 0 0 0 0 0 0 0 0 0 0 0 0 0 0 0 0 0 0 0 0 0 0 0 0 0 0 0 0 0 0 0 0 0 0 0 0 0 0 0 0 0 0 0 0 0 0 0 0 0 0 0 0 0 0 0 0 0 0 0 0 0 0 0 0 0 0 0 0 0 0 0 0 0 0 0
1.93164 3.56148e-05 1.26013e-05 2.30134e-05 0.646176 0.780322 0 0 0 0 0 0 0 0 0 0 0 0 0 0 0 0 0 0 0 0 0 0 0 0 0 0 0 0 0 0 0 0 0 0 0 0 0 0 0 0 0 0 0 0 0 0 0 0 0 0 0 0 0 0 0 0 0 0 0 0 0 0 0 0 0 0 0 0 0 0 0 0 0 0 0 0 0 0 0 0 0 0
2.03079 3.56741e-05 1.26099e-05 2.30642e-05 0.646524 0.778993 0 0 0 0 0 0 0 0 0 0 0 0 0 0 0 0 0 0 0 0 0 0 0 0 0 0 0 0 0 0 0 0 0 0 0 0 0 0 0 0 0 0 0 0 0 0 0 0 0 0 0 0 0 0 0 0 0 0 0 0 0 0 0 0 0 0 0 0 0 0 0 0 0 0 0 0 0 0 0 0 0 0
2.13503 3.57354e-05 1.26229e-05 2.31125e-05 0.646767 0.777807 0 0 0 0 0 0 0 0 0 0 0 0 0 0 0 0 0 0 0 0 0 0 0 0 0 0 0 0 0 0 0 0 0 0 0 0 0 0 0 0 0 0 0 0 0 0 0 0 0 0 0 0 0 0 0 0 0 0 0 0 0 0 0 0 0 0 0 0 0 0 0 0 0 0 0 0 0 0 0 0 0 0
2.24463 3.57985e-05 1.26366e-05 2.31618e-05 0.647006 0.776608 0 0 0 0 0 0 0 0 0 0 0 0 0 0 0 0 0 0 0 0 0 0 0 0 0 0 0 0 0 0 0 0 0 0 0 0 0 0 0 0 0 0 0 0 0 0 0 0 0 0 0 0 0 0 0 0 0 0 0 0 0 0 0 0 0 0 0 0 0 0 0 0 0 0 0 0 0 0 0 0 0 0
2.35984 3.58639e-05 1.26509e-05 2.3213e-05 0.647253 0.775387 0 0 0 0 0 0 0 0 0 0 0 0 0 0 0 0 0 0 0 0 0 0 0 0 0 0 0 0 0 0 0 0 0 0 0 0 0 0 0 0 0 0 0 0 0 0 0 0 0 0 0 0 0 0 0 0 0 0 0 0 0 0 0 0 0 0 0 0 0 0 0 0 0 0 0 0 0 0 0 0 0 0
2.48097 3.59305e-05 1.26614e-05 2.32691e-05 0.647614 0.773973 0 0 0 0 0 0 0 0 0 0 0 0 0 0 0 0 0 0 0 0 0 0 0 0 0 0 0 0 0 0 0 0 0 0 0 0 0 0 0 0 0 0 0 0 0 0 0 0 0 0 0 0 0 0 0 0 0 0 0 0 0 0 0 0 0 0 0 0 0 0 0 0 0 0 0 0 0 0 0 0 0 0
2.60832 3.59985e-05 1.26877e-05 2.33107e-05 0.647548 0.773134 0 0 0 0 0 0 0 0 0 0 0 0 0 0 0 0 0 0 0 0 0 0 0 0 0 0 0 0 0 0 0 0 0 0 0 0 0 0 0 0 0 0 0 0 0 0 0 0 0 0 0 0 0 0 0 0 0 0 0 0 0 0 0 0 0 0 0 0 0 0 0 0 0 0 0 0 0 0 0 0 0 0
2.74221 3.60726e-05 1.27003e-05 2.33723e-05 0.647923 0.771694 0 0 0 0 0 0 0 0 0 0 0 0 0 0 0 0 0 0 0 0 0 0 0 0 0 0 0 0 0 0 0 0 0 0 0 0 0 0 0 0 0 0 0 0 0 0 0 0 0 0 0 0 0 0 0 0 0 0 0 0 0 0 0 0 0 0 0 0 0 0 0 0 0 0 0 0 0 0 0 0 0 0
2.88297 3.61455e-05 1.27086e-05 2.34369e-05 0.648403 0.770047 0 0 0 0 0 0 0 0 0 0 0 0 0 0 0 0 0 0 0 0 0 0 0 0 0 0 0 0 0 0 0 0 0 0 0 0 0 0 0 0 0 0 0 0 0 0 0 0 0 0 0 0 0 0 0 0 0 0 0 0 0 0 0 0 0 0 0 0 0 0 0 0 0 0 0 0 0 0 0 0 0 0
3.03095 3.62216e-05 1.27283e-05 2.34933e-05 0.648599 0.76878 0 0 0 0 0 0 0 0 0 0 0 0 0 0 0 0 0 0 0 0 0 0 0 0 0 0 0 0 0 0 0 0 0 0 0 0 0 0 0 0 0 0 0 0 0 0 0 0 0 0 0 0 0 0 0 0 0 0 0 0 0 0 0 0 0 0 0 0 0 0 0 0 0 0 0 0 0 0 0 0 0 0
3.18653 3.63015e-05 1.27329e-05 2.35685e-05 0.649244 0.766882 0 0 0 0 0 0 0 0 0 0 0 0 0 0 0 0 0 0 0 0 0 0 0 0 0 0 0 0 0 0 0 0 0 0 0 0 0 0 0 0 0 0 0 0 0 0 0 0 0 0 0 0 0 0 0 0 0 0 0 0 0 0 0 0 0 0 0 0 0 0 0 0 0 0 0 0 0 0 0 0 0 0
3.35009 3.63772e-05 1.2736e-05 2.36412e-05 0.64989 0.764908 0 0 0 0 0 0 0 0 0 0 0 0 0 0 0 0 0 0 0 0 0 0 0 0 0 0 0 0 0 0 0 0 0 0 0 0 0 0 0 0 0 0 0 0 0 0 0 0 0 0 0 0 0 0 0 0 0 0 0 0 0 0 0 0 0 0 0 0 0 0 0 0 0 0 0 0 0 0 0 0 0 0
3.52205 3.64603e-05 1.276e-05 2.37004e-05 0.650032 0.763633 0 0 0 0 0 0 0 0 0 0 0 0 0 0 0 0 0 0 0 0 0 0 0 0 0 0 0 0 0 0 0 0 0 0 0 0 0 0 0 0 0 0 0 0 0 0 0 0 0 0 0 0 0 0 0 0 0 0 0 0 0 0 0 0 0 0 0 0 0 0 0 0 0 0 0 0 0 0 0 0 0 0
3.70284 3.65443e-05 1.27706e-05 2.37737e-05 0.650545 0.761817 0 0 0 0 0 0 0 0 0 0 0 0 0 0 0 0 0 0 0 0 0 0 0 0 0 0 0 0 0 0 0 0 0 0 0 0 0 0 0 0 0 0 0 0 0 0 0 0 0 0 0 0 0 0 0 0 0 0 0 0 0 0 0 0 0 0 0 0 0 0 0 0 0 0 0 0 0 0 0 0 0 0
3.89291 3.66283e-05 1.27754e-05 2.38529e-05 0.651216 0.759749 0 0 0 0 0 0 0 0 0 0 0 0 0 0 0 0 0 0 0 0 0 0 0 0 0 0 0 0 0 0 0 0 0 0 0 0 0 0 0 0 0 0 0 0 0 0 0 0 0 0 0 0 0 0 0 0 0 0 0 0 0 0 0 0 0 0 0 0 0 0 0 0 0 0 0 0 0 0 0 0 0 0
4.09273 3.67161e-05 1.27878e-05 2.39283e-05 0.651711 0.757898 0 0 0 0 0 0 0 0 0 0 0 0 0 0 0 0 0 0 0 0 0 0 0 0 0 0 0 0 0 0 0 0 0 0 0 0 0 0 0 0 0 0 0 0 0 0 0 0 0 0 0 0 0 0 0 0 0 0 0 0 0 0 0 0 0 0 0 0 0 0 0 0 0 0 0 0 0 0 0 0 0 0
4.30281 3.68053e-05 1.28152e-05 2.399e-05 0.65181 0.756529 0 0 0 0 0 0 0 0 0 0 0 0 0 0 0 0 0 0 0 0 0 0 0 0 0 0 0 0 0 0 0 0 0 0 0 0 0 0 0 0 0 0 0 0 0 0 0 0 0 0 0 0 0 0 0 0 0 0 0 0 0 0 0 0 0 0 0 0 0 0 0 0 0 0 0 0 0 0 0 0 0 0
4.52368 3.68942e-05 1.28411e-05 2.40531e-05 0.651948 0.755058 0 0 0 0 0 0 0 0 0 0 0 0 0 0 0 0 0 0 0 0 0 0 0 0 0 0 0 0 0 0 0 0 0 0 0 0 0 0 0 0 0 0 0 0 0 0 0 0 0 0 0 0 0 0 0 0 0 0 0 0 0 0 0 0 0 0 0 0 0 0 0 0 0 0 0 0 0 0 0 0 0 0
4.75588 3.69868e-05 1.2863e-05 2.41238e-05 0.652227 0.753373 0 0 0 0 0 0 0 0 0 0 0 0 0 0 0 0 0 0 0 0 0 0 0 0 0 0 0 0 0 0 0 0 0 0 0 0 0 0 0 0 0 0 0 0 0 0 0 0 0 0 0 0 0 0 0 0 0 0 0 0 0 0 0 0 0 0 0 0 0 0 0 0 0 0 0 0 0 0 0 0 0 0
5 3.70779e-05 1.28871e-05 2.41907e-05 0.65243 0.75173 0 0 0 0 0 0 0 0 0 0 0 0 0 0 0 0 0 0 0 0 0 0 0 0 0 0 0 0 0 0 0 0 0 0 0 0 0 0 0 0 0 0 0 0 0 0 0 0 0 0 0 0 0 0 0 0 0 0 0 0 0 0 0 0 0 0 0 0 0 0 0 0 0 0 0 0 0 0 0 0 0 0
5.25665 3.71751e-05 1.29378e-05 2.42372e-05 0.651975 0.750894 0 0 0 0 0 0 0 0 0 0 0 0 0 0 0 0 0 0 0 0 0 0 0 0 0 0 0 0 0 0 0 0 0 0 0 0 0 0 0 0 0 0 0 0 0 0 0 0 0 0 0 0 0 0 0 0 0 0 0 0 0 0 0 0 0 0 0 0 0 0 0 0 0 0 0 0 0 0 0 0 0 0
5.52648 3.72786e-05 1.29977e-05 2.42809e-05 0.651336 0.75025 0 0 0 0 0 0 0 0 0 0 0 0 0 0 0 0 0 0 0 0 0 0 0 0 0 0 0 0 0 0 0 0 0 0 0 0 0 0 0 0 0 0 0 0 0 0 0 0 0 0 0 0 0 0 0 0 0 0 0 0 0 0 0 0 0 0 0 0 0 0 0 0 0 0 0 0 0 0 0 0 0 0
5.81015 3.73987e-05 1.30932e-05 2.43055e-05 0.649903 0.750596 0 0 0 0 0 0 0 0 0 0 0 0 0 0 0 0 0 0 0 0 0 0 0 0 0 0 0 0 0 0 0 0 0 0 0 0 0 0 0 0 0 0 0 0 0 0 0 0 0 0 0 0 0 0 0 0 0 0 0 0 0 0 0 0 0 0 0 0 0 0 0 0 0 0 0 0 0 0 0 0 0 0
6.10839 3.75382e-05 1.31448e-05 2.43935e-05 0.64983 0.749243 0 0 0 0 0 0 0 0 0 0 0 0 0 0 0 0 0 0 0 0 0 0 0 0 0 0 0 0 0 0 0 0 0 0 0 0 0 0 0 0 0 0 0 0 0 0 0 0 0 0 0 0 0 0 0 0 0 0 0 0 0 0 0 0 0 0 0 0 0 0 0 0 0 0 0 0 0 0 0 0 0 0
6.42193 3.76634e-05 1.30706e-05 2.45928e-05 0.652963 0.743839 0 0 0 0 0 0 0 0 0 0 0 0 0 0 0 0 0 0 0 0 0 0 0 0 0 0 0 0 0 0 0 0 0 0 0 0 0 0 0 0 0 0 0 0 0 0 0 0 0 0 0 0 0 0 0 0 0 0 0 0 0 0 0 0 0 0 0 0 0 0 0 0 0 0 0 0 0 0 0 0 0 0
6.75157 3.77788e-05 1.30781e-05 2.47007e-05 0.653825 0.74116 0 0 0 0 0 0 0 0 0 0 0 0 0 0 0 0 0 0 0 0 0 0 0 0 0 0 0 0 0 0 0 0 0 0 0 0 0 0 0 0 0 0 0 0 0 0 0 0 0 0 0 0 0 0 0 0 0 0 0 0 0 0 0 0 0 0 0 0 0 0 0 0 0 0 0 0 0 0 0 0 0 0
7.09813 3.79167e-05 1.3097e-05 2.48197e-05 0.654585 0.738649 0 0 0 0 0 0 0 0 0 0 0 0 0 0 0 0 0 0 0 0 0 0 0 0 0 0 0 0 0 0 0 0 0 0 0 0 0 0 0 0 0 0 0 0 0 0 0 0 0 0 0 0 0 0 0 0 0 0 0 0 0 0 0 0 0 0 0 0 0 0 0 0 0 0 0 0 0 0 0 0 0 0
7.46248 3.80465e-05 1.30368e-05 2.50097e-05 0.657346 0.733732 0 0 0 0 0 0 0 0 0 0 0 0 0 0 0 0 0 0 0 0 0 0 0 0 0 0 0 0 0 0 0 0 0 0 0 0 0 0 0 0 0 0 0 0 0 0 0 0 0 0 0 0 0 0 0 0 0 0 0 0 0 0 0 0 0 0 0 0 0 0 0 0 0 0 0 0 0 0 0 0 0 0
7.84553 3.81615e-05 1.2992e-05 2.51695e-05 0.659552 0.729418 0 0 0 0 0 0 0 0 0 0 0 0 0 0 0 0 0 0 0 0 0 0 0 0 0 0 0 0 0 0 0 0 0 0 0 0 0 0 0 0 0 0 0 0 0 0 0 0 0 0 0 0 0 0 0 0 0 0 0 0 0 0 0 0 0 0 0 0 0 0 0 0 0 0 0 0 0 0 0 0 0 0
8.24824 3.82737e-05 1.29229e-05 2.53507e-05 0.662354 0.724438 0 0 0 0 0 0 0 0 0 0 0 0 0 0 0 0 0 0 0 0 0 0 0 0 0 0 0 0 0 0 0 0 0 0 0 0 0 0 0 0 0 0 0 0 0 0 0 0 0 0 0 0 0 0 0 0 0 0 0 0 0 0 0 0 0 0 0 0 0 0 0 0 0 0 0 0 0 0 0 0 0 0
8.67162 3.83768e-05 1.28781e-05 2.54988e-05 0.664431 0.720244 0 0 0 0 0 0 0 0 0 0 0 0 0 0 0 0 0 0 0 0 0 0 0 0 0 0 0 0 0 0 0 0 0 0 0 0 0 0 0 0 0 0 0 0 0 0 0 0 0 0 0 0 0 0 0 0 0 0 0 0 0 0 0 0 0 0 0 0 0 0 0 0 0 0 0 0 0 0 0 0 0 0
9.11674 3.84728e-05 1.28548e-05 2.5618e-05 0.665873 0.716695 0 0 0 0 0 0 0 0 0 0 0 0 0 0 0 0 0 0 0 0 0 0 0 0 0 0 0 0 0 0 0 0 0 0 0 0 0 0 0 0 0 0 0 0 0 0 0 0 0 0 0 0 0 0 0 0 0 0 0 0 0 0 0 0 0 0 0 0 0 0 0 0 0 0 0 0 0 0 0 0 0 0
9.5847 3.85679e-05 1.28541e-05 2.57138e-05 0.666715 0.713737 0 0 0 0 0 0 0 0 0 0 0 0 0 0 0 0 0 0 0 0 0 0 0 0 0 0 0 0 0 0 0 0 0 0 0 0 0 0 0 0 0 0 0 0 0 0 0 0 0 0 0 0 0 0 0 0 0 0 0 0 0 0 0 0 0 0 0 0 0 0 0 0 0 0 0 0 0 0 0 0 0 0
10.0767 3.86733e-05 1.28958e-05 2.57775e-05 0.666545 0.711805 0 0 0 0 0 0 0 0 0 0 0 0 0 0 0 0 0 0 0 0 0 0 0 0 0 0 0 0 0 0 0 0 0 0 0 0 0 0 0 0 0 0 0 0 0 0 0 0 0 0 0 0 0 0 0 0 0 0 0 0 0 0 0 0 0 0 0 0 0 0 0 0 0 0 0 0 0 0 0 0 0 0
10.5939 3.88002e-05 1.29836e-05 2.58166e-05 0.665373 0.710879 0 0 0 0 0 0 0 0 0 0 0 0 0 0 0 0 0 0 0 0 0 0 0 0 0 0 0 0 0 0 0 0 0 0 0 0 0 0 0 0 0 0 0 0 0 0 0 0 0 0 0 0 0 0 0 0 0 0 0 0 0 0 0 0 0 0 0 0 0 0 0 0 0 0 0 0 0 0 0 0 0 0
11.1377 3.89537e-05 1.30274e-05 2.59263e-05 0.665567 0.70854 0 0 0 0 0 0 0 0 0 0 0 0 0 0 0 0 0 0 0 0 0 0 0 0 0 0 0 0 0 0 0 0 0 0 0 0 0 0 0 0 0 0 0 0 0 0 0 0 0 0 0 0 0 0 0 0 0 0 0 0 0 0 0 0 0 0 0 0 0 0 0 0 0 0 0 0 0 0 0 0 0 0
11.7094 3.90789e-05 1.30071e-05 2.60718e-05 0.667159 0.704615 0 0 0 0 0 0 0 0 0 0 0 0 0 0 0 0 0 0 0 0 0 0 0 0 0 0 0 0 0 0 0 0 0 0 0 0 0 0 0 0 0 0 0 0 0 0 0 0 0 0 0 0 0 0 0 0 0 0 0 0 0 0 0 0 0 0 0 0 0 0 0 0 0 0 0 0 0 0 0 0 0 0
12.3105 3.92041e-05 1.30179e-05 2.61862e-05 0.667946 0.70141 0 0 0 0 0 0 0 0 0 0 0 0 0 0 0 0 0 0 0 0 0 0 0 0 0 0 0 0 0 0 0 0 0 0 0 0 0 0 0 0 0 0 0 0 0 0 0 0 0 0 0 0 0 0 0 0 0 0 0 0 0 0 0 0 0 0 0 0 0 0 0 0 0 0 0 0 0 0 0 0 0 0
12.9424 3.93761e-05 1.30858e-05 2.62902e-05 0.66767 0.699317 0 0 0 0 0 0 0 0 0 0 0 0 0 0 0 0 0 0 0 0 0 0 0 0 0 0 0 0 0 0 0 0 0 0 0 0 0 0 0 0 0 0 0 0 0 0 0 0 0 0 0 0 0 0 0 0 0 0 0 0 0 0 0 0 0 0 0 0 0 0 0 0 0 0 0 0 0 0 0 0 0 0
13.6067 3.94649e-05 1.29966e-05 2.64683e-05 0.67068 0.693685 0 0 0 0 0 0 0 0 0 0 0 0 0 0 0 0 0 0 0 0 0 0 0 0 0 0 0 0 0 0 0 0 0 0 0 0 0 0 0 0 0 0 0 0 0 0 0 0 0 0 0 0 0 0 0 0 0 0 0 0 0 0 0 0 0 0 0 0 0 0 0 0 0 0 0 0 0 0 0 0 0 0
14.3051 3.96078e-05 1.30488e-05 2.6559e-05 0.67055 0.691112 0 0 0 0 0 0 0 0 0 0 0 0 0 0 0 0 0 0 0 0 0 0 0 0 0 0 0 0 0 0 0 0 0 0 0 0 0 0 0 0 0 0 0 0 0 0 0 0 0 0 0 0 0 0 0 0 0 0 0 0 0 0 0 0 0 0 0 0 0 0 0 0 0 0 0 0 0 0 0 0 0 0
15.0394 3.97508e-05 1.31099e-05 2.66409e-05 0.670198 0.688629 0 0 0 0 0 0 0 0 0 0 0 0 0 0 0 0 0 0 0 0 0 0 0 0 0 0 0 0 0 0 0 0 0 0 0 0 0 0 0 0 0 0 0 0 0 0 0 0 0 0 0 0 0 0 0 0 0 0 0 0 0 0 0 0 0 0 0 0 0 0 0 0 0 0 0 0 0 0 0 0 0 0
15.8114 3.98925e-05 1.31456e-05 2.67468e-05 0.670473 0.685383 0 0 0 0 0 0 0 0 0 0 0 0 0 0 0 0 0 0 0 0 0 0 0 0 0 0 0 0 0 0 0 0 0 0 0 0 0 0 0 0 0 0 0 0 0 0 0 0 0 0 0 0 0 0 0 0 0 0 0 0 0 0 0 0 0 0 0 0 0 0 0 0 0 0 0 0 0 0 0 0 0 0
16.623 4.0052e-05 1.31451e-05 2.69069e-05 0.671799 0.68118 0 0 0 0 0 0 0 0 0 0 0 0 0 0 0 0 0 0 0 0 0 0 0 0 0 0 0 0 0 0 0 0 0 0 0 0 0 0 0 0 0 0 0 0 0 0 0 0 0 0 0 0 0 0 0 0 0 0 0 0 0 0 0 0 0 0 0 0 1.4013e-45 0 1.4013e-45 0 4.2039e-45 0 7.00649e-45 0 1.26117e-44 0 2.24208e-44 0 3.92364e-44 0
17.4762 4.02086e-05 1.31697e-05 2.70388e-05 0.672465 0.677368 0 0 0 0 0 0 0 0 0 0 0 0 0 0 0 0 0 0 0 0 0 0 0 0 0 0 0 0 0 0 0 0 0 0 0 0 0 0 0 0 0 0 0 0 0 0 0 0 0 0 0 0 0 0 1.4013e-45 0 2.8026e-45 0 5.60519e-45 0 1.26117e-44 0 2.52234e-44 0 5.1848e-44 0 1.03696e-43 0 1.97583e-43 0 3.74147e-43 0 6.76827e-43 0 1.21493e-42 0 2.16641e-42 0 3.69663e-42 0 6.27642e-42 0
18.3733 4.03385e-05 1.31634e-05 2.7175e-05 0.673676 0.672852 0 0 0 0 0 0 0 0 0 0 0 0 0 0 0 0 0 0 0 0 0 0 0 0 0 0 0 0 0 0 0 0 0 0 0 0 0 0 0 0 0 0 1.4013e-45 0 2.8026e-45 0 7.00649e-45 0 1.82169e-44 0 4.34403e-44 0 1.03696e-43 0 2.31214e-43 0 4.89053e-43 0 1.06639e-42 0 2.12157e-42 0 4.18147e-42 0 8.17097e-42 0 1.58291e-41 0 2.92675e-41 0 5.37244e-41 0 9.4327e-41 0 1.64591e-40 0 2.85447e-40 0 4.74631e-40 0 7.85146e-40 0
19.3164 4.04881e-05 1.32319e-05 2.72562e-05 0.673191 0.669685 0 0 0 0 0 0 0 0 0 0 0 0 0 0 0 0 0 0 0 0 0 0 0 0 0 0 0 0 0 0 0 0 0 0 1.4013e-45 0 7.00649e-45 0 2.10195e-44 0 6.44597e-44 0 1.79366e-43 0 4.90454e-43 0 1.20652e-42 0 2.92311e-42 0 6.97847e-42 0 1.57688e-41 0 3.38077e-41 0 6.89117e-41 0 1.4458e-40 0 2.78019e-40 0 5.30108e-40 0 1.00243e-39 0 1.88021e-39 0 3.37383e-39 0 6.01207e-39 0 1.02696e-38 0 1.74388e-38 0 2.94418e-38 0 4.77543e-38 0 7.70786e-38 0
20.3079 4.0665e-05 1.33048e-05 2.73602e-05 0.67282 0.666238 0 0 0 0 0 0 0 0 0 0 0 0 0 0 0 0 0 0 0 0 0 0 0 0 0 0 1.4013e-45 0 5.60519e-45 0 2.38221e-44 0 9.52883e-44 0 3.47522e-43 0 1.12244e-42 0 3.37713e-42 0 9.9324e-42 0 2.62743e-41 0 6.8246e-41 0 1.60638e-40 0 3.72708e-40 0 8.52687e-40 0 1.85168e-39 0 3.82492e-39 0 7.53021e-39 0 1.52372e-38 0 2.83797e-38 0 5.24341e-38 0 9.61154e-38 0 1.74828e-37 0 3.04881e-37 0 5.28178e-37 0 8.78932e-37 0 1.45443e-36 0 2.39351e-36 0 3.79165e-36 0 5.97858e-36 0
21.3503 4.08335e-05 1.32783e-05 2.75552e-05 0.674819 0.660764 0 0 0 0 0 0 0 0 0 0 0 0 0 0 0 0 0 0 0 0 1.4013e-45 0 5.60519e-45 0 3.92364e-44 0 2.11596e-43 0 9.65495e-43 0 3.84797e-42 0 1.41601e-41 0 4.83098e-41 0 1.47097e-40 0 4.194e-40 0 1.17005e-39 0 2.95151e-39 0 7.31733e-39 0 1.65187e-38 0 3.67831e-38 0 8.08204e-38 0 1.68987e-37 0 3.36921e-37 0 6.41727e-37 0 1.2546e-36 0 2.26683e-36 0 4.06451e-36 0 7.23331e-36 0 1.27782e-35 0 2.16869e-35 0 3.6576e-35 0 5.93706e-35 0 9.58584e-35 0 1.53961e-34 0 2.38477e-34 0 3.67757e-34 0
22.4463 4.0997e-05 1.33278e-05 2.76692e-05 0.674908 0.656499 0 0 0 0 0 0 0 0 0 0 0 0 0 0 0 0 1.4013e-45 0 1.68156e-44 0 1.49939e-43 0 1.04397e-42 0 6.01998e-42 0 2.98995e-41 0 1.2654e-40 0 4.71648e-40 0 1.62863e-39 0 5.23324e-39 0 1.50914e-38 0 4.08825e-38 0 1.08482e-37 0 2.61564e-37 0 6.20348e-37 0 1.34584e-36 0 2.88198e-36 0 6.09357e-36 0 1.22904e-35 0 2.36923e-35 0 4.37288e-35 0 8.27383e-35 0 1.45237e-34 0 2.53096e-34 0 4.37918e-34 0 7.52416e-34 0 1.24443e-33 0 2.04591e-33 0 3.24332e-33 0 5.11553e-33 0 8.02829e-33 0 1.21726e-32 0 1.83786e-32 0
23.5984 4.11461e-05 1.33205e-05 2.78256e-05 0.676263 0.650874 0 0 0 0 0 0 0 0 0 0 0 0 1.4013e-45 0 1.68156e-44 0 2.60642e-43 0 2.69189e-42 0 2.12115e-41 0 1.34165e-40 0 7.10174e-40 0 3.26209e-39 0 1.28665e-38 0 4.49731e-38 0 1.46178e-37 0 4.43688e-37 0 1.21501e-36 0 3.13513e-36 0 7.93204e-36 0 1.83207e-35 0 4.1657e-35 0 8.70207e-35 0 1.79546e-34 0 3.65999e-34 0 7.1334e-34 0 1.33175e-33 0 2.38554e-33 0 4.37527e-33 0 7.47212e-33 0 1.26729e-32 0 2.1348e-32 0 3.57229e-32 0 5.76487e-32 0 9.25046e-32 0 1.43383e-31 0 2.21175e-31 0 3.39557e-31 0 5.04482e-31 0 7.46516e-31 0
24.8097 4.13155e-05 1.33459e-05 2.79696e-05 0.676976 0.645807 0 0 0 0 0 0 0 0 0 0 2.8026e-45 0 1.30321e-43 0 2.68209e-42 0 3.55369e-41 0 3.27069e-40 0 2.3304e-39 0 1.34702e-38 0 6.57303e-38 0 2.80265e-37 0 1.0338e-36 0 3.39933e-36 0 1.0431e-35 0 2.99903e-35 0 7.81849e-35 0 1.92619e-34 0 4.65742e-34 0 1.03265e-33 0 2.2557e-33 0 4.54564e-33 0 9.05293e-33 0 1.78235e-32 0 3.36248e-32 0 6.08903e-32 0 1.06011e-31 0 1.88759e-31 0 3.1405e-31 0 5.19074e-31 0 8.52419e-31 0 1.391e-30 0 2.19291e-30 0 3.43849e-30 0 5.21686e-30 0 7.87874e-30 0 1.18452e-29 0 1.72616e-29 0 2.50591e-29 0
26.0832 4.14897e-05 1.33858e-05 2.81039e-05 0.67737 0.640631 0 0 0 0 0 0 0 0 7.00649e-45 0 5.61921e-43 0 1.81496e-41 0 3.22443e-40 0 3.7653e-39 0 3.10948e-38 0 2.013e-37 0 1.06803e-36 0 4.82355e-36 0 1.91611e-35 0 6.63147e-35 0 2.05745e-34 0 5.97706e-34 0 1.6321e-33 0 4.06043e-33 0 9.5726e-33 0 2.21695e-32 0 4.72802e-32 0 9.94121e-32 0 1.93596e-31 0 3.72805e-31 0 7.10103e-31 0 1.29876e-30 0 2.28469e-30 0 3.87145e-30 0 6.70188e-30 0 1.08766e-29 0 1.75415e-29 0 2.81173e-29 0 4.47985e-29 0 6.90727e-29 0 1.05954e-28 0 1.57514e-28 0 2.33144e-28 0 3.43608e-28 0 4.91607e-28 0 7.00807e-28 0
27.4221 4.16294e-05 1.33911e-05 2.82383e-05 0.678325 0.634338 0 0 0 0 0 0 4.2039e-45 0 1.10142e-42 0 7.1916e-41 0 1.95815e-39 0 3.02299e-38 0 3.13091e-37 0 2.33234e-36 0 1.3783e-35 0 6.74062e-35 0 2.82822e-34 0 1.05031e-33 0 3.42124e-33 0 1.00437e-32 0 2.76974e-32 0 7.20112e-32 0 1.71356e-31 0 3.8741e-31 0 8.61171e-31 0 1.76992e-30 0 3.58885e-30 0 6.76518e-30 0 1.26174e-29 0 2.32888e-29 0 4.13574e-29 0 7.07741e-29 0 1.1688e-28 0 1.96982e-28 0 3.12215e-28 0 4.9192e-28 0 7.70543e-28 0 1.20008e-27 0 1.81164e-27 0 2.7215e-27 0 3.96829e-27 0 5.76227e-27 0 8.33316e-27 0 1.17157e-26 0 1.64147e-26 0
28.8297 4.18093e-05 1.34246e-05 2.83847e-05 0.678909 0.628432 0 0 0 0 0 0 6.93643e-43 0 1.34925e-40 0 7.18185e-39 0 1.66414e-37 0 2.24775e-36 0 2.0769e-35 0 1.40267e-34 0 7.60042e-34 0 3.43982e-33 0 1.34568e-32 0 4.68735e-32 0 1.44129e-31 0 4.01445e-31 0 1.05357e-30 0 2.61435e-30 0 5.96321e-30 0 1.29555e-29 0 2.76972e-29 0 5.49572e-29 0 1.07656e-28 0 1.96752e-28 0 3.55955e-28 0 6.37639e-28 0 1.10104e-27 0 1.83541e-27 0 2.95774e-27 0 4.85937e-27 0 7.53082e-27 0 1.16049e-26 0 1.7784e-26 0 2.71048e-26 0 4.01029e-26 0 5.90587e-26 0 8.45438e-26 0 1.20549e-25 0 1.71221e-25 0 2.36752e-25 0 3.2629e-25 0
30.3095 4.19991e-05 1.34514e-05 2.85477e-05 0.679721 0.622344 0 0 0 0 5.32493e-44 0 8.57441e-41 0 1.2903e-38 0 5.65658e-37 0 1.12426e-35 0 1.33729e-34 0 1.10852e-33 0 6.82e-33 0 3.40278e-32 0 1.4306e-31 0 5.23602e-31 0 1.71603e-30 0 4.99495e-30 0 1.32338e-29 0 3.31332e-29 0 7.8649e-29 0 1.72316e-28 0 3.60452e-28 0 7.42536e-28 0 1.42488e-27 0 2.70105e-27 0 4.79322e-27 0 8.42427e-27 0 1.46673e-26 0 2.46603e-26 0 4.00951e-26 0 6.3125e-26 0 1.01226e-25 0 1.53556e-25 0 2.31685e-25 0 3.47722e-25 0 5.19176e-25 0 7.53594e-25 0 1.08903e-24 0 1.5319e-24 0 2.14678e-24 0 2.99738e-24 0 4.07949e-24 0 5.53497e-24 0
31.8653 4.21496e-05 1.34971e-05 2.86525e-05 0.679781 0.615811 0 0 0 0 7.41287e-42 0 8.29385e-39 0 9.77074e-37 0 3.56147e-35 0 6.11719e-34 0 6.44776e-33 0 4.82038e-32 0 2.71392e-31 0 1.25189e-30 0 4.90682e-30 0 1.68566e-29 0 5.21343e-29 0 1.44038e-28 0 3.6389e-28 0 8.71139e-28 0 1.98238e-27 0 4.18012e-27 0 8.43455e-27 0 1.67729e-26 0 3.11779e-26 0 5.7285e-26 0 9.88494e-26 0 1.69014e-25 0 2.86407e-25 0 4.69475e-25 0 7.45418e-25 0 1.14785e-24 0 1.79872e-24 0 2.67363e-24 0 3.95377e-24 0 5.8175e-24 0 8.51765e-24 0 1.21406e-23 0 1.7232e-23 0 2.38392e-23 0 3.2862e-23 0 4.51409e-23 0 6.052e-23 0 8.08982e-23 0
33.5009 4.22906e-05 1.35418e-05 2.87489e-05 0.679793 0.60843 0 0 4.2039e-45 0 7.98363e-40 0 6.33999e-37 0 5.91749e-35 0 1.80964e-33 0 2.70533e-32 0 2.54177e-31 0 1.72248e-30 0 8.91305e-30 0 3.81572e-29 0 1.39909e-28 0 4.52532e-28 0 1.32453e-27 0 3.48229e-27 0 8.4083e-27 0 1.92892e-26 0 4.21677e-26 0 8.57357e-26 0 1.67167e-25 0 3.21454e-25 0 5.79714e-25 0 1.03397e-24 0 1.7373e-24 0 2.89366e-24 0 4.77888e-24 0 7.64673e-24 0 1.18703e-23 0 1.78975e-23 0 2.74376e-23 0 4.00018e-23 0 5.80354e-23 0 8.37972e-23 0 1.20428e-22 0 1.68708e-22 0 2.35398e-22 0 3.20536e-22 0 4.34984e-22 0 5.88326e-22 0 7.77553e-22 0 1.02475e-21 0
35.2205 4.25012e-05 1.36016e-05 2.88996e-05 0.679972 0.601242 0 0 6.38992e-43 0 6.76724e-38 0 3.87896e-35 0 2.9012e-33 0 7.50768e-32 0 9.83523e-31 0 8.28322e-30 0 5.11261e-29 0 2.44153e-28 0 9.73592e-28 0 3.3504e-27 0 1.02331e-26 0 2.84216e-26 0 7.12781e-26 0 1.64857e-25 0 3.63168e-25 0 7.64168e-25 0 1.5008e-24 0 2.8324e-24 0 5.27544e-24 0 9.24377e-24 0 1.60278e-23 0 2.62565e-23 0 4.26573e-23 0 6.87438e-23 0 1.07502e-22 0 1.63334e-22 0 2.4138e-22 0 3.62406e-22 0 5.18721e-22 0 7.39022e-22 0 1.0481e-21 0 1.47984e-21 0 2.03926e-21 0 2.79947e-21 0 3.75495e-21 0 5.02027e-21 0 6.69066e-21 0 8.72303e-21 0 1.13423e-20 0
37.0284 4.27364e-05 1.36719e-05 2.90644e-05 0.680086 0.594427 0 0 7.58915e-41 0 4.56658e-36 0 1.91966e-33 0 1.16305e-31 0 2.56768e-30 0 2.96667e-29 0 2.25165e-28 0 1.2716e-27 0 5.62624e-27 0 2.09703e-26 0 6.79391e-26 0 1.96497e-25 0 5.19202e-25 0 1.24494e-24 0 2.76388e-24 0 5.85832e-24 0 1.18872e-23 0 2.25893e-23 0 4.13301e-23 0 7.46763e-23 0 1.27315e-22 0 2.149e-22 0 3.43663e-22 0 5.45253e-22 0 8.5846e-22 0 1.31348e-21 0 1.95529e-21 0 2.83502e-21 0 4.17285e-21 0 5.86905e-21 0 8.21837e-21 0 1.14584e-20 0 1.59081e-20 0 2.15813e-20 0 2.91719e-20 0 3.85714e-20 0 5.0843e-20 0 6.68162e-20 0 8.59916e-20 0 1.10388e-19 0
38.9291 4.2929e-05 1.37618e-05 2.91672e-05 0.67943 0.587171 8.68805e-44 0 7.06024e-39 0 2.48237e-34 0 7.76968e-32 0 3.8526e-30 0 7.31274e-29 0 7.4976e-28 0 5.1544e-27 0 2.67498e-26 0 1.10066e-25 0 3.84717e-25 0 1.17688e-24 0 3.23183e-24 0 8.14377e-24 0 1.87108e-23 0 3.99534e-23 0 8.16354e-23 0 1.60023e-22 0 2.94708e-22 0 5.23534e-22 0 9.19005e-22 0 1.52652e-21 0 2.51165e-21 0 3.92554e-21 0 6.08945e-21 0 9.37725e-21 0 1.40527e-20 0 2.0517e-20 0 2.92132e-20 0 4.21949e-20 0 5.83664e-20 0 8.03974e-20 0 1.10289e-19 0 1.50685e-19 0 2.01402e-19 0 2.68261e-19 0 3.49895e-19 0 4.55035e-19 0 5.9007e-19 0 7.50115e-19 0 9.51256e-19 0
40.9273 4.30514e-05 1.38173e-05 2.92341e-05 0.679051 0.577743 1.10254e-41 0 5.1888e-37 0 1.09435e-32 0 2.58733e-30 0 1.0603e-28 0 1.74318e-27 0 1.59526e-26 0 9.9818e-26 0 4.78008e-25 0 1.83558e-24 0 6.03569e-24 0 1.74827e-23 0 4.56989e-23 0 1.10074e-22 0 2.42837e-22 0 4.99677e-22 0 9.85969e-22 0 1.87023e-21 0 3.34315e-21 0 5.77464e-21 0 9.86205e-21 0 1.59806e-20 0 2.56619e-20 0 3.92429e-20 0 5.9584e-20 0 8.98407e-20 0 1.32002e-19 0 1.89195e-19 0 2.64778e-19 0 3.75636e-19 0 5.11434e-19 0 6.93551e-19 0 9.36842e-19 0 1.26063e-18 0 1.66122e-18 0 2.18195e-18 0 2.80925e-18 0 3.60684e-18 0 4.61822e-18 0 5.80244e-18 0 7.27349e-18 0
43.0281 4.31998e-05 1.38392e-05 2.93606e-05 0.679646 0.566595 1.09497e-39 0 3.0473e-35 0 3.95263e-31 0 7.15628e-29 0 2.44642e-27 0 3.50816e-26 0 2.88154e-25 0 1.64862e-24 0 7.31365e-24 0 2.62992e-23 0 8.15937e-23 0 2.24382e-22 0 5.59642e-22 0 1.29137e-21 0 2.74096e-21 0 5.44473e-21 0 1.0393e-20 0 1.91071e-20 0 3.32002e-20 0 5.58368e-20 0 9.28996e-20 0 1.47029e-19 0 2.30705e-19 0 3.4556e-19 0 5.14087e-19 0 7.59753e-19 0 1.09552e-18 0 1.54283e-18 0 2.12404e-18 0 2.96232e-18 0 3.97294e-18 0 5.30813e-18 0 7.06568e-18 0 9.37086e-18 0 1.21834e-17 0 1.57908e-17 0 2.00813e-17 0 2.547e-17 0 3.22208e-17 0 4.00343e-17 0 4.96333e-17 0
45.2368 4.34516e-05 1.3907e-05 2.95446e-05 0.679943 0.556243 8.61085e-38 0 1.45398e-33 0 1.18773e-29 0 1.66834e-27 0 4.8e-26 0 6.04396e-25 0 4.47934e-24 0 2.35356e-23 0 9.70847e-23 0 3.27961e-22 0 9.62784e-22 0 2.52005e-21 0 6.01109e-21 0 1.33157e-20 0 2.72431e-20 0 5.23333e-20 0 9.67905e-20 0 1.72734e-19 0 2.92151e-19 0 4.79031e-19 0 7.77432e-19 0 1.20314e-18 0 1.8468e-18 0 2.71217e-18 0 3.95738e-18 0 5.73801e-18 0 8.12735e-18 0 1.1256e-17 0 1.52564e-17 0 2.09348e-17 0 2.76773e-17 0 3.64594e-17 0 4.78583e-17 0 6.26031e-17 0 8.03564e-17 0 1.02839e-16 0 1.29255e-16 0 1.62048e-16 0 2.02659e-16 0 2.49148e-16 0 3.05662e-16 0
47.5588 4.37562e-05 1.40061e-05 2.975e-05 0.679905 0.547181 5.41876e-36 0 5.68864e-32 0 2.99337e-28 0 3.30274e-26 0 8.06488e-25 0 8.97362e-24 0 6.03099e-23 0 2.92228e-22 0 1.12486e-21 0 3.58063e-21 0 9.9731e-21 0 2.49062e-20 0 5.69401e-20 0 1.21329e-19 0 2.39706e-19 0 4.46023e-19 0 8.00522e-19 0 1.38879e-18 0 2.28941e-18 0 3.66433e-18 0 5.80798e-18 0 8.79875e-18 0 1.32262e-17 0 1.90628e-17 0 2.73064e-17 0 3.88813e-17 0 5.41435e-17 0 7.38036e-17 0 9.8559e-17 0 1.33169e-16 0 1.73675e-16 0 2.25726e-16 0 2.92388e-16 0 3.77488e-16 0 4.78668e-16 0 6.05257e-16 0 7.52286e-16 0 9.32793e-16 0 1.15389e-15 0 1.40436e-15 0 1.70579e-15 0
50 4.40167e-05 1.41414e-05 2.98753e-05 0.678726 0.538561 2.75966e-34 0 1.84347e-30 0 6.38422e-27 0 5.59871e-25 0 1.16965e-23 0 1.15702e-22 0 7.08537e-22 0 3.17859e-21 0 1.1456e-20 0 3.4462e-20 0 9.13043e-20 0 2.18053e-19 0 4.78784e-19 0 9.83207e-19 0 1.87898e-18 0 3.39182e-18 0 5.91625e-18 0 9.99145e-18 0 1.60737e-17 0 2.51428e-17 0 3.89653e-17 0 5.78451e-17 0 8.52391e-17 0 1.20681e-16 0 1.69862e-16 0 2.37727e-16 0 3.25734e-16 0 4.37347e-16 0 5.75854e-16 0 7.6672e-16 0 9.87054e-16 0 1.26656e-15 0 1.62001e-15 0 2.06559e-15 0 2.58905e-15 0 3.23646e-15 0 3.98018e-15 0 4.88365e-15 0 5.9788e-15 0 7.20711e-15 0 8.67136e-15 0
52.5665 4.41482e-05 1.42351e-05 2.9913e-05 0.67756 0.527455 1.14307e-32 0 4.9672e-29 0 1.1555e-25 0 8.1449e-24 0 1.46693e-22 0 1.29747e-21 0 7.27268e-21 0 3.03207e-20 0 1.02648e-19 0 2.92622e-19 0 7.3926e-19 0 1.69204e-18 0 3.57527e-18 0 7.08854e-18 0 1.3125e-17 0 2.30191e-17 0 3.90755e-17 0 6.43243e-17 0 1.01107e-16 0 1.54736e-16 0 2.34729e-16 0 3.41804e-16 0 4.9423e-16 0 6.87948e-16 0 9.52284e-16 0 1.31106e-15 0 1.769e-15 0 2.34122e-15 0 3.04155e-15 0 3.99346e-15 0 5.07805e-15 0 6.43716e-15 0 8.13519e-15 0 1.02504e-14 0 1.27072e-14 0 1.57125e-14 0 1.9129e-14 0 2.32379e-14 0 2.81693e-14 0 3.36482e-14 0 4.01204e-14 0
55.2648 4.41781e-05 1.4263e-05 2.99152e-05 0.677149 0.512147 3.88269e-31 0 1.12085e-27 0 1.7858e-24 0 1.02262e-22 0 1.59934e-21 0 1.27176e-20 0 6.55321e-20 0 2.54816e-19 0 8.12794e-19 0 2.20152e-18 0 5.31572e-18 0 1.16847e-17 0 2.38042e-17 0 4.56445e-17 0 8.20104e-17 0 1.39941e-16 0 2.31495e-16 0 3.71914e-16 0 5.7182e-16 0 8.57131e-16 0 1.27405e-15 0 1.82149e-15 0 2.58679e-15 0 3.54303e-15 0 4.82715e-15 0 6.54283e-15 0 8.70001e-15 0 1.13577e-14 0 1.45678e-14 0 1.88745e-14 0 2.37208e-14 0 2.97234e-14 0 3.71371e-14 0 4.62681e-14 0 5.67586e-14 0 6.94589e-14 0 8.37534e-14 0 1.00782e-13 0 1.21026e-13 0 1.43317e-13 0 1.69422e-13 0
58.1015 4.42379e-05 1.42432e-05 2.99947e-05 0.678032 0.493259 1.09326e-29 0 2.13889e-26 0 2.37753e-23 0 1.11733e-21 0 1.52791e-20 0 1.098e-19 0 5.22257e-19 0 1.90047e-18 0 5.72822e-18 0 1.47786e-17 0 3.41808e-17 0 7.22996e-17 0 1.42261e-16 0 2.6425e-16 0 4.61392e-16 0 7.67035e-16 0 1.23805e-15 0 1.94351e-15 0 2.92606e-15 0 4.3002e-15 0 6.26935e-15 0 8.80815e-15 0 1.22965e-14 0 1.65853e-14 0 2.22578e-14 0 2.97241e-14 0 3.89781e-14 0 5.02274e-14 0 6.36452e-14 0 8.14245e-14 0 1.01196e-13 0 1.25415e-13 0 1.55001e-13 0 1.9105e-13 0 2.32041e-13 0 2.81177e-13 0 3.35959e-13 0 4.00627e-13 0 4.76823e-13 0 5.60002e-13 0 6.56622e-13 0
61.0839 4.44625e-05 1.42873e-05 3.01752e-05 0.678667 0.474194 2.59508e-28 0 3.50682e-25 0 2.7678e-22 0 1.07784e-20 0 1.29721e-19 0 8.46633e-19 0 3.73173e-18 0 1.27497e-17 0 3.64135e-17 0 8.96974e-17 0 1.99136e-16 0 4.06086e-16 0 7.73063e-16 0 1.3932e-15 0 2.36729e-15 0 3.83901e-15 0 6.05329e-15 0 9.2956e-15 0 1.37182e-14 0 1.97851e-14 0 2.83191e-14 0 3.9132e-14 0 5.37468e-14 0 7.14418e-14 0 9.4509e-14 0 1.24442e-13 0 1.61039e-13 0 2.04962e-13 0 2.56732e-13 0 3.24522e-13 0 3.99064e-13 0 4.89416e-13 0 5.98653e-13 0 7.30388e-13 0 8.78718e-13 0 1.05485e-12 0 1.24946e-12 0 1.47722e-12 0 1.74329e-12 0 2.03139e-12 0 2.36343e-12 0
64.2193 4.48363e-05 1.4336e-05 3.05003e-05 0.680258 0.45637 5.21577e-27 0 4.95707e-24 0 2.82483e-21 0 9.19943e-20 0 9.8054e-19 0 5.83947e-18 0 2.39406e-17 0 7.70321e-17 0 2.09018e-16 0 4.92704e-16 0 1.05207e-15 0 2.07206e-15 0 3.82251e-15 0 6.6936e-15 0 1.1083e-14 0 1.75538e-14 0 2.707e-14 0 4.07079e-14 0 5.89449e-14 0 8.3507e-14 0 1.17452e-13 0 1.59755e-13 0 2.16046e-13 0 2.83212e-13 0 3.69572e-13 0 4.80129e-13 0 6.13558e-13 0 7.71766e-13 0 9.56126e-13 0 1.19485e-12 0 1.45454e-12 0 1.76618e-12 0 2.13923e-12 0 2.58476e-12 0 3.08173e-12 0 3.6666e-12 0 4.30729e-12 0 5.05098e-12 0 5.91274e-12 0 6.83862e-12 0 7.89786e-12 0
67.5157 4.5283e-05 1.44863e-05 3.07966e-05 0.680093 0.441945 9.00898e-26 0 6.12616e-23 0 2.56099e-20 0 7.03586e-19 0 6.68106e-18 0 3.64686e-17 0 1.39561e-16 0 4.24151e-16 0 1.09614e-15 0 2.47791e-15 0 5.09869e-15 0 9.71507e-15 0 1.73943e-14 0 2.96373e-14 0 4.78788e-14 0 7.41494e-14 0 1.11954e-13 0 1.65036e-13 0 2.34691e-13 0 3.2688e-13 0 4.52159e-13 0 6.05849e-13 0 8.07338e-13 0 1.04443e-12 0 1.34532e-12 0 1.72558e-12 0 2.17888e-12 0 2.71018e-12 0 3.32266e-12 0 4.1073e-12 0 4.95222e-12 0 5.95651e-12 0 7.14748e-12 0 8.55663e-12 0 1.01146e-11 0 1.19325e-11 0 1.39078e-11 0 1.61828e-11 0 1.87986e-11 0 2.15884e-11 0 2.47576e-11 0
70.9813 4.56639e-05 1.46883e-05 3.09755e-05 0.678338 0.429608 1.34282e-24 0 6.64105e-22 0 2.06765e-19 0 4.83208e-18 0 4.11088e-17 0 2.06549e-16 0 7.40304e-16 0 2.13106e-15 0 5.25787e-15 0 1.14218e-14 0 2.26886e-14 0 4.18914e-14 0 7.29013e-14 0 1.21023e-13 0 1.90986e-13 0 2.89528e-13 0 4.28437e-13 0 6.19723e-13 0 8.66263e-13 0 1.18718e-12 0 1.61637e-12 0 2.13505e-12 0 2.80551e-12 0 3.58407e-12 0 4.55987e-12 0 5.77809e-12 0 7.21334e-12 0 8.87718e-12 0 1.07756e-11 0 1.31831e-11 0 1.57505e-11 0 1.87746e-11 0 2.23289e-11 0 2.64973e-11 0 3.10671e-11 0 3.63563e-11 0 4.2059e-11 0 4.85781e-11 0 5.60191e-11 0 6.38995e-11 0 7.27913e-11 0
74.6248 4.58059e-05 1.48289e-05 3.0977e-05 0.676267 0.415892 1.72657e-23 0 6.30755e-21 0 1.48379e-18 0 2.97306e-17 0 2.27829e-16 0 1.05795e-15 0 3.56276e-15 0 9.73986e-15 0 2.29941e-14 0 4.80942e-14 0 9.23871e-14 0 1.65549e-13 0 2.80407e-13 0 4.54123e-13 0 7.00864e-13 0 1.04112e-12 0 1.51143e-12 0 2.14719e-12 0 2.95272e-12 0 3.98479e-12 0 5.34424e-12 0 6.96391e-12 0 9.02954e-12 0 1.13982e-11 0 1.4332e-11 0 1.79522e-11 0 2.21701e-11 0 2.70087e-11 0 3.2476e-11 0 3.93425e-11 0 4.65978e-11 0 5.50704e-11 0 6.49439e-11 0 7.64264e-11 0 8.89138e-11 0 1.03256e-10 0 1.18605e-10 0 1.36028e-10 0 1.55777e-10 0 1.76552e-10 0 1.99845e-10 0
78.4553 4.56851e-05 1.48791e-05 3.0806e-05 0.674312 0.397627 1.92496e-22 0 5.27201e-20 0 9.49951e-18 0 1.64427e-16 0 1.14077e-15 0 4.91469e-15 0 1.5598e-14 0 4.05987e-14 0 9.19098e-14 0 1.85434e-13 0 3.45038e-13 0 6.00916e-13 0 9.9198e-13 0 1.56915e-12 0 2.37095e-12 0 3.45462e-12 0 4.92472e-12 0 6.87734e-12 0 9.31143e-12 0 1.23835e-11 0 1.63719e-11 0 2.10598e-11 0 2.69624e-11 0 3.36505e-11 0 4.18413e-11 0 5.1837e-11 0 6.33598e-11 0 7.64478e-11 0 9.10991e-11 0 1.09332e-10 0 1.28429e-10 0 1.50547e-10 0 1.76115e-10 0 2.05612e-10 0 2.37446e-10 0 2.73741e-10 0 3.12313e-10 0 3.55803e-10 0 4.04771e-10 0 4.55958e-10 0 5.12999e-10 0
82.4824 4.53443e-05 1.48316e-05 3.05127e-05 0.672911 0.371801 1.87256e-21 0 3.89924e-19 0 5.4522e-17 0 8.21081e-16 0 5.18249e-15 0 2.07906e-14 0 6.23668e-14 0 1.54922e-13 0 3.37005e-13 0 6.57025e-13 0 1.18602e-12 0 2.01036e-12 0 3.23844e-12 0 5.00925e-12 0 7.41788e-12 0 1.06114e-11 0 1.48675e-11 0 2.04266e-11 0 2.725e-11 0 3.57395e-11 0 4.66106e-11 0 5.92242e-11 0 7.49143e-11 0 9.24909e-11 0 1.13787e-10 0 1.39504e-10 0 1.68851e-10 0 2.01871e-10 0 2.38509e-10 0 2.83706e-10 0 3.30651e-10 0 3.84602e-10 0 4.46487e-10 0 5.17342e-10 0 5.93256e-10 0 6.79204e-10 0 7.69937e-10 0 8.71587e-10 0 9.85318e-10 0 1.10349e-09 0 1.23441e-09 0
86.7162 4.49608e-05 1.47489e-05 3.02119e-05 0.67196 0.337489 1.60619e-20 0 2.57716e-18 0 2.83124e-16 0 3.73495e-15 0 2.15462e-14 0 8.07688e-14 0 2.29634e-13 0 5.45634e-13 0 1.14274e-12 0 2.15643e-12 0 3.782e-12 0 6.24763e-12 0 9.83255e-12 0 1.48886e-11 0 2.1629e-11 0 3.04046e-11 0 4.19037e-11 0 5.66858e-11 0 7.45648e-11 0 9.65083e-11 0 1.24242e-10 0 1.56029e-10 0 1.95114e-10 0 2.38426e-10 0 2.90372e-10 0 3.52474e-10 0 4.22664e-10 0 5.00931e-10 0 5.87047e-10 0 6.92401e-10 0 8.00963e-10 0 9.24801e-10 0 1.06581e-09 0 1.22611e-09 0 1.39665e-09 0 1.58847e-09 0 1.78968e-09 0 2.01373e-09 0 2.2629e-09 0 2.52031e-09 0 2.80395e-09 0
91.1674 4.47052e-05 1.45943e-05 3.01109e-05 0.673543 0.294882 1.21904e-19 0 1.52647e-17 0 1.33315e-15 0 1.55057e-14 0 8.2114e-14 0 2.88583e-13 0 7.79665e-13 0 1.77591e-12 0 3.5875e-12 0 6.56321e-12 0 1.11993e-11 0 1.80526e-11 0 2.77891e-11 0 4.1235e-11 0 5.88206e-11 0 8.13226e-11 0 1.10337e-10 0 1.47075e-10 0 1.9089e-10 0 2.43975e-10 0 3.10237e-10 0 3.85301e-10 0 4.76587e-10 0 5.76709e-10 0 6.95629e-10 0 8.36451e-10 0 9.94165e-10 0 1.16853e-09 0 1.35884e-09 0 1.58984e-09 0 1.82609e-09 0 2.09367e-09 0 2.39625e-09 0 2.73784e-09 0 3.0989e-09 0 3.50242e-09 0 3.92316e-09 0 4.38895e-09 0 4.90402e-09 0 5.43321e-09 0 6.01327e-09 0
95.847 4.47476e-05 1.45357e-05 3.02119e-05 0.675163 0.248109 8.32829e-19 0 8.23775e-17 0 5.78396e-15 0 5.96772e-14 0 2.91333e-13 0 9.62926e-13 0 2.47831e-12 0 5.42268e-12 0 1.05846e-11 0 1.88015e-11 0 3.12561e-11 0 4.92222e-11 0 7.41907e-11 0 1.07987e-10 0 1.51392e-10 0 2.06024e-10 0 2.75397e-10 0 3.61976e-10 0 4.63871e-10 0 5.85808e-10 0 7.36223e-10 0 9.04734e-10 0 1.10753e-09 0 1.32778e-09 0 1.58698e-09 0 1.89115e-09 0 2.22885e-09 0 2.59917e-09 0 3.00031e-09 0 3.48355e-09 0 3.97421e-09 0 4.52625e-09 0 5.14637e-09 0 5.84185e-09 0 6.57239e-09 0 7.38394e-09 0 8.22527e-09 0 9.15158e-09 0 1.01703e-08 0 1.12116e-08 0 1.23472e-08 0
100.767 4.50893e-05 1.4535e-05 3.05543e-05 0.67764 0.199773 5.13672e-18 0 4.05997e-16 0 2.31627e-14 0 2.13248e-13 0 9.6349e-13 0 3.00401e-12 0 7.38274e-12 0 1.5548e-11 0 2.93733e-11 0 5.07326e-11 0 8.2272e-11 0 1.26721e-10 0 1.87214e-10 0 2.67548e-10 0 3.68951e-10 0 4.94594e-10 0 6.51833e-10 0 8.45398e-10 0 1.07033e-09 0 1.33638e-09 0 1.66088e-09 0 2.02059e-09 0 2.4492e-09 0 2.91037e-09 0 3.44836e-09 0 4.07426e-09 0 4.76344e-09 0 5.51334e-09 0 6.3198e-09 0 7.28438e-09 0 8.25709e-09 0 9.34453e-09 0 1.05584e-08 0 1.19113e-08 0 1.3324e-08 0 1.48843e-08 0 1.64931e-08 0 1.82552e-08 0 2.0183e-08 0 2.21438e-08 0 2.42722e-08 0
105.939 4.56831e-05 1.46188e-05 3.10643e-05 0.679995 0.152896 2.8804e-17 0 1.8392e-15 0 8.61286e-14 0 7.11496e-13 0 2.98646e-12 0 8.80842e-12 0 2.0718e-11 0 4.20738e-11 0 7.70552e-11 0 1.29583e-10 0 2.0524e-10 0 3.09528e-10 0 4.48656e-10 0 6.30095e-10 0 8.5538e-10 0 1.13038e-09 0 1.4698e-09 0 1.88222e-09 0 2.35573e-09 0 2.90957e-09 0 3.57789e-09 0 4.31133e-09 0 5.17699e-09 0 6.10021e-09 0 7.16824e-09 0 8.40062e-09 0 9.74696e-09 0 1.12012e-08 0 1.27543e-08 0 1.45994e-08 0 1.64479e-08 0 1.8502e-08 0 2.07811e-08 0 2.33063e-08 0 2.59281e-08 0 2.88084e-08 0 3.17627e-08 0 3.49823e-08 0 3.84875e-08 0 4.20357e-08 0 4.58701e-08 0
111.377 4.64656e-05 1.48435e-05 3.16221e-05 0.680548 0.110144 1.48114e-16 0 7.72035e-15 0 2.99636e-13 0 2.23278e-12 0 8.73804e-12 0 2.44467e-11 0 5.51487e-11 0 1.08188e-10 0 1.9237e-10 0 3.154e-10 0 4.88455e-10 0 7.22023e-10 0 1.02776e-09 0 1.41966e-09 0 1.8987e-09 0 2.47521e-09 0 3.17744e-09 0 4.02017e-09 0 4.97671e-09 0 6.0837e-09 0 7.40597e-09 0 8.84326e-09 0 1.05244e-08 0 1.23023e-08 0 1.43428e-08 0 1.66789e-08 0 1.92121e-08 0 2.1929e-08 0 2.48119e-08 0 2.82145e-08 0 3.16025e-08 0 3.53454e-08 0 3.94748e-08 0 4.40244e-08 0 4.87226e-08 0 5.38574e-08 0 5.9098e-08 0 6.47823e-08 0 7.0942e-08 0 7.71494e-08 0 8.38287e-08 0
117.094 4.72502e-05 1.51272e-05 3.21229e-05 0.679848 0.0714401 6.97654e-16 0 2.99811e-14 0 9.73251e-13 0 6.57492e-12 0 2.40728e-11 0 6.40498e-11 0 1.38862e-10 0 2.63594e-10 0 4.55714e-10 0 7.29345e-10 0 1.10566e-09 0 1.60347e-09 0 2.24345e-09 0 3.05041e-09 0 4.02221e-09 0 5.17603e-09 0 6.56398e-09 0 8.21006e-09 0 1.00581e-08 0 1.21754e-08 0 1.46801e-08 0 1.73779e-08 0 2.05066e-08 0 2.37887e-08 0 2.75274e-08 0 3.17761e-08 0 3.63503e-08 0 4.12239e-08 0 4.63628e-08 0 5.23911e-08 0 5.83582e-08 0 6.49143e-08 0 7.21081e-08 0 7.99916e-08 0 8.80911e-08 0 9.68996e-08 0 1.05848e-07 0 1.15509e-07 0 1.25932e-07 0 1.36392e-07 0 1.47601e-07 0
123.105 4.78728e-05 1.54558e-05 3.2417e-05 0.677148 0.0370137 3.02009e-15 0 1.08016e-13 0 2.95852e-12 0 1.82068e-11 0 6.25676e-11 0 1.58706e-10 0 3.31321e-10 0 6.09554e-10 0 1.02603e-09 0 1.60483e-09 0 2.38394e-09 0 3.3951e-09 0 4.6729e-09 0 6.25912e-09 0 8.14247e-09 0 1.035e-08 0 1.2974e-08 0 1.60512e-08 0 1.94704e-08 0 2.33502e-08 0 2.78977e-08 0 3.27537e-08 0 3.83395e-08 0 4.41546e-08 0 5.0731e-08 0 5.81521e-08 0 6.60879e-08 0 7.44895e-08 0 8.32962e-08 0 9.35666e-08 0 1.03676e-07 0 1.14725e-07 0 1.26787e-07 0 1.39938e-07 0 1.53383e-07 0 1.67937e-07 0 1.82655e-07 0 1.9848e-07 0 2.15479e-07 0 2.32468e-07 0 2.50604e-07 0
129.424 4.81857e-05 1.58084e-05 3.23773e-05 0.671927 0.00681943 1.20489e-14 0 3.61885e-13 0 8.43272e-12 0 4.74892e-11 0 1.53651e-10 0 3.72428e-10 0 7.50052e-10 0 1.33946e-09 0 2.19803e-09 0 3.36371e-09 0 4.9011e-09 0 6.86046e-09 0 9.29639e-09 0 1.22756e-08 0 1.57655e-08 0 1.98064e-08 0 2.45555e-08 0 3.00656e-08 0 3.61278e-08 0 4.29442e-08 0 5.08638e-08 0 5.92514e-08 0 6.88249e-08 0 7.87192e-08 0 8.98327e-08 0 1.0229e-07 0 1.15525e-07 0 1.29453e-07 0 1.4397e-07 0 1.60806e-07 0 1.7729e-07 0 1.95217e-07 0 2.1469e-07 0 2.3582e-07 0 2.57322e-07 0 2.80495e-07 0 3.03829e-07 0 3.28815e-07 0 3.55548e-07 0 3.82162e-07 0 4.10468e-07 0
136.067 4.79876e-05 1.60883e-05 3.18993e-05 0.66474 -0.0202671 4.42111e-14 0 1.12463e-12 0 2.24722e-11 0 1.16312e-10 0 3.5536e-10 0 8.249e-10 0 1.60548e-09 0 2.78706e-09 0 4.46427e-09 0 6.69134e-09 0 9.57208e-09 0 1.31806e-08 0 1.75976e-08 0 2.29239e-08 0 2.90836e-08 0 3.61333e-08 0 4.43294e-08 0 5.37428e-08 0 6.40026e-08 0 7.5439e-08 0 8.86158e-08 0 1.02462e-07 0 1.1815e-07 0 1.34253e-07 0 1.52222e-07 0 1.72234e-07 0 1.93367e-07 0 2.15479e-07 0 2.38403e-07 0 2.64849e-07 0 2.9061e-07 0 3.18494e-07 0 3.48643e-07 0 3.81205e-07 0 4.14195e-07 0 4.49597e-07 0 4.85103e-07 0 5.22974e-07 0 5.63338e-07 0 6.03376e-07 0 6.45811e-07 0
143.051 4.71809e-05 1.62569e-05 3.09241e-05 0.655436 -0.0444776 1.49458e-13 0 3.24621e-12 0 5.60416e-11 0 2.67689e-10 0 7.74448e-10 0 1.72531e-09 0 3.25052e-09 0 5.49286e-09 0 8.5983e-09 0 1.26355e-08 0 1.77621e-08 0 2.40791e-08 0 3.16979e-08 0 4.07623e-08 0 5.11177e-08 0 6.2839e-08 0 7.63272e-08 0 9.16694e-08 0 1.08242e-07 0 1.26564e-07 0 1.47507e-07 0 1.6935e-07 0 1.93926e-07 0 2.18985e-07 0 2.46777e-07 0 2.77542e-07 0 3.09841e-07 0 3.43451e-07 0 3.78118e-07 0 4.1791e-07 0 4.56485e-07 0 4.98052e-07 0 5.42796e-07 0 5.9091e-07 0 6.39452e-07 0 6.91333e-07 0 7.43166e-07 0 7.9825e-07 0 8.56744e-07 0 9.14565e-07 0 9.75642e-07 0
150.394 4.57008e-05 1.62747e-05 2.94261e-05 0.643886 -0.0661862 4.66168e-13 0 8.71222e-12 0 1.30876e-10 0 5.79193e-10 0 1.59096e-09 0 3.40841e-09 0 6.22594e-09 0 1.02548e-08 0 1.5705e-08 0 2.26494e-08 0 3.13139e-08 0 4.18245e-08 0 5.4324e-08 0 6.90061e-08 0 8.55855e-08 0 1.04155e-07 0 1.25316e-07 0 1.49166e-07 0 1.7471e-07 0 2.02728e-07 0 2.34514e-07 0 2.67433e-07 0 3.04223e-07 0 3.41502e-07 0 3.82605e-07 0 4.27842e-07 0 4.75072e-07 0 5.23964e-07 0 5.74151e-07 0 6.31479e-07 0 6.86802e-07 0 7.4616e-07 0 8.09784e-07 0 8.77916e-07 0 9.46381e-07 0 1.01927e-06 0 1.09183e-06 0 1.16867e-06 0 1.24999e-06 0 1.3301e-06 0 1.41446e-06 0
158.114 4.35379e-05 1.61108e-05 2.74271e-05 0.62996 -0.085921 1.34367e-12 0 2.17668e-11 0 2.86466e-10 0 1.17895e-09 0 3.08253e-09 0 6.36273e-09 0 1.12855e-08 0 1.8141e-08 0 2.72105e-08 0 3.8547e-08 0 5.24569e-08 0 6.90812e-08 0 8.85882e-08 0 1.11224e-07 0 1.36504e-07 0 1.64536e-07 0 1.96186e-07 0 2.31545e-07 0 2.69111e-07 0 3.10009e-07 0 3.56075e-07 0 4.03462e-07 0 4.56086e-07 0 5.09093e-07 0 5.6721e-07 0 6.30823e-07 0 6.96888e-07 0 7.64942e-07 0 8.34475e-07 0 9.13542e-07 0 9.89509e-07 0 1.07069e-06 0 1.15735e-06 0 1.24979e-06 0 1.34232e-06 0 1.44049e-06 0 1.53786e-06 0 1.64063e-06 0 1.74903e-06 0 1.85549e-06 0 1.96726e-06 0
166.23 4.07962e-05 1.57748e-05 2.50214e-05 0.613328 -0.103869 3.5918e-12 0 5.0788e-11 0 5.89376e-10 0 2.2637e-09 0 5.64741e-09 0 1.12517e-08 0 1.94065e-08 0 3.04805e-08 0 4.48229e-08 0 6.24266e-08 0 8.36851e-08 0 1.08735e-07 0 1.37756e-07 0 1.71044e-07 0 2.07832e-07 0 2.48238e-07 0 2.93456e-07 0 3.43556e-07 0 3.96375e-07 0 4.53471e-07 0 5.17343e-07 0 5.82627e-07 0 6.5469e-07 0 7.26866e-07 0 8.05581e-07 0 8.91291e-07 0 9.79857e-07 0 1.07066e-06 0 1.16304e-06 0 1.26762e-06 0 1.36769e-06 0 1.4742e-06 0 1.58749e-06 0 1.70786e-06 0 1.82792e-06 0 1.95485e-06 0 2.08034e-06 0 2.21237e-06 0 2.35119e-06 0 2.48712e-06 0 2.62941e-06 0
174.763 3.76755e-05 1.53306e-05 2.23449e-05 0.593089 -0.119879 8.9636e-12 0 1.11368e-10 0 1.1466e-09 0 4.12387e-09 0 9.83901e-09 0 1.89541e-08 0 3.18327e-08 0 4.89076e-08 0 7.05793e-08 0 9.67214e-08 0 1.27817e-07 0 1.63966e-07 0 2.05343e-07 0 2.52284e-07 0 3.03643e-07 0 3.59544e-07 0 4.21579e-07 0 4.89768e-07 0 5.61135e-07 0 6.3776e-07 0 7.22924e-07 0 8.0944e-07 0 9.04392e-07 0 9.98983e-07 0 1.10162e-06 0 1.21283e-06 0 1.32719e-06 0 1.44393e-06 0 1.56218e-06 0 1.69551e-06 0 1.82259e-06 0 1.95735e-06 0 2.10016e-06 0 2.25135e-06 0 2.40165e-06 0 2.56001e-06 0 2.71609e-06 0 2.8798e-06 0 3.05143e-06 0 3.21899e-06 0 3.39392e-06 0
183.733 3.43611e-05 1.47704e-05 1.95907e-05 0.570141 -0.133882 2.09211e-11 0 2.29846e-10 0 2.11177e-09 0 7.13506e-09 0 1.63157e-08 0 3.04408e-08 0 4.98462e-08 0 7.49943e-08 0 1.06305e-07 0 1.43455e-07 0 1.87012e-07 0 2.37004e-07 0 2.9357e-07 0 3.57071e-07 0 4.25892e-07 0 5.00157e-07 0 5.81912e-07 0 6.71106e-07 0 7.63807e-07 0 8.62699e-07 0 9.71935e-07 0 1.08226e-06 0 1.20269e-06 0 1.32204e-06 0 1.45093e-06 0 1.58992e-06 0 1.7322e-06 0 1.87682e-06 0 2.02274e-06 0 2.18662e-06 0 2.34222e-06 0 2.50667e-06 0 2.68032e-06 0 2.86355e-06 0 3.0451e-06 0 3.23579e-06 0 3.42316e-06 0 3.61914e-06 0 3.82401e-06 0 4.02349e-06 0 4.2312e-06 0
193.164 3.09454e-05 1.40614e-05 1.68841e-05 0.545607 -0.1475 4.56479e-11 0 4.46123e-10 0 3.67821e-09 0 1.17104e-08 0 2.57183e-08 0 4.65445e-08 0 7.44025e-08 0 1.09729e-07 0 1.52914e-07 0 2.03356e-07 0 2.61691e-07 0 3.27833e-07 0 4.01855e-07 0 4.84129e-07 0 5.72492e-07 0 6.67064e-07 0 7.70387e-07 0 8.82305e-07 0 9.97857e-07 0 1.12037e-06 0 1.25491e-06 0 1.39005e-06 0 1.53678e-06 0 1.68151e-06 0 1.83708e-06 0 2.00409e-06 0 2.17432e-06 0 2.34665e-06 0 2.51987e-06 0 2.71369e-06 0 2.89707e-06 0 3.09022e-06 0 3.29351e-06 0 3.50732e-06 0 3.71851e-06 0 3.93968e-06 0 4.15638e-06 0 4.38241e-06 0 4.61806e-06 0 4.84692e-06 0 5.08463e-06 0
203.079 2.77332e-05 1.34037e-05 1.43295e-05 0.516693 -0.159165 9.46068e-11 0 8.27216e-10 0 6.15275e-09 0 1.85118e-08 0 3.91235e-08 0 6.87838e-08 0 1.07463e-07 0 1.55509e-07 0 2.13229e-07 0 2.79647e-07 0 3.55463e-07 0 4.40433e-07 0 5.3454e-07 0 6.3815e-07 0 7.48474e-07 0 8.65632e-07 0 9.92709e-07 0 1.12942e-06 0 1.26969e-06 0 1.41754e-06 0 1.579e-06 0 1.74033e-06 0 1.91464e-06 0 2.08577e-06 0 2.26892e-06 0 2.4647e-06 0 2.66344e-06 0 2.86385e-06 0 3.06458e-06 0 3.28839e-06 0 3.49941e-06 0 3.72098e-06 0 3.95346e-06 0 4.19722e-06 0 4.43727e-06 0 4.68796e-06 0 4.93291e-06 0 5.18776e-06 0 5.45276e-06 0 5.7095e-06 0 5.97554e-06 0
213.503 2.47596e-05 1.27353e-05 1.20243e-05 0.485642 -0.169588 1.85883e-10 0 1.46204e-09 0 9.85967e-09 0 2.81116e-08 0 5.72806e-08 0 9.79696e-08 0 1.49763e-07 0 2.12846e-07 0 2.87383e-07 0 3.71943e-07 0 4.67277e-07 0 5.72949e-07 0 6.88828e-07 0 8.15263e-07 0 9.48792e-07 0 1.08954e-06 0 1.24117e-06 0 1.40323e-06 0 1.56851e-06 0 1.74178e-06 0 1.92998e-06 0 2.11709e-06 0 2.31831e-06 0 2.51499e-06 0 2.72463e-06 0 2.94779e-06 0 3.17346e-06 0 3.40019e-06 0 3.62651e-06 0 3.87799e-06 0 4.11435e-06 0 4.36178e-06 0 4.62062e-06 0 4.89121e-06 0 5.15695e-06 0 5.4337e-06 0 5.70344e-06 0 5.98338e-06 0 6.27376e-06 0 6.55444e-06 0 6.84464e-06 0
224.463 2.21047e-05 1.21038e-05 1.00009e-05 0.452432 -0.178634 3.48315e-10 0 2.47718e-09 0 1.52192e-08 0 4.12286e-08 0 8.11387e-08 0 1.35186e-07 0 2.02417e-07 0 2.82784e-07 0 3.76258e-07 0 4.80876e-07 0 5.97439e-07 0 7.25292e-07 0 8.64177e-07 0 1.01442e-06 0 1.17186e-06 0 1.33665e-06 0 1.51301e-06 0 1.70035e-06 0 1.89033e-06 0 2.08844e-06 0 2.30255e-06 0 2.5144e-06 0 2.74122e-06 0 2.96199e-06 0 3.19637e-06 0 3.44492e-06 0 3.69533e-06 0 3.94604e-06 0 4.19548e-06 0 4.47178e-06 0 4.73066e-06 0 5.00089e-06 0 5.28278e-06 0 5.57666e-06 0 5.86449e-06 0 6.1635e-06 0 6.45421e-06 0 6.7552e-06 0 7.0667e-06 0 7.36712e-06 0 7.67708e-06 0
235.984 1.97583e-05 1.14923e-05 8.26592e-06 0.418353 -0.186932 6.23128e-10 0 4.02686e-09 0 2.26415e-08 0 5.84226e-08 0 1.11239e-07 0 1.80774e-07 0 2.65394e-07 0 3.64763e-07 0 4.78616e-07 0 6.04412e-07 0 7.43007e-07 0 8.93514e-07 0 1.05555e-06 0 1.22941e-06 0 1.41025e-06 0 1.59827e-06 0 1.79824e-06 0 2.00942e-06 0 2.22242e-06 0 2.44343e-06 0 2.68113e-06 0 2.91527e-06 0 3.1649e-06 0 3.40689e-06 0 3.66285e-06 0 3.93329e-06 0 4.20479e-06 0 4.47572e-06 0 4.74445e-06 0 5.04121e-06 0 5.31845e-06 0 5.60706e-06 0 5.90731e-06 0 6.21951e-06 0 6.52451e-06 0 6.84057e-06 0 7.14715e-06 0 7.46387e-06 0 7.79093e-06 0 8.10569e-06 0 8.42979e-06 0
248.097 1.77091e-05 1.09036e-05 6.80554e-06 0.384296 -0.194498 1.06688e-09 0 6.29415e-09 0 3.25283e-08 0 8.0138e-08 0 1.47863e-07 0 2.34663e-07 0 3.38111e-07 0 4.57549e-07 0 5.92455e-07 0 7.397e-07 0 9.00201e-07 0 1.07285e-06 0 1.25714e-06 0 1.45335e-06 0 1.65601e-06 0 1.86538e-06 0 2.08673e-06 0 2.31921e-06 0 2.55247e-06 0 2.79335e-06 0 3.05126e-06 0 3.30421e-06 0 3.5728e-06 0 3.8322e-06 0 4.1056e-06 0 4.39345e-06 0 4.68146e-06 0 4.96797e-06 0 5.25132e-06 0 5.56332e-06 0 5.854e-06 0 6.1558e-06 0 6.469e-06 0 6.79383e-06 0 7.1104e-06 0 7.43771e-06 0 7.75449e-06 0 8.08106e-06 0 8.41758e-06 0 8.7408e-06 0 9.07299e-06 0
260.832 1.59743e-05 1.03903e-05 5.58392e-06 0.349557 -0.201568 1.76088e-09 0 9.52618e-09 0 4.54376e-08 0 1.07121e-07 0 1.91827e-07 0 2.97649e-07 0 4.21286e-07 0 5.6175e-07 0 7.18264e-07 0 8.87116e-07 0 1.06931e-06 0 1.26353e-06 0 1.46917e-06 0 1.6865e-06 0 1.90948e-06 0 2.13844e-06 0 2.37916e-06 0 2.63063e-06 0 2.88173e-06 0 3.13986e-06 0 3.41503e-06 0 3.68381e-06 0 3.96813e-06 0 4.24173e-06 0 4.52912e-06 0 4.83071e-06 0 5.1315e-06 0 5.42983e-06 0 5.72405e-06 0 6.04713e-06 0 6.34734e-06 0 6.65829e-06 0 6.98018e-06 0 7.31324e-06 0 7.63709e-06 0 7.97119e-06 0 8.29386e-06 0 8.62584e-06 0 8.96726e-06 0 9.29457e-06 0 9.63034e-06 0
274.221 1.44975e-05 9.91955e-06 4.57792e-06 0.315774 -0.207856 2.80023e-09 0 1.39503e-08 0 6.16533e-08 0 1.39391e-07 0 2.42614e-07 0 3.68466e-07 0 5.12752e-07 0 6.74179e-07 0 8.51743e-07 0 1.04119e-06 0 1.24365e-06 0 1.45763e-06 0 1.68244e-06 0 1.91838e-06 0 2.15891e-06 0 2.40447e-06 0 2.66127e-06 0 2.92819e-06 0 3.19349e-06 0 3.46503e-06 0 3.75332e-06 0 4.03384e-06 0 4.32948e-06 0 4.613e-06 0 4.90987e-06 0 5.22042e-06 0 5.52921e-06 0 5.83462e-06 0 6.13503e-06 0 6.46404e-06 0 6.76899e-06 0 7.08412e-06 0 7.4096e-06 0 7.7456e-06 0 8.0716e-06 0 8.40723e-06 0 8.73073e-06 0 9.06293e-06 0 9.40394e-06 0 9.73025e-06 0 1.00644e-05 0
288.297 1.32534e-05 9.5025e-06 3.75088e-06 0.283013 -0.213538 4.30538e-09 0 1.98315e-08 0 8.15114e-08 0 1.77093e-07 0 3.0001e-07 0 4.46439e-07 0 6.11322e-07 0 7.93121e-07 0 9.90652e-07 0 1.1992e-06 0 1.42003e-06 0 1.65152e-06 0 1.89297e-06 0 2.14467e-06 0 2.39973e-06 0 2.6587e-06 0 2.92816e-06 0 3.2069e-06 0 3.48272e-06 0 3.76389e-06 0 4.06123e-06 0 4.34949e-06 0 4.65225e-06 0 4.94167e-06 0 5.24378e-06 0 5.55887e-06 0 5.87128e-06 0 6.17944e-06 0 6.48179e-06 0 6.81212e-06 0 7.11757e-06 0 7.43252e-06 0 7.7571e-06 0 8.09146e-06 0 8.4152e-06 0 8.74783e-06 0 9.06786e-06 0 9.39589e-06 0 9.73202e-06 0 1.00531e-05 0 1.03814e-05 0
303.095 1.22232e-05 9.15084e-06 3.07233e-06 0.251353 -0.218579 6.42349e-09 0 2.74617e-08 0 1.05347e-07 0 2.20373e-07 0 3.63849e-07 0 5.31037e-07 0 7.16101e-07 0 9.17341e-07 0 1.13346e-06 0 1.35935e-06 0 1.59647e-06 0 1.84312e-06 0 2.0986e-06 0 2.36324e-06 0 2.62988e-06 0 2.8992e-06 0 3.17808e-06 0 3.46527e-06 0 3.74826e-06 0 4.03562e-06 0 4.33839e-06 0 4.63089e-06 0 4.93709e-06 0 5.2289e-06 0 5.53263e-06 0 5.84851e-06 0 6.16087e-06 0 6.46819e-06 0 6.76899e-06 0 7.09687e-06 0 7.39937e-06 0 7.71063e-06 0 8.03074e-06 0 8.35983e-06 0 8.67785e-06 0 9.00399e-06 0 9.31722e-06 0 9.63773e-06 0 9.9656e-06 0 1.02783e-05 0 1.05975e-05 0
318.653 1.13597e-05 8.84401e-06 2.51571e-06 0.221459 -0.222418 9.30044e-09 0 3.70387e-08 0 1.33061e-07 0 2.68498e-07 0 4.32595e-07 0 6.19836e-07 0 8.23752e-07 0 1.04259e-06 0 1.275e-06 0 1.51564e-06 0 1.76614e-06 0 2.02481e-06 0 2.29096e-06 0 2.56501e-06 0 2.83963e-06 0 3.11565e-06 0 3.40016e-06 0 3.69189e-06 0 3.9782e-06 0 4.26789e-06 0 4.57203e-06 0 4.86489e-06 0 5.17051e-06 0 5.46092e-06 0 5.76238e-06 0 6.07505e-06 0 6.38344e-06 0 6.68612e-06 0 6.98173e-06 0 7.30322e-06 0 7.5992e-06 0 7.90315e-06 0 8.21513e-06 0 8.53525e-06 0 8.84403e-06 0 9.16014e-06 0 9.46322e-06 0 9.77284e-06 0 1.00891e-05 0 1.03902e-05 0 1.06972e-05 0
335.009 1.06307e-05 8.57261e-06 2.05805e-06 0.193595 -0.225744 1.30808e-08 0 4.86955e-08 0 1.64352e-07 0 3.20473e-07 0 5.04462e-07 0 7.1025e-07 0 9.30922e-07 0 1.16479e-06 0 1.41056e-06 0 1.66274e-06 0 1.92321e-06 0 2.19029e-06 0 2.46338e-06 0 2.74298e-06 0 3.02171e-06 0 3.30055e-06 0 3.58673e-06 0 3.87898e-06 0 4.16473e-06 0 4.45285e-06 0 4.75432e-06 0 5.04371e-06 0 5.34482e-06 0 5.63016e-06 0 5.92558e-06 0 6.23123e-06 0 6.53194e-06 0 6.82643e-06 0 7.11342e-06 0 7.42488e-06 0 7.71106e-06 0 8.00438e-06 0 8.30491e-06 0 8.61271e-06 0 8.9091e-06 0 9.21201e-06 0 9.50197e-06 0 9.79775e-06 0 1.00994e-05 0 1.03862e-05 0 1.06782e-05 0
352.205 1.00859e-05 8.40136e-06 1.68457e-06 0.167022 -0.227834 1.80443e-08 0 6.29979e-08 0 2.00369e-07 0 3.78184e-07 0 5.82287e-07 0 8.06274e-07 0 1.04296e-06 0 1.29082e-06 0 1.54871e-06 0 1.81107e-06 0 2.08003e-06 0 2.354e-06 0 2.63246e-06 0 2.91604e-06 0 3.19735e-06 0 3.47753e-06 0 3.7639e-06 0 4.05522e-06 0 4.33905e-06 0 4.62428e-06 0 4.92181e-06 0 5.20656e-06 0 5.50202e-06 0 5.78128e-06 0 6.0697e-06 0 6.36739e-06 0 6.6596e-06 0 6.94514e-06 0 7.22285e-06 0 7.52365e-06 0 7.7995e-06 0 8.08175e-06 0 8.37043e-06 0 8.66558e-06 0 8.94932e-06 0 9.23886e-06 0 9.51559e-06 0 9.79747e-06 0 1.00845e-05 0 1.03571e-05 0 1.06343e-05 0
370.284 9.67596e-06 8.29672e-06 1.37924e-06 0.142543 -0.228532 2.43675e-08 0 8.00376e-08 0 2.40593e-07 0 4.40258e-07 0 6.63762e-07 0 9.04649e-07 0 1.15566e-06 0 1.41557e-06 0 1.68345e-06 0 1.95375e-06 0 2.2289e-06 0 2.50743e-06 0 2.78893e-06 0 3.07413e-06 0 3.35575e-06 0 3.63506e-06 0 3.91944e-06 0 4.20768e-06 0 4.48756e-06 0 4.76796e-06 0 5.05956e-06 0 5.33786e-06 0 5.62588e-06 0 5.89744e-06 0 6.17725e-06 0 6.46539e-06 0 6.74763e-06 0 7.02286e-06 0 7.29003e-06 0 7.57888e-06 0 7.84331e-06 0 8.1134e-06 0 8.38921e-06 0 8.67074e-06 0 8.94096e-06 0 9.21629e-06 0 9.47908e-06 0 9.7464e-06 0 1.00182e-05 0 1.02761e-05 0 1.05379e-05 0
389.291 9.50481e-06 8.37367e-06 1.13113e-06 0.119006 -0.224859 3.27185e-08 0 1.01408e-07 0 2.889e-07 0 5.13321e-07 0 7.58611e-07 0 1.01848e-06 0 1.2857e-06 0 1.55946e-06 0 1.83906e-06 0 2.11904e-06 0 2.40213e-06 0 2.68699e-06 0 2.97338e-06 0 3.26212e-06 0 3.54598e-06 0 3.82641e-06 0 4.11087e-06 0 4.39821e-06 0 4.67633e-06 0 4.95413e-06 0 5.24224e-06 0 5.51647e-06 0 5.79958e-06 0 6.06588e-06 0 6.33969e-06 0 6.62104e-06 0 6.89606e-06 0 7.16375e-06 0 7.42313e-06 0 7.70306e-06 0 7.95889e-06 0 8.2198e-06 0 8.48581e-06 0 8.75693e-06 0 9.01678e-06 0 9.28118e-06 0 9.53319e-06 0 9.78921e-06 0 1.00493e-05 0 1.02956e-05 0 1.05454e-05 0
409.273 9.28648e-06 8.36441e-06 9.22069e-07 0.0992915 -0.214612 4.23575e-08 0 1.24233e-07 0 3.36319e-07 0 5.8109e-07 0 8.4262e-07 0 1.11522e-06 0 1.39202e-06 0 1.67273e-06 0 1.95699e-06 0 2.23957e-06 0 2.52349e-06 0 2.80757e-06 0 3.09174e-06 0 3.37694e-06 0 3.65616e-06 0 3.93097e-06 0 4.20877e-06 0 4.48846e-06 0 4.75837e-06 0 5.02723e-06 0 5.30532e-06 0 5.56936e-06 0 5.84131e-06 0 6.09655e-06 0 6.35845e-06 0 6.62704e-06 0 6.88906e-06 0 7.14364e-06 0 7.38991e-06 0 7.65525e-06 0 7.89735e-06 0 8.14391e-06 0 8.39491e-06 0 8.65037e-06 0 8.89488e-06 0 9.14334e-06 0 9.37986e-06 0 9.61986e-06 0 9.86335e-06 0 1.00937e-05 0 1.03272e-05 0
430.281 9.08778e-06 8.33691e-06 7.50868e-07 0.0826239 -0.201908 5.33724e-08 0 1.48535e-07 0 3.8307e-07 0 6.44505e-07 0 9.17882e-07 0 1.19846e-06 0 1.47999e-06 0 1.76275e-06 0 2.04679e-06 0 2.32721e-06 0 2.60727e-06 0 2.88601e-06 0 3.16351e-06 0 3.44081e-06 0 3.71124e-06 0 3.97647e-06 0 4.2437e-06 0 4.51193e-06 0 4.77004e-06 0 5.02649e-06 0 5.29107e-06 0 5.54169e-06 0 5.79926e-06 0 6.04051e-06 0 6.28757e-06 0 6.54046e-06 0 6.78672e-06 0 7.02558e-06 0 7.25628e-06 0 7.50446e-06 0 7.73057e-06 0 7.96052e-06 0 8.19429e-06 0 8.4319e-06 0 8.65903e-06 0 8.88954e-06 0 9.10873e-06 0 9.33088e-06 0 9.55601e-06 0 9.76881e-06 0 9.98419e-06 0
452.368 8.86816e-06 8.25772e-06 6.10439e-07 0.0688349 -0.186155 6.52708e-08 0 1.72806e-07 0 4.25586e-07 0 6.98186e-07 0 9.77462e-07 0 1.25992e-06 0 1.54016e-06 0 1.81907e-06 0 2.09713e-06 0 2.36984e-06 0 2.64068e-06 0 2.90888e-06 0 3.17469e-06 0 3.43924e-06 0 3.69629e-06 0 3.94754e-06 0 4.19992e-06 0 4.45251e-06 0 4.69493e-06 0 4.93519e-06 0 5.18249e-06 0 5.41624e-06 0 5.65596e-06 0 5.88006e-06 0 6.10914e-06 0 6.34321e-06 0 6.57076e-06 0 6.79112e-06 0 7.00363e-06 0 7.23191e-06 0 7.43961e-06 0 7.65055e-06 0 7.86473e-06 0 8.08215e-06 0 8.28973e-06 0 8.50016e-06 0 8.70003e-06 0 8.90239e-06 0 9.10725e-06 0 9.3007e-06 0 9.49631e-06 0
475.588 8.65235e-06 8.15622e-06 4.96131e-07 0.0573406 -0.167415 7.78265e-08 0 1.96502e-07 0 4.63204e-07 0 7.41902e-07 0 1.02193e-06 0 1.30126e-06 0 1.57544e-06 0 1.84599e-06 0 2.11376e-06 0 2.37479e-06 0 2.63263e-06 0 2.88677e-06 0 3.13758e-06 0 3.38624e-06 0 3.62701e-06 0 3.86161e-06 0 4.0966e-06 0 4.33114e-06 0 4.55567e-06 0 4.77769e-06 0 5.00572e-06 0 5.2208e-06 0 5.44095e-06 0 5.64638e-06 0 5.85603e-06 0 6.06987e-06 0 6.27744e-06 0 6.47814e-06 0 6.67144e-06 0 6.87879e-06 0 7.06719e-06 0 7.2583e-06 0 7.45212e-06 0 7.64864e-06 0 7.83605e-06 0 8.02584e-06 0 8.20591e-06 0 8.38805e-06 0 8.57225e-06 0 8.74604e-06 0 8.92161e-06 0
500 8.4255e-06 8.02265e-06 4.02844e-07 0.0478125 -0.144007 9.04592e-08 0 2.1833e-07 0 4.93685e-07 0 7.72937e-07 0 1.04841e-06 0 1.3196e-06 0 1.58313e-06 0 1.84107e-06 0 2.09463e-06 0 2.34037e-06 0 2.5819e-06 0 2.8189e-06 0 3.05187e-06 0 3.28201e-06 0 3.50412e-06 0 3.71992e-06 0 3.93547e-06 0 4.15008e-06 0 4.35504e-06 0 4.55727e-06 0 4.76454e-06 0 4.95967e-06 0 5.15904e-06 0 5.34476e-06 0 5.53398e-06 0 5.72671e-06 0 5.91349e-06 0 6.09384e-06 0 6.26731e-06 0 6.45316e-06 0 6.62182e-06 0 6.79271e-06 0 6.96583e-06 0 7.14117e-06 0 7.3082e-06 0 7.47718e-06 0 7.63735e-06 0 7.79922e-06 0 7.96278e-06 0 8.11695e-06 0 8.27258e-06 0
525.665 8.13023e-06 7.80395e-06 3.26286e-07 0.0401324 -0.115192 1.01887e-07 0 2.35599e-07 0 5.12103e-07 0 7.84655e-07 0 1.04888e-06 0 1.30579e-06 0 1.55308e-06 0 1.79327e-06 0 2.02788e-06 0 2.25403e-06 0 2.47525e-06 0 2.69142e-06 0 2.90311e-06 0 3.11153e-06 0 3.31206e-06 0 3.50636e-06 0 3.69995e-06 0 3.89222e-06 0 4.07546e-06 0 4.25588e-06 0 4.44045e-06 0 4.61389e-06 0 4.79079e-06 0 4.95533e-06 0 5.12272e-06 0 5.29295e-06 0 5.45771e-06 0 5.6166e-06 0 5.76923e-06 0 5.93256e-06 0 6.08062e-06 0 6.23047e-06 0 6.38212e-06 0 6.53556e-06 0 6.68159e-06 0 6.82917e-06 0 6.96895e-06 0 7.11008e-06 0 7.25257e-06 0 7.38677e-06 0 7.52213e-06 0
552.648 7.72076e-06 7.45728e-06 2.63482e-07 0.0341264 -0.0828622 1.10578e-07 0 2.45499e-07 0 5.13989e-07 0 7.71594e-07 0 1.01725e-06 0 1.25333e-06 0 1.47854e-06 0 1.69571e-06 0 1.90658e-06 0 2.10878e-06 0 2.30572e-06 0 2.4974e-06 0 2.68446e-06 0 2.86804e-06 0 3.04418e-06 0 3.21439e-06 0 3.38358e-06 0 3.55125e-06 0 3.71071e-06 0 3.86743e-06 0 4.02745e-06 0 4.17757e-06 0 4.33045e-06 0 4.47243e-06 0 4.61668e-06 0 4.76318e-06 0 4.90478e-06 0 5.04116e-06 0 5.17203e-06 0 5.31192e-06 0 5.43859e-06 0 5.56668e-06 0 5.69617e-06 0 5.82707e-06 0 5.95153e-06 0 6.07721e-06 0 6.19614e-06 0 6.31612e-06 0 6.43717e-06 0 6.55108e-06 0 6.66591e-06 0
581.015 7.17667e-06 6.96465e-06 2.12017e-07 0.0295426 -0.048851 1.1516e-07 0 2.4598e-07 0 4.97006e-07 0 7.31775e-07 0 9.522e-07 0 1.16171e-06 0 1.3599e-06 0 1.54973e-06 0 1.733e-06 0 1.90791e-06 0 2.07755e-06 0 2.24206e-06 0 2.40207e-06 0 2.55865e-06 0 2.70848e-06 0 2.85292e-06 0 2.99618e-06 0 3.13785e-06 0 3.27232e-06 0 3.40426e-06 0 3.53875e-06 0 3.66471e-06 0 3.79281e-06 0 3.9116e-06 0 4.03214e-06 0 4.1544e-06 0 4.27244e-06 0 4.38599e-06 0 4.49485e-06 0 4.61108e-06 0 4.71623e-06 0 4.82246e-06 0 4.92975e-06 0 5.03811e-06 0 5.14105e-06 0 5.24493e-06 0 5.34314e-06 0 5.44216e-06 0 5.54197e-06 0 5.63585e-06 0 5.7304e-06 0
610.839 6.52925e-06 6.35904e-06 1.70216e-07 0.0260697 -0.0165704 1.15223e-07 0 2.37251e-07 0 4.63478e-07 0 6.69995e-07 0 8.61075e-07 0 1.04082e-06 0 1.20951e-06 0 1.37007e-06 0 1.52425e-06 0 1.67075e-06 0 1.81228e-06 0 1.94906e-06 0 2.0817e-06 0 2.21113e-06 0 2.33467e-06 0 2.4535e-06 0 2.57111e-06 0 2.68719e-06 0 2.79719e-06 0 2.90492e-06 0 3.01458e-06 0 3.11713e-06 0 3.22127e-06 0 3.31773e-06 0 3.41549e-06 0 3.51452e-06 0 3.61003e-06 0 3.70182e-06 0 3.78972e-06 0 3.88349e-06 0 3.96824e-06 0 4.05378e-06 0 4.14011e-06 0 4.22723e-06 0 4.30993e-06 0 4.39331e-06 0 4.4721e-06 0 4.55147e-06 0 4.63143e-06 0 4.70658e-06 0 4.78224e-06 0
642.193 5.82432e-06 5.68783e-06 1.36493e-07 0.023435 0.0119962 1.11084e-07 0 2.20907e-07 0 4.17983e-07 0 5.93823e-07 0 7.54291e-07 0 9.03781e-07 0 1.04304e-06 0 1.17479e-06 0 1.30069e-06 0 1.41981e-06 0 1.53448e-06 0 1.64494e-06 0 1.75176e-06 0 1.85572e-06 0 1.95472e-06 0 2.04975e-06 0 2.14362e-06 0 2.23611e-06 0 2.3236e-06 0 2.40916e-06 0 2.49612e-06 0 2.57733e-06 0 2.6597e-06 0 2.73591e-06 0 2.81305e-06 0 2.89111e-06 0 2.96632e-06 0 3.03853e-06 0 3.10761e-06 0 3.18125e-06 0 3.24774e-06 0 3.31481e-06 0 3.38244e-06 0 3.45063e-06 0 3.51532e-06 0 3.5805e-06 0 3.64204e-06 0 3.70401e-06 0 3.76639e-06 0 3.82499e-06 0 3.88394e-06 0
675.157 5.1146e-06 5.00513e-06 1.09471e-07 0.0214036 0.0352704 1.03719e-07 0 1.99566e-07 0 3.66354e-07 0 5.11995e-07 0 6.43193e-07 0 7.64304e-07 0 8.76343e-07 0 9.81757e-07 0 1.08203e-06 0 1.17653e-06 0 1.26718e-06 0 1.35426e-06 0 1.43823e-06 0 1.51977e-06 0 1.59725e-06 0 1.67147e-06 0 1.74466e-06 0 1.81665e-06 0 1.88464e-06 0 1.95104e-06 0 2.01844e-06 0 2.08131e-06 0 2.14499e-06 0 2.20384e-06 0 2.26335e-06 0 2.32352e-06 0 2.38143e-06 0 2.43697e-06 0 2.49008e-06 0 2.54663e-06 0 2.59765e-06 0 2.64908e-06 0 2.70091e-06 0 2.75313e-06 0 2.80263e-06 0 2.85248e-06 0 2.89951e-06 0 2.94684e-06 0 2.99447e-06 0 3.03917e-06 0 3.08413e-06 0
709.813 4.44558e-06 4.35765e-06 8.79341e-08 0.0197801 0.0531023 9.43984e-08 0 1.7604e-07 0 3.1405e-07 0 4.32138e-07 0 5.37231e-07 0 6.33419e-07 0 7.21825e-07 0 8.04574e-07 0 8.82949e-07 0 9.5654e-07 0 1.02692e-06 0 1.09433e-06 0 1.15918e-06 0 1.22201e-06 0 1.28159e-06 0 1.33856e-06 0 1.39465e-06 0 1.44973e-06 0 1.50168e-06 0 1.55235e-06 0 1.60371e-06 0 1.65157e-06 0 1.69999e-06 0 1.74469e-06 0 1.78986e-06 0 1.83547e-06 0 1.87934e-06 0 1.92138e-06 0 1.96154e-06 0 2.00428e-06 0 2.04281e-06 0 2.08162e-06 0 2.12071e-06 0 2.16007e-06 0 2.19735e-06 0 2.23487e-06 0 2.27026e-06 0 2.30585e-06 0 2.34164e-06 0 2.37522e-06 0 2.40897e-06 0
746.248 3.84748e-06 3.77668e-06 7.07951e-08 0.0184004 0.0662373 8.43254e-08 0 1.52667e-07 0 2.65082e-07 0 3.5945e-07 0 4.42483e-07 0 5.17877e-07 0 5.86753e-07 0 6.5091e-07 0 7.11433e-07 0 7.6807e-07 0 8.22076e-07 0 8.73671e-07 0 9.23192e-07 0 9.7107e-07 0 1.01639e-06 0 1.05965e-06 0 1.10218e-06 0 1.14389e-06 0 1.18317e-06 0 1.22143e-06 0 1.26018e-06 0 1.29623e-06 0 1.33269e-06 0 1.3663e-06 0 1.40024e-06 0 1.43449e-06 0 1.46739e-06 0 1.4989e-06 0 1.52898e-06 0 1.56097e-06 0 1.58979e-06 0 1.61881e-06 0 1.64801e-06 0 1.67739e-06 0 1.70521e-06 0 1.7332e-06 0 1.75957e-06 0 1.78609e-06 0 1.81274e-06 0 1.83774e-06 0 1.86285e-06 0
784.553 3.3117e-06 3.25461e-06 5.70944e-08 0.0172402 0.0756824 7.39048e-08 0 1.30102e-07 0 2.202e-07 0 2.9449e-07 0 3.59166e-07 0 4.17455e-07 0 4.70405e-07 0 5.19508e-07 0 5.65656e-07 0 6.08705e-07 0 6.49644e-07 0 6.88662e-07 0 7.26031e-07 0 7.62092e-07 0 7.96167e-07 0 8.28648e-07 0 8.60529e-07 0 8.91751e-07 0 9.21123e-07 0 9.49704e-07 0 9.78612e-07 0 1.00549e-06 0 1.03263e-06 0 1.05765e-06 0 1.08288e-06 0 1.10832e-06 0 1.13274e-06 0 1.15612e-06 0 1.17841e-06 0 1.20211e-06 0 1.22345e-06 0 1.24492e-06 0 1.26651e-06 0 1.28823e-06 0 1.30878e-06 0 1.32944e-06 0 1.3489e-06 0 1.36846e-06 0 1.38811e-06 0 1.40654e-06 0 1.42504e-06 0
824.824 2.84531e-06 2.79917e-06 4.61379e-08 0.0162154 0.0822035 6.38302e-08 0 1.09427e-07 0 1.80791e-07 0 2.38654e-07 0 2.8853e-07 0 3.33171e-07 0 3.73512e-07 0 4.10765e-07 0 4.45656e-07 0 4.78109e-07 0 5.08894e-07 0 5.3817e-07 0 5.66153e-07 0 5.9311e-07 0 6.18541e-07 0 6.42748e-07 0 6.66476e-07 0 6.89686e-07 0 7.11497e-07 0 7.32698e-07 0 7.5412e-07 0 7.74019e-07 0 7.94099e-07 0 8.12587e-07 0 8.31221e-07 0 8.49997e-07 0 8.6801e-07 0 8.85239e-07 0 9.01664e-07 0 9.19108e-07 0 9.34809e-07 0 9.50595e-07 0 9.66465e-07 0 9.8242e-07 0 9.97511e-07 0 1.01267e-06 0 1.02695e-06 0 1.0413e-06 0 1.0557e-06 0 1.0692e-06 0 1.08275e-06 0
867.163 2.43178e-06 2.39445e-06 3.73336e-08 0.0153524 0.0863452 5.41775e-08 0 9.05813e-08 0 1.46284e-07 0 1.90746e-07 0 2.28718e-07 0 2.62487e-07 0 2.92854e-07 0 3.20789e-07 0 3.46869e-07 0 3.71061e-07 0 3.93956e-07 0 4.15685e-07 0 4.36417e-07 0 4.56356e-07 0 4.75139e-07 0 4.92994e-07 0 5.10475e-07 0 5.27555e-07 0 5.43588e-07 0 5.59158e-07 0 5.74877e-07 0 5.89466e-07 0 6.04175e-07 0 6.17709e-07 0 6.3134e-07 0 6.45066e-07 0 6.58225e-07 0 6.70804e-07 0 6.8279e-07 0 6.95512e-07 0 7.06957e-07 0 7.18458e-07 0 7.30016e-07 0 7.41629e-07 0 7.52609e-07 0 7.63637e-07 0 7.74018e-07 0 7.84441e-07 0 7.94904e-07 0 8.04705e-07 0 8.14541e-07 0
911.674 2.07237e-06 2.04212e-06 3.02528e-08 0.0145982 0.0884297 4.53303e-08 0 7.40172e-08 0 1.16995e-07 0 1.50801e-07 0 1.79425e-07 0 2.04729e-07 0 2.27382e-07 0 2.48145e-07 0 2.67473e-07 0 2.85358e-07 0 3.02247e-07 0 3.18246e-07 0 3.33485e-07 0 3.48119e-07 0 3.61886e-07 0 3.74958e-07 0 3.87741e-07 0 4.00218e-07 0 4.11919e-07 0 4.23272e-07 0 4.34724e-07 0 4.45345e-07 0 4.56046e-07 0 4.65884e-07 0 4.75787e-07 0 4.85753e-07 0 4.95302e-07 0 5.04425e-07 0 5.13113e-07 0 5.22331e-07 0 5.30619e-07 0 5.38944e-07 0 5.47306e-07 0 5.55705e-07 0 5.63643e-07 0 5.71612e-07 0 5.79111e-07 0 5.86638e-07 0 5.94191e-07 0 6.01264e-07 0 6.0836e-07 0
958.471 1.75885e-06 1.73431e-06 2.45421e-08 0.0139535 0.0884092 3.73662e-08 0 5.96658e-08 0 9.24223e-08 0 1.17838e-07 0 1.39188e-07 0 1.57957e-07 0 1.74689e-07 0 1.89976e-07 0 2.04167e-07 0 2.17268e-07 0 2.29615e-07 0 2.41291e-07 0 2.52396e-07 0 2.63045e-07 0 2.7305e-07 0 2.8254e-07 0 2.91811e-07 0 3.00851e-07 0 3.09321e-07 0 3.17533e-07 0 3.2581e-07 0 3.33481e-07 0 3.41205e-07 0 3.48302e-07 0 3.55441e-07 0 3.62621e-07 0 3.69497e-07 0 3.76064e-07 0 3.82314e-07 0 3.88942e-07 0 3.94899e-07 0 4.00881e-07 0 4.06886e-07 0 4.12916e-07 0 4.18612e-07 0 4.24329e-07 0 4.29708e-07 0 4.35103e-07 0 4.40516e-07 0 4.45584e-07 0 4.50666e-07 0
1007.67 1.49184e-06 1.4719e-06 1.99339e-08 0.0133619 0.0868317 3.04708e-08 0 4.76416e-08 0 7.24049e-08 0 9.13765e-08 0 1.07195e-07 0 1.21031e-07 0 1.33318e-07 0 1.44509e-07 0 1.54872e-07 0 1.64419e-07 0 1.734e-07 0 1.8188e-07 0 1.89933e-07 0 1.97645e-07 0 2.04884e-07 0 2.11742e-07 0 2.18436e-07 0 2.24957e-07 0 2.31063e-07 0 2.36978e-07 0 2.42936e-07 0 2.48453e-07 0 2.54006e-07 0 2.59104e-07 0 2.64231e-07 0 2.69384e-07 0 2.74317e-07 0 2.79025e-07 0 2.83505e-07 0 2.88254e-07 0 2.9252e-07 0 2.96802e-07 0 3.01099e-07 0 3.05413e-07 0 3.09486e-07 0 3.13573e-07 0 3.17417e-07 0 3.21272e-07 0 3.25138e-07 0 3.28756e-07 0 3.32384e-07 0
1059.39 1.26604e-06 1.24983e-06 1.62088e-08 0.0128028 0.0839768 2.46244e-08 0 3.77443e-08 0 5.63445e-08 0 7.04275e-08 0 8.209e-08 0 9.22424e-08 0 1.01226e-07 0 1.09386e-07 0 1.16925e-07 0 1.23856e-07 0 1.30366e-07 0 1.36503e-07 0 1.42323e-07 0 1.47892e-07 0 1.53112e-07 0 1.58054e-07 0 1.62873e-07 0 1.67564e-07 0 1.71953e-07 0 1.76202e-07 0 1.80478e-07 0 1.84437e-07 0 1.88418e-07 0 1.92072e-07 0 1.95744e-07 0 1.99434e-07 0 2.02964e-07 0 2.06332e-07 0 2.09536e-07 0 2.1293e-07 0 2.15978e-07 0 2.19037e-07 0 2.22105e-07 0 2.25184e-07 0 2.28091e-07 0 2.31007e-07 0 2.33748e-07 0 2.36496e-07 0 2.39252e-07 0 2.41831e-07 0 2.44416e-07 0
1113.77 1.07663e-06 1.06343e-06 1.31936e-08 0.0122546 0.0803565 1.97619e-08 0 2.97305e-08 0 4.364e-08 0 5.40571e-08 0 6.26294e-08 0 7.00593e-08 0 7.66127e-08 0 8.25495e-08 0 8.80226e-08 0 9.30457e-08 0 9.77562e-08 0 1.02191e-07 0 1.06392e-07 0 1.10407e-07 0 1.14168e-07 0 1.17724e-07 0 1.21189e-07 0 1.2456e-07 0 1.27712e-07 0 1.30761e-07 0 1.33829e-07 0 1.36667e-07 0 1.39519e-07 0 1.42136e-07 0 1.44765e-07 0 1.47405e-07 0 1.49929e-07 0 1.52337e-07 0 1.54627e-07 0 1.57052e-07 0 1.59229e-07 0 1.61412e-07 0 1.63603e-07 0 1.658e-07 0 1.67873e-07 0 1.69953e-07 0 1.71907e-07 0 1.73866e-07 0 1.7583e-07 0 1.77667e-07 0 1.79508e-07 0
1170.94 9.17096e-07 9.06348e-07 1.0748e-08 0.0117196 0.076269 1.57521e-08 0 2.3285e-08 0 3.36421e-08 0 4.13206e-08 0 4.76027e-08 0 5.30257e-08 0 5.77947e-08 0 6.21047e-08 0 6.60702e-08 0 6.97038e-08 0 7.31065e-08 0 7.6306e-08 0 7.93338e-08 0 8.22243e-08 0 8.49294e-08 0 8.74856e-08 0 8.99746e-08 0 9.23942e-08 0 9.4655e-08 0 9.68411e-08 0 9.90391e-08 0 1.01071e-07 0 1.03113e-07 0 1.04986e-07 0 1.06866e-07 0 1.08753e-07 0 1.10558e-07 0 1.12278e-07 0 1.13913e-07 0 1.15645e-07 0 1.17198e-07 0 1.18757e-07 0 1.20319e-07 0 1.21886e-07 0 1.23364e-07 0 1.24847e-07 0 1.26239e-07 0 1.27635e-07 0 1.29034e-07 0 1.30342e-07 0 1.31653e-07 0
1231.05 7.82948e-07 7.74186e-07 8.76202e-09 0.0111911 0.0719823 1.2484e-08 0 1.81513e-08 0 2.58378e-08 0 3.14834e-08 0 3.60776e-08 0 4.00289e-08 0 4.3494e-08 0 4.66189e-08 0 4.94889e-08 0 5.21147e-08 0 5.45704e-08 0 5.68769e-08 0 5.90575e-08 0 6.11373e-08 0 6.3082e-08 0 6.49185e-08 0 6.67056e-08 0 6.84417e-08 0 7.00629e-08 0 7.16298e-08 0 7.32044e-08 0 7.46597e-08 0 7.61212e-08 0 7.74609e-08 0 7.88056e-08 0 8.01551e-08 0 8.14447e-08 0 8.26738e-08 0 8.38416e-08 0 8.5078e-08 0 8.61872e-08 0 8.72992e-08 0 8.84141e-08 0 8.95317e-08 0 9.0586e-08 0 9.16427e-08 0 9.26355e-08 0 9.36302e-08 0 9.4627e-08 0 9.55591e-08 0 9.64928e-08 0
1294.24 6.70244e-07 6.63096e-07 7.1479e-09 0.0106646 0.0677016 9.84661e-09 0 1.40959e-08 0 1.97867e-08 0 2.39308e-08 0 2.72864e-08 0 3.01627e-08 0 3.26787e-08 0 3.49431e-08 0 3.70194e-08 0 3.89165e-08 0 4.06885e-08 0 4.23512e-08 0 4.39217e-08 0 4.54184e-08 0 4.68168e-08 0 4.81365e-08 0 4.942e-08 0 5.06661e-08 0 5.18292e-08 0 5.29527e-08 0 5.40814e-08 0 5.5124e-08 0 5.61707e-08 0 5.71298e-08 0 5.80921e-08 0 5.90576e-08 0 5.998e-08 0 6.08588e-08 0 6.16936e-08 0 6.2577e-08 0 6.33695e-08 0 6.41638e-08 0 6.49599e-08 0 6.57578e-08 0 6.65104e-08 0 6.72645e-08 0 6.79728e-08 0 6.86825e-08 0 6.93934e-08 0 7.0058e-08 0 7.07238e-08 0
1360.67 5.75106e-07 5.69271e-07 5.83479e-09 0.0101456 0.0635012 7.72981e-09 0 1.09051e-08 0 1.51085e-08 0 1.81452e-08 0 2.05929e-08 0 2.26846e-08 0 2.451e-08 0 2.61498e-08 0 2.76512e-08 0 2.90212e-08 0 3.02996e-08 0 3.1498e-08 0 3.26289e-08 0 3.37059e-08 0 3.47115e-08 0 3.566e-08 0 3.65818e-08 0 3.74764e-08 0 3.8311e-08 0 3.91169e-08 0 3.99261e-08 0 4.06734e-08 0 4.14232e-08 0 4.21102e-08 0 4.27992e-08 0 4.34902e-08 0 4.41503e-08 0 4.47789e-08 0 4.5376e-08 0 4.60077e-08 0 4.65742e-08 0 4.71419e-08 0 4.77107e-08 0 4.82808e-08 0 4.88183e-08 0 4.93568e-08 0 4.98626e-08 0 5.03692e-08 0 5.08766e-08 0 5.13509e-08 0 5.1826e-08 0
1430.51 4.94254e-07 4.89489e-07 4.76497e-09 0.00964072 0.0594559 6.03743e-09 0 8.40154e-09 0 1.14976e-08 0 1.3718e-08 0 1.55005e-08 0 1.70192e-08 0 1.83418e-08 0 1.9528e-08 0 2.06126e-08 0 2.16011e-08 0 2.25225e-08 0 2.33856e-08 0 2.41995e-08 0 2.4974e-08 0 2.56967e-08 0 2.6378e-08 0 2.70399e-08 0 2.76819e-08 0 2.82805e-08 0 2.88584e-08 0 2.94384e-08 0 2.99738e-08 0 3.0511e-08 0 3.10029e-08 0 3.14961e-08 0 3.19907e-08 0 3.24629e-08 0 3.29126e-08 0 3.33396e-08 0 3.37913e-08 0 3.41962e-08 0 3.4602e-08 0 3.50085e-08 0 3.54157e-08 0 3.57997e-08 0 3.61843e-08 0 3.65454e-08 0 3.69071e-08 0 3.72693e-08 0 3.76079e-08 0 3.79469e-08 0
1503.94 4.24885e-07 4.20993e-07 3.89263e-09 0.0091616 0.0557097 4.68747e-09 0 6.43954e-09 0 8.7115e-09 0 1.033e-08 0 1.16243e-08 0 1.27242e-08 0 1.36803e-08 0 1.45364e-08 0 1.53182e-08 0 1.603e-08 0 1.66929e-08 0 1.73133e-08 0 1.7898e-08 0 1.8454e-08 0 1.89726e-08 0 1.94612e-08 0 1.99357e-08 0 2.03957e-08 0 2.08245e-08 0 2.12382e-08 0 2.16533e-08 0 2.20364e-08 0 2.24207e-08 0 2.27724e-08 0 2.31251e-08 0 2.34786e-08 0 2.3816e-08 0 2.41373e-08 0 2.44423e-08 0 2.47648e-08 0 2.5054e-08 0 2.53436e-08 0 2.56337e-08 0 2.59244e-08 0 2.61983e-08 0 2.64727e-08 0 2.67303e-08 0 2.69883e-08 0 2.72466e-08 0 2.7488e-08 0 2.77296e-08 0
1581.14 3.62946e-07 3.59766e-07 3.18032e-09 0.00876251 0.0521467 3.595e-09 0 4.87943e-09 0 6.52992e-09 0 7.69848e-09 0 8.62969e-09 0 9.41921e-09 0 1.01042e-08 0 1.07168e-08 0 1.12755e-08 0 1.17837e-08 0 1.22567e-08 0 1.26989e-08 0 1.31155e-08 0 1.35114e-08 0 1.38805e-08 0 1.4228e-08 0 1.45654e-08 0 1.48924e-08 0 1.5197e-08 0 1.54909e-08 0 1.57857e-08 0 1.60577e-08 0 1.63303e-08 0 1.65799e-08 0 1.683e-08 0 1.70807e-08 0 1.732e-08 0 1.75478e-08 0 1.77639e-08 0 1.79925e-08 0 1.81973e-08 0 1.84025e-08 0 1.8608e-08 0 1.88138e-08 0 1.90078e-08 0 1.92021e-08 0 1.93844e-08 0 1.9567e-08 0 1.97498e-08 0 1.99206e-08 0 2.00916e-08 0
1662.3 3.09169e-07 3.0657e-07 2.59843e-09 0.00840458 0.0480289 2.73426e-09 0 3.66935e-09 0 4.86094e-09 0 5.69985e-09 0 6.36624e-09 0 6.93e-09 0 7.41834e-09 0 7.85447e-09 0 8.25186e-09 0 8.61302e-09 0 8.94885e-09 0 9.26272e-09 0 9.55814e-09 0 9.83879e-09 0 1.01003e-08 0 1.03464e-08 0 1.05853e-08 0 1.08167e-08 0 1.10322e-08 0 1.12401e-08 0 1.14485e-08 0 1.16408e-08 0 1.18335e-08 0 1.20098e-08 0 1.21865e-08 0 1.23636e-08 0 1.25325e-08 0 1.26933e-08 0 1.28459e-08 0 1.30072e-08 0 1.31518e-08 0 1.32965e-08 0 1.34415e-08 0 1.35867e-08 0 1.37235e-08 0 1.38605e-08 0 1.3989e-08 0 1.41177e-08 0 1.42466e-08 0 1.4367e-08 0 1.44875e-08 0
1747.63 2.68685e-07 2.66561e-07 2.12407e-09 0.0079054 0.0435522 2.11107e-09 0 2.80307e-09 0 3.67817e-09 0 4.2911e-09 0 4.77655e-09 0 5.18643e-09 0 5.54095e-09 0 5.8572e-09 0 6.14509e-09 0 6.40651e-09 0 6.64944e-09 0 6.87635e-09 0 7.0898e-09 0 7.29249e-09 0 7.48127e-09 0 7.65891e-09 0 7.8312e-09 0 7.99808e-09 0 8.15348e-09 0 8.30329e-09 0 8.45348e-09 0 8.59198e-09 0 8.73077e-09 0 8.85775e-09 0 8.98497e-09 0 9.11242e-09 0 9.23401e-09 0 9.34971e-09 0 9.45948e-09 0 9.57553e-09 0 9.6795e-09 0 9.78361e-09 0 9.88785e-09 0 9.99221e-09 0 1.00906e-08 0 1.0189e-08 0 1.02814e-08 0 1.03739e-08 0 1.04665e-08 0 1.0553e-08 0 1.06396e-08 0
1837.33 2.37648e-07 2.3591e-07 1.73744e-09 0.00731099 0.0399598 1.65101e-09 0 2.17046e-09 0 2.82276e-09 0 3.27748e-09 0 3.63668e-09 0 3.9394e-09 0 4.20089e-09 0 4.4339e-09 0 4.64583e-09 0 4.83814e-09 0 5.01674e-09 0 5.18346e-09 0 5.34023e-09 0 5.48903e-09 0 5.62756e-09 0 5.75787e-09 0 5.88422e-09 0 6.00656e-09 0 6.12046e-09 0 6.23024e-09 0 6.34026e-09 0 6.4417e-09 0 6.54334e-09 0 6.63631e-09 0 6.72943e-09 0 6.82271e-09 0 6.91169e-09 0 6.99634e-09 0 7.07665e-09 0 7.16153e-09 0 7.23757e-09 0 7.3137e-09 0 7.38992e-09 0 7.46622e-09 0 7.53812e-09 0 7.61008e-09 0 7.67762e-09 0 7.74521e-09 0 7.81287e-09 0 7.87608e-09 0 7.93933e-09 0
1931.64 2.08886e-07 2.07464e-07 1.42131e-09 0.00680425 0.0371956 1.27725e-09 0 1.66348e-09 0 2.14538e-09 0 2.47988e-09 0 2.74346e-09 0 2.96524e-09 0 3.15657e-09 0 3.3269e-09 0 3.4817e-09 0 3.62207e-09 0 3.75237e-09 0 3.87394e-09 0 3.98819e-09 0 4.0966e-09 0 4.1975e-09 0 4.29237e-09 0 4.38434e-09 0 4.47337e-09 0 4.55623e-09 0 4.63608e-09 0 4.71609e-09 0 4.78984e-09 0 4.86372e-09 0 4.93129e-09 0 4.99896e-09 0 5.06674e-09 0 5.13137e-09 0 5.19286e-09 0 5.25119e-09 0 5.31282e-09 0 5.36804e-09 0 5.42331e-09 0 5.47864e-09 0 5.53403e-09 0 5.5862e-09 0 5.63843e-09 0 5.68744e-09 0 5.73649e-09 0 5.78557e-09 0 5.83143e-09 0 5.87731e-09 0
2030.79 1.82228e-07 1.81066e-07 1.16254e-09 0.00637961 0.0343943 9.7645e-10 0 1.26062e-09 0 1.61312e-09 0 1.85682e-09 0 2.04844e-09 0 2.20942e-09 0 2.34815e-09 0 2.47154e-09 0 2.5836e-09 0 2.68516e-09 0 2.77937e-09 0 2.86724e-09 0 2.94979e-09 0 3.02809e-09 0 3.10093e-09 0 3.16941e-09 0 3.23578e-09 0 3.30001e-09 0 3.35977e-09 0 3.41735e-09 0 3.47504e-09 0 3.52821e-09 0 3.58146e-09 0 3.63015e-09 0 3.67891e-09 0 3.72774e-09 0 3.7743e-09 0 3.81858e-09 0 3.86059e-09 0 3.90497e-09 0 3.94473e-09 0 3.98452e-09 0 4.02435e-09 0 4.06421e-09 0 4.10177e-09 0 4.13935e-09 0 4.17462e-09 0 4.20991e-09 0 4.24523e-09 0 4.27822e-09 0 4.31123e-09 0
2135.03 1.59109e-07 1.58158e-07 9.50954e-10 0.00597674 0.0316964 7.44148e-10 0 9.5285e-10 0 1.21034e-09 0 1.38773e-09 0 1.52692e-09 0 1.6437e-09 0 1.74423e-09 0 1.83358e-09 0 1.91466e-09 0 1.98811e-09 0 2.05622e-09 0 2.11971e-09 0 2.17934e-09 0 2.23588e-09 0 2.28847e-09 0 2.33789e-09 0 2.38578e-09 0 2.43211e-09 0 2.47521e-09 0 2.51674e-09 0 2.55833e-09 0 2.59665e-09 0 2.63503e-09 0 2.67012e-09 0 2.70526e-09 0 2.74044e-09 0 2.77398e-09 0 2.80588e-09 0 2.83613e-09 0 2.86809e-09 0 2.89672e-09 0 2.92537e-09 0 2.95404e-09 0 2.98274e-09 0 3.00978e-09 0 3.03683e-09 0 3.06221e-09 0 3.08761e-09 0 3.11303e-09 0 3.13676e-09 0 3.16051e-09 0
2244.63 1.39157e-07 1.38379e-07 7.77928e-10 0.00559029 0.0291489 5.65937e-10 0 7.19094e-10 0 9.07134e-10 0 1.03625e-09 0 1.13738e-09 0 1.22212e-09 0 1.295e-09 0 1.35973e-09 0 1.41843e-09 0 1.47159e-09 0 1.52085e-09 0 1.56676e-09 0 1.60986e-09 0 1.65072e-09 0 1.68871e-09 0 1.72441e-09 0 1.75899e-09 0 1.79244e-09 0 1.82356e-09 0 1.85352e-09 0 1.88354e-09 0 1.91119e-09 0 1.93888e-09 0 1.96419e-09 0 1.98953e-09 0 2.0149e-09 0 2.03908e-09 0 2.06208e-09 0 2.08389e-09 0 2.10693e-09 0 2.12757e-09 0 2.14822e-09 0 2.16888e-09 0 2.18956e-09 0 2.20904e-09 0 2.22853e-09 0 2.24682e-09 0 2.26512e-09 0 2.28343e-09 0 2.30053e-09 0 2.31763e-09 0
2359.84 1.21953e-07 1.21316e-07 6.36436e-10 0.00521872 0.0267905 4.29759e-10 0 5.42129e-10 0 6.79479e-10 0 7.73508e-10 0 8.47031e-10 0 9.08569e-10 0 9.61451e-10 0 1.00839e-09 0 1.05094e-09 0 1.08944e-09 0 1.12511e-09 0 1.15835e-09 0 1.18954e-09 0 1.2191e-09 0 1.24658e-09 0 1.27239e-09 0 1.29739e-09 0 1.32157e-09 0 1.34406e-09 0 1.36572e-09 0 1.38741e-09 0 1.40738e-09 0 1.42738e-09 0 1.44566e-09 0 1.46397e-09 0 1.48228e-09 0 1.49975e-09 0 1.51635e-09 0 1.5321e-09 0 1.54873e-09 0 1.56362e-09 0 1.57853e-09 0 1.59344e-09 0 1.60837e-09 0 1.62242e-09 0 1.63649e-09 0 1.64968e-09 0 1.66288e-09 0 1.67609e-09 0 1.68843e-09 0 1.70077e-09 0
2480.97 1.07094e-07 1.06573e-07 5.20761e-10 0.00486265 0.0246115 3.25939e-10 0 4.08385e-10 0 5.08748e-10 0 5.7727e-10 0 6.30768e-10 0 6.75498e-10 0 7.13908e-10 0 7.47978e-10 0 7.78848e-10 0 8.06772e-10 0 8.32634e-10 0 8.56721e-10 0 8.79322e-10 0 9.00734e-10 0 9.20636e-10 0 9.39328e-10 0 9.57428e-10 0 9.74931e-10 0 9.91208e-10 0 1.00688e-09 0 1.02257e-09 0 1.03702e-09 0 1.05149e-09 0 1.06471e-09 0 1.07795e-09 0 1.0912e-09 0 1.10383e-09 0 1.11583e-09 0 1.12721e-09 0 1.13924e-09 0 1.15e-09 0 1.16078e-09 0 1.17156e-09 0 1.18234e-09 0 1.1925e-09 0 1.20267e-09 0 1.2122e-09 0 1.22174e-09 0 1.23128e-09 0 1.24019e-09 0 1.24911e-09 0
2608.32 9.42358e-08 9.38097e-08 4.26163e-10 0.0045223 0.0226031 2.46933e-10 0 3.07433e-10 0 3.80808e-10 0 4.30781e-10 0 4.69742e-10 0 5.02288e-10 0 5.30215e-10 0 5.54974e-10 0 5.77397e-10 0 5.97673e-10 0 6.16446e-10 0 6.33925e-10 0 6.50322e-10 0 6.65853e-10 0 6.80286e-10 0 6.93839e-10 0 7.06961e-10 0 7.19648e-10 0 7.31445e-10 0 7.42801e-10 0 7.5417e-10 0 7.64641e-10 0 7.75122e-10 0 7.84701e-10 0 7.94287e-10 0 8.03881e-10 0 8.13026e-10 0 8.2172e-10 0 8.29962e-10 0 8.38668e-10 0 8.46462e-10 0 8.54261e-10 0 8.62064e-10 0 8.69872e-10 0 8.77224e-10 0 8.8458e-10 0 8.9148e-10 0 8.98383e-10 0 9.05289e-10 0 9.11737e-10 0 9.18188e-10 0
2742.21 8.30849e-08 8.27361e-08 3.48767e-10 0.00419772 0.0207556 1.86903e-10 0 2.31309e-10 0 2.84986e-10 0 3.2146e-10 0 3.49862e-10 0 3.73567e-10 0 3.93895e-10 0 4.11908e-10 0 4.28215e-10 0 4.42956e-10 0 4.566e-10 0 4.693e-10 0 4.81212e-10 0 4.92492e-10 0 5.02973e-10 0 5.12813e-10 0 5.22339e-10 0 5.31548e-10 0 5.4011e-10 0 5.48351e-10 0 5.566e-10 0 5.64197e-10 0 5.71801e-10 0 5.78749e-10 0 5.85703e-10 0 5.92661e-10 0 5.99294e-10 0 6.05598e-10 0 6.11575e-10 0 6.17887e-10 0 6.23538e-10 0 6.29192e-10 0 6.3485e-10 0 6.4051e-10 0 6.45839e-10 0 6.51171e-10 0 6.56173e-10 0 6.61176e-10 0 6.66181e-10 0 6.70854e-10 0 6.7553e-10 0
2882.97 7.33947e-08 7.31093e-08 2.85439e-10 0.00388909 0.0190564 1.41353e-10 0 1.7396e-10 0 2.13253e-10 0 2.39899e-10 0 2.60624e-10 0 2.77908e-10 0 2.92722e-10 0 3.05842e-10 0 3.17716e-10 0 3.28446e-10 0 3.38375e-10 0 3.47615e-10 0 3.5628e-10 0 3.64483e-10 0 3.72105e-10 0 3.79259e-10 0 3.86184e-10 0 3.92878e-10 0 3.99101e-10 0 4.05089e-10 0 4.11084e-10 0 4.16604e-10 0 4.22128e-10 0 4.27176e-10 0 4.32227e-10 0 4.37281e-10 0 4.42098e-10 0 4.46677e-10 0 4.51017e-10 0 4.55601e-10 0 4.59705e-10 0 4.6381e-10 0 4.67918e-10 0 4.72027e-10 0 4.75897e-10 0 4.79768e-10 0 4.83398e-10 0 4.8703e-10 0 4.90663e-10 0 4.94055e-10 0 4.97449e-10 0
3030.95 6.49579e-08 6.47243e-08 2.33618e-10 0.00359646 0.0174946 1.06833e-10 0 1.30787e-10 0 1.59573e-10 0 1.79057e-10 0 1.94196e-10 0 2.06813e-10 0 2.17621e-10 0 2.2719e-10 0 2.35846e-10 0 2.43666e-10 0 2.50901e-10 0 2.57633e-10 0 2.63944e-10 0 2.69919e-10 0 2.75468e-10 0 2.80677e-10 0 2.85719e-10 0 2.90591e-10 0 2.9512e-10 0 2.99479e-10 0 3.03841e-10 0 3.07857e-10 0 3.11876e-10 0 3.15549e-10 0 3.19223e-10 0 3.229e-10 0 3.26404e-10 0 3.29735e-10 0 3.32891e-10 0 3.36225e-10 0 3.39209e-10 0 3.42195e-10 0 3.45182e-10 0 3.4817e-10 0 3.50983e-10 0 3.53798e-10 0 3.56437e-10 0 3.59078e-10 0 3.61719e-10 0 3.64185e-10 0 3.66652e-10 0
3186.53 5.7598e-08 5.74068e-08 1.9121e-10 0.00331973 0.0160586 8.0699e-11 0 9.83071e-11 0 1.19413e-10 0 1.33675e-10 0 1.44746e-10 0 1.53966e-10 0 1.61861e-10 0 1.68848e-10 0 1.75167e-10 0 1.80874e-10 0 1.86153e-10 0 1.91064e-10 0 1.95667e-10 0 2.00024e-10 0 2.04071e-10 0 2.07869e-10 0 2.11544e-10 0 2.15096e-10 0 2.18397e-10 0 2.21573e-10 0 2.24752e-10 0 2.27679e-10 0 2.30608e-10 0 2.33283e-10 0 2.3596e-10 0 2.38639e-10 0 2.41192e-10 0 2.43618e-10 0 2.45917e-10 0 2.48345e-10 0 2.50519e-10 0 2.52693e-10 0 2.54868e-10 0 2.57045e-10 0 2.59093e-10 0 2.61143e-10 0 2.63065e-10 0 2.64988e-10 0 2.66911e-10 0 2.68706e-10 0 2.70502e-10 0
3350.09 5.11658e-08 5.10093e-08 1.56503e-10 0.00305874 0.0147401 6.09324e-11 0 7.38841e-11 0 8.93728e-11 0 9.98229e-11 0 1.07928e-10 0 1.14674e-10 0 1.20449e-10 0 1.25557e-10 0 1.30176e-10 0 1.34346e-10 0 1.38203e-10 0 1.41791e-10 0 1.45153e-10 0 1.48335e-10 0 1.5129e-10 0 1.54063e-10 0 1.56746e-10 0 1.59338e-10 0 1.61748e-10 0 1.64066e-10 0 1.66386e-10 0 1.68522e-10 0 1.70659e-10 0 1.72612e-10 0 1.74565e-10 0 1.76519e-10 0 1.78382e-10 0 1.80152e-10 0 1.81829e-10 0 1.836e-10 0 1.85186e-10 0 1.86772e-10 0 1.88358e-10 0 1.89946e-10 0 1.9144e-10 0 1.92935e-10 0 1.94336e-10 0 1.95738e-10 0 1.97141e-10 0 1.9845e-10 0 1.9976e-10 0
3522.05 4.55347e-08 4.54066e-08 1.28099e-10 0.00281322 0.0135287 4.59937e-11 0 5.55275e-11 0 6.6905e-11 0 7.45707e-11 0 8.05115e-11 0 8.5454e-11 0 8.96824e-11 0 9.34223e-11 0 9.68028e-11 0 9.98547e-11 0 1.02677e-10 0 1.05301e-10 0 1.0776e-10 0 1.10087e-10 0 1.12248e-10 0 1.14275e-10 0 1.16237e-10 0 1.18132e-10 0 1.19894e-10 0 1.21588e-10 0 1.23284e-10 0 1.24845e-10 0 1.26407e-10 0 1.27834e-10 0 1.29261e-10 0 1.30689e-10 0 1.3205e-10 0 1.33343e-10 0 1.34568e-10 0 1.35863e-10 0 1.37021e-10 0 1.3818e-10 0 1.39339e-10 0 1.40498e-10 0 1.41589e-10 0 1.42681e-10 0 1.43705e-10 0 1.44729e-10 0 1.45754e-10 0 1.4671e-10 0 1.47666e-10 0
3702.84 4.05955e-08 4.04907e-08 1.04851e-10 0.00258282 0.0124164 3.471e-11 0 4.17336e-11 0 5.00996e-11 0 5.57291e-11 0 6.00888e-11 0 6.37142e-11 0 6.68147e-11 0 6.95562e-11 0 7.20338e-11 0 7.42701e-11 0 7.63375e-11 0 7.82598e-11 0 8.0061e-11 0 8.17652e-11 0 8.33475e-11 0 8.48321e-11 0 8.62683e-11 0 8.7656e-11 0 8.89454e-11 0 9.0186e-11 0 9.14273e-11 0 9.25698e-11 0 9.37129e-11 0 9.47571e-11 0 9.58017e-11 0 9.68468e-11 0 9.78425e-11 0 9.87888e-11 0 9.96855e-11 0 1.00632e-10 0 1.0148e-10 0 1.02328e-10 0 1.03176e-10 0 1.04024e-10 0 1.04822e-10 0 1.05621e-10 0 1.0637e-10 0 1.07119e-10 0 1.07869e-10 0 1.08568e-10 0 1.09268e-10 0
3892.91 3.62561e-08 3.61702e-08 8.5823e-11 0.00236714 0.0113953 2.61918e-11 0 3.13707e-11 0 3.75288e-11 0 4.16678e-11 0 4.48713e-11 0 4.7534e-11 0 4.98104e-11 0 5.18228e-11 0 5.36411e-11 0 5.5282e-11 0 5.67988e-11 0 5.82089e-11 0 5.95301e-11 0 6.078e-11 0 6.19404e-11 0 6.30291e-11 0 6.40822e-11 0 6.50996e-11 0 6.60449e-11 0 6.69544e-11 0 6.78643e-11 0 6.87018e-11 0 6.95397e-11 0 7.03051e-11 0 7.10707e-11 0 7.18367e-11 0 7.25664e-11 0 7.32598e-11 0 7.3917e-11 0 7.46109e-11 0 7.52319e-11 0 7.58531e-11 0 7.64745e-11 0 7.7096e-11 0 7.7681e-11 0 7.82663e-11 0 7.8815e-11 0 7.93639e-11 0 7.99129e-11 0 8.04254e-11 0 8.0938e-11 0
4092.73 3.24367e-08 3.23664e-08 7.02483e-11 0.00216571 0.0104576 1.97635e-11 0 2.35857e-11 0 2.81235e-11 0 3.11704e-11 0 3.35272e-11 0 3.54854e-11 0 3.71591e-11 0 3.86382e-11 0 3.99745e-11 0 4.11802e-11 0 4.22946e-11 0 4.33305e-11 0 4.43009e-11 0 4.5219e-11 0 4.60711e-11 0 4.68706e-11 0 4.76439e-11 0 4.8391e-11 0 4.90851e-11 0 4.97528e-11 0 5.04208e-11 0 5.10356e-11 0 5.16507e-11 0 5.22125e-11 0 5.27745e-11 0 5.33367e-11 0 5.38723e-11 0 5.43813e-11 0 5.48636e-11 0 5.53729e-11 0 5.58286e-11 0 5.62845e-11 0 5.67405e-11 0 5.71966e-11 0 5.76259e-11 0 5.80554e-11 0 5.8458e-11 0 5.88608e-11 0 5.92636e-11 0 5.96397e-11 0 6.00158e-11 0
4302.81 2.90695e-08 2.9012e-08 5.75004e-11 0.00197804 0.0095967 1.49138e-11 0 1.77376e-11 0 2.10853e-11 0 2.33309e-11 0 2.5067e-11 0 2.6509e-11 0 2.77412e-11 0 2.88299e-11 0 2.98133e-11 0 3.07005e-11 0 3.15204e-11 0 3.22824e-11 0 3.29963e-11 0 3.36715e-11 0 3.42983e-11 0 3.48862e-11 0 3.54549e-11 0 3.60043e-11 0 3.65146e-11 0 3.70056e-11 0 3.74967e-11 0 3.79488e-11 0 3.8401e-11 0 3.8814e-11 0 3.92272e-11 0 3.96404e-11 0 4.00341e-11 0 4.04083e-11 0 4.07628e-11 0 4.11371e-11 0 4.14721e-11 0 4.18072e-11 0 4.21423e-11 0 4.24775e-11 0 4.27931e-11 0 4.31087e-11 0 4.34046e-11 0 4.37006e-11 0 4.39966e-11 0 4.4273e-11 0 4.45494e-11 0
4523.68 2.6096e-08 2.60489e-08 4.70662e-11 0.00180358 0.00880648 1.12556e-11 0 1.33439e-11 0 1.58165e-11 0 1.74737e-11 0 1.87543e-11 0 1.98176e-11 0 2.07259e-11 0 2.15284e-11 0 2.22531e-11 0 2.29068e-11 0 2.35109e-11 0 2.40723e-11 0 2.45982e-11 0 2.50955e-11 0 2.55572e-11 0 2.59902e-11 0 2.6409e-11 0 2.68136e-11 0 2.71894e-11 0 2.75509e-11 0 2.79126e-11 0 2.82454e-11 0 2.85783e-11 0 2.88824e-11 0 2.91866e-11 0 2.94909e-11 0 2.97807e-11 0 3.00561e-11 0 3.03171e-11 0 3.05927e-11 0 3.08393e-11 0 3.10859e-11 0 3.13326e-11 0 3.15793e-11 0 3.18116e-11 0 3.20439e-11 0 3.22617e-11 0 3.24796e-11 0 3.26975e-11 0 3.29009e-11 0 3.31043e-11 0
4755.88 2.34671e-08 2.34285e-08 3.85306e-11 0.0016419 0.0080814 8.49698e-12 0 1.00431e-11 0 1.18716e-11 0 1.30962e-11 0 1.4042e-11 0 1.48272e-11 0 1.54977e-11 0 1.60901e-11 0 1.66249e-11 0 1.71073e-11 0 1.7553e-11 0 1.79673e-11 0 1.83552e-11 0 1.87221e-11 0 1.90627e-11 0 1.93821e-11 0 1.9691e-11 0 1.99894e-11 0 2.02665e-11 0 2.05331e-11 0 2.07999e-11 0 2.10453e-11 0 2.12908e-11 0 2.15151e-11 0 2.17393e-11 0 2.19637e-11 0 2.21774e-11 0 2.23805e-11 0 2.25729e-11 0 2.27761e-11 0 2.29579e-11 0 2.31397e-11 0 2.33216e-11 0 2.35035e-11 0 2.36747e-11 0 2.3846e-11 0 2.40065e-11 0 2.41671e-11 0 2.43278e-11 0 2.44777e-11 0 2.46276e-11 0
5000 2.1138e-08 2.11064e-08 3.15436e-11 0.00149227 0.0074156 6.4162e-12 0 7.56219e-12 0 8.91602e-12 0 9.82207e-12 0 1.05216e-11 0 1.11022e-11 0 1.15979e-11 0 1.20357e-11 0 1.2431e-11 0 1.27875e-11 0 1.31169e-11 0 1.34229e-11 0 1.37095e-11 0 1.39806e-11 0 1.42322e-11 0 1.44681e-11 0 1.46963e-11 0 1.49167e-11 0 1.51214e-11 0 1.53183e-11 0 1.55153e-11 0 1.56966e-11 0 1.58779e-11 0 1.60435e-11 0 1.62091e-11 0 1.63748e-11 0 1.65326e-11 0 1.66825e-11 0 1.68246e-11 0 1.69746e-11 0 1.71089e-11 0 1.72432e-11 0 1.73774e-11 0 1.75117e-11 0 1.76382e-11 0 1.77646e-11 0 1.78832e-11 0 1.80017e-11 0 1.81203e-11 0 1.8231e-11 0 1.83417e-11 0
