# 0.00390182 0 111 : grain size, compostion index, size index
# Heating and cooling timescale: 1.08359e-07 inf
# Ratio of heating to cooling to determine stochastic cutoff: 100
# Equilibrium emission is recorded even for those grains in the stochastic regime.
# Emission spectrum was computed for: 
# Type: ISRF
# Scales: 0.25 0.5 1 1.5 2 2.5 3 3.5 4 4.5 5 5.5 6 6.5 7 7.5 8 8.5 9 9.5 10 10.5 11 11.5 12 12.5 13 13.5 14 14.5 15 15.5 16 16.5 17 17.5 18 18.5 19 19.5 20
# StochasticallyHeated: 0 0 0 0 0 0 0 0 0 0 0 0 0 0 0 0 0 0 0 0 0 0 0 0 0 0 0 0 0 0 0 0 0 0 0 0 0 0 0 0 0
# Temperature: -1
# Wavelength  CExt  CAbs  CSca  Albedo G EqEm1 StEm1 EqEm2 StEm2 EqEm3 StEm3 EqEm4 StEm4 EqEm5 StEm5 EqEm6 StEm6 EqEm7 StEm7 EqEm8 StEm8 EqEm9 StEm9 EqEm10 StEm10 EqEm11 StEm11 EqEm12 StEm12 EqEm13 StEm13 EqEm14 StEm14 EqEm15 StEm15 EqEm16 StEm16 EqEm17 StEm17 EqEm18 StEm18 EqEm19 StEm19 EqEm20 StEm20 EqEm21 StEm21 EqEm22 StEm22 EqEm23 StEm23 EqEm24 StEm24 EqEm25 StEm25 EqEm26 StEm26 EqEm27 StEm27 EqEm28 StEm28 EqEm29 StEm29 EqEm30 StEm30 EqEm31 StEm31 EqEm32 StEm32 EqEm33 StEm33 EqEm34 StEm34 EqEm35 StEm35 EqEm36 StEm36 EqEm37 StEm37 EqEm38 StEm38 EqEm39 StEm39 EqEm40 StEm40 EqEm41 StEm41
0.05 9.59107e-05 4.5273e-05 5.06376e-05 0.527967 0.989934 0 0 0 0 0 0 0 0 0 0 0 0 0 0 0 0 0 0 0 0 0 0 0 0 0 0 0 0 0 0 0 0 0 0 0 0 0 0 0 0 0 0 0 0 0 0 0 0 0 0 0 0 0 0 0 0 0 0 0 0 0 0 0 0 0 0 0 0 0 0 0 0 0 0 0 0 0 0 0 0 0 0
0.0525665 9.5932e-05 4.44084e-05 5.15236e-05 0.537085 0.983251 0 0 0 0 0 0 0 0 0 0 0 0 0 0 0 0 0 0 0 0 0 0 0 0 0 0 0 0 0 0 0 0 0 0 0 0 0 0 0 0 0 0 0 0 0 0 0 0 0 0 0 0 0 0 0 0 0 0 0 0 0 0 0 0 0 0 0 0 0 0 0 0 0 0 0 0 0 0 0 0 0 0
0.0552647 9.59487e-05 4.41209e-05 5.18278e-05 0.540161 0.979634 0 0 0 0 0 0 0 0 0 0 0 0 0 0 0 0 0 0 0 0 0 0 0 0 0 0 0 0 0 0 0 0 0 0 0 0 0 0 0 0 0 0 0 0 0 0 0 0 0 0 0 0 0 0 0 0 0 0 0 0 0 0 0 0 0 0 0 0 0 0 0 0 0 0 0 0 0 0 0 0 0 0
0.0581015 9.59635e-05 4.39797e-05 5.19839e-05 0.541704 0.97713 0 0 0 0 0 0 0 0 0 0 0 0 0 0 0 0 0 0 0 0 0 0 0 0 0 0 0 0 0 0 0 0 0 0 0 0 0 0 0 0 0 0 0 0 0 0 0 0 0 0 0 0 0 0 0 0 0 0 0 0 0 0 0 0 0 0 0 0 0 0 0 0 0 0 0 0 0 0 0 0 0 0
0.0610839 9.59775e-05 4.38986e-05 5.20788e-05 0.542615 0.975263 0 0 0 0 0 0 0 0 0 0 0 0 0 0 0 0 0 0 0 0 0 0 0 0 0 0 0 0 0 0 0 0 0 0 0 0 0 0 0 0 0 0 0 0 0 0 0 0 0 0 0 0 0 0 0 0 0 0 0 0 0 0 0 0 0 0 0 0 0 0 0 0 0 0 0 0 0 0 0 0 0 0
0.0642193 9.59913e-05 4.38267e-05 5.21646e-05 0.54343 0.973629 0 0 0 0 0 0 0 0 0 0 0 0 0 0 0 0 0 0 0 0 0 0 0 0 0 0 0 0 0 0 0 0 0 0 0 0 0 0 0 0 0 0 0 0 0 0 0 0 0 0 0 0 0 0 0 0 0 0 0 0 0 0 0 0 0 0 0 0 0 0 0 0 0 0 0 0 0 0 0 0 0 0
0.0675157 9.6005e-05 4.37341e-05 5.22709e-05 0.54446 0.971909 0 0 0 0 0 0 0 0 0 0 0 0 0 0 0 0 0 0 0 0 0 0 0 0 0 0 0 0 0 0 0 0 0 0 0 0 0 0 0 0 0 0 0 0 0 0 0 0 0 0 0 0 0 0 0 0 0 0 0 0 0 0 0 0 0 0 0 0 0 0 0 0 0 0 0 0 0 0 0 0 0 0
0.0709813 9.60193e-05 4.36145e-05 5.24047e-05 0.545773 0.969933 0 0 0 0 0 0 0 0 0 0 0 0 0 0 0 0 0 0 0 0 0 0 0 0 0 0 0 0 0 0 0 0 0 0 0 0 0 0 0 0 0 0 0 0 0 0 0 0 0 0 0 0 0 0 0 0 0 0 0 0 0 0 0 0 0 0 0 0 0 0 0 0 0 0 0 0 0 0 0 0 0 0
0.0746248 9.60343e-05 4.34766e-05 5.25576e-05 0.54728 0.967694 0 0 0 0 0 0 0 0 0 0 0 0 0 0 0 0 0 0 0 0 0 0 0 0 0 0 0 0 0 0 0 0 0 0 0 0 0 0 0 0 0 0 0 0 0 0 0 0 0 0 0 0 0 0 0 0 0 0 0 0 0 0 0 0 0 0 0 0 0 0 0 0 0 0 0 0 0 0 0 0 0 0
0.0784553 9.60495e-05 4.33378e-05 5.27117e-05 0.548798 0.965357 0 0 0 0 0 0 0 0 0 0 0 0 0 0 0 0 0 0 0 0 0 0 0 0 0 0 0 0 0 0 0 0 0 0 0 0 0 0 0 0 0 0 0 0 0 0 0 0 0 0 0 0 0 0 0 0 0 0 0 0 0 0 0 0 0 0 0 0 0 0 0 0 0 0 0 0 0 0 0 0 0 0
0.0824824 9.60654e-05 4.32023e-05 5.28631e-05 0.550283 0.96298 0 0 0 0 0 0 0 0 0 0 0 0 0 0 0 0 0 0 0 0 0 0 0 0 0 0 0 0 0 0 0 0 0 0 0 0 0 0 0 0 0 0 0 0 0 0 0 0 0 0 0 0 0 0 0 0 0 0 0 0 0 0 0 0 0 0 0 0 0 0 0 0 0 0 0 0 0 0 0 0 0 0
0.0867162 9.60818e-05 4.3068e-05 5.30138e-05 0.551757 0.960554 0 0 0 0 0 0 0 0 0 0 0 0 0 0 0 0 0 0 0 0 0 0 0 0 0 0 0 0 0 0 0 0 0 0 0 0 0 0 0 0 0 0 0 0 0 0 0 0 0 0 0 0 0 0 0 0 0 0 0 0 0 0 0 0 0 0 0 0 0 0 0 0 0 0 0 0 0 0 0 0 0 0
0.0911674 9.60992e-05 4.29341e-05 5.31651e-05 0.553231 0.958065 0 0 0 0 0 0 0 0 0 0 0 0 0 0 0 0 0 0 0 0 0 0 0 0 0 0 0 0 0 0 0 0 0 0 0 0 0 0 0 0 0 0 0 0 0 0 0 0 0 0 0 0 0 0 0 0 0 0 0 0 0 0 0 0 0 0 0 0 0 0 0 0 0 0 0 0 0 0 0 0 0 0
0.095847 9.61169e-05 4.28022e-05 5.33148e-05 0.554687 0.955523 0 0 0 0 0 0 0 0 0 0 0 0 0 0 0 0 0 0 0 0 0 0 0 0 0 0 0 0 0 0 0 0 0 0 0 0 0 0 0 0 0 0 0 0 0 0 0 0 0 0 0 0 0 0 0 0 0 0 0 0 0 0 0 0 0 0 0 0 0 0 0 0 0 0 0 0 0 0 0 0 0 0
0.100767 9.61353e-05 4.26772e-05 5.34581e-05 0.556071 0.952987 0 0 0 0 0 0 0 0 0 0 0 0 0 0 0 0 0 0 0 0 0 0 0 0 0 0 0 0 0 0 0 0 0 0 0 0 0 0 0 0 0 0 0 0 0 0 0 0 0 0 0 0 0 0 0 0 0 0 0 0 0 0 0 0 0 0 0 0 0 0 0 0 0 0 0 0 0 0 0 0 0 0
0.105939 9.61545e-05 4.25789e-05 5.35756e-05 0.557182 0.950663 0 0 0 0 0 0 0 0 0 0 0 0 0 0 0 0 0 0 0 0 0 0 0 0 0 0 0 0 0 0 0 0 0 0 0 0 0 0 0 0 0 0 0 0 0 0 0 0 0 0 0 0 0 0 0 0 0 0 0 0 0 0 0 0 0 0 0 0 0 0 0 0 0 0 0 0 0 0 0 0 0 0
0.111377 9.6174e-05 4.25253e-05 5.36487e-05 0.557829 0.94893 0 0 0 0 0 0 0 0 0 0 0 0 0 0 0 0 0 0 0 0 0 0 0 0 0 0 0 0 0 0 0 0 0 0 0 0 0 0 0 0 0 0 0 0 0 0 0 0 0 0 0 0 0 0 0 0 0 0 0 0 0 0 0 0 0 0 0 0 0 0 0 0 0 0 0 0 0 0 0 0 0 0
0.117094 9.61938e-05 4.25028e-05 5.3691e-05 0.558154 0.947756 0 0 0 0 0 0 0 0 0 0 0 0 0 0 0 0 0 0 0 0 0 0 0 0 0 0 0 0 0 0 0 0 0 0 0 0 0 0 0 0 0 0 0 0 0 0 0 0 0 0 0 0 0 0 0 0 0 0 0 0 0 0 0 0 0 0 0 0 0 0 0 0 0 0 0 0 0 0 0 0 0 0
0.123105 9.62143e-05 4.246e-05 5.37543e-05 0.558693 0.946368 0 0 0 0 0 0 0 0 0 0 0 0 0 0 0 0 0 0 0 0 0 0 0 0 0 0 0 0 0 0 0 0 0 0 0 0 0 0 0 0 0 0 0 0 0 0 0 0 0 0 0 0 0 0 0 0 0 0 0 0 0 0 0 0 0 0 0 0 0 0 0 0 0 0 0 0 0 0 0 0 0 0
0.129424 9.62356e-05 4.24453e-05 5.37903e-05 0.558944 0.945284 0 0 0 0 0 0 0 0 0 0 0 0 0 0 0 0 0 0 0 0 0 0 0 0 0 0 0 0 0 0 0 0 0 0 0 0 0 0 0 0 0 0 0 0 0 0 0 0 0 0 0 0 0 0 0 0 0 0 0 0 0 0 0 0 0 0 0 0 0 0 0 0 0 0 0 0 0 0 0 0 0 0
0.136067 9.62565e-05 4.25069e-05 5.37496e-05 0.5584 0.945418 0 0 0 0 0 0 0 0 0 0 0 0 0 0 0 0 0 0 0 0 0 0 0 0 0 0 0 0 0 0 0 0 0 0 0 0 0 0 0 0 0 0 0 0 0 0 0 0 0 0 0 0 0 0 0 0 0 0 0 0 0 0 0 0 0 0 0 0 0 0 0 0 0 0 0 0 0 0 0 0 0 0
0.143051 9.6278e-05 4.25258e-05 5.37523e-05 0.558303 0.945144 0 0 0 0 0 0 0 0 0 0 0 0 0 0 0 0 0 0 0 0 0 0 0 0 0 0 0 0 0 0 0 0 0 0 0 0 0 0 0 0 0 0 0 0 0 0 0 0 0 0 0 0 0 0 0 0 0 0 0 0 0 0 0 0 0 0 0 0 0 0 0 0 0 0 0 0 0 0 0 0 0 0
0.150394 9.63005e-05 4.26299e-05 5.36706e-05 0.557324 0.945845 0 0 0 0 0 0 0 0 0 0 0 0 0 0 0 0 0 0 0 0 0 0 0 0 0 0 0 0 0 0 0 0 0 0 0 0 0 0 0 0 0 0 0 0 0 0 0 0 0 0 0 0 0 0 0 0 0 0 0 0 0 0 0 0 0 0 0 0 0 0 0 0 0 0 0 0 0 0 0 0 0 0
0.158114 9.63185e-05 4.2967e-05 5.33516e-05 0.553908 0.950544 0 0 0 0 0 0 0 0 0 0 0 0 0 0 0 0 0 0 0 0 0 0 0 0 0 0 0 0 0 0 0 0 0 0 0 0 0 0 0 0 0 0 0 0 0 0 0 0 0 0 0 0 0 0 0 0 0 0 0 0 0 0 0 0 0 0 0 0 0 0 0 0 0 0 0 0 0 0 0 0 0 0
0.16623 9.63342e-05 4.30051e-05 5.33291e-05 0.553584 0.952044 0 0 0 0 0 0 0 0 0 0 0 0 0 0 0 0 0 0 0 0 0 0 0 0 0 0 0 0 0 0 0 0 0 0 0 0 0 0 0 0 0 0 0 0 0 0 0 0 0 0 0 0 0 0 0 0 0 0 0 0 0 0 0 0 0 0 0 0 0 0 0 0 0 0 0 0 0 0 0 0 0 0
0.174762 9.63542e-05 4.26931e-05 5.36611e-05 0.556915 0.948624 0 0 0 0 0 0 0 0 0 0 0 0 0 0 0 0 0 0 0 0 0 0 0 0 0 0 0 0 0 0 0 0 0 0 0 0 0 0 0 0 0 0 0 0 0 0 0 0 0 0 0 0 0 0 0 0 0 0 0 0 0 0 0 0 0 0 0 0 0 0 0 0 0 0 0 0 0 0 0 0 0 0
0.183733 9.63777e-05 4.22037e-05 5.41739e-05 0.5621 0.942465 0 0 0 0 0 0 0 0 0 0 0 0 0 0 0 0 0 0 0 0 0 0 0 0 0 0 0 0 0 0 0 0 0 0 0 0 0 0 0 0 0 0 0 0 0 0 0 0 0 0 0 0 0 0 0 0 0 0 0 0 0 0 0 0 0 0 0 0 0 0 0 0 0 0 0 0 0 0 0 0 0 0
0.193164 9.64062e-05 4.14859e-05 5.49203e-05 0.569676 0.932703 0 0 0 0 0 0 0 0 0 0 0 0 0 0 0 0 0 0 0 0 0 0 0 0 0 0 0 0 0 0 0 0 0 0 0 0 0 0 0 0 0 0 0 0 0 0 0 0 0 0 0 0 0 0 0 0 0 0 0 0 0 0 0 0 0 0 0 0 0 0 0 0 0 0 0 0 0 0 0 0 0 0
0.203079 9.64405e-05 4.07277e-05 5.57128e-05 0.577691 0.921099 0 0 0 0 0 0 0 0 0 0 0 0 0 0 0 0 0 0 0 0 0 0 0 0 0 0 0 0 0 0 0 0 0 0 0 0 0 0 0 0 0 0 0 0 0 0 0 0 0 0 0 0 0 0 0 0 0 0 0 0 0 0 0 0 0 0 0 0 0 0 0 0 0 0 0 0 0 0 0 0 0 0
0.213503 9.64756e-05 4.01382e-05 5.63374e-05 0.583955 0.911415 0 0 0 0 0 0 0 0 0 0 0 0 0 0 0 0 0 0 0 0 0 0 0 0 0 0 0 0 0 0 0 0 0 0 0 0 0 0 0 0 0 0 0 0 0 0 0 0 0 0 0 0 0 0 0 0 0 0 0 0 0 0 0 0 0 0 0 0 0 0 0 0 0 0 0 0 0 0 0 0 0 0
0.224463 9.65118e-05 3.96279e-05 5.68839e-05 0.589399 0.902708 0 0 0 0 0 0 0 0 0 0 0 0 0 0 0 0 0 0 0 0 0 0 0 0 0 0 0 0 0 0 0 0 0 0 0 0 0 0 0 0 0 0 0 0 0 0 0 0 0 0 0 0 0 0 0 0 0 0 0 0 0 0 0 0 0 0 0 0 0 0 0 0 0 0 0 0 0 0 0 0 0 0
0.235984 9.65488e-05 3.91116e-05 5.74372e-05 0.594903 0.89395 0 0 0 0 0 0 0 0 0 0 0 0 0 0 0 0 0 0 0 0 0 0 0 0 0 0 0 0 0 0 0 0 0 0 0 0 0 0 0 0 0 0 0 0 0 0 0 0 0 0 0 0 0 0 0 0 0 0 0 0 0 0 0 0 0 0 0 0 0 0 0 0 0 0 0 0 0 0 0 0 0 0
0.248097 9.65891e-05 3.85042e-05 5.80849e-05 0.601361 0.883576 0 0 0 0 0 0 0 0 0 0 0 0 0 0 0 0 0 0 0 0 0 0 0 0 0 0 0 0 0 0 0 0 0 0 0 0 0 0 0 0 0 0 0 0 0 0 0 0 0 0 0 0 0 0 0 0 0 0 0 0 0 0 0 0 0 0 0 0 0 0 0 0 0 0 0 0 0 0 0 0 0 0
0.260832 9.66317e-05 3.80268e-05 5.86049e-05 0.606477 0.874765 0 0 0 0 0 0 0 0 0 0 0 0 0 0 0 0 0 0 0 0 0 0 0 0 0 0 0 0 0 0 0 0 0 0 0 0 0 0 0 0 0 0 0 0 0 0 0 0 0 0 0 0 0 0 0 0 0 0 0 0 0 0 0 0 0 0 0 0 0 0 0 0 0 0 0 0 0 0 0 0 0 0
0.274221 9.66755e-05 3.76486e-05 5.90269e-05 0.610568 0.86736 0 0 0 0 0 0 0 0 0 0 0 0 0 0 0 0 0 0 0 0 0 0 0 0 0 0 0 0 0 0 0 0 0 0 0 0 0 0 0 0 0 0 0 0 0 0 0 0 0 0 0 0 0 0 0 0 0 0 0 0 0 0 0 0 0 0 0 0 0 0 0 0 0 0 0 0 0 0 0 0 0 0
0.288297 9.67195e-05 3.73473e-05 5.93722e-05 0.613859 0.86124 0 0 0 0 0 0 0 0 0 0 0 0 0 0 0 0 0 0 0 0 0 0 0 0 0 0 0 0 0 0 0 0 0 0 0 0 0 0 0 0 0 0 0 0 0 0 0 0 0 0 0 0 0 0 0 0 0 0 0 0 0 0 0 0 0 0 0 0 0 0 0 0 0 0 0 0 0 0 0 0 0 0
0.303095 9.67656e-05 3.70941e-05 5.96715e-05 0.61666 0.855816 0 0 0 0 0 0 0 0 0 0 0 0 0 0 0 0 0 0 0 0 0 0 0 0 0 0 0 0 0 0 0 0 0 0 0 0 0 0 0 0 0 0 0 0 0 0 0 0 0 0 0 0 0 0 0 0 0 0 0 0 0 0 0 0 0 0 0 0 0 0 0 0 0 0 0 0 0 0 0 0 0 0
0.318653 9.68125e-05 3.68822e-05 5.99303e-05 0.619035 0.851129 0 0 0 0 0 0 0 0 0 0 0 0 0 0 0 0 0 0 0 0 0 0 0 0 0 0 0 0 0 0 0 0 0 0 0 0 0 0 0 0 0 0 0 0 0 0 0 0 0 0 0 0 0 0 0 0 0 0 0 0 0 0 0 0 0 0 0 0 0 0 0 0 0 0 0 0 0 0 0 0 0 0
0.335009 9.68606e-05 3.66935e-05 6.0167e-05 0.621172 0.846859 0 0 0 0 0 0 0 0 0 0 0 0 0 0 0 0 0 0 0 0 0 0 0 0 0 0 0 0 0 0 0 0 0 0 0 0 0 0 0 0 0 0 0 0 0 0 0 0 0 0 0 0 0 0 0 0 0 0 0 0 0 0 0 0 0 0 0 0 0 0 0 0 0 0 0 0 0 0 0 0 0 0
0.352205 9.69101e-05 3.65269e-05 6.03833e-05 0.623085 0.842972 0 0 0 0 0 0 0 0 0 0 0 0 0 0 0 0 0 0 0 0 0 0 0 0 0 0 0 0 0 0 0 0 0 0 0 0 0 0 0 0 0 0 0 0 0 0 0 0 0 0 0 0 0 0 0 0 0 0 0 0 0 0 0 0 0 0 0 0 0 0 0 0 0 0 0 0 0 0 0 0 0 0
0.370284 9.69615e-05 3.63612e-05 6.06003e-05 0.624993 0.839165 0 0 0 0 0 0 0 0 0 0 0 0 0 0 0 0 0 0 0 0 0 0 0 0 0 0 0 0 0 0 0 0 0 0 0 0 0 0 0 0 0 0 0 0 0 0 0 0 0 0 0 0 0 0 0 0 0 0 0 0 0 0 0 0 0 0 0 0 0 0 0 0 0 0 0 0 0 0 0 0 0 0
0.389291 9.70147e-05 3.62024e-05 6.08123e-05 0.626836 0.835506 0 0 0 0 0 0 0 0 0 0 0 0 0 0 0 0 0 0 0 0 0 0 0 0 0 0 0 0 0 0 0 0 0 0 0 0 0 0 0 0 0 0 0 0 0 0 0 0 0 0 0 0 0 0 0 0 0 0 0 0 0 0 0 0 0 0 0 0 0 0 0 0 0 0 0 0 0 0 0 0 0 0
0.409273 9.70696e-05 3.60372e-05 6.10325e-05 0.628749 0.831796 0 0 0 0 0 0 0 0 0 0 0 0 0 0 0 0 0 0 0 0 0 0 0 0 0 0 0 0 0 0 0 0 0 0 0 0 0 0 0 0 0 0 0 0 0 0 0 0 0 0 0 0 0 0 0 0 0 0 0 0 0 0 0 0 0 0 0 0 0 0 0 0 0 0 0 0 0 0 0 0 0 0
0.430281 9.71269e-05 3.58697e-05 6.12572e-05 0.630692 0.828067 0 0 0 0 0 0 0 0 0 0 0 0 0 0 0 0 0 0 0 0 0 0 0 0 0 0 0 0 0 0 0 0 0 0 0 0 0 0 0 0 0 0 0 0 0 0 0 0 0 0 0 0 0 0 0 0 0 0 0 0 0 0 0 0 0 0 0 0 0 0 0 0 0 0 0 0 0 0 0 0 0 0
0.452368 9.71861e-05 3.57129e-05 6.14732e-05 0.632531 0.824483 0 0 0 0 0 0 0 0 0 0 0 0 0 0 0 0 0 0 0 0 0 0 0 0 0 0 0 0 0 0 0 0 0 0 0 0 0 0 0 0 0 0 0 0 0 0 0 0 0 0 0 0 0 0 0 0 0 0 0 0 0 0 0 0 0 0 0 0 0 0 0 0 0 0 0 0 0 0 0 0 0 0
0.475588 9.72473e-05 3.55596e-05 6.16878e-05 0.634339 0.820951 0 0 0 0 0 0 0 0 0 0 0 0 0 0 0 0 0 0 0 0 0 0 0 0 0 0 0 0 0 0 0 0 0 0 0 0 0 0 0 0 0 0 0 0 0 0 0 0 0 0 0 0 0 0 0 0 0 0 0 0 0 0 0 0 0 0 0 0 0 0 0 0 0 0 0 0 0 0 0 0 0 0
0.5 9.73105e-05 3.54341e-05 6.18763e-05 0.635865 0.817814 0 0 0 0 0 0 0 0 0 0 0 0 0 0 0 0 0 0 0 0 0 0 0 0 0 0 0 0 0 0 0 0 0 0 0 0 0 0 0 0 0 0 0 0 0 0 0 0 0 0 0 0 0 0 0 0 0 0 0 0 0 0 0 0 0 0 0 0 0 0 0 0 0 0 0 0 0 0 0 0 0 0
0.525665 9.73747e-05 3.5335e-05 6.20398e-05 0.637124 0.815079 0 0 0 0 0 0 0 0 0 0 0 0 0 0 0 0 0 0 0 0 0 0 0 0 0 0 0 0 0 0 0 0 0 0 0 0 0 0 0 0 0 0 0 0 0 0 0 0 0 0 0 0 0 0 0 0 0 0 0 0 0 0 0 0 0 0 0 0 0 0 0 0 0 0 0 0 0 0 0 0 0 0
0.552648 9.74405e-05 3.5259e-05 6.21815e-05 0.638148 0.81272 0 0 0 0 0 0 0 0 0 0 0 0 0 0 0 0 0 0 0 0 0 0 0 0 0 0 0 0 0 0 0 0 0 0 0 0 0 0 0 0 0 0 0 0 0 0 0 0 0 0 0 0 0 0 0 0 0 0 0 0 0 0 0 0 0 0 0 0 0 0 0 0 0 0 0 0 0 0 0 0 0 0
0.581015 9.75074e-05 3.51978e-05 6.23096e-05 0.639024 0.810614 0 0 0 0 0 0 0 0 0 0 0 0 0 0 0 0 0 0 0 0 0 0 0 0 0 0 0 0 0 0 0 0 0 0 0 0 0 0 0 0 0 0 0 0 0 0 0 0 0 0 0 0 0 0 0 0 0 0 0 0 0 0 0 0 0 0 0 0 0 0 0 0 0 0 0 0 0 0 0 0 0 0
0.610839 9.75757e-05 3.51406e-05 6.2435e-05 0.639863 0.808597 0 0 0 0 0 0 0 0 0 0 0 0 0 0 0 0 0 0 0 0 0 0 0 0 0 0 0 0 0 0 0 0 0 0 0 0 0 0 0 0 0 0 0 0 0 0 0 0 0 0 0 0 0 0 0 0 0 0 0 0 0 0 0 0 0 0 0 0 0 0 0 0 0 0 0 0 0 0 0 0 0 0
0.642193 9.76462e-05 3.50885e-05 6.25577e-05 0.640656 0.806686 0 0 0 0 0 0 0 0 0 0 0 0 0 0 0 0 0 0 0 0 0 0 0 0 0 0 0 0 0 0 0 0 0 0 0 0 0 0 0 0 0 0 0 0 0 0 0 0 0 0 0 0 0 0 0 0 0 0 0 0 0 0 0 0 0 0 0 0 0 0 0 0 0 0 0 0 0 0 0 0 0 0
0.675157 9.77184e-05 3.50362e-05 6.26823e-05 0.641458 0.804798 0 0 0 0 0 0 0 0 0 0 0 0 0 0 0 0 0 0 0 0 0 0 0 0 0 0 0 0 0 0 0 0 0 0 0 0 0 0 0 0 0 0 0 0 0 0 0 0 0 0 0 0 0 0 0 0 0 0 0 0 0 0 0 0 0 0 0 0 0 0 0 0 0 0 0 0 0 0 0 0 0 0
0.709813 9.77923e-05 3.49837e-05 6.28086e-05 0.642265 0.802915 0 0 0 0 0 0 0 0 0 0 0 0 0 0 0 0 0 0 0 0 0 0 0 0 0 0 0 0 0 0 0 0 0 0 0 0 0 0 0 0 0 0 0 0 0 0 0 0 0 0 0 0 0 0 0 0 0 0 0 0 0 0 0 0 0 0 0 0 0 0 0 0 0 0 0 0 0 0 0 0 0 0
0.746248 9.78679e-05 3.49366e-05 6.29314e-05 0.643023 0.801115 0 0 0 0 0 0 0 0 0 0 0 0 0 0 0 0 0 0 0 0 0 0 0 0 0 0 0 0 0 0 0 0 0 0 0 0 0 0 0 0 0 0 0 0 0 0 0 0 0 0 0 0 0 0 0 0 0 0 0 0 0 0 0 0 0 0 0 0 0 0 0 0 0 0 0 0 0 0 0 0 0 0
0.784553 9.79447e-05 3.48989e-05 6.30458e-05 0.643687 0.799439 0 0 0 0 0 0 0 0 0 0 0 0 0 0 0 0 0 0 0 0 0 0 0 0 0 0 0 0 0 0 0 0 0 0 0 0 0 0 0 0 0 0 0 0 0 0 0 0 0 0 0 0 0 0 0 0 0 0 0 0 0 0 0 0 0 0 0 0 0 0 0 0 0 0 0 0 0 0 0 0 0 0
0.824824 9.80217e-05 3.48948e-05 6.31269e-05 0.64401 0.798254 0 0 0 0 0 0 0 0 0 0 0 0 0 0 0 0 0 0 0 0 0 0 0 0 0 0 0 0 0 0 0 0 0 0 0 0 0 0 0 0 0 0 0 0 0 0 0 0 0 0 0 0 0 0 0 0 0 0 0 0 0 0 0 0 0 0 0 0 0 0 0 0 0 0 0 0 0 0 0 0 0 0
0.867162 9.80995e-05 3.49224e-05 6.3177e-05 0.64401 0.797595 0 0 0 0 0 0 0 0 0 0 0 0 0 0 0 0 0 0 0 0 0 0 0 0 0 0 0 0 0 0 0 0 0 0 0 0 0 0 0 0 0 0 0 0 0 0 0 0 0 0 0 0 0 0 0 0 0 0 0 0 0 0 0 0 0 0 0 0 0 0 0 0 0 0 0 0 0 0 0 0 0 0
0.911674 9.81794e-05 3.49528e-05 6.32265e-05 0.64399 0.797035 0 0 0 0 0 0 0 0 0 0 0 0 0 0 0 0 0 0 0 0 0 0 0 0 0 0 0 0 0 0 0 0 0 0 0 0 0 0 0 0 0 0 0 0 0 0 0 0 0 0 0 0 0 0 0 0 0 0 0 0 0 0 0 0 0 0 0 0 0 0 0 0 0 0 0 0 0 0 0 0 0 0
0.95847 9.82632e-05 3.49537e-05 6.33095e-05 0.644285 0.796076 0 0 0 0 0 0 0 0 0 0 0 0 0 0 0 0 0 0 0 0 0 0 0 0 0 0 0 0 0 0 0 0 0 0 0 0 0 0 0 0 0 0 0 0 0 0 0 0 0 0 0 0 0 0 0 0 0 0 0 0 0 0 0 0 0 0 0 0 0 0 0 0 0 0 0 0 0 0 0 0 0 0
1.00767 9.83499e-05 3.49374e-05 6.34126e-05 0.644765 0.794847 0 0 0 0 0 0 0 0 0 0 0 0 0 0 0 0 0 0 0 0 0 0 0 0 0 0 0 0 0 0 0 0 0 0 0 0 0 0 0 0 0 0 0 0 0 0 0 0 0 0 0 0 0 0 0 0 0 0 0 0 0 0 0 0 0 0 0 0 0 0 0 0 0 0 0 0 0 0 0 0 0 0
1.05939 9.84386e-05 3.49255e-05 6.35131e-05 0.645205 0.793678 0 0 0 0 0 0 0 0 0 0 0 0 0 0 0 0 0 0 0 0 0 0 0 0 0 0 0 0 0 0 0 0 0 0 0 0 0 0 0 0 0 0 0 0 0 0 0 0 0 0 0 0 0 0 0 0 0 0 0 0 0 0 0 0 0 0 0 0 0 0 0 0 0 0 0 0 0 0 0 0 0 0
1.11377 9.85297e-05 3.49157e-05 6.3614e-05 0.645633 0.792532 0 0 0 0 0 0 0 0 0 0 0 0 0 0 0 0 0 0 0 0 0 0 0 0 0 0 0 0 0 0 0 0 0 0 0 0 0 0 0 0 0 0 0 0 0 0 0 0 0 0 0 0 0 0 0 0 0 0 0 0 0 0 0 0 0 0 0 0 0 0 0 0 0 0 0 0 0 0 0 0 0 0
1.17094 9.86233e-05 3.48982e-05 6.37251e-05 0.646146 0.791266 0 0 0 0 0 0 0 0 0 0 0 0 0 0 0 0 0 0 0 0 0 0 0 0 0 0 0 0 0 0 0 0 0 0 0 0 0 0 0 0 0 0 0 0 0 0 0 0 0 0 0 0 0 0 0 0 0 0 0 0 0 0 0 0 0 0 0 0 0 0 0 0 0 0 0 0 0 0 0 0 0 0
1.23105 9.87198e-05 3.48808e-05 6.3839e-05 0.646668 0.789994 0 0 0 0 0 0 0 0 0 0 0 0 0 0 0 0 0 0 0 0 0 0 0 0 0 0 0 0 0 0 0 0 0 0 0 0 0 0 0 0 0 0 0 0 0 0 0 0 0 0 0 0 0 0 0 0 0 0 0 0 0 0 0 0 0 0 0 0 0 0 0 0 0 0 0 0 0 0 0 0 0 0
1.29424 9.88179e-05 3.48701e-05 6.39478e-05 0.647128 0.788802 0 0 0 0 0 0 0 0 0 0 0 0 0 0 0 0 0 0 0 0 0 0 0 0 0 0 0 0 0 0 0 0 0 0 0 0 0 0 0 0 0 0 0 0 0 0 0 0 0 0 0 0 0 0 0 0 0 0 0 0 0 0 0 0 0 0 0 0 0 0 0 0 0 0 0 0 0 0 0 0 0 0
1.36067 9.89175e-05 3.48837e-05 6.40338e-05 0.647345 0.787958 0 0 0 0 0 0 0 0 0 0 0 0 0 0 0 0 0 0 0 0 0 0 0 0 0 0 0 0 0 0 0 0 0 0 0 0 0 0 0 0 0 0 0 0 0 0 0 0 0 0 0 0 0 0 0 0 0 0 0 0 0 0 0 0 0 0 0 0 0 0 0 0 0 0 0 0 0 0 0 0 0 0
1.43051 9.90215e-05 3.48985e-05 6.4123e-05 0.647566 0.787152 0 0 0 0 0 0 0 0 0 0 0 0 0 0 0 0 0 0 0 0 0 0 0 0 0 0 0 0 0 0 0 0 0 0 0 0 0 0 0 0 0 0 0 0 0 0 0 0 0 0 0 0 0 0 0 0 0 0 0 0 0 0 0 0 0 0 0 0 0 0 0 0 0 0 0 0 0 0 0 0 0 0
1.50394 9.91303e-05 3.48845e-05 6.42458e-05 0.648094 0.785908 0 0 0 0 0 0 0 0 0 0 0 0 0 0 0 0 0 0 0 0 0 0 0 0 0 0 0 0 0 0 0 0 0 0 0 0 0 0 0 0 0 0 0 0 0 0 0 0 0 0 0 0 0 0 0 0 0 0 0 0 0 0 0 0 0 0 0 0 0 0 0 0 0 0 0 0 0 0 0 0 0 0
1.58114 9.92419e-05 3.48647e-05 6.43772e-05 0.64869 0.784548 0 0 0 0 0 0 0 0 0 0 0 0 0 0 0 0 0 0 0 0 0 0 0 0 0 0 0 0 0 0 0 0 0 0 0 0 0 0 0 0 0 0 0 0 0 0 0 0 0 0 0 0 0 0 0 0 0 0 0 0 0 0 0 0 0 0 0 0 0 0 0 0 0 0 0 0 0 0 0 0 0 0
1.6623 9.93551e-05 3.48526e-05 6.45025e-05 0.649211 0.783273 0 0 0 0 0 0 0 0 0 0 0 0 0 0 0 0 0 0 0 0 0 0 0 0 0 0 0 0 0 0 0 0 0 0 0 0 0 0 0 0 0 0 0 0 0 0 0 0 0 0 0 0 0 0 0 0 0 0 0 0 0 0 0 0 0 0 0 0 0 0 0 0 0 0 0 0 0 0 0 0 0 0
1.74763 9.94713e-05 3.48534e-05 6.46179e-05 0.649614 0.782167 0 0 0 0 0 0 0 0 0 0 0 0 0 0 0 0 0 0 0 0 0 0 0 0 0 0 0 0 0 0 0 0 0 0 0 0 0 0 0 0 0 0 0 0 0 0 0 0 0 0 0 0 0 0 0 0 0 0 0 0 0 0 0 0 0 0 0 0 0 0 0 0 0 0 0 0 0 0 0 0 0 0
1.83733 9.95926e-05 3.48534e-05 6.47392e-05 0.65004 0.781047 0 0 0 0 0 0 0 0 0 0 0 0 0 0 0 0 0 0 0 0 0 0 0 0 0 0 0 0 0 0 0 0 0 0 0 0 0 0 0 0 0 0 0 0 0 0 0 0 0 0 0 0 0 0 0 0 0 0 0 0 0 0 0 0 0 0 0 0 0 0 0 0 0 0 0 0 0 0 0 0 0 0
1.93164 9.97178e-05 3.48291e-05 6.48886e-05 0.650723 0.779541 0 0 0 0 0 0 0 0 0 0 0 0 0 0 0 0 0 0 0 0 0 0 0 0 0 0 0 0 0 0 0 0 0 0 0 0 0 0 0 0 0 0 0 0 0 0 0 0 0 0 0 0 0 0 0 0 0 0 0 0 0 0 0 0 0 0 0 0 0 0 0 0 0 0 0 0 0 0 0 0 0 0
2.03079 9.98439e-05 3.48217e-05 6.50222e-05 0.651238 0.778245 0 0 0 0 0 0 0 0 0 0 0 0 0 0 0 0 0 0 0 0 0 0 0 0 0 0 0 0 0 0 0 0 0 0 0 0 0 0 0 0 0 0 0 0 0 0 0 0 0 0 0 0 0 0 0 0 0 0 0 0 0 0 0 0 0 0 0 0 0 0 0 0 0 0 0 0 0 0 0 0 0 0
2.13503 9.99741e-05 3.48257e-05 6.51483e-05 0.651652 0.777095 0 0 0 0 0 0 0 0 0 0 0 0 0 0 0 0 0 0 0 0 0 0 0 0 0 0 0 0 0 0 0 0 0 0 0 0 0 0 0 0 0 0 0 0 0 0 0 0 0 0 0 0 0 0 0 0 0 0 0 0 0 0 0 0 0 0 0 0 0 0 0 0 0 0 0 0 0 0 0 0 0 0
2.24463 0.000100108 3.4831e-05 6.5277e-05 0.652066 0.775937 0 0 0 0 0 0 0 0 0 0 0 0 0 0 0 0 0 0 0 0 0 0 0 0 0 0 0 0 0 0 0 0 0 0 0 0 0 0 0 0 0 0 0 0 0 0 0 0 0 0 0 0 0 0 0 0 0 0 0 0 0 0 0 0 0 0 0 0 0 0 0 0 0 0 0 0 0 0 0 0 0 0
2.35984 0.000100247 3.48367e-05 6.54105e-05 0.652492 0.77476 0 0 0 0 0 0 0 0 0 0 0 0 0 0 0 0 0 0 0 0 0 0 0 0 0 0 0 0 0 0 0 0 0 0 0 0 0 0 0 0 0 0 0 0 0 0 0 0 0 0 0 0 0 0 0 0 0 0 0 0 0 0 0 0 0 0 0 0 0 0 0 0 0 0 0 0 0 0 0 0 0 0
2.48097 0.00010039 3.48316e-05 6.55583e-05 0.653037 0.773394 0 0 0 0 0 0 0 0 0 0 0 0 0 0 0 0 0 0 0 0 0 0 0 0 0 0 0 0 0 0 0 0 0 0 0 0 0 0 0 0 0 0 0 0 0 0 0 0 0 0 0 0 0 0 0 0 0 0 0 0 0 0 0 0 0 0 0 0 0 0 0 0 0 0 0 0 0 0 0 0 0 0
2.60832 0.000100534 3.48699e-05 6.56645e-05 0.653155 0.772612 0 0 0 0 0 0 0 0 0 0 0 0 0 0 0 0 0 0 0 0 0 0 0 0 0 0 0 0 0 0 0 0 0 0 0 0 0 0 0 0 0 0 0 0 0 0 0 0 0 0 0 0 0 0 0 0 0 0 0 0 0 0 0 0 0 0 0 0 0 0 0 0 0 0 0 0 0 0 0 0 0 0
2.74221 0.000100692 3.4867e-05 6.58248e-05 0.653725 0.771224 0 0 0 0 0 0 0 0 0 0 0 0 0 0 0 0 0 0 0 0 0 0 0 0 0 0 0 0 0 0 0 0 0 0 0 0 0 0 0 0 0 0 0 0 0 0 0 0 0 0 0 0 0 0 0 0 0 0 0 0 0 0 0 0 0 0 0 0 0 0 0 0 0 0 0 0 0 0 0 0 0 0
2.88297 0.000100848 3.48532e-05 6.59947e-05 0.654399 0.769637 0 0 0 0 0 0 0 0 0 0 0 0 0 0 0 0 0 0 0 0 0 0 0 0 0 0 0 0 0 0 0 0 0 0 0 0 0 0 0 0 0 0 0 0 0 0 0 0 0 0 0 0 0 0 0 0 0 0 0 0 0 0 0 0 0 0 0 0 0 0 0 0 0 0 0 0 0 0 0 0 0 0
3.03095 0.000101011 3.48693e-05 6.61414e-05 0.654796 0.768438 0 0 0 0 0 0 0 0 0 0 0 0 0 0 0 0 0 0 0 0 0 0 0 0 0 0 0 0 0 0 0 0 0 0 0 0 0 0 0 0 0 0 0 0 0 0 0 0 0 0 0 0 0 0 0 0 0 0 0 0 0 0 0 0 0 0 0 0 0 0 0 0 0 0 0 0 0 0 0 0 0 0
3.18653 0.000101182 3.48425e-05 6.63392e-05 0.655644 0.766604 0 0 0 0 0 0 0 0 0 0 0 0 0 0 0 0 0 0 0 0 0 0 0 0 0 0 0 0 0 0 0 0 0 0 0 0 0 0 0 0 0 0 0 0 0 0 0 0 0 0 0 0 0 0 0 0 0 0 0 0 0 0 0 0 0 0 0 0 0 0 0 0 0 0 0 0 0 0 0 0 0 0
3.35009 0.000101346 3.48138e-05 6.65323e-05 0.656486 0.764712 0 0 0 0 0 0 0 0 0 0 0 0 0 0 0 0 0 0 0 0 0 0 0 0 0 0 0 0 0 0 0 0 0 0 0 0 0 0 0 0 0 0 0 0 0 0 0 0 0 0 0 0 0 0 0 0 0 0 0 0 0 0 0 0 0 0 0 0 0 0 0 0 0 0 0 0 0 0 0 0 0 0
3.52205 0.000101524 3.4839e-05 6.6685e-05 0.65684 0.763524 0 0 0 0 0 0 0 0 0 0 0 0 0 0 0 0 0 0 0 0 0 0 0 0 0 0 0 0 0 0 0 0 0 0 0 0 0 0 0 0 0 0 0 0 0 0 0 0 0 0 0 0 0 0 0 0 0 0 0 0 0 0 0 0 0 0 0 0 0 0 0 0 0 0 0 0 0 0 0 0 0 0
3.70284 0.000101705 3.48276e-05 6.68774e-05 0.657562 0.7618 0 0 0 0 0 0 0 0 0 0 0 0 0 0 0 0 0 0 0 0 0 0 0 0 0 0 0 0 0 0 0 0 0 0 0 0 0 0 0 0 0 0 0 0 0 0 0 0 0 0 0 0 0 0 0 0 0 0 0 0 0 0 0 0 0 0 0 0 0 0 0 0 0 0 0 0 0 0 0 0 0 0
3.89291 0.000101888 3.48005e-05 6.70872e-05 0.658442 0.759832 0 0 0 0 0 0 0 0 0 0 0 0 0 0 0 0 0 0 0 0 0 0 0 0 0 0 0 0 0 0 0 0 0 0 0 0 0 0 0 0 0 0 0 0 0 0 0 0 0 0 0 0 0 0 0 0 0 0 0 0 0 0 0 0 0 0 0 0 0 0 0 0 0 0 0 0 0 0 0 0 0 0
4.09273 0.000102078 3.4793e-05 6.72847e-05 0.659152 0.75809 0 0 0 0 0 0 0 0 0 0 0 0 0 0 0 0 0 0 0 0 0 0 0 0 0 0 0 0 0 0 0 0 0 0 0 0 0 0 0 0 0 0 0 0 0 0 0 0 0 0 0 0 0 0 0 0 0 0 0 0 0 0 0 0 0 0 0 0 0 0 0 0 0 0 0 0 0 0 0 0 0 0
4.30281 0.00010227 3.48259e-05 6.74439e-05 0.65947 0.756847 0 0 0 0 0 0 0 0 0 0 0 0 0 0 0 0 0 0 0 0 0 0 0 0 0 0 0 0 0 0 0 0 0 0 0 0 0 0 0 0 0 0 0 0 0 0 0 0 0 0 0 0 0 0 0 0 0 0 0 0 0 0 0 0 0 0 0 0 0 0 0 0 0 0 0 0 0 0 0 0 0 0
4.52368 0.000102463 3.48548e-05 6.76077e-05 0.659828 0.755514 0 0 0 0 0 0 0 0 0 0 0 0 0 0 0 0 0 0 0 0 0 0 0 0 0 0 0 0 0 0 0 0 0 0 0 0 0 0 0 0 0 0 0 0 0 0 0 0 0 0 0 0 0 0 0 0 0 0 0 0 0 0 0 0 0 0 0 0 0 0 0 0 0 0 0 0 0 0 0 0 0 0
4.75588 0.000102664 3.48716e-05 6.77924e-05 0.660333 0.753975 0 0 0 0 0 0 0 0 0 0 0 0 0 0 0 0 0 0 0 0 0 0 0 0 0 0 0 0 0 0 0 0 0 0 0 0 0 0 0 0 0 0 0 0 0 0 0 0 0 0 0 0 0 0 0 0 0 0 0 0 0 0 0 0 0 0 0 0 0 0 0 0 0 0 0 0 0 0 0 0 0 0
5 0.000102862 3.48951e-05 6.79668e-05 0.660758 0.752495 0 0 0 0 0 0 0 0 0 0 0 0 0 0 0 0 0 0 0 0 0 0 0 0 0 0 0 0 0 0 0 0 0 0 0 0 0 0 0 0 0 0 0 0 0 0 0 0 0 0 0 0 0 0 0 0 0 0 0 0 0 0 0 0 0 0 0 0 0 0 0 0 0 0 0 0 0 0 0 0 0 0
5.25665 0.000103071 3.49878e-05 6.80835e-05 0.660548 0.751841 0 0 0 0 0 0 0 0 0 0 0 0 0 0 0 0 0 0 0 0 0 0 0 0 0 0 0 0 0 0 0 0 0 0 0 0 0 0 0 0 0 0 0 0 0 0 0 0 0 0 0 0 0 0 0 0 0 0 0 0 0 0 0 0 0 0 0 0 0 0 0 0 0 0 0 0 0 0 0 0 0 0
5.52648 0.000103294 3.51026e-05 6.81913e-05 0.660168 0.751392 0 0 0 0 0 0 0 0 0 0 0 0 0 0 0 0 0 0 0 0 0 0 0 0 0 0 0 0 0 0 0 0 0 0 0 0 0 0 0 0 0 0 0 0 0 0 0 0 0 0 0 0 0 0 0 0 0 0 0 0 0 0 0 0 0 0 0 0 0 0 0 0 0 0 0 0 0 0 0 0 0 0
5.81015 0.000103548 3.53066e-05 6.82415e-05 0.659032 0.751943 0 0 0 0 0 0 0 0 0 0 0 0 0 0 0 0 0 0 0 0 0 0 0 0 0 0 0 0 0 0 0 0 0 0 0 0 0 0 0 0 0 0 0 0 0 0 0 0 0 0 0 0 0 0 0 0 0 0 0 0 0 0 0 0 0 0 0 0 0 0 0 0 0 0 0 0 0 0 0 0 0 0
6.10839 0.000103846 3.53854e-05 6.84608e-05 0.659252 0.750767 0 0 0 0 0 0 0 0 0 0 0 0 0 0 0 0 0 0 0 0 0 0 0 0 0 0 0 0 0 0 0 0 0 0 0 0 0 0 0 0 0 0 0 0 0 0 0 0 0 0 0 0 0 0 0 0 0 0 0 0 0 0 0 0 0 0 0 0 0 0 0 0 0 0 0 0 0 0 0 0 0 0
6.42193 0.000104125 3.51337e-05 6.89909e-05 0.66258 0.74552 0 0 0 0 0 0 0 0 0 0 0 0 0 0 0 0 0 0 0 0 0 0 0 0 0 0 0 0 0 0 0 0 0 0 0 0 0 0 0 0 0 0 0 0 0 0 0 0 0 0 0 0 0 0 0 0 0 0 0 0 0 0 0 0 0 0 0 0 0 0 0 0 0 0 0 0 0 0 0 0 0 0
6.75157 0.000104378 3.51049e-05 6.92729e-05 0.663675 0.743071 0 0 0 0 0 0 0 0 0 0 0 0 0 0 0 0 0 0 0 0 0 0 0 0 0 0 0 0 0 0 0 0 0 0 0 0 0 0 0 0 0 0 0 0 0 0 0 0 0 0 0 0 0 0 0 0 0 0 0 0 0 0 0 0 0 0 0 0 0 0 0 0 0 0 0 0 0 0 0 0 0 0
7.09813 0.000104678 3.50994e-05 6.95786e-05 0.664692 0.740788 0 0 0 0 0 0 0 0 0 0 0 0 0 0 0 0 0 0 0 0 0 0 0 0 0 0 0 0 0 0 0 0 0 0 0 0 0 0 0 0 0 0 0 0 0 0 0 0 0 0 0 0 0 0 0 0 0 0 0 0 0 0 0 0 0 0 0 0 0 0 0 0 0 0 0 0 0 0 0 0 0 0
7.46248 0.000104969 3.48877e-05 7.00809e-05 0.667637 0.736094 0 0 0 0 0 0 0 0 0 0 0 0 0 0 0 0 0 0 0 0 0 0 0 0 0 0 0 0 0 0 0 0 0 0 0 0 0 0 0 0 0 0 0 0 0 0 0 0 0 0 0 0 0 0 0 0 0 0 0 0 0 0 0 0 0 0 0 0 0 0 0 0 0 0 0 0 0 0 0 0 0 0
7.84553 0.000105227 3.47229e-05 7.05043e-05 0.67002 0.732058 0 0 0 0 0 0 0 0 0 0 0 0 0 0 0 0 0 0 0 0 0 0 0 0 0 0 0 0 0 0 0 0 0 0 0 0 0 0 0 0 0 0 0 0 0 0 0 0 0 0 0 0 0 0 0 0 0 0 0 0 0 0 0 0 0 0 0 0 0 0 0 0 0 0 0 0 0 0 0 0 0 0
8.24824 0.000105483 3.44956e-05 7.09871e-05 0.672974 0.72737 0 0 0 0 0 0 0 0 0 0 0 0 0 0 0 0 0 0 0 0 0 0 0 0 0 0 0 0 0 0 0 0 0 0 0 0 0 0 0 0 0 0 0 0 0 0 0 0 0 0 0 0 0 0 0 0 0 0 0 0 0 0 0 0 0 0 0 0 0 0 0 0 0 0 0 0 0 0 0 0 0 0
8.67162 0.000105717 3.43353e-05 7.13815e-05 0.675214 0.723522 0 0 0 0 0 0 0 0 0 0 0 0 0 0 0 0 0 0 0 0 0 0 0 0 0 0 0 0 0 0 0 0 0 0 0 0 0 0 0 0 0 0 0 0 0 0 0 0 0 0 0 0 0 0 0 0 0 0 0 0 0 0 0 0 0 0 0 0 0 0 0 0 0 0 0 0 0 0 0 0 0 0
9.11674 0.000105933 3.42336e-05 7.16997e-05 0.676838 0.72037 0 0 0 0 0 0 0 0 0 0 0 0 0 0 0 0 0 0 0 0 0 0 0 0 0 0 0 0 0 0 0 0 0 0 0 0 0 0 0 0 0 0 0 0 0 0 0 0 0 0 0 0 0 0 0 0 0 0 0 0 0 0 0 0 0 0 0 0 0 0 0 0 0 0 0 0 0 0 0 0 0 0
9.5847 0.000106145 3.41907e-05 7.19542e-05 0.677887 0.717854 0 0 0 0 0 0 0 0 0 0 0 0 0 0 0 0 0 0 0 0 0 0 0 0 0 0 0 0 0 0 0 0 0 0 0 0 0 0 0 0 0 0 0 0 0 0 0 0 0 0 0 0 0 0 0 0 0 0 0 0 0 0 0 0 0 0 0 0 0 0 0 0 0 0 0 0 0 0 0 0 0 0
10.0767 0.000106375 3.42554e-05 7.21199e-05 0.677976 0.716407 0 0 0 0 0 0 0 0 0 0 0 0 0 0 0 0 0 0 0 0 0 0 0 0 0 0 0 0 0 0 0 0 0 0 0 0 0 0 0 0 0 0 0 0 0 0 0 0 0 0 0 0 0 0 0 0 0 0 0 0 0 0 0 0 0 0 0 0 0 0 0 0 0 0 0 0 0 0 0 0 0 0
10.5939 0.000106648 3.44339e-05 7.22143e-05 0.677126 0.716001 0 0 0 0 0 0 0 0 0 0 0 0 0 0 0 0 0 0 0 0 0 0 0 0 0 0 0 0 0 0 0 0 0 0 0 0 0 0 0 0 0 0 0 0 0 0 0 0 0 0 0 0 0 0 0 0 0 0 0 0 0 0 0 0 0 0 0 0 0 0 0 0 0 0 0 0 0 0 0 0 0 0
11.1377 0.000106983 3.44917e-05 7.24912e-05 0.677596 0.714164 0 0 0 0 0 0 0 0 0 0 0 0 0 0 0 0 0 0 0 0 0 0 0 0 0 0 0 0 0 0 0 0 0 0 0 0 0 0 0 0 0 0 0 0 0 0 0 0 0 0 0 0 0 0 0 0 0 0 0 0 0 0 0 0 0 0 0 0 0 0 0 0 0 0 0 0 0 0 0 0 0 0
11.7094 0.000107262 3.43896e-05 7.28721e-05 0.679386 0.710787 0 0 0 0 0 0 0 0 0 0 0 0 0 0 0 0 0 0 0 0 0 0 0 0 0 0 0 0 0 0 0 0 0 0 0 0 0 0 0 0 0 0 0 0 0 0 0 0 0 0 0 0 0 0 0 0 0 0 0 0 0 0 0 0 0 0 0 0 0 0 0 0 0 0 0 0 0 0 0 0 0 0
12.3105 0.000107537 3.43671e-05 7.31703e-05 0.680417 0.708198 0 0 0 0 0 0 0 0 0 0 0 0 0 0 0 0 0 0 0 0 0 0 0 0 0 0 0 0 0 0 0 0 0 0 0 0 0 0 0 0 0 0 0 0 0 0 0 0 0 0 0 0 0 0 0 0 0 0 0 0 0 0 0 0 0 0 0 0 0 0 0 0 0 0 0 0 0 0 0 0 0 0
12.9424 0.00010791 3.44824e-05 7.3428e-05 0.680454 0.706734 0 0 0 0 0 0 0 0 0 0 0 0 0 0 0 0 0 0 0 0 0 0 0 0 0 0 0 0 0 0 0 0 0 0 0 0 0 0 0 0 0 0 0 0 0 0 0 0 0 0 0 0 0 0 0 0 0 0 0 0 0 0 0 0 0 0 0 0 0 0 0 0 0 0 0 0 0 0 0 0 0 0
13.6067 0.000108114 3.42091e-05 7.39051e-05 0.683583 0.701813 0 0 0 0 0 0 0 0 0 0 0 0 0 0 0 0 0 0 0 0 0 0 0 0 0 0 0 0 0 0 0 0 0 0 0 0 0 0 0 0 0 0 0 0 0 0 0 0 0 0 0 0 0 0 0 0 0 0 0 0 0 0 0 0 0 0 0 0 0 0 0 0 0 0 0 0 0 0 0 0 0 0
14.3051 0.000108422 3.42858e-05 7.41364e-05 0.683775 0.700008 0 0 0 0 0 0 0 0 0 0 0 0 0 0 0 0 0 0 0 0 0 0 0 0 0 0 0 0 0 0 0 0 0 0 0 0 0 0 0 0 0 0 0 0 0 0 0 0 0 0 0 0 0 0 0 0 0 0 0 0 0 0 0 0 0 0 0 0 0 0 0 0 0 0 0 0 0 0 0 0 0 0
15.0394 0.000108731 3.43887e-05 7.43428e-05 0.683728 0.69837 0 0 0 0 0 0 0 0 0 0 0 0 0 0 0 0 0 0 0 0 0 0 0 0 0 0 0 0 0 0 0 0 0 0 0 0 0 0 0 0 0 0 0 0 0 0 0 0 0 0 0 0 0 0 0 0 0 0 0 0 0 0 0 0 0 0 0 0 0 0 0 0 0 0 0 0 0 0 0 0 0 0
15.8114 0.000109038 3.44201e-05 7.46176e-05 0.684329 0.696014 0 0 0 0 0 0 0 0 0 0 0 0 0 0 0 0 0 0 0 0 0 0 0 0 0 0 0 0 0 0 0 0 0 0 0 0 0 0 0 0 0 0 0 0 0 0 0 0 0 0 0 0 0 0 0 0 0 0 0 0 0 0 0 0 0 0 0 0 0 0 0 0 0 0 0 0 0 0 0 0 0 0
16.623 0.00010939 3.4364e-05 7.50262e-05 0.685858 0.692751 0 0 0 0 0 0 0 0 0 0 0 0 0 0 0 0 0 0 0 0 0 0 0 0 0 0 0 0 0 0 0 0 0 0 0 0 0 0 0 0 0 0 0 0 0 0 0 0 0 0 0 0 0 0 0 0 0 0 0 0 0 0 0 0 0 0 0 0 0 0 0 0 0 0 0 0 0 0 0 0 0 0
17.4762 0.000109729 3.43618e-05 7.53668e-05 0.686847 0.689943 0 0 0 0 0 0 0 0 0 0 0 0 0 0 0 0 0 0 0 0 0 0 0 0 0 0 0 0 0 0 0 0 0 0 0 0 0 0 0 0 0 0 0 0 0 0 0 0 0 0 0 0 0 0 0 0 0 0 0 0 0 0 0 0 0 0 0 0 0 0 0 0 0 0 1.4013e-45 0 1.4013e-45 0 2.8026e-45 0 5.60519e-45 0
18.3733 0.000110018 3.42955e-05 7.57223e-05 0.688273 0.686602 0 0 0 0 0 0 0 0 0 0 0 0 0 0 0 0 0 0 0 0 0 0 0 0 0 0 0 0 0 0 0 0 0 0 0 0 0 0 0 0 0 0 0 0 0 0 0 0 0 0 0 0 0 0 0 0 0 0 0 0 1.4013e-45 0 2.8026e-45 0 5.60519e-45 0 1.26117e-44 0 2.52234e-44 0 4.76441e-44 0 9.66896e-44 0 1.76564e-43 0 3.3491e-43 0 6.0396e-43 0 1.0804e-42 0
19.3164 0.000110325 3.43979e-05 7.59269e-05 0.688212 0.684581 0 0 0 0 0 0 0 0 0 0 0 0 0 0 0 0 0 0 0 0 0 0 0 0 0 0 0 0 0 0 0 0 0 0 0 0 0 0 0 0 0 0 0 0 0 0 0 0 1.4013e-45 0 2.8026e-45 0 8.40779e-45 0 2.10195e-44 0 4.90454e-44 0 1.12104e-43 0 2.41023e-43 0 5.10073e-43 0 1.07199e-42 0 2.13698e-42 0 4.21931e-42 0 7.92294e-42 0 1.53863e-41 0 2.73127e-41 0 5.01581e-41 0 8.78866e-41 0 1.53057e-40 0
20.3079 0.00011072 3.45242e-05 7.61963e-05 0.688186 0.682537 0 0 0 0 0 0 0 0 0 0 0 0 0 0 0 0 0 0 0 0 0 0 0 0 0 0 0 0 0 0 0 0 0 0 0 0 0 0 1.4013e-45 0 2.8026e-45 0 1.12104e-44 0 3.22299e-44 0 9.24857e-44 0 2.4803e-43 0 6.2638e-43 0 1.48678e-42 0 3.47942e-42 0 8.03224e-42 0 1.75246e-41 0 3.62264e-41 0 7.41315e-41 0 1.50194e-40 0 2.89339e-40 0 5.52702e-40 0 1.00632e-39 0 1.89194e-39 0 3.26557e-39 0 5.82165e-39 0 9.92514e-39 0 1.6823e-38 0
21.3503 0.000111084 3.43961e-05 7.66882e-05 0.690361 0.678401 0 0 0 0 0 0 0 0 0 0 0 0 0 0 0 0 0 0 0 0 0 0 0 0 0 0 0 0 0 0 1.4013e-45 0 4.2039e-45 0 1.4013e-44 0 5.74532e-44 0 1.97583e-43 0 6.33387e-43 0 1.88755e-42 0 5.25067e-42 0 1.43255e-41 0 3.66804e-41 0 8.83967e-41 0 2.01047e-40 0 4.51255e-40 0 9.99871e-40 0 2.10007e-39 0 4.18995e-39 0 8.2793e-39 0 1.6206e-38 0 3.02361e-38 0 5.5961e-38 0 9.89518e-38 0 1.80388e-37 0 3.03171e-37 0 5.25431e-37 0 8.72759e-37 0 1.44169e-36 0
22.4463 0.000111427 3.44405e-05 7.69867e-05 0.690915 0.675572 0 0 0 0 0 0 0 0 0 0 0 0 0 0 0 0 0 0 0 0 0 0 0 0 1.4013e-45 0 5.60519e-45 0 3.08286e-44 0 1.47136e-43 0 6.41795e-43 0 2.44667e-42 0 9.01315e-42 0 2.92997e-41 0 8.86111e-41 0 2.50278e-40 0 6.62468e-40 0 1.72093e-39 0 4.20855e-39 0 9.71593e-39 0 2.12288e-38 0 4.58042e-38 0 9.76241e-38 0 1.97747e-37 0 3.81453e-37 0 7.29095e-37 0 1.3811e-36 0 2.49949e-36 0 4.48908e-36 0 7.71987e-36 0 1.36666e-35 0 2.2394e-35 0 3.77833e-35 0 6.12235e-35 0 9.86856e-35 0
23.5984 0.000111781 3.43772e-05 7.74036e-05 0.692458 0.671822 0 0 0 0 0 0 0 0 0 0 0 0 0 0 0 0 0 0 0 0 2.8026e-45 0 2.10195e-44 0 1.55544e-43 0 9.45876e-43 0 4.88353e-42 0 2.17383e-41 0 8.84191e-41 0 3.15512e-40 0 1.09074e-39 0 3.34726e-39 0 9.59063e-39 0 2.57491e-38 0 6.49929e-38 0 1.61147e-37 0 3.7725e-37 0 8.36067e-37 0 1.75836e-36 0 3.65412e-36 0 7.50565e-36 0 1.46884e-35 0 2.74393e-35 0 5.08137e-35 0 9.32986e-35 0 1.6403e-34 0 2.86295e-34 0 4.7948e-34 0 8.2549e-34 0 1.32041e-33 0 2.17164e-33 0 3.43694e-33 0 5.41233e-33 0
24.8097 0.000112118 3.43676e-05 7.77508e-05 0.69347 0.668389 0 0 0 0 0 0 0 0 0 0 0 0 0 0 0 0 2.8026e-45 0 3.64338e-44 0 3.96567e-43 0 3.29585e-42 0 2.27767e-41 0 1.26431e-40 0 6.02449e-40 0 2.49289e-39 0 9.46856e-39 0 3.17524e-38 0 1.03319e-37 0 3.00174e-37 0 8.16978e-37 0 2.09018e-36 0 5.04261e-36 0 1.19607e-35 0 2.68614e-35 0 5.7262e-35 0 1.16137e-34 0 2.32881e-34 0 4.61825e-34 0 8.74637e-34 0 1.5848e-33 0 2.84785e-33 0 5.07606e-33 0 8.68183e-33 0 1.47466e-32 0 2.40832e-32 0 4.03771e-32 0 6.3121e-32 0 1.01321e-31 0 1.56802e-31 0 2.41509e-31 0
26.0832 0.000112489 3.43784e-05 7.81104e-05 0.694384 0.664984 0 0 0 0 0 0 0 0 0 0 0 0 0 0 2.10195e-44 0 4.21791e-43 0 5.67666e-42 0 5.46128e-41 0 4.09654e-40 0 2.57593e-39 0 1.31507e-38 0 5.80647e-38 0 2.24172e-37 0 7.97746e-37 0 2.52174e-36 0 7.74614e-36 0 2.13631e-35 0 5.53696e-35 0 1.35309e-34 0 3.12697e-34 0 7.11069e-34 0 1.53507e-33 0 3.15366e-33 0 6.17909e-33 0 1.19767e-32 0 2.297e-32 0 4.21668e-32 0 7.42189e-32 0 1.29607e-31 0 2.24586e-31 0 3.74186e-31 0 6.19346e-31 0 9.87542e-31 0 1.61443e-30 0 2.46936e-30 0 3.87327e-30 0 5.86769e-30 0 8.84896e-30 0
27.4221 0.00011283 3.43424e-05 7.84878e-05 0.695628 0.661122 0 0 0 0 0 0 0 0 0 0 1.4013e-45 0 1.09301e-43 0 3.26923e-42 0 5.71926e-41 0 6.77724e-40 0 5.83846e-39 0 3.96914e-38 0 2.28153e-37 0 1.07566e-36 0 4.4172e-36 0 1.59651e-35 0 5.33998e-35 0 1.59578e-34 0 4.64045e-34 0 1.21795e-33 0 3.0133e-33 0 7.04937e-33 0 1.56382e-32 0 3.41628e-32 0 7.10317e-32 0 1.40888e-31 0 2.67129e-31 0 5.01302e-31 0 9.31357e-31 0 1.65976e-30 0 2.84184e-30 0 4.8294e-30 0 8.14687e-30 0 1.32395e-29 0 2.13812e-29 0 3.33243e-29 0 5.31867e-29 0 7.96814e-29 0 1.22266e-28 0 1.81504e-28 0 2.68288e-28 0
28.8297 0.000113217 3.43778e-05 7.88396e-05 0.696356 0.657642 0 0 0 0 0 0 0 0 1.4013e-45 0 2.97075e-43 0 1.56203e-41 0 3.9696e-40 0 6.03859e-39 0 6.34205e-38 0 4.91826e-37 0 3.04487e-36 0 1.607e-35 0 7.02398e-35 0 2.69218e-34 0 9.1387e-34 0 2.88171e-33 0 8.16337e-33 0 2.25332e-32 0 5.64198e-32 0 1.33548e-31 0 2.99725e-31 0 6.39535e-31 0 1.34482e-30 0 2.69799e-30 0 5.17535e-30 0 9.5109e-30 0 1.73082e-29 0 3.11986e-29 0 5.40521e-29 0 9.01499e-29 0 1.49284e-28 0 2.45484e-28 0 3.8959e-28 0 6.14619e-28 0 9.374e-28 0 1.46236e-27 0 2.14801e-27 0 3.22779e-27 0 4.70014e-27 0 6.81613e-27 0
30.3095 0.000113556 3.43246e-05 7.92312e-05 0.697729 0.65337 0 0 0 0 0 0 0 0 3.26503e-43 0 3.9909e-41 0 1.73148e-39 0 3.75715e-38 0 5.00412e-37 0 4.68552e-36 0 3.28782e-35 0 1.86212e-34 0 9.06114e-34 0 3.68532e-33 0 1.32283e-32 0 4.2303e-32 0 1.2612e-31 0 3.39567e-31 0 8.91971e-31 0 2.13549e-30 0 4.84654e-30 0 1.04563e-29 0 2.15005e-29 0 4.36e-29 0 8.45475e-29 0 1.57104e-28 0 2.80263e-28 0 4.95338e-28 0 8.67543e-28 0 1.46324e-27 0 2.38024e-27 0 3.8457e-27 0 6.17218e-27 0 9.57699e-27 0 1.47761e-26 0 2.20764e-26 0 3.36999e-26 0 4.85801e-26 0 7.15635e-26 0 1.02313e-25 0 1.45705e-25 0
31.8653 0.000113929 3.43536e-05 7.95751e-05 0.698464 0.649579 0 0 0 0 0 0 9.10844e-44 0 4.33338e-41 0 4.18411e-39 0 1.51009e-37 0 2.81963e-36 0 3.30948e-35 0 2.77819e-34 0 1.77255e-33 0 9.22422e-33 0 4.15483e-32 0 1.57797e-31 0 5.32144e-31 0 1.60785e-30 0 4.54461e-30 0 1.16583e-29 0 2.92135e-29 0 6.70221e-29 0 1.46142e-28 0 3.03679e-28 0 6.02838e-28 0 1.181e-27 0 2.21728e-27 0 3.99732e-27 0 6.93225e-27 0 1.19161e-26 0 2.03067e-26 0 3.33872e-26 0 5.30358e-26 0 8.37048e-26 0 1.31275e-25 0 1.99369e-25 0 3.01157e-25 0 4.41214e-25 0 6.5975e-25 0 9.34231e-25 0 1.35044e-24 0 1.89728e-24 0 2.65571e-24 0
33.5009 0.000114307 3.44479e-05 7.98596e-05 0.698638 0.645926 0 0 0 0 1.4013e-45 0 1.27672e-41 0 4.47856e-39 0 3.45947e-37 0 1.04802e-35 0 1.69627e-34 0 1.7654e-33 0 1.33577e-32 0 7.78525e-32 0 3.73792e-31 0 1.56438e-30 0 5.56659e-30 0 1.76907e-29 0 5.06425e-29 0 1.36061e-28 0 3.33348e-28 0 7.98669e-28 0 1.75952e-27 0 3.69335e-27 0 7.40549e-27 0 1.42167e-26 0 2.69519e-26 0 4.90686e-26 0 8.5952e-26 0 1.45107e-25 0 2.42918e-25 0 4.03333e-25 0 6.47232e-25 0 1.00516e-24 0 1.55146e-24 0 2.3803e-24 0 3.54198e-24 0 5.24368e-24 0 7.5404e-24 0 1.10559e-23 0 1.53919e-23 0 2.18524e-23 0 3.01959e-23 0 4.15783e-23 0
35.2205 0.000114725 3.45291e-05 8.01961e-05 0.699028 0.642024 0 0 0 0 3.22299e-43 0 1.38325e-39 0 3.64493e-37 0 2.27712e-35 0 5.84011e-34 0 8.25111e-33 0 7.65929e-32 0 5.25007e-31 0 2.80757e-30 0 1.24859e-29 0 4.87279e-29 0 1.62972e-28 0 4.89498e-28 0 1.33113e-27 0 3.40786e-27 0 7.99181e-27 0 1.83479e-26 0 3.88925e-26 0 7.87354e-26 0 1.52599e-25 0 2.83771e-25 0 5.21428e-25 0 9.21943e-25 0 1.57134e-24 0 2.58582e-24 0 4.22129e-24 0 6.8375e-24 0 1.07217e-23 0 1.6297e-23 0 2.46269e-23 0 3.70019e-23 0 5.40021e-23 0 7.84299e-23 0 1.10799e-22 0 1.59449e-22 0 2.18426e-22 0 3.04846e-22 0 4.1464e-22 0 5.62092e-22 0
37.0284 0.000115149 3.45781e-05 8.05706e-05 0.699709 0.637765 0 0 0 0 4.1208e-41 0 1.17679e-37 0 2.36208e-35 0 1.20592e-33 0 2.63973e-32 0 3.27716e-31 0 2.72853e-30 0 1.70251e-29 0 8.38885e-29 0 3.46857e-28 0 1.26659e-27 0 3.99364e-27 0 1.13681e-26 0 2.94404e-26 0 7.19902e-26 0 1.61943e-25 0 3.57012e-25 0 7.2951e-25 0 1.42686e-24 0 2.67751e-24 0 4.83052e-24 0 8.61627e-24 0 1.48165e-23 0 2.4604e-23 0 3.95157e-23 0 6.29833e-23 0 9.9644e-23 0 1.52855e-22 0 2.27638e-22 0 3.37126e-22 0 4.96563e-22 0 7.11451e-22 0 1.01462e-21 0 1.40939e-21 0 1.9925e-21 0 2.68787e-21 0 3.69075e-21 0 4.9452e-21 0 6.60493e-21 0
38.9291 0.000115541 3.46534e-05 8.08875e-05 0.700077 0.633258 0 0 2.8026e-45 0 4.11458e-39 0 7.96754e-36 0 1.23452e-33 0 5.20153e-32 0 9.79344e-31 0 1.07514e-29 0 8.07152e-29 0 4.60568e-28 0 2.09938e-27 0 8.09918e-27 0 2.77628e-26 0 8.2765e-26 0 2.23864e-25 0 5.5343e-25 0 1.29549e-24 0 2.80113e-24 0 5.94141e-24 0 1.17243e-23 0 2.21927e-23 0 4.03845e-23 0 7.0789e-23 0 1.2275e-22 0 2.05566e-22 0 3.3301e-22 0 5.22608e-22 0 8.14231e-22 0 1.25964e-21 0 1.89236e-21 0 2.7639e-21 0 4.01553e-21 0 5.80381e-21 0 8.17069e-21 0 1.14522e-20 0 1.56549e-20 0 2.17608e-20 0 2.89293e-20 0 3.9113e-20 0 5.16637e-20 0 6.80353e-20 0
40.9273 0.000115982 3.47445e-05 8.12371e-05 0.700431 0.628725 0 0 4.24593e-43 0 3.24335e-37 0 4.34019e-34 0 5.25716e-32 0 1.84528e-30 0 3.0104e-29 0 2.94002e-28 0 2.00031e-27 0 1.04835e-26 0 4.43751e-26 0 1.60274e-25 0 5.17323e-25 0 1.46212e-24 0 3.76723e-24 0 8.91067e-24 0 2.001e-23 0 4.16672e-23 0 8.51937e-23 0 1.62627e-22 0 2.98391e-22 0 5.27345e-22 0 8.99385e-22 0 1.5182e-21 0 2.47929e-21 0 3.92287e-21 0 6.02236e-21 0 9.18197e-21 0 1.39054e-20 0 2.0479e-20 0 2.93627e-20 0 4.18886e-20 0 5.94643e-20 0 8.23283e-20 0 1.13507e-19 0 1.52811e-19 0 2.09024e-19 0 2.74044e-19 0 3.65097e-19 0 4.75743e-19 0 6.18135e-19 0
43.0281 0.000116483 3.48544e-05 8.16285e-05 0.700777 0.624148 0 0 5.1855e-41 0 2.04193e-35 0 1.92268e-32 0 1.84262e-30 0 5.43624e-29 0 7.73855e-28 0 6.76181e-27 0 4.18939e-26 0 2.02506e-25 0 7.98867e-25 0 2.70998e-24 0 8.26076e-24 0 2.21928e-23 0 5.45986e-23 0 1.23827e-22 0 2.67299e-22 0 5.37023e-22 0 1.06033e-21 0 1.96117e-21 0 3.49333e-21 0 6.00447e-21 0 9.97711e-21 0 1.64167e-20 0 2.61749e-20 0 4.04979e-20 0 6.08844e-20 0 9.09352e-20 0 1.34952e-19 0 1.95028e-19 0 2.74753e-19 0 3.85221e-19 0 5.37577e-19 0 7.32546e-19 0 9.94255e-19 0 1.31924e-18 0 1.77715e-18 0 2.29936e-18 0 3.02073e-18 0 3.88564e-18 0 4.98451e-18 0
45.2368 0.000116902 3.49604e-05 8.19415e-05 0.700943 0.61894 5.60519e-45 0 4.94186e-39 0 1.03743e-33 0 6.9924e-31 0 5.36303e-29 0 1.34124e-27 0 1.67709e-26 0 1.31825e-25 0 7.47159e-25 0 3.34418e-24 0 1.23375e-23 0 3.94291e-23 0 1.13825e-22 0 2.9139e-22 0 6.86049e-22 0 1.49494e-21 0 3.10807e-21 0 6.03522e-21 0 1.1527e-20 0 2.06895e-20 0 3.58289e-20 0 5.99769e-20 0 9.72181e-20 0 1.56124e-19 0 2.43319e-19 0 3.68526e-19 0 5.43122e-19 0 7.95457e-19 0 1.15796e-18 0 1.64362e-18 0 2.2771e-18 0 3.14038e-18 0 4.31169e-18 0 5.78735e-18 0 7.73865e-18 0 1.01274e-17 0 1.34455e-17 0 1.7179e-17 0 2.22698e-17 0 2.82962e-17 0 3.58597e-17 0
47.5588 0.000117321 3.49843e-05 8.23371e-05 0.701808 0.612954 9.16449e-43 0 3.71622e-37 0 4.28867e-32 0 2.10322e-29 0 1.30511e-27 0 2.78922e-26 0 3.08297e-25 0 2.19125e-24 0 1.1411e-23 0 4.74701e-23 0 1.64315e-22 0 4.96171e-22 0 1.3601e-21 0 3.32565e-21 0 7.50933e-21 0 1.57527e-20 0 3.1601e-20 0 5.94063e-20 0 1.09935e-19 0 1.91764e-19 0 3.233e-19 0 5.27754e-19 0 8.35513e-19 0 1.31108e-18 0 1.99953e-18 0 2.9677e-18 0 4.29165e-18 0 6.16954e-18 0 8.81792e-18 0 1.23041e-17 0 1.67771e-17 0 2.27773e-17 0 3.07925e-17 0 4.07415e-17 0 5.37107e-17 0 6.93725e-17 0 9.08365e-17 0 1.14679e-16 0 1.46791e-16 0 1.84346e-16 0 2.30934e-16 0
50 0.000117877 3.51222e-05 8.27551e-05 0.702044 0.607711 1.03954e-40 0 2.24296e-35 0 1.46516e-30 0 5.30986e-28 0 2.69348e-26 0 4.95705e-25 0 4.87263e-24 0 3.14702e-23 0 1.51197e-22 0 5.86696e-22 0 1.91135e-21 0 5.46843e-21 0 1.42699e-20 0 3.34016e-20 0 7.24806e-20 0 1.46645e-19 0 2.84349e-19 0 5.1832e-19 0 9.30785e-19 0 1.5801e-18 0 2.59686e-18 0 4.13888e-18 0 6.40712e-18 0 9.83527e-18 0 1.46938e-17 0 2.13921e-17 0 3.03834e-17 0 4.2911e-17 0 6.0271e-17 0 8.27424e-17 0 1.11127e-16 0 1.48635e-16 0 1.98003e-16 0 2.58421e-16 0 3.36118e-16 0 4.28738e-16 0 5.5405e-16 0 6.9156e-16 0 8.74604e-16 0 1.08621e-15 0 1.34584e-15 0
52.5665 0.000118383 3.52737e-05 8.31088e-05 0.702036 0.602056 9.24688e-39 0 1.09534e-33 0 4.1641e-29 0 1.1318e-26 0 4.73961e-25 0 7.56648e-24 0 6.65232e-23 0 3.92243e-22 0 1.74549e-21 0 6.33924e-21 0 1.94949e-20 0 5.29851e-20 0 1.31939e-19 0 2.9627e-19 0 6.19034e-19 0 1.21009e-18 0 2.27175e-18 0 4.02139e-18 0 7.01801e-18 0 1.16099e-17 0 1.86233e-17 0 2.9014e-17 0 4.39665e-17 0 6.60934e-17 0 9.68265e-17 0 1.38404e-16 0 1.93237e-16 0 2.68351e-16 0 3.70715e-16 0 5.01118e-16 0 6.63404e-16 0 8.7481e-16 0 1.14916e-15 0 1.48044e-15 0 1.901e-15 0 2.39619e-15 0 3.05802e-15 0 3.7759e-15 0 4.72088e-15 0 5.80139e-15 0 7.11321e-15 0
55.2648 0.000118763 3.53446e-05 8.3418e-05 0.702393 0.594922 6.51267e-37 0 4.36117e-32 0 9.90744e-28 0 2.04814e-25 0 7.14731e-24 0 9.96668e-23 0 7.88018e-22 0 4.26084e-21 0 1.76279e-20 0 6.01138e-20 0 1.75e-19 0 4.5297e-19 0 1.07881e-18 0 2.32866e-18 0 4.69361e-18 0 8.87967e-18 0 1.61653e-17 0 2.78286e-17 0 4.72631e-17 0 7.6289e-17 0 1.19583e-16 0 1.82314e-16 0 2.70721e-16 0 3.98946e-16 0 5.73659e-16 0 8.0581e-16 0 1.10688e-15 0 1.51268e-15 0 2.05699e-15 0 2.73995e-15 0 3.57793e-15 0 4.6548e-15 0 6.03373e-15 0 7.67756e-15 0 9.73895e-15 0 1.21379e-14 0 1.53071e-14 0 1.87068e-14 0 2.31349e-14 0 2.81452e-14 0 3.41677e-14 0
58.1015 0.000119242 3.53714e-05 8.38705e-05 0.703364 0.587193 3.67707e-35 0 1.43129e-30 0 1.99247e-26 0 3.175e-24 0 9.31541e-23 0 1.14218e-21 0 8.16353e-21 0 4.06491e-20 0 1.56909e-19 0 5.03974e-19 0 1.39256e-18 0 3.44096e-18 0 7.85515e-18 0 1.63305e-17 0 3.18083e-17 0 5.83325e-17 0 1.03132e-16 0 1.72896e-16 0 2.86143e-16 0 4.51202e-16 0 6.91909e-16 0 1.03337e-15 0 1.50513e-15 0 2.17644e-15 0 3.07457e-15 0 4.24773e-15 0 5.74503e-15 0 7.73247e-15 0 1.03582e-14 0 1.36056e-14 0 1.75367e-14 0 2.25236e-14 0 2.88284e-14 0 3.62535e-14 0 4.54564e-14 0 5.60476e-14 0 6.98855e-14 0 8.45751e-14 0 1.03515e-13 0 1.24734e-13 0 1.49998e-13 0
61.0839 0.000119921 3.55789e-05 8.43424e-05 0.703314 0.580796 1.69293e-33 0 3.93325e-29 0 3.43642e-25 0 4.27493e-23 0 1.06351e-21 0 1.15379e-20 0 7.49147e-20 0 3.44907e-19 0 1.2464e-18 0 3.7816e-18 0 9.9433e-18 0 2.3508e-17 0 5.15451e-17 0 1.03399e-16 0 1.94948e-16 0 3.4708e-16 0 5.96804e-16 0 9.75585e-16 0 1.57537e-15 0 2.42947e-15 0 3.64859e-15 0 5.34351e-15 0 7.64136e-15 0 1.08523e-14 0 1.50742e-14 0 2.05e-14 0 2.73204e-14 0 3.62421e-14 0 4.7861e-14 0 6.2034e-14 0 7.8973e-14 0 1.00199e-13 0 1.26711e-13 0 1.57573e-13 0 1.95403e-13 0 2.3848e-13 0 2.94173e-13 0 3.52706e-13 0 4.27454e-13 0 5.10408e-13 0 6.08284e-13 0
64.2193 0.000120499 3.56673e-05 8.48314e-05 0.704002 0.573616 6.36692e-32 0 9.05464e-28 0 5.07916e-24 0 4.99272e-22 0 1.06169e-20 0 1.02526e-19 0 6.07586e-19 0 2.59636e-18 0 8.8121e-18 0 2.53259e-17 0 6.35214e-17 0 1.43999e-16 0 3.03868e-16 0 5.89184e-16 0 1.07698e-15 0 1.86418e-15 0 3.12174e-15 0 4.98207e-15 0 7.85896e-15 0 1.18662e-14 0 1.74703e-14 0 2.51138e-14 0 3.52916e-14 0 4.92702e-14 0 6.73487e-14 0 9.02255e-14 0 1.18569e-13 0 1.55134e-13 0 2.02106e-13 0 2.58659e-13 0 3.2543e-13 0 4.08125e-13 0 5.1023e-13 0 6.27788e-13 0 7.7037e-13 0 9.31099e-13 0 1.13683e-12 0 1.35101e-12 0 1.62203e-12 0 1.92011e-12 0 2.2688e-12 0
67.5157 0.00012083 3.57306e-05 8.50995e-05 0.70429 0.564767 1.98036e-30 0 1.76573e-26 0 6.49841e-23 0 5.10585e-21 0 9.35209e-20 0 8.08463e-19 0 4.39242e-18 0 1.7485e-17 0 5.59072e-17 0 1.52604e-16 0 3.65952e-16 0 7.97096e-16 0 1.62181e-15 0 3.04458e-15 0 5.40373e-15 0 9.10628e-15 0 1.48702e-14 0 2.31963e-14 0 3.57856e-14 0 5.29562e-14 0 7.65076e-14 0 1.08049e-13 0 1.49337e-13 0 2.05118e-13 0 2.76135e-13 0 3.64688e-13 0 4.72902e-13 0 6.1067e-13 0 7.85362e-13 0 9.93085e-13 0 1.23551e-12 0 1.53244e-12 0 1.89505e-12 0 2.30819e-12 0 2.80425e-12 0 3.35812e-12 0 4.06035e-12 0 4.78482e-12 0 5.69364e-12 0 6.68467e-12 0 7.83449e-12 0
70.9813 0.000121149 3.5747e-05 8.54019e-05 0.704933 0.553961 5.13848e-29 0 2.93866e-25 0 7.24323e-22 0 4.59896e-20 0 7.30874e-19 0 5.68667e-18 0 2.84455e-17 0 1.05848e-16 0 3.19771e-16 0 8.31086e-16 0 1.90967e-15 0 4.00439e-15 0 7.86982e-15 0 1.43264e-14 0 2.47251e-14 0 4.06181e-14 0 6.47586e-14 0 9.88486e-14 0 1.49303e-13 0 2.16753e-13 0 3.07576e-13 0 4.2712e-13 0 5.81076e-13 0 7.85851e-13 0 1.04269e-12 0 1.35849e-12 0 1.73939e-12 0 2.21825e-12 0 2.81798e-12 0 3.52273e-12 0 4.33619e-12 0 5.32203e-12 0 6.51346e-12 0 7.85742e-12 0 9.45581e-12 0 1.12242e-11 0 1.34461e-11 0 1.57187e-11 0 1.85462e-11 0 2.16044e-11 0 2.51251e-11 0
74.6248 0.000121677 3.57303e-05 8.59469e-05 0.706352 0.54265 1.1225e-27 0 4.20779e-24 0 7.0833e-21 0 3.67237e-19 0 5.09898e-18 0 3.58918e-17 0 1.65965e-16 0 5.79192e-16 0 1.65781e-15 0 4.11235e-15 0 9.0732e-15 0 1.83501e-14 0 3.48932e-14 0 6.16893e-14 0 1.03667e-13 0 1.66225e-13 0 2.5905e-13 0 3.87336e-13 0 5.73379e-13 0 8.17401e-13 0 1.14025e-12 0 1.55824e-12 0 2.0883e-12 0 2.78291e-12 0 3.64179e-12 0 4.6839e-12 0 5.92525e-12 0 7.46731e-12 0 9.37603e-12 0 1.15938e-11 0 1.4127e-11 0 1.71662e-11 0 2.0803e-11 0 2.48666e-11 0 2.96558e-11 0 3.49085e-11 0 4.14517e-11 0 4.80897e-11 0 5.62836e-11 0 6.50777e-11 0 7.51271e-11 0
78.4553 0.000122499 3.5846e-05 8.66529e-05 0.707377 0.532979 2.09137e-26 0 5.24576e-23 0 6.14434e-20 0 2.62704e-18 0 3.2079e-17 0 2.05283e-16 0 8.80856e-16 0 2.89208e-15 0 7.86365e-15 0 1.86601e-14 0 3.96102e-14 0 7.74017e-14 0 1.42635e-13 0 2.45252e-13 0 4.01824e-13 0 6.29623e-13 0 9.60196e-13 0 1.40778e-12 0 2.04442e-12 0 2.86448e-12 0 3.93146e-12 0 5.29135e-12 0 6.9906e-12 0 9.18612e-12 0 1.18644e-11 0 1.50731e-11 0 1.88502e-11 0 2.34892e-11 0 2.91673e-11 0 3.56946e-11 0 4.30761e-11 0 5.18477e-11 0 6.22452e-11 0 7.37587e-11 0 8.72109e-11 0 1.01844e-10 0 1.19923e-10 0 1.38122e-10 0 1.60419e-10 0 1.84174e-10 0 2.11129e-10 0
82.4824 0.000123246 3.60642e-05 8.71817e-05 0.70738 0.524421 3.34698e-25 0 5.72874e-22 0 4.75227e-19 0 1.69146e-17 0 1.82791e-16 0 1.06839e-15 0 4.2697e-15 0 1.3228e-14 0 3.4253e-14 0 7.79232e-14 0 1.5944e-13 0 3.01534e-13 0 5.39325e-13 0 9.03118e-13 0 1.44444e-12 0 2.21422e-12 0 3.30789e-12 0 4.76007e-12 0 6.78794e-12 0 9.35539e-12 0 1.26432e-11 0 1.67714e-11 0 2.18581e-11 0 2.83425e-11 0 3.61516e-11 0 4.53949e-11 0 5.6154e-11 0 6.92258e-11 0 8.50561e-11 0 1.03069e-10 0 1.23247e-10 0 1.47008e-10 0 1.74921e-10 0 2.05565e-10 0 2.41077e-10 0 2.79402e-10 0 3.26387e-10 0 3.73334e-10 0 4.30445e-10 0 4.90865e-10 0 5.58966e-10 0
86.7162 0.000123617 3.63123e-05 8.73052e-05 0.706253 0.514678 4.62638e-24 0 5.50528e-21 0 3.28937e-18 0 9.83397e-17 0 9.46137e-16 0 5.07331e-15 0 1.89489e-14 0 5.55524e-14 0 1.3732e-13 0 3.00104e-13 0 5.92956e-13 0 1.08705e-12 0 1.88988e-12 0 3.08601e-12 0 4.82386e-12 0 7.24199e-12 0 1.06091e-11 0 1.49976e-11 0 2.10195e-11 0 2.85196e-11 0 3.79797e-11 0 4.96905e-11 0 6.39292e-11 0 8.18497e-11 0 1.03168e-10 0 1.28114e-10 0 1.56842e-10 0 1.91386e-10 0 2.32799e-10 0 2.79468e-10 0 3.31275e-10 0 3.91755e-10 0 4.62199e-10 0 5.38908e-10 0 6.27106e-10 0 7.21585e-10 0 8.36556e-10 0 9.50627e-10 0 1.08846e-09 0 1.23331e-09 0 1.39553e-09 0
91.1674 0.000123612 3.62682e-05 8.73435e-05 0.706596 0.50046 5.51415e-23 0 4.64362e-20 0 2.03066e-17 0 5.1429e-16 0 4.43025e-15 0 2.18855e-14 0 7.6649e-14 0 2.13216e-13 0 5.04267e-13 0 1.06077e-12 0 2.02737e-12 0 3.60835e-12 0 6.10613e-12 0 9.73489e-12 0 1.48887e-11 0 2.19131e-11 0 3.15085e-11 0 4.37958e-11 0 6.03773e-11 0 8.07096e-11 0 1.05989e-10 0 1.36862e-10 0 1.73927e-10 0 2.20011e-10 0 2.74198e-10 0 3.36918e-10 0 4.08411e-10 0 4.93545e-10 0 5.94626e-10 0 7.0749e-10 0 8.31709e-10 0 9.7553e-10 0 1.14169e-09 0 1.32123e-09 0 1.52613e-09 0 1.74406e-09 0 2.0074e-09 0 2.26694e-09 0 2.57852e-09 0 2.90389e-09 0 3.26609e-09 0
95.847 0.000123639 3.62284e-05 8.74102e-05 0.706982 0.482671 5.75288e-22 0 3.48686e-19 0 1.13314e-16 0 2.4509e-15 0 1.90057e-14 0 8.68444e-14 0 2.86098e-13 0 7.57066e-13 0 1.71681e-12 0 3.4827e-12 0 6.44899e-12 0 1.11595e-11 0 1.84055e-11 0 2.86828e-11 0 4.29673e-11 0 6.20569e-11 0 8.76623e-11 0 1.19904e-10 0 1.62731e-10 0 2.1447e-10 0 2.77922e-10 0 3.54426e-10 0 4.45171e-10 0 5.567e-10 0 6.86392e-10 0 8.34959e-10 0 1.00267e-09 0 1.20053e-09 0 1.43331e-09 0 1.69095e-09 0 1.9722e-09 0 2.2953e-09 0 2.6657e-09 0 3.06299e-09 0 3.51318e-09 0 3.98879e-09 0 4.55965e-09 0 5.11868e-09 0 5.78573e-09 0 6.47811e-09 0 7.24443e-09 0
100.767 0.000124018 3.61513e-05 8.78665e-05 0.708499 0.462863 5.28193e-21 0 2.34146e-18 0 5.73714e-16 0 1.06796e-14 0 7.49347e-14 0 3.17925e-13 0 9.88137e-13 0 2.49346e-12 0 5.43288e-12 0 1.06469e-11 0 1.9131e-11 0 3.223e-11 0 5.18746e-11 0 7.91084e-11 0 1.1619e-10 0 1.64826e-10 0 2.28942e-10 0 3.08394e-10 0 4.12348e-10 0 5.36175e-10 0 6.86069e-10 0 8.64599e-10 0 1.07395e-09 0 1.32842e-09 0 1.62124e-09 0 1.95337e-09 0 2.32486e-09 0 2.75926e-09 0 3.26589e-09 0 3.82197e-09 0 4.42432e-09 0 5.11113e-09 0 5.89274e-09 0 6.7252e-09 0 7.66219e-09 0 8.64571e-09 0 9.81874e-09 0 1.09605e-08 0 1.23149e-08 0 1.37128e-08 0 1.52514e-08 0
105.939 0.000124876 3.61921e-05 8.86841e-05 0.710176 0.444218 4.31274e-20 0 1.41979e-17 0 2.65939e-15 0 4.29183e-14 0 2.73815e-13 0 1.08257e-12 0 3.18348e-12 0 7.67822e-12 0 1.61055e-11 0 3.05424e-11 0 5.3332e-11 0 8.75895e-11 0 1.37738e-10 0 2.05766e-10 0 2.96599e-10 0 4.13631e-10 0 5.65385e-10 0 7.506e-10 0 9.8948e-10 0 1.27023e-09 0 1.60589e-09 0 2.00105e-09 0 2.4594e-09 0 3.01074e-09 0 3.63882e-09 0 4.34457e-09 0 5.12704e-09 0 6.03434e-09 0 7.08377e-09 0 8.22653e-09 0 9.45522e-09 0 1.08463e-08 0 1.24184e-08 0 1.40816e-08 0 1.59417e-08 0 1.78822e-08 0 2.01826e-08 0 2.24088e-08 0 2.50352e-08 0 2.7731e-08 0 3.06828e-08 0
111.377 0.000126117 3.65365e-05 8.95809e-05 0.710297 0.429159 3.16606e-19 0 7.85377e-17 0 1.13941e-14 0 1.60535e-13 0 9.356e-13 0 3.45891e-12 0 9.64974e-12 0 2.22949e-11 0 4.51037e-11 0 8.29033e-11 0 1.40876e-10 0 2.2583e-10 0 3.47364e-10 0 5.08855e-10 0 7.20505e-10 0 9.88617e-10 0 1.33086e-09 0 1.74256e-09 0 2.26635e-09 0 2.87413e-09 0 3.59226e-09 0 4.42839e-09 0 5.38819e-09 0 6.53129e-09 0 7.82111e-09 0 9.25755e-09 0 1.08369e-08 0 1.26536e-08 0 1.47383e-08 0 1.69914e-08 0 1.93969e-08 0 2.2102e-08 0 2.51389e-08 0 2.83313e-08 0 3.18799e-08 0 3.55606e-08 0 3.98988e-08 0 4.40741e-08 0 4.89739e-08 0 5.39772e-08 0 5.94286e-08 0
117.094 0.000127219 3.69531e-05 9.02655e-05 0.709531 0.41651 2.08799e-18 0 3.95707e-16 0 4.50234e-14 0 5.57485e-13 0 2.98111e-12 0 1.03396e-11 0 2.74362e-11 0 6.08495e-11 0 1.18939e-10 0 2.12214e-10 0 3.51397e-10 0 5.50473e-10 0 8.29105e-10 0 1.19213e-09 0 1.65955e-09 0 2.2422e-09 0 2.97492e-09 0 3.84428e-09 0 4.93608e-09 0 6.18762e-09 0 7.6499e-09 0 9.33463e-09 0 1.12495e-08 0 1.35086e-08 0 1.60346e-08 0 1.8824e-08 0 2.18665e-08 0 2.53397e-08 0 2.92956e-08 0 3.35403e-08 0 3.8042e-08 0 4.3072e-08 0 4.86831e-08 0 5.45461e-08 0 6.10257e-08 0 6.77092e-08 0 7.55436e-08 0 8.30444e-08 0 9.18031e-08 0 1.00702e-07 0 1.10353e-07 0
123.105 0.000127759 3.73406e-05 9.04179e-05 0.707725 0.404013 1.24014e-17 0 1.81934e-15 0 1.64284e-13 0 1.79901e-12 0 8.86398e-12 0 2.89323e-11 0 7.32e-11 0 1.56155e-10 0 2.954e-10 0 5.12371e-10 0 8.2778e-10 0 1.26863e-09 0 1.87294e-09 0 2.64568e-09 0 3.62402e-09 0 4.82496e-09 0 6.31391e-09 0 8.05755e-09 0 1.02204e-08 0 1.26712e-08 0 1.55043e-08 0 1.87359e-08 0 2.23746e-08 0 2.66287e-08 0 3.13447e-08 0 3.65103e-08 0 4.21024e-08 0 4.84399e-08 0 5.56068e-08 0 6.32446e-08 0 7.12933e-08 0 8.0232e-08 0 9.01436e-08 0 1.00441e-07 0 1.11758e-07 0 1.2337e-07 0 1.36911e-07 0 1.49811e-07 0 1.64802e-07 0 1.79964e-07 0 1.96331e-07 0
129.424 0.000127572 3.76125e-05 8.99598e-05 0.705167 0.388422 6.65245e-17 0 7.64979e-15 0 5.54427e-13 0 5.40175e-12 0 2.46215e-11 0 7.58549e-11 0 1.83413e-10 0 3.77058e-10 0 6.91426e-10 0 1.16746e-09 0 1.84248e-09 0 2.76547e-09 0 4.00587e-09 0 5.56399e-09 0 7.5053e-09 0 9.85375e-09 0 1.27263e-08 0 1.60486e-08 0 2.01216e-08 0 2.46862e-08 0 2.99095e-08 0 3.58109e-08 0 4.23968e-08 0 5.00309e-08 0 5.84243e-08 0 6.75477e-08 0 7.73536e-08 0 8.83901e-08 0 1.00787e-07 0 1.13912e-07 0 1.2766e-07 0 1.4284e-07 0 1.59575e-07 0 1.76867e-07 0 1.95772e-07 0 2.15073e-07 0 2.37469e-07 0 2.58704e-07 0 2.83271e-07 0 3.08004e-07 0 3.34591e-07 0
136.067 0.000126665 3.75824e-05 8.90827e-05 0.703293 0.36586 3.22266e-16 0 2.93949e-14 0 1.7284e-12 0 1.50683e-11 0 6.37792e-11 0 1.8599e-10 0 4.3074e-10 0 8.54896e-10 0 1.52193e-09 0 2.50486e-09 0 3.86605e-09 0 5.68884e-09 0 8.09272e-09 0 1.10616e-08 0 1.47046e-08 0 1.90508e-08 0 2.42992e-08 0 3.02975e-08 0 3.75695e-08 0 4.56344e-08 0 5.47745e-08 0 6.50079e-08 0 7.63315e-08 0 8.93507e-08 0 1.03554e-07 0 1.18879e-07 0 1.35239e-07 0 1.53531e-07 0 1.73945e-07 0 1.95426e-07 0 2.17797e-07 0 2.42362e-07 0 2.69297e-07 0 2.96983e-07 0 3.27102e-07 0 3.57705e-07 0 3.93047e-07 0 4.26407e-07 0 4.64835e-07 0 5.0336e-07 0 5.44605e-07 0
143.051 0.000125496 3.73182e-05 8.81774e-05 0.702633 0.33447 1.41892e-15 0 1.03829e-13 0 5.00382e-12 0 3.92469e-11 0 1.5482e-10 0 4.28493e-10 0 9.52492e-10 0 1.8282e-09 0 3.16428e-09 0 5.08277e-09 0 7.68035e-09 0 1.10904e-08 0 1.55076e-08 0 2.08757e-08 0 2.73678e-08 0 3.50114e-08 0 4.41294e-08 0 5.44334e-08 0 6.67932e-08 0 8.03647e-08 0 9.56049e-08 0 1.12522e-07 0 1.3109e-07 0 1.52273e-07 0 1.75212e-07 0 1.99792e-07 0 2.2586e-07 0 2.54826e-07 0 2.86954e-07 0 3.20564e-07 0 3.55374e-07 0 3.93397e-07 0 4.34875e-07 0 4.77297e-07 0 5.2323e-07 0 5.69689e-07 0 6.23103e-07 0 6.73306e-07 0 7.30899e-07 0 7.88404e-07 0 8.49732e-07 0
150.394 0.000124589 3.69508e-05 8.76382e-05 0.703418 0.294515 5.72238e-15 0 3.39556e-13 0 1.35433e-11 0 9.60631e-11 0 3.54387e-10 0 9.33273e-10 0 1.99521e-09 0 3.70959e-09 0 6.25093e-09 0 9.81116e-09 0 1.45294e-08 0 2.06074e-08 0 2.83473e-08 0 3.76102e-08 0 4.86589e-08 0 6.1505e-08 0 7.66515e-08 0 9.35855e-08 0 1.13694e-07 0 1.35565e-07 0 1.59912e-07 0 1.86716e-07 0 2.15912e-07 0 2.48974e-07 0 2.84524e-07 0 3.22366e-07 0 3.62252e-07 0 4.06309e-07 0 4.54892e-07 0 5.0543e-07 0 5.57502e-07 0 6.14097e-07 0 6.7553e-07 0 7.38066e-07 0 8.05472e-07 0 8.73357e-07 0 9.51072e-07 0 1.02382e-06 0 1.10695e-06 0 1.18963e-06 0 1.27749e-06 0
158.114 0.000124344 3.66206e-05 8.7723e-05 0.705489 0.248324 2.13065e-14 0 1.03577e-12 0 3.45081e-11 0 2.22439e-10 0 7.69931e-10 0 1.93397e-09 0 3.984e-09 0 7.18633e-09 0 1.18049e-08 0 1.8125e-08 0 2.63318e-08 0 3.67151e-08 0 4.97247e-08 0 6.50684e-08 0 8.31316e-08 0 1.03883e-07 0 1.28082e-07 0 1.54862e-07 0 1.86357e-07 0 2.20305e-07 0 2.57784e-07 0 2.98725e-07 0 3.42993e-07 0 3.92774e-07 0 4.4594e-07 0 5.02179e-07 0 5.61108e-07 0 6.25835e-07 0 6.96813e-07 0 7.70256e-07 0 8.45554e-07 0 9.27004e-07 0 1.015e-06 0 1.10418e-06 0 1.1999e-06 0 1.29589e-06 0 1.40535e-06 0 1.50741e-06 0 1.6236e-06 0 1.73875e-06 0 1.86068e-06 0
166.23 0.000124975 3.64827e-05 8.84921e-05 0.70808 0.199589 7.38463e-14 0 2.96981e-12 0 8.33763e-11 0 4.90704e-10 0 1.59858e-09 0 3.83887e-09 0 7.63391e-09 0 1.33791e-08 0 2.14515e-08 0 3.22539e-08 0 4.60113e-08 0 6.31221e-08 0 8.4232e-08 0 1.08786e-07 0 1.37333e-07 0 1.69757e-07 0 2.07172e-07 0 2.48176e-07 0 2.95962e-07 0 3.47031e-07 0 4.02965e-07 0 4.63615e-07 0 5.28739e-07 0 6.01485e-07 0 6.78683e-07 0 7.59856e-07 0 8.44435e-07 0 9.36838e-07 0 1.03763e-06 0 1.1414e-06 0 1.24729e-06 0 1.36131e-06 0 1.48395e-06 0 1.60771e-06 0 1.73999e-06 0 1.87215e-06 0 2.02225e-06 0 2.1617e-06 0 2.31991e-06 0 2.47615e-06 0 2.64103e-06 0
174.763 0.000126469 3.67068e-05 8.97626e-05 0.709757 0.152101 2.40275e-13 0 8.06815e-12 0 1.92475e-10 0 1.03889e-09 0 3.19477e-09 0 7.35077e-09 0 1.41352e-08 0 2.41037e-08 0 3.77661e-08 0 5.56647e-08 0 7.80423e-08 0 1.05425e-07 0 1.38714e-07 0 1.76926e-07 0 2.20827e-07 0 2.70154e-07 0 3.26506e-07 0 3.87696e-07 0 4.58388e-07 0 5.33323e-07 0 6.14781e-07 0 7.02486e-07 0 7.96039e-07 0 8.99881e-07 0 1.00941e-06 0 1.12392e-06 0 1.2426e-06 0 1.37161e-06 0 1.51161e-06 0 1.65506e-06 0 1.80079e-06 0 1.95703e-06 0 2.12438e-06 0 2.29256e-06 0 2.47164e-06 0 2.64988e-06 0 2.85158e-06 0 3.03831e-06 0 3.24945e-06 0 3.45727e-06 0 3.6759e-06 0
183.733 0.000128596 3.72017e-05 9.13939e-05 0.710708 0.107887 7.34591e-13 0 2.07779e-11 0 4.24565e-10 0 2.11052e-09 0 6.14384e-09 0 1.35727e-08 0 2.52795e-08 0 4.19985e-08 0 6.43772e-08 0 9.31073e-08 0 1.28401e-07 0 1.70924e-07 0 2.21903e-07 0 2.79689e-07 0 3.45332e-07 0 4.18332e-07 0 5.00937e-07 0 5.8985e-07 0 6.91723e-07 0 7.98874e-07 0 9.14524e-07 0 1.03821e-06 0 1.16931e-06 0 1.31396e-06 0 1.46564e-06 0 1.62337e-06 0 1.78602e-06 0 1.96196e-06 0 2.15199e-06 0 2.3458e-06 0 2.54185e-06 0 2.7512e-06 0 2.97452e-06 0 3.19809e-06 0 3.43525e-06 0 3.67049e-06 0 3.93576e-06 0 4.18052e-06 0 4.45639e-06 0 4.72708e-06 0 5.01098e-06 0
193.164 0.000130761 3.77252e-05 9.30359e-05 0.711495 0.0670238 2.10339e-12 0 5.05365e-11 0 8.91191e-10 0 4.09649e-09 0 1.1319e-08 0 2.40561e-08 0 4.34651e-08 0 7.04438e-08 0 1.05751e-07 0 1.50214e-07 0 2.0393e-07 0 2.67702e-07 0 3.43144e-07 0 4.27642e-07 0 5.22602e-07 0 6.27177e-07 0 7.44442e-07 0 8.69611e-07 0 1.0119e-06 0 1.16046e-06 0 1.31972e-06 0 1.48895e-06 0 1.66727e-06 0 1.86287e-06 0 2.06687e-06 0 2.27791e-06 0 2.49448e-06 0 2.72766e-06 0 2.97839e-06 0 3.23299e-06 0 3.48949e-06 0 3.76232e-06 0 4.05225e-06 0 4.34144e-06 0 4.64714e-06 0 4.94933e-06 0 5.28898e-06 0 5.60137e-06 0 5.95241e-06 0 6.29582e-06 0 6.65497e-06 0
203.079 0.000132674 3.85903e-05 9.40837e-05 0.709135 0.0313431 5.70492e-12 0 1.17361e-10 0 1.79903e-09 0 7.67604e-09 0 2.01828e-08 0 4.13441e-08 0 7.25748e-08 0 1.14881e-07 0 1.69074e-07 0 2.36081e-07 0 3.15754e-07 0 4.09025e-07 0 5.17977e-07 0 6.38627e-07 0 7.72833e-07 0 9.19258e-07 0 1.08204e-06 0 1.25442e-06 0 1.44891e-06 0 1.65056e-06 0 1.86532e-06 0 2.09217e-06 0 2.32982e-06 0 2.5891e-06 0 2.85809e-06 0 3.135e-06 0 3.41788e-06 0 3.72111e-06 0 4.04576e-06 0 4.37405e-06 0 4.70351e-06 0 5.05266e-06 0 5.42234e-06 0 5.7898e-06 0 6.17694e-06 0 6.55841e-06 0 6.98582e-06 0 7.37775e-06 0 7.81689e-06 0 8.24526e-06 0 8.69206e-06 0
213.503 0.000133759 3.94553e-05 9.43041e-05 0.705028 -0.000331447 1.45674e-11 0 2.58547e-10 0 3.46873e-09 0 1.37881e-08 0 3.4582e-08 0 6.84033e-08 0 1.1682e-07 0 1.80819e-07 0 2.61141e-07 0 3.58743e-07 0 4.73048e-07 0 6.05087e-07 0 7.5748e-07 0 9.24419e-07 0 1.10831e-06 0 1.30718e-06 0 1.52646e-06 0 1.75691e-06 0 2.01509e-06 0 2.28097e-06 0 2.56242e-06 0 2.85798e-06 0 3.16596e-06 0 3.50021e-06 0 3.84527e-06 0 4.19883e-06 0 4.55844e-06 0 4.94231e-06 0 5.3516e-06 0 5.76387e-06 0 6.17609e-06 0 6.61141e-06 0 7.07072e-06 0 7.52577e-06 0 8.00366e-06 0 8.47314e-06 0 8.99757e-06 0 9.47709e-06 0 1.00129e-05 0 1.05342e-05 0 1.10764e-05 0
224.463 0.000133578 4.02765e-05 9.3301e-05 0.698478 -0.0282168 3.50846e-11 0 5.41108e-10 0 6.39529e-09 0 2.37647e-08 0 5.69876e-08 0 1.0903e-07 0 1.814e-07 0 2.74852e-07 0 3.89887e-07 0 5.27367e-07 0 6.86073e-07 0 8.67089e-07 0 1.07363e-06 0 1.29757e-06 0 1.54198e-06 0 1.80406e-06 0 2.09081e-06 0 2.39e-06 0 2.72292e-06 0 3.06361e-06 0 3.42214e-06 0 3.79658e-06 0 4.18475e-06 0 4.60396e-06 0 5.03466e-06 0 5.47404e-06 0 5.91908e-06 0 6.39227e-06 0 6.89482e-06 0 7.39913e-06 0 7.90162e-06 0 8.4305e-06 0 8.9867e-06 0 9.53599e-06 0 1.01111e-05 0 1.06745e-05 0 1.1302e-05 0 1.18742e-05 0 1.2512e-05 0 1.31308e-05 0 1.3773e-05 0
235.984 0.000131682 4.08389e-05 9.08427e-05 0.689867 -0.0532252 7.95098e-11 0 1.07294e-09 0 1.12405e-08 0 3.91764e-08 0 9.00174e-08 0 1.66853e-07 0 2.7079e-07 0 4.02054e-07 0 5.60674e-07 0 7.47275e-07 0 9.59755e-07 0 1.19919e-06 0 1.46944e-06 0 1.75958e-06 0 2.07347e-06 0 2.40738e-06 0 2.77e-06 0 3.14579e-06 0 3.56125e-06 0 3.98384e-06 0 4.4261e-06 0 4.88557e-06 0 5.35956e-06 0 5.86905e-06 0 6.39016e-06 0 6.91953e-06 0 7.45361e-06 0 8.01933e-06 0 8.61792e-06 0 9.21648e-06 0 9.8109e-06 0 1.04345e-05 0 1.10884e-05 0 1.17321e-05 0 1.24042e-05 0 1.30608e-05 0 1.37901e-05 0 1.44535e-05 0 1.5191e-05 0 1.59048e-05 0 1.66439e-05 0
248.097 0.000127887 4.10177e-05 8.68689e-05 0.679265 -0.0757802 1.69526e-10 0 2.01472e-09 0 1.88197e-08 0 6.17132e-08 0 1.36157e-07 0 2.44886e-07 0 3.88146e-07 0 5.65283e-07 0 7.75607e-07 0 1.01935e-06 0 1.29329e-06 0 1.59846e-06 0 1.93935e-06 0 2.30195e-06 0 2.69095e-06 0 3.10161e-06 0 3.54445e-06 0 4.00039e-06 0 4.50139e-06 0 5.00807e-06 0 5.53552e-06 0 6.08079e-06 0 6.64067e-06 0 7.23981e-06 0 7.85e-06 0 8.46737e-06 0 9.08791e-06 0 9.74285e-06 0 1.04334e-05 0 1.11216e-05 0 1.18029e-05 0 1.25155e-05 0 1.32603e-05 0 1.39917e-05 0 1.47531e-05 0 1.5495e-05 0 1.6317e-05 0 1.70628e-05 0 1.789e-05 0 1.86888e-05 0 1.95141e-05 0
260.832 0.000122205 4.08877e-05 8.13173e-05 0.665417 -0.0961113 3.41595e-10 0 3.59753e-09 0 3.01317e-08 0 9.3241e-08 0 1.97921e-07 0 3.45914e-07 0 5.36085e-07 0 7.6654e-07 0 1.03563e-06 0 1.34305e-06 0 1.6843e-06 0 2.06033e-06 0 2.47624e-06 0 2.91473e-06 0 3.38143e-06 0 3.87055e-06 0 4.39447e-06 0 4.93055e-06 0 5.51621e-06 0 6.10527e-06 0 6.7154e-06 0 7.34318e-06 0 7.98493e-06 0 8.66876e-06 0 9.36238e-06 0 1.00615e-05 0 1.07617e-05 0 1.14982e-05 0 1.22722e-05 0 1.3041e-05 0 1.37998e-05 0 1.45912e-05 0 1.54162e-05 0 1.62239e-05 0 1.70628e-05 0 1.78781e-05 0 1.87792e-05 0 1.95948e-05 0 2.04975e-05 0 2.13673e-05 0 2.22639e-05 0
274.221 0.000114953 4.03239e-05 7.46289e-05 0.649213 -0.114478 6.49987e-10 0 6.10204e-09 0 4.60711e-08 0 1.34915e-07 0 2.76049e-07 0 4.69489e-07 0 7.12202e-07 0 1.00074e-06 0 1.33234e-06 0 1.70605e-06 0 2.11603e-06 0 2.56312e-06 0 3.05301e-06 0 3.56517e-06 0 4.10615e-06 0 4.66923e-06 0 5.26854e-06 0 5.87817e-06 0 6.54049e-06 0 7.20321e-06 0 7.88637e-06 0 8.58614e-06 0 9.29847e-06 0 1.00545e-05 0 1.08183e-05 0 1.15854e-05 0 1.23512e-05 0 1.3154e-05 0 1.39949e-05 0 1.48277e-05 0 1.56474e-05 0 1.65e-05 0 1.73862e-05 0 1.82518e-05 0 1.91485e-05 0 2.00179e-05 0 2.09767e-05 0 2.18426e-05 0 2.27988e-05 0 2.37183e-05 0 2.46643e-05 0
288.297 0.000106506 3.93625e-05 6.71434e-05 0.630419 -0.131194 1.17112e-09 0 9.85573e-09 0 6.74184e-08 0 1.87339e-07 0 3.70147e-07 0 6.13416e-07 0 9.11799e-07 0 1.26011e-06 0 1.65438e-06 0 2.09302e-06 0 2.56886e-06 0 3.08266e-06 0 3.64066e-06 0 4.21937e-06 0 4.82627e-06 0 5.45382e-06 0 6.11772e-06 0 6.78928e-06 0 7.51507e-06 0 8.23772e-06 0 8.97927e-06 0 9.73562e-06 0 1.05025e-05 0 1.13132e-05 0 1.21294e-05 0 1.29463e-05 0 1.3759e-05 0 1.46085e-05 0 1.54957e-05 0 1.63717e-05 0 1.72316e-05 0 1.81237e-05 0 1.90487e-05 0 1.99499e-05 0 2.08813e-05 0 2.17824e-05 0 2.27739e-05 0 2.36675e-05 0 2.46523e-05 0 2.55973e-05 0 2.65678e-05 0
303.095 9.73797e-05 3.80994e-05 5.92804e-05 0.608754 -0.146402 2.00593e-09 0 1.52137e-08 0 9.47442e-08 0 2.50457e-07 0 4.78677e-07 0 7.73954e-07 0 1.12839e-06 0 1.53501e-06 0 1.9887e-06 0 2.48728e-06 0 3.02241e-06 0 3.59482e-06 0 4.21124e-06 0 4.84568e-06 0 5.50647e-06 0 6.18553e-06 0 6.89979e-06 0 7.61846e-06 0 8.39129e-06 0 9.15719e-06 0 9.93973e-06 0 1.07347e-05 0 1.15376e-05 0 1.23834e-05 0 1.32319e-05 0 1.40783e-05 0 1.4918e-05 0 1.5793e-05 0 1.67042e-05 0 1.76015e-05 0 1.848e-05 0 1.93892e-05 0 2.03296e-05 0 2.12437e-05 0 2.21864e-05 0 2.30965e-05 0 2.40958e-05 0 2.49946e-05 0 2.59832e-05 0 2.69302e-05 0 2.79009e-05 0
318.653 8.80333e-05 3.65477e-05 5.14856e-05 0.584842 -0.160187 3.27133e-09 0 2.24741e-08 0 1.28003e-07 0 3.22695e-07 0 5.97543e-07 0 9.43753e-07 0 1.35086e-06 0 1.81028e-06 0 2.3159e-06 0 2.86508e-06 0 3.44858e-06 0 4.06718e-06 0 4.728e-06 0 5.40324e-06 0 6.10197e-06 0 6.81577e-06 0 7.56249e-06 0 8.31004e-06 0 9.11012e-06 0 9.8995e-06 0 1.07027e-05 0 1.15156e-05 0 1.23336e-05 0 1.31924e-05 0 1.40511e-05 0 1.4905e-05 0 1.57496e-05 0 1.66274e-05 0 1.7539e-05 0 1.84344e-05 0 1.93089e-05 0 2.02118e-05 0 2.11435e-05 0 2.20473e-05 0 2.29773e-05 0 2.38734e-05 0 2.48553e-05 0 2.57368e-05 0 2.67048e-05 0 2.76303e-05 0 2.85773e-05 0
335.009 7.88287e-05 3.47879e-05 4.40409e-05 0.55869 -0.173087 5.09566e-09 0 3.18637e-08 0 1.66705e-07 0 4.01714e-07 0 7.21833e-07 0 1.11491e-06 0 1.56818e-06 0 2.07172e-06 0 2.61873e-06 0 3.20631e-06 0 3.82461e-06 0 4.47457e-06 0 5.1636e-06 0 5.86285e-06 0 6.58197e-06 0 7.31249e-06 0 8.07273e-06 0 8.8302e-06 0 9.63725e-06 0 1.04302e-05 0 1.12339e-05 0 1.20442e-05 0 1.2857e-05 0 1.37074e-05 0 1.45551e-05 0 1.53956e-05 0 1.62247e-05 0 1.70841e-05 0 1.79743e-05 0 1.88464e-05 0 1.96963e-05 0 2.05718e-05 0 2.14735e-05 0 2.23461e-05 0 2.32424e-05 0 2.41043e-05 0 2.5047e-05 0 2.58919e-05 0 2.68179e-05 0 2.77018e-05 0 2.86049e-05 0
352.205 7.03132e-05 3.31254e-05 3.71879e-05 0.528889 -0.184484 7.65754e-09 0 4.37842e-08 0 2.11294e-07 0 4.87768e-07 0 8.51754e-07 0 1.28798e-06 0 1.78173e-06 0 2.32212e-06 0 2.90193e-06 0 3.5182e-06 0 4.16079e-06 0 4.83086e-06 0 5.53608e-06 0 6.24709e-06 0 6.97405e-06 0 7.70861e-06 0 8.4693e-06 0 9.22378e-06 0 1.00242e-05 0 1.08075e-05 0 1.15985e-05 0 1.23933e-05 0 1.31879e-05 0 1.40168e-05 0 1.48405e-05 0 1.5655e-05 0 1.64564e-05 0 1.7285e-05 0 1.81412e-05 0 1.89781e-05 0 1.97918e-05 0 2.06283e-05 0 2.1488e-05 0 2.23185e-05 0 2.31698e-05 0 2.3987e-05 0 2.48793e-05 0 2.56776e-05 0 2.65512e-05 0 2.73837e-05 0 2.8233e-05 0
370.284 6.2594e-05 3.15171e-05 3.10769e-05 0.496483 -0.194688 1.11084e-08 0 5.83326e-08 0 2.60682e-07 0 5.77709e-07 0 9.81752e-07 0 1.45493e-06 0 1.98111e-06 0 2.54887e-06 0 3.15094e-06 0 3.78448e-06 0 4.43936e-06 0 5.11705e-06 0 5.82539e-06 0 6.53515e-06 0 7.25681e-06 0 7.98233e-06 0 8.73017e-06 0 9.46872e-06 0 1.02491e-05 0 1.10099e-05 0 1.17755e-05 0 1.25422e-05 0 1.33065e-05 0 1.41013e-05 0 1.4889e-05 0 1.56658e-05 0 1.64282e-05 0 1.72147e-05 0 1.80255e-05 0 1.88163e-05 0 1.95836e-05 0 2.03709e-05 0 2.11784e-05 0 2.1957e-05 0 2.27537e-05 0 2.35172e-05 0 2.43495e-05 0 2.50928e-05 0 2.59051e-05 0 2.66781e-05 0 2.74654e-05 0
389.291 5.60015e-05 3.02579e-05 2.57436e-05 0.459695 -0.202431 1.57351e-08 0 7.62017e-08 0 3.16542e-07 0 6.74791e-07 0 1.11747e-06 0 1.62462e-06 0 2.17918e-06 0 2.76955e-06 0 3.38863e-06 0 4.03393e-06 0 4.69547e-06 0 5.3751e-06 0 6.08086e-06 0 6.78389e-06 0 7.49496e-06 0 8.20642e-06 0 8.93653e-06 0 9.65465e-06 0 1.04105e-05 0 1.11448e-05 0 1.18813e-05 0 1.26166e-05 0 1.33474e-05 0 1.41053e-05 0 1.48545e-05 0 1.55914e-05 0 1.63131e-05 0 1.70558e-05 0 1.78199e-05 0 1.85635e-05 0 1.92836e-05 0 2.00212e-05 0 2.07763e-05 0 2.15031e-05 0 2.22456e-05 0 2.2956e-05 0 2.37291e-05 0 2.44186e-05 0 2.5171e-05 0 2.58859e-05 0 2.66131e-05 0
409.273 5.0026e-05 2.88218e-05 2.12042e-05 0.423864 -0.208796 2.1435e-08 0 9.61115e-08 0 3.72444e-07 0 7.65189e-07 0 1.23641e-06 0 1.7651e-06 0 2.33404e-06 0 2.93202e-06 0 3.55248e-06 0 4.1934e-06 0 4.84534e-06 0 5.51052e-06 0 6.19701e-06 0 6.87706e-06 0 7.56147e-06 0 8.24316e-06 0 8.9398e-06 0 9.62236e-06 0 1.03382e-05 0 1.10313e-05 0 1.17242e-05 0 1.24141e-05 0 1.30978e-05 0 1.38051e-05 0 1.45024e-05 0 1.51868e-05 0 1.58555e-05 0 1.65423e-05 0 1.72474e-05 0 1.79323e-05 0 1.85943e-05 0 1.92711e-05 0 1.99629e-05 0 2.06276e-05 0 2.13056e-05 0 2.19533e-05 0 2.26571e-05 0 2.3284e-05 0 2.39671e-05 0 2.46153e-05 0 2.52738e-05 0
430.281 4.48159e-05 2.74314e-05 1.73845e-05 0.387909 -0.214755 2.83224e-08 0 1.18025e-07 0 4.28113e-07 0 8.49235e-07 0 1.34053e-06 0 1.88091e-06 0 2.45368e-06 0 3.04842e-06 0 3.65934e-06 0 4.28503e-06 0 4.91678e-06 0 5.55719e-06 0 6.21426e-06 0 6.86175e-06 0 7.51032e-06 0 8.15357e-06 0 8.80833e-06 0 9.44753e-06 0 1.01156e-05 0 1.07604e-05 0 1.14031e-05 0 1.20413e-05 0 1.26721e-05 0 1.3323e-05 0 1.39633e-05 0 1.45903e-05 0 1.52017e-05 0 1.58284e-05 0 1.64705e-05 0 1.7093e-05 0 1.76938e-05 0 1.83069e-05 0 1.89326e-05 0 1.95329e-05 0 2.01443e-05 0 2.07275e-05 0 2.13605e-05 0 2.19234e-05 0 2.2536e-05 0 2.31167e-05 0 2.37059e-05 0
452.368 4.02953e-05 2.6083e-05 1.42123e-05 0.352705 -0.220269 3.63461e-08 0 1.41269e-07 0 4.81221e-07 0 9.2327e-07 0 1.42541e-06 0 1.9674e-06 0 2.53366e-06 0 3.11491e-06 0 3.70632e-06 0 4.30714e-06 0 4.90955e-06 0 5.51647e-06 0 6.13574e-06 0 6.74296e-06 0 7.3485e-06 0 7.94663e-06 0 8.55322e-06 0 9.14335e-06 0 9.75819e-06 0 1.03497e-05 0 1.09378e-05 0 1.15202e-05 0 1.20945e-05 0 1.26857e-05 0 1.32659e-05 0 1.3833e-05 0 1.43848e-05 0 1.49494e-05 0 1.55268e-05 0 1.60857e-05 0 1.66242e-05 0 1.71729e-05 0 1.7732e-05 0 1.82675e-05 0 1.88123e-05 0 1.93313e-05 0 1.98937e-05 0 2.03933e-05 0 2.09364e-05 0 2.14505e-05 0 2.19716e-05 0
475.588 3.64379e-05 2.4841e-05 1.15969e-05 0.318265 -0.225414 4.54805e-08 0 1.65442e-07 0 5.30883e-07 0 9.86774e-07 0 1.49167e-06 0 2.02698e-06 0 2.57866e-06 0 3.13881e-06 0 3.70365e-06 0 4.27309e-06 0 4.84027e-06 0 5.40838e-06 0 5.98503e-06 0 6.54782e-06 0 7.10669e-06 0 7.65664e-06 0 8.2124e-06 0 8.75134e-06 0 9.31114e-06 0 9.84819e-06 0 1.03808e-05 0 1.09068e-05 0 1.14244e-05 0 1.19561e-05 0 1.24768e-05 0 1.29847e-05 0 1.3478e-05 0 1.39819e-05 0 1.44964e-05 0 1.49935e-05 0 1.54717e-05 0 1.59584e-05 0 1.64535e-05 0 1.69272e-05 0 1.74083e-05 0 1.78661e-05 0 1.83616e-05 0 1.88013e-05 0 1.92787e-05 0 1.97301e-05 0 2.01872e-05 0
500 3.31867e-05 2.37325e-05 9.45423e-06 0.28488 -0.230117 5.56501e-08 0 1.90077e-07 0 5.76263e-07 0 1.03935e-06 0 1.54002e-06 0 2.06189e-06 0 2.59283e-06 0 3.12639e-06 0 3.65985e-06 0 4.19378e-06 0 4.72227e-06 0 5.24873e-06 0 5.78048e-06 0 6.29716e-06 0 6.80822e-06 0 7.30932e-06 0 7.81404e-06 0 8.302e-06 0 8.80741e-06 0 9.29098e-06 0 9.76934e-06 0 1.02408e-05 0 1.07036e-05 0 1.11781e-05 0 1.16419e-05 0 1.20934e-05 0 1.25312e-05 0 1.29777e-05 0 1.34328e-05 0 1.3872e-05 0 1.42938e-05 0 1.47224e-05 0 1.51579e-05 0 1.55741e-05 0 1.59962e-05 0 1.63975e-05 0 1.68313e-05 0 1.72158e-05 0 1.76328e-05 0 1.80267e-05 0 1.84252e-05 0
525.665 3.04636e-05 2.27546e-05 7.709e-06 0.253056 -0.23449 6.66973e-08 0 2.14565e-07 0 6.16332e-07 0 1.08028e-06 0 1.57054e-06 0 2.07342e-06 0 2.57881e-06 0 3.08177e-06 0 3.58059e-06 0 4.07647e-06 0 4.56441e-06 0 5.04797e-06 0 5.53412e-06 0 6.00455e-06 0 6.46813e-06 0 6.92113e-06 0 7.376e-06 0 7.81451e-06 0 8.26748e-06 0 8.6998e-06 0 9.12647e-06 0 9.54606e-06 0 9.95718e-06 0 1.03778e-05 0 1.07882e-05 0 1.11871e-05 0 1.15733e-05 0 1.19665e-05 0 1.23667e-05 0 1.27522e-05 0 1.31221e-05 0 1.34975e-05 0 1.38784e-05 0 1.4242e-05 0 1.46104e-05 0 1.49601e-05 0 1.53379e-05 0 1.56723e-05 0 1.60347e-05 0 1.63767e-05 0 1.67224e-05 0
552.648 2.81892e-05 2.18969e-05 6.2923e-06 0.223216 -0.238758 7.83992e-08 0 2.3825e-07 0 6.50163e-07 0 1.10906e-06 0 1.58358e-06 0 2.06296e-06 0 2.5392e-06 0 3.0088e-06 0 3.47103e-06 0 3.92757e-06 0 4.37433e-06 0 4.81492e-06 0 5.25595e-06 0 5.68105e-06 0 6.0985e-06 0 6.50514e-06 0 6.91227e-06 0 7.30369e-06 0 7.70702e-06 0 8.09106e-06 0 8.46926e-06 0 8.84044e-06 0 9.20344e-06 0 9.57419e-06 0 9.93528e-06 0 1.02857e-05 0 1.06244e-05 0 1.09688e-05 0 1.13188e-05 0 1.16556e-05 0 1.19783e-05 0 1.23054e-05 0 1.26369e-05 0 1.2953e-05 0 1.32729e-05 0 1.35764e-05 0 1.39038e-05 0 1.41933e-05 0 1.45069e-05 0 1.48025e-05 0 1.51009e-05 0
581.015 2.63278e-05 2.11841e-05 5.14371e-06 0.195372 -0.242769 9.06337e-08 0 2.60919e-07 0 6.78184e-07 0 1.12744e-06 0 1.58255e-06 0 2.03575e-06 0 2.48109e-06 0 2.91644e-06 0 3.3419e-06 0 3.75959e-06 0 4.1662e-06 0 4.56538e-06 0 4.96332e-06 0 5.34547e-06 0 5.71953e-06 0 6.08282e-06 0 6.44556e-06 0 6.79343e-06 0 7.15104e-06 0 7.49079e-06 0 7.82472e-06 0 8.15182e-06 0 8.47115e-06 0 8.79676e-06 0 9.11337e-06 0 9.42014e-06 0 9.71629e-06 0 1.0017e-05 0 1.03222e-05 0 1.06155e-05 0 1.08962e-05 0 1.11804e-05 0 1.14682e-05 0 1.17423e-05 0 1.20194e-05 0 1.2282e-05 0 1.25651e-05 0 1.28152e-05 0 1.30858e-05 0 1.33407e-05 0 1.35979e-05 0
610.839 2.48277e-05 2.06172e-05 4.21055e-06 0.169591 -0.246323 1.03227e-07 0 2.82276e-07 0 7.00547e-07 0 1.13651e-06 0 1.56965e-06 0 1.99516e-06 0 2.40901e-06 0 2.81029e-06 0 3.19983e-06 0 3.58009e-06 0 3.94844e-06 0 4.30852e-06 0 4.66611e-06 0 5.00834e-06 0 5.3423e-06 0 5.66574e-06 0 5.98786e-06 0 6.29606e-06 0 6.61219e-06 0 6.91192e-06 0 7.20596e-06 0 7.49349e-06 0 7.77372e-06 0 8.05901e-06 0 8.33601e-06 0 8.60402e-06 0 8.86242e-06 0 9.12446e-06 0 9.39012e-06 0 9.64511e-06 0 9.88887e-06 0 1.01355e-05 0 1.03849e-05 0 1.06221e-05 0 1.08619e-05 0 1.10888e-05 0 1.13332e-05 0 1.15491e-05 0 1.17824e-05 0 1.2002e-05 0 1.22234e-05 0
642.193 2.36609e-05 2.02108e-05 3.45013e-06 0.145816 -0.248961 1.16096e-07 0 3.02327e-07 0 7.18103e-07 0 1.13832e-06 0 1.54823e-06 0 1.94579e-06 0 2.32874e-06 0 2.69721e-06 0 3.05265e-06 0 3.39779e-06 0 3.73059e-06 0 4.05461e-06 0 4.37523e-06 0 4.68111e-06 0 4.97872e-06 0 5.26623e-06 0 5.55188e-06 0 5.82459e-06 0 6.10374e-06 0 6.36791e-06 0 6.62661e-06 0 6.87916e-06 0 7.12493e-06 0 7.37477e-06 0 7.61701e-06 0 7.8511e-06 0 8.07651e-06 0 8.30483e-06 0 8.53605e-06 0 8.75774e-06 0 8.96946e-06 0 9.18343e-06 0 9.39963e-06 0 9.60514e-06 0 9.8126e-06 0 1.00088e-05 0 1.022e-05 0 1.04064e-05 0 1.06076e-05 0 1.07969e-05 0 1.09877e-05 0
675.157 2.27864e-05 1.99582e-05 2.82812e-06 0.124114 -0.250151 1.29073e-07 0 3.20882e-07 0 7.31108e-07 0 1.13379e-06 0 1.51985e-06 0 1.88979e-06 0 2.24291e-06 0 2.58025e-06 0 2.90374e-06 0 3.21628e-06 0 3.51637e-06 0 3.80744e-06 0 4.0945e-06 0 4.36753e-06 0 4.63249e-06 0 4.88783e-06 0 5.14095e-06 0 5.38212e-06 0 5.62851e-06 0 5.86127e-06 0 6.08883e-06 0 6.31065e-06 0 6.52621e-06 0 6.74504e-06 0 6.95693e-06 0 7.16145e-06 0 7.35817e-06 0 7.55722e-06 0 7.75857e-06 0 7.95144e-06 0 8.13547e-06 0 8.32128e-06 0 8.50887e-06 0 8.68704e-06 0 8.86674e-06 0 9.03661e-06 0 9.21927e-06 0 9.38033e-06 0 9.55416e-06 0 9.71757e-06 0 9.88211e-06 0
709.813 2.21655e-05 1.98472e-05 2.31826e-06 0.104589 -0.249416 1.41944e-07 0 3.37671e-07 0 7.39601e-07 0 1.12339e-06 0 1.48538e-06 0 1.82835e-06 0 2.15295e-06 0 2.46095e-06 0 2.75468e-06 0 3.03716e-06 0 3.30728e-06 0 3.56838e-06 0 3.82508e-06 0 4.06856e-06 0 4.30424e-06 0 4.53086e-06 0 4.75505e-06 0 4.96824e-06 0 5.18568e-06 0 5.39074e-06 0 5.59091e-06 0 5.78576e-06 0 5.97486e-06 0 6.1666e-06 0 6.35203e-06 0 6.53081e-06 0 6.70259e-06 0 6.87623e-06 0 7.05172e-06 0 7.21965e-06 0 7.37974e-06 0 7.54126e-06 0 7.70419e-06 0 7.85882e-06 0 8.01467e-06 0 8.16188e-06 0 8.32007e-06 0 8.45946e-06 0 8.60982e-06 0 8.75107e-06 0 8.89321e-06 0
746.248 2.17438e-05 1.98441e-05 1.89967e-06 0.087366 -0.246562 1.54299e-07 0 3.52038e-07 0 7.4278e-07 0 1.10627e-06 0 1.44389e-06 0 1.7604e-06 0 2.05756e-06 0 2.33776e-06 0 2.60361e-06 0 2.85815e-06 0 3.10066e-06 0 3.33431e-06 0 3.56335e-06 0 3.78002e-06 0 3.98928e-06 0 4.19007e-06 0 4.38833e-06 0 4.57653e-06 0 4.76816e-06 0 4.9486e-06 0 5.12451e-06 0 5.2955e-06 0 5.46126e-06 0 5.62912e-06 0 5.79129e-06 0 5.94747e-06 0 6.0974e-06 0 6.24881e-06 0 6.40169e-06 0 6.54787e-06 0 6.68711e-06 0 6.82749e-06 0 6.96899e-06 0 7.10318e-06 0 7.23834e-06 0 7.36593e-06 0 7.50295e-06 0 7.62361e-06 0 7.75368e-06 0 7.87581e-06 0 7.99865e-06 0
784.553 2.15148e-05 1.99586e-05 1.55613e-06 0.0723285 -0.240735 1.66022e-07 0 3.64061e-07 0 7.41441e-07 0 1.08396e-06 0 1.39755e-06 0 1.68862e-06 0 1.95987e-06 0 2.21413e-06 0 2.4542e-06 0 2.68315e-06 0 2.90051e-06 0 3.10929e-06 0 3.3134e-06 0 3.50604e-06 0 3.69167e-06 0 3.86945e-06 0 4.04468e-06 0 4.21075e-06 0 4.37959e-06 0 4.53834e-06 0 4.6929e-06 0 4.84297e-06 0 4.98827e-06 0 5.13526e-06 0 5.27712e-06 0 5.41362e-06 0 5.54452e-06 0 5.67662e-06 0 5.80989e-06 0 5.93721e-06 0 6.0584e-06 0 6.1805e-06 0 6.30348e-06 0 6.42004e-06 0 6.53736e-06 0 6.64805e-06 0 6.76685e-06 0 6.87141e-06 0 6.98406e-06 0 7.08978e-06 0 7.19606e-06 0
824.824 2.14139e-05 2.01396e-05 1.27428e-06 0.059507 -0.231701 1.76496e-07 0 3.72758e-07 0 7.34154e-07 0 1.05465e-06 0 1.34413e-06 0 1.61033e-06 0 1.85669e-06 0 2.08636e-06 0 2.30224e-06 0 2.50734e-06 0 2.70143e-06 0 2.88734e-06 0 3.06864e-06 0 3.23936e-06 0 3.40355e-06 0 3.56051e-06 0 3.71497e-06 0 3.86113e-06 0 4.00951e-06 0 4.14886e-06 0 4.28436e-06 0 4.41577e-06 0 4.54288e-06 0 4.67133e-06 0 4.79519e-06 0 4.91425e-06 0 5.02835e-06 0 5.1434e-06 0 5.25938e-06 0 5.3701e-06 0 5.47542e-06 0 5.58145e-06 0 5.68819e-06 0 5.78929e-06 0 5.89101e-06 0 5.98691e-06 0 6.08978e-06 0 6.18028e-06 0 6.27773e-06 0 6.36915e-06 0 6.461e-06 0
867.163 2.14274e-05 2.03845e-05 1.04293e-06 0.0486726 -0.218055 1.85492e-07 0 3.78058e-07 0 7.2139e-07 0 1.01929e-06 0 1.28499e-06 0 1.52721e-06 0 1.74992e-06 0 1.95649e-06 0 2.14985e-06 0 2.33292e-06 0 2.50564e-06 0 2.67065e-06 0 2.83119e-06 0 2.98205e-06 0 3.12688e-06 0 3.2651e-06 0 3.40091e-06 0 3.52924e-06 0 3.65936e-06 0 3.7814e-06 0 3.89995e-06 0 4.0148e-06 0 4.12578e-06 0 4.23783e-06 0 4.34578e-06 0 4.44947e-06 0 4.54876e-06 0 4.6488e-06 0 4.74958e-06 0 4.84573e-06 0 4.93713e-06 0 5.0291e-06 0 5.12162e-06 0 5.20921e-06 0 5.29728e-06 0 5.38028e-06 0 5.46927e-06 0 5.54751e-06 0 5.63173e-06 0 5.7107e-06 0 5.79001e-06 0
911.674 2.14534e-05 2.06007e-05 8.52718e-07 0.0397475 -0.199232 1.91985e-07 0 3.78327e-07 0 7.00631e-07 0 9.74623e-07 0 1.21612e-06 0 1.43451e-06 0 1.63411e-06 0 1.81835e-06 0 1.99016e-06 0 2.15229e-06 0 2.30484e-06 0 2.45022e-06 0 2.59136e-06 0 2.72375e-06 0 2.85062e-06 0 2.97151e-06 0 3.09013e-06 0 3.20208e-06 0 3.31545e-06 0 3.42166e-06 0 3.52473e-06 0 3.62449e-06 0 3.7208e-06 0 3.81796e-06 0 3.91149e-06 0 4.00126e-06 0 4.08716e-06 0 4.17365e-06 0 4.26072e-06 0 4.34375e-06 0 4.42262e-06 0 4.50194e-06 0 4.58171e-06 0 4.65717e-06 0 4.73302e-06 0 4.80446e-06 0 4.88103e-06 0 4.94832e-06 0 5.02073e-06 0 5.08859e-06 0 5.15671e-06 0
958.471 2.13699e-05 2.06744e-05 6.95533e-07 0.0325473 -0.173751 1.94768e-07 0 3.71769e-07 0 6.69317e-07 0 9.17459e-07 0 1.13378e-06 0 1.32793e-06 0 1.50438e-06 0 1.66655e-06 0 1.81724e-06 0 1.959e-06 0 2.09205e-06 0 2.21857e-06 0 2.34116e-06 0 2.45593e-06 0 2.56576e-06 0 2.67026e-06 0 2.77266e-06 0 2.86919e-06 0 2.96684e-06 0 3.05823e-06 0 3.14683e-06 0 3.23251e-06 0 3.31516e-06 0 3.39848e-06 0 3.47862e-06 0 3.55549e-06 0 3.629e-06 0 3.70297e-06 0 3.77739e-06 0 3.84831e-06 0 3.91566e-06 0 3.98335e-06 0 4.05138e-06 0 4.11572e-06 0 4.18035e-06 0 4.2412e-06 0 4.30639e-06 0 4.36367e-06 0 4.42527e-06 0 4.48298e-06 0 4.5409e-06 0
1007.67 2.10253e-05 2.04598e-05 5.65502e-07 0.0268962 -0.1423 1.92452e-07 0 3.56445e-07 0 6.24859e-07 0 8.44725e-07 0 1.03444e-06 0 1.20353e-06 0 1.35641e-06 0 1.49635e-06 0 1.62594e-06 0 1.74753e-06 0 1.86137e-06 0 1.9694e-06 0 2.07389e-06 0 2.17155e-06 0 2.26487e-06 0 2.35356e-06 0 2.44035e-06 0 2.52208e-06 0 2.60467e-06 0 2.6819e-06 0 2.7567e-06 0 2.82898e-06 0 2.89866e-06 0 2.96885e-06 0 3.03631e-06 0 3.10098e-06 0 3.16278e-06 0 3.22494e-06 0 3.28745e-06 0 3.34698e-06 0 3.40349e-06 0 3.46025e-06 0 3.51728e-06 0 3.57119e-06 0 3.62533e-06 0 3.67628e-06 0 3.73084e-06 0 3.77875e-06 0 3.83027e-06 0 3.87852e-06 0 3.92693e-06 0
1059.39 2.02933e-05 1.98355e-05 4.57835e-07 0.0225609 -0.105932 1.84132e-07 0 3.31465e-07 0 5.66657e-07 0 7.56112e-07 0 9.18037e-07 0 1.06143e-06 0 1.19045e-06 0 1.30811e-06 0 1.41674e-06 0 1.51839e-06 0 1.61337e-06 0 1.70333e-06 0 1.79018e-06 0 1.87125e-06 0 1.94861e-06 0 2.02203e-06 0 2.09381e-06 0 2.16134e-06 0 2.22952e-06 0 2.29321e-06 0 2.35485e-06 0 2.41438e-06 0 2.47171e-06 0 2.52943e-06 0 2.58488e-06 0 2.638e-06 0 2.68874e-06 0 2.73974e-06 0 2.79101e-06 0 2.83981e-06 0 2.8861e-06 0 2.9326e-06 0 2.97929e-06 0 3.0234e-06 0 3.06769e-06 0 3.10935e-06 0 3.15396e-06 0 3.19311e-06 0 3.2352e-06 0 3.27461e-06 0 3.31413e-06 0
1113.77 1.91431e-05 1.8774e-05 3.69155e-07 0.0192839 -0.0671971 1.70104e-07 0 2.98095e-07 0 4.97695e-07 0 6.55991e-07 0 7.90096e-07 0 9.08143e-07 0 1.01389e-06 0 1.10999e-06 0 1.19846e-06 0 1.28106e-06 0 1.35808e-06 0 1.4309e-06 0 1.5011e-06 0 1.56654e-06 0 1.6289e-06 0 1.68803e-06 0 1.74578e-06 0 1.80005e-06 0 1.8548e-06 0 1.90591e-06 0 1.95534e-06 0 2.00303e-06 0 2.04895e-06 0 2.09514e-06 0 2.13949e-06 0 2.18196e-06 0 2.2225e-06 0 2.26323e-06 0 2.30416e-06 0 2.3431e-06 0 2.38003e-06 0 2.4171e-06 0 2.45431e-06 0 2.48946e-06 0 2.52473e-06 0 2.55791e-06 0 2.59341e-06 0 2.62456e-06 0 2.65804e-06 0 2.68938e-06 0 2.7208e-06 0
1170.94 1.76222e-05 1.73257e-05 2.96588e-07 0.0168303 -0.0285476 1.51632e-07 0 2.59076e-07 0 4.23022e-07 0 5.5117e-07 0 6.5885e-07 0 7.53113e-07 0 8.37208e-07 0 9.13387e-07 0 9.83341e-07 0 1.04851e-06 0 1.10916e-06 0 1.16642e-06 0 1.22154e-06 0 1.27285e-06 0 1.3217e-06 0 1.36796e-06 0 1.41311e-06 0 1.4555e-06 0 1.49824e-06 0 1.5381e-06 0 1.57662e-06 0 1.61377e-06 0 1.64952e-06 0 1.68546e-06 0 1.71995e-06 0 1.75295e-06 0 1.78445e-06 0 1.81609e-06 0 1.84785e-06 0 1.87807e-06 0 1.90671e-06 0 1.93546e-06 0 1.9643e-06 0 1.99154e-06 0 2.01886e-06 0 2.04455e-06 0 2.07204e-06 0 2.09615e-06 0 2.12206e-06 0 2.1463e-06 0 2.1706e-06 0
1231.05 1.5848e-05 1.56103e-05 2.37742e-07 0.0150013 0.00718832 1.30673e-07 0 2.17996e-07 0 3.48564e-07 0 4.49259e-07 0 5.33232e-07 0 6.06368e-07 0 6.7137e-07 0 7.3008e-07 0 7.83865e-07 0 8.33873e-07 0 8.80334e-07 0 9.24129e-07 0 9.66235e-07 0 1.00539e-06 0 1.04262e-06 0 1.07785e-06 0 1.11221e-06 0 1.14444e-06 0 1.17691e-06 0 1.20717e-06 0 1.2364e-06 0 1.26458e-06 0 1.29167e-06 0 1.3189e-06 0 1.34502e-06 0 1.37e-06 0 1.39383e-06 0 1.41776e-06 0 1.44177e-06 0 1.46461e-06 0 1.48625e-06 0 1.50796e-06 0 1.52973e-06 0 1.55029e-06 0 1.57091e-06 0 1.59029e-06 0 1.61101e-06 0 1.6292e-06 0 1.64872e-06 0 1.66699e-06 0 1.6853e-06 0
1294.24 1.39726e-05 1.37821e-05 1.90449e-07 0.0136302 0.0378556 1.09329e-07 0 1.7833e-07 0 2.79579e-07 0 3.56693e-07 0 4.20554e-07 0 4.75914e-07 0 5.24945e-07 0 5.69111e-07 0 6.09484e-07 0 6.46953e-07 0 6.8171e-07 0 7.1443e-07 0 7.4585e-07 0 7.75033e-07 0 8.02762e-07 0 8.28979e-07 0 8.54521e-07 0 8.7847e-07 0 9.02577e-07 0 9.25035e-07 0 9.46715e-07 0 9.676e-07 0 9.87673e-07 0 1.00784e-06 0 1.02717e-06 0 1.04566e-06 0 1.06328e-06 0 1.08097e-06 0 1.09873e-06 0 1.1156e-06 0 1.13158e-06 0 1.14761e-06 0 1.16369e-06 0 1.17886e-06 0 1.19408e-06 0 1.20837e-06 0 1.22366e-06 0 1.23706e-06 0 1.25146e-06 0 1.26492e-06 0 1.27841e-06 0
1360.67 1.21203e-05 1.19677e-05 1.52653e-07 0.0125948 0.0625216 8.91809e-08 0 1.42419e-07 0 2.19182e-07 0 2.76976e-07 0 3.24531e-07 0 3.65577e-07 0 4.01815e-07 0 4.34377e-07 0 4.64082e-07 0 4.91605e-07 0 5.171e-07 0 5.4107e-07 0 5.64063e-07 0 5.85399e-07 0 6.05654e-07 0 6.2479e-07 0 6.4342e-07 0 6.60877e-07 0 6.78439e-07 0 6.9479e-07 0 7.10567e-07 0 7.25758e-07 0 7.40352e-07 0 7.55007e-07 0 7.69051e-07 0 7.82475e-07 0 7.95272e-07 0 8.08109e-07 0 8.20988e-07 0 8.33225e-07 0 8.44815e-07 0 8.56435e-07 0 8.68086e-07 0 8.79078e-07 0 8.90096e-07 0 9.00448e-07 0 9.11515e-07 0 9.21218e-07 0 9.31635e-07 0 9.41377e-07 0 9.51136e-07 0
1430.51 1.03833e-05 1.02607e-05 1.22526e-07 0.0118003 0.0811926 7.12378e-08 0 1.1152e-07 0 1.6867e-07 0 2.11241e-07 0 2.46063e-07 0 2.76e-07 0 3.02353e-07 0 3.25978e-07 0 3.47492e-07 0 3.67394e-07 0 3.85806e-07 0 4.03098e-07 0 4.19668e-07 0 4.3503e-07 0 4.49603e-07 0 4.63361e-07 0 4.76746e-07 0 4.89281e-07 0 5.01884e-07 0 5.13613e-07 0 5.24925e-07 0 5.35812e-07 0 5.46266e-07 0 5.56761e-07 0 5.66814e-07 0 5.76421e-07 0 5.85575e-07 0 5.94756e-07 0 6.03964e-07 0 6.1271e-07 0 6.20992e-07 0 6.29294e-07 0 6.37615e-07 0 6.45464e-07 0 6.5333e-07 0 6.60719e-07 0 6.68617e-07 0 6.7554e-07 0 6.82971e-07 0 6.89919e-07 0 6.96879e-07 0
1503.94 8.82111e-06 8.72256e-06 9.85498e-08 0.011172 0.0947693 5.59859e-08 0 8.6018e-08 0 1.27991e-07 0 1.58952e-07 0 1.84139e-07 0 2.05714e-07 0 2.24655e-07 0 2.416e-07 0 2.57005e-07 0 2.71236e-07 0 2.84386e-07 0 2.96723e-07 0 3.08534e-07 0 3.19476e-07 0 3.29847e-07 0 3.39633e-07 0 3.49148e-07 0 3.58054e-07 0 3.67004e-07 0 3.75329e-07 0 3.83354e-07 0 3.91075e-07 0 3.98487e-07 0 4.05925e-07 0 4.13047e-07 0 4.19851e-07 0 4.26333e-07 0 4.32832e-07 0 4.39348e-07 0 4.45536e-07 0 4.51394e-07 0 4.57265e-07 0 4.63148e-07 0 4.68696e-07 0 4.74256e-07 0 4.79477e-07 0 4.85056e-07 0 4.89947e-07 0 4.95195e-07 0 5.00101e-07 0 5.05014e-07 0
1581.14 7.39916e-06 7.31977e-06 7.93839e-08 0.0107288 0.104821 4.31191e-08 0 6.50935e-08 0 9.53833e-08 0 1.17524e-07 0 1.35447e-07 0 1.50747e-07 0 1.64147e-07 0 1.76113e-07 0 1.86974e-07 0 1.96994e-07 0 2.06243e-07 0 2.14912e-07 0 2.23205e-07 0 2.30882e-07 0 2.38154e-07 0 2.45011e-07 0 2.51675e-07 0 2.57909e-07 0 2.64171e-07 0 2.69994e-07 0 2.75604e-07 0 2.81e-07 0 2.86179e-07 0 2.91373e-07 0 2.96346e-07 0 3.01096e-07 0 3.05619e-07 0 3.10153e-07 0 3.14698e-07 0 3.19013e-07 0 3.23097e-07 0 3.2719e-07 0 3.3129e-07 0 3.35156e-07 0 3.39029e-07 0 3.42665e-07 0 3.46551e-07 0 3.49956e-07 0 3.5361e-07 0 3.57025e-07 0 3.60445e-07 0
1662.3 6.08254e-06 6.01858e-06 6.39654e-08 0.0105162 0.108809 3.23167e-08 0 4.79863e-08 0 6.93117e-08 0 8.47706e-08 0 9.72268e-08 0 1.07828e-07 0 1.17092e-07 0 1.2535e-07 0 1.32835e-07 0 1.39732e-07 0 1.46093e-07 0 1.52049e-07 0 1.57743e-07 0 1.6301e-07 0 1.67996e-07 0 1.72695e-07 0 1.7726e-07 0 1.81529e-07 0 1.85814e-07 0 1.89798e-07 0 1.93635e-07 0 1.97324e-07 0 2.00864e-07 0 2.04413e-07 0 2.0781e-07 0 2.11053e-07 0 2.14141e-07 0 2.17237e-07 0 2.20338e-07 0 2.23283e-07 0 2.26069e-07 0 2.2886e-07 0 2.31656e-07 0 2.34292e-07 0 2.36932e-07 0 2.39411e-07 0 2.42059e-07 0 2.44379e-07 0 2.46868e-07 0 2.49195e-07 0 2.51524e-07 0
1747.63 5.0241e-06 4.97244e-06 5.16633e-08 0.0102831 0.105008 2.41806e-08 0 3.53524e-08 0 5.03789e-08 0 6.11886e-08 0 6.98623e-08 0 7.72237e-08 0 8.36432e-08 0 8.93563e-08 0 9.45282e-08 0 9.92892e-08 0 1.03675e-07 0 1.0778e-07 0 1.117e-07 0 1.15325e-07 0 1.18755e-07 0 1.21985e-07 0 1.25122e-07 0 1.28054e-07 0 1.30997e-07 0 1.33731e-07 0 1.36364e-07 0 1.38894e-07 0 1.41322e-07 0 1.43755e-07 0 1.46083e-07 0 1.48306e-07 0 1.50422e-07 0 1.52542e-07 0 1.54666e-07 0 1.56682e-07 0 1.58589e-07 0 1.605e-07 0 1.62413e-07 0 1.64217e-07 0 1.66023e-07 0 1.67719e-07 0 1.6953e-07 0 1.71117e-07 0 1.72819e-07 0 1.7441e-07 0 1.76002e-07 0
1837.33 4.25962e-06 4.21772e-06 4.1899e-08 0.00983632 0.0997022 1.84636e-08 0 2.66038e-08 0 3.74349e-08 0 4.51721e-08 0 5.13566e-08 0 5.6592e-08 0 6.1149e-08 0 6.51987e-08 0 6.88604e-08 0 7.22279e-08 0 7.53278e-08 0 7.82265e-08 0 8.09936e-08 0 8.35504e-08 0 8.59684e-08 0 8.82452e-08 0 9.04548e-08 0 9.25194e-08 0 9.4591e-08 0 9.65151e-08 0 9.83675e-08 0 1.00147e-07 0 1.01854e-07 0 1.03565e-07 0 1.05201e-07 0 1.06763e-07 0 1.08249e-07 0 1.09738e-07 0 1.1123e-07 0 1.12646e-07 0 1.13985e-07 0 1.15326e-07 0 1.16669e-07 0 1.17935e-07 0 1.19202e-07 0 1.20392e-07 0 1.21662e-07 0 1.22775e-07 0 1.23969e-07 0 1.25084e-07 0 1.26201e-07 0
1931.64 3.6268e-06 3.59275e-06 3.40506e-08 0.0093886 0.0961278 1.40779e-08 0 2.00093e-08 0 2.78235e-08 0 3.33698e-08 0 3.77875e-08 0 4.15185e-08 0 4.47605e-08 0 4.76377e-08 0 5.02366e-08 0 5.26246e-08 0 5.48211e-08 0 5.68737e-08 0 5.8832e-08 0 6.06405e-08 0 6.23501e-08 0 6.39592e-08 0 6.55203e-08 0 6.69785e-08 0 6.84411e-08 0 6.97992e-08 0 7.11063e-08 0 7.23619e-08 0 7.35656e-08 0 7.47719e-08 0 7.59256e-08 0 7.70264e-08 0 7.8074e-08 0 7.91233e-08 0 8.01743e-08 0 8.11715e-08 0 8.21146e-08 0 8.30589e-08 0 8.40045e-08 0 8.48956e-08 0 8.57878e-08 0 8.66251e-08 0 8.75192e-08 0 8.83024e-08 0 8.91424e-08 0 8.99271e-08 0 9.07126e-08 0
2030.79 3.05372e-06 3.02603e-06 2.76845e-08 0.00906584 0.0917522 1.05572e-08 0 1.4814e-08 0 2.03714e-08 0 2.42927e-08 0 2.7406e-08 0 3.00298e-08 0 3.23062e-08 0 3.4324e-08 0 3.61448e-08 0 3.78165e-08 0 3.93531e-08 0 4.07883e-08 0 4.21567e-08 0 4.342e-08 0 4.46136e-08 0 4.57367e-08 0 4.68258e-08 0 4.78429e-08 0 4.88627e-08 0 4.98095e-08 0 5.07205e-08 0 5.15954e-08 0 5.2434e-08 0 5.32741e-08 0 5.40776e-08 0 5.4844e-08 0 5.55733e-08 0 5.63036e-08 0 5.7035e-08 0 5.77289e-08 0 5.83851e-08 0 5.9042e-08 0 5.96998e-08 0 6.03195e-08 0 6.09399e-08 0 6.15221e-08 0 6.21438e-08 0 6.26883e-08 0 6.32721e-08 0 6.38176e-08 0 6.43635e-08 0
2135.03 2.57038e-06 2.54785e-06 2.25301e-08 0.00876529 0.0865899 7.87475e-09 0 1.0918e-08 0 1.4858e-08 0 1.7623e-08 0 1.9812e-08 0 2.16532e-08 0 2.32483e-08 0 2.46607e-08 0 2.5934e-08 0 2.71023e-08 0 2.81755e-08 0 2.91772e-08 0 3.0132e-08 0 3.10129e-08 0 3.18451e-08 0 3.26277e-08 0 3.33865e-08 0 3.40949e-08 0 3.48051e-08 0 3.54642e-08 0 3.60982e-08 0 3.6707e-08 0 3.72904e-08 0 3.78749e-08 0 3.84336e-08 0 3.89666e-08 0 3.94737e-08 0 3.99814e-08 0 4.04898e-08 0 4.0972e-08 0 4.1428e-08 0 4.18845e-08 0 4.23414e-08 0 4.2772e-08 0 4.32029e-08 0 4.36073e-08 0 4.4039e-08 0 4.44171e-08 0 4.48225e-08 0 4.52013e-08 0 4.55802e-08 0
2244.63 2.16703e-06 2.14868e-06 1.83518e-08 0.00846862 0.081039 5.85584e-09 0 8.02786e-09 0 1.08185e-08 0 1.27674e-08 0 1.4306e-08 0 1.5598e-08 0 1.67158e-08 0 1.77046e-08 0 1.85953e-08 0 1.9412e-08 0 2.01617e-08 0 2.08613e-08 0 2.15277e-08 0 2.21424e-08 0 2.27228e-08 0 2.32686e-08 0 2.37976e-08 0 2.42913e-08 0 2.47861e-08 0 2.52452e-08 0 2.56868e-08 0 2.61108e-08 0 2.6517e-08 0 2.69238e-08 0 2.73127e-08 0 2.76836e-08 0 2.80364e-08 0 2.83897e-08 0 2.87433e-08 0 2.90788e-08 0 2.93959e-08 0 2.97133e-08 0 3.00311e-08 0 3.03304e-08 0 3.063e-08 0 3.09111e-08 0 3.12112e-08 0 3.1474e-08 0 3.17558e-08 0 3.2019e-08 0 3.22823e-08 0
2359.84 1.83243e-06 1.81747e-06 1.49604e-08 0.00816425 0.0754487 4.34841e-09 0 5.89861e-09 0 7.87647e-09 0 9.25153e-09 0 1.03345e-08 0 1.12424e-08 0 1.2027e-08 0 1.27204e-08 0 1.33446e-08 0 1.39165e-08 0 1.44413e-08 0 1.49307e-08 0 1.53968e-08 0 1.58266e-08 0 1.62323e-08 0 1.66136e-08 0 1.69831e-08 0 1.73279e-08 0 1.76734e-08 0 1.79939e-08 0 1.83022e-08 0 1.8598e-08 0 1.88815e-08 0 1.91653e-08 0 1.94366e-08 0 1.96953e-08 0 1.99413e-08 0 2.01876e-08 0 2.04342e-08 0 2.06681e-08 0 2.08891e-08 0 2.11104e-08 0 2.13319e-08 0 2.15405e-08 0 2.17492e-08 0 2.19451e-08 0 2.21542e-08 0 2.23373e-08 0 2.25336e-08 0 2.27169e-08 0 2.29003e-08 0
2480.97 1.55433e-06 1.54213e-06 1.2205e-08 0.00785222 0.0699673 3.22581e-09 0 4.33264e-09 0 5.73584e-09 0 6.7074e-09 0 7.4709e-09 0 8.11e-09 0 8.66172e-09 0 9.14891e-09 0 9.58719e-09 0 9.98855e-09 0 1.03567e-08 0 1.06998e-08 0 1.10265e-08 0 1.13276e-08 0 1.16118e-08 0 1.18789e-08 0 1.21376e-08 0 1.2379e-08 0 1.26208e-08 0 1.2845e-08 0 1.30607e-08 0 1.32677e-08 0 1.34659e-08 0 1.36644e-08 0 1.38541e-08 0 1.4035e-08 0 1.4207e-08 0 1.43792e-08 0 1.45515e-08 0 1.47149e-08 0 1.48694e-08 0 1.5024e-08 0 1.51788e-08 0 1.53245e-08 0 1.54704e-08 0 1.56072e-08 0 1.57532e-08 0 1.58811e-08 0 1.60182e-08 0 1.61462e-08 0 1.62743e-08 0
2608.32 1.32259e-06 1.31263e-06 9.96318e-09 0.00753308 0.0646958 2.39131e-09 0 3.1821e-09 0 4.1788e-09 0 4.86633e-09 0 5.40554e-09 0 5.8563e-09 0 6.24504e-09 0 6.58806e-09 0 6.89645e-09 0 7.17873e-09 0 7.43752e-09 0 7.67868e-09 0 7.90819e-09 0 8.11967e-09 0 8.3192e-09 0 8.50666e-09 0 8.68824e-09 0 8.8576e-09 0 9.02725e-09 0 9.18458e-09 0 9.33583e-09 0 9.48097e-09 0 9.61997e-09 0 9.75913e-09 0 9.89211e-09 0 1.00189e-08 0 1.01394e-08 0 1.02601e-08 0 1.03809e-08 0 1.04954e-08 0 1.06036e-08 0 1.07119e-08 0 1.08203e-08 0 1.09224e-08 0 1.10246e-08 0 1.11204e-08 0 1.12227e-08 0 1.13122e-08 0 1.14082e-08 0 1.14979e-08 0 1.15876e-08 0
2742.21 1.12888e-06 1.12074e-06 8.13686e-09 0.0072079 0.0596956 1.77175e-09 0 2.33719e-09 0 3.0461e-09 0 3.53344e-09 0 3.91494e-09 0 4.23347e-09 0 4.50795e-09 0 4.74997e-09 0 4.96744e-09 0 5.16641e-09 0 5.34875e-09 0 5.51861e-09 0 5.68021e-09 0 5.82909e-09 0 5.96952e-09 0 6.10143e-09 0 6.22917e-09 0 6.3483e-09 0 6.46762e-09 0 6.57825e-09 0 6.68459e-09 0 6.78663e-09 0 6.88433e-09 0 6.98214e-09 0 7.0756e-09 0 7.16469e-09 0 7.2494e-09 0 7.33418e-09 0 7.41902e-09 0 7.49946e-09 0 7.57549e-09 0 7.65157e-09 0 7.72769e-09 0 7.79939e-09 0 7.87112e-09 0 7.93841e-09 0 8.01023e-09 0 8.0731e-09 0 8.1405e-09 0 8.20343e-09 0 8.26639e-09 0
2882.97 9.66402e-07 9.59755e-07 6.64776e-09 0.00687887 0.0549926 1.31215e-09 0 1.71682e-09 0 2.22171e-09 0 2.56772e-09 0 2.83814e-09 0 3.06367e-09 0 3.25786e-09 0 3.42897e-09 0 3.58266e-09 0 3.72321e-09 0 3.85196e-09 0 3.97187e-09 0 4.08593e-09 0 4.19097e-09 0 4.29003e-09 0 4.38307e-09 0 4.47315e-09 0 4.55715e-09 0 4.64126e-09 0 4.71924e-09 0 4.79419e-09 0 4.8661e-09 0 4.93494e-09 0 5.00386e-09 0 5.0697e-09 0 5.13246e-09 0 5.19212e-09 0 5.25183e-09 0 5.31159e-09 0 5.36824e-09 0 5.42177e-09 0 5.47534e-09 0 5.52894e-09 0 5.57942e-09 0 5.62992e-09 0 5.67729e-09 0 5.72784e-09 0 5.7721e-09 0 5.81954e-09 0 5.86383e-09 0 5.90814e-09 0
3030.95 8.2968e-07 8.24247e-07 5.43288e-09 0.00654816 0.050599 9.71449e-10 0 1.26134e-09 0 1.62142e-09 0 1.86751e-09 0 2.05953e-09 0 2.21953e-09 0 2.35718e-09 0 2.47842e-09 0 2.58725e-09 0 2.68674e-09 0 2.77786e-09 0 2.8627e-09 0 2.94337e-09 0 3.01765e-09 0 3.08769e-09 0 3.15346e-09 0 3.21713e-09 0 3.27649e-09 0 3.33592e-09 0 3.39102e-09 0 3.44397e-09 0 3.49476e-09 0 3.54339e-09 0 3.59206e-09 0 3.63855e-09 0 3.68287e-09 0 3.725e-09 0 3.76715e-09 0 3.80934e-09 0 3.84933e-09 0 3.88712e-09 0 3.92493e-09 0 3.96276e-09 0 3.99839e-09 0 4.03403e-09 0 4.06746e-09 0 4.10313e-09 0 4.13436e-09 0 4.16783e-09 0 4.19908e-09 0 4.23035e-09 0
3186.53 7.14229e-07 7.09788e-07 4.44109e-09 0.00621802 0.0465102 7.19009e-10 0 9.26873e-10 0 1.18404e-09 0 1.35933e-09 0 1.49594e-09 0 1.60965e-09 0 1.70741e-09 0 1.79348e-09 0 1.8707e-09 0 1.94128e-09 0 2.0059e-09 0 2.06604e-09 0 2.12323e-09 0 2.17587e-09 0 2.2255e-09 0 2.27209e-09 0 2.31719e-09 0 2.35923e-09 0 2.40132e-09 0 2.44034e-09 0 2.47783e-09 0 2.51378e-09 0 2.54821e-09 0 2.58266e-09 0 2.61557e-09 0 2.64693e-09 0 2.67675e-09 0 2.70658e-09 0 2.73643e-09 0 2.76472e-09 0 2.79146e-09 0 2.81821e-09 0 2.84498e-09 0 2.87018e-09 0 2.89539e-09 0 2.91903e-09 0 2.94427e-09 0 2.96635e-09 0 2.99003e-09 0 3.01213e-09 0 3.03424e-09 0
3350.09 6.16474e-07 6.12842e-07 3.63112e-09 0.00589014 0.042724 5.32083e-10 0 6.8129e-10 0 8.65213e-10 0 9.90292e-10 0 1.08764e-09 0 1.16861e-09 0 1.23818e-09 0 1.2994e-09 0 1.35431e-09 0 1.40447e-09 0 1.45039e-09 0 1.49312e-09 0 1.53374e-09 0 1.57113e-09 0 1.60637e-09 0 1.63945e-09 0 1.67146e-09 0 1.70131e-09 0 1.73118e-09 0 1.75887e-09 0 1.78547e-09 0 1.81098e-09 0 1.83541e-09 0 1.85985e-09 0 1.88319e-09 0 1.90544e-09 0 1.92659e-09 0 1.94775e-09 0 1.96892e-09 0 1.98898e-09 0 2.00794e-09 0 2.02691e-09 0 2.04589e-09 0 2.06376e-09 0 2.08163e-09 0 2.0984e-09 0 2.11629e-09 0 2.13195e-09 0 2.14873e-09 0 2.1644e-09 0 2.18007e-09 0
3522.05 5.33434e-07 5.30464e-07 2.96941e-09 0.00556659 0.0392239 3.93703e-10 0 5.00921e-10 0 6.32646e-10 0 7.22037e-10 0 7.9153e-10 0 8.49286e-10 0 8.98888e-10 0 9.42513e-10 0 9.81632e-10 0 1.01736e-09 0 1.05006e-09 0 1.08048e-09 0 1.10939e-09 0 1.13599e-09 0 1.16107e-09 0 1.1846e-09 0 1.20738e-09 0 1.22861e-09 0 1.24985e-09 0 1.26954e-09 0 1.28846e-09 0 1.3066e-09 0 1.32397e-09 0 1.34134e-09 0 1.35794e-09 0 1.37376e-09 0 1.38879e-09 0 1.40383e-09 0 1.41888e-09 0 1.43314e-09 0 1.44661e-09 0 1.46009e-09 0 1.47358e-09 0 1.48628e-09 0 1.49898e-09 0 1.51089e-09 0 1.5236e-09 0 1.53473e-09 0 1.54665e-09 0 1.55778e-09 0 1.56892e-09 0
3702.84 4.62697e-07 4.60269e-07 2.42861e-09 0.0052488 0.0359966 2.91295e-10 0 3.68424e-10 0 4.62897e-10 0 5.26886e-10 0 5.76579e-10 0 6.17852e-10 0 6.5328e-10 0 6.84427e-10 0 7.12348e-10 0 7.37843e-10 0 7.61169e-10 0 7.82867e-10 0 8.03485e-10 0 8.22457e-10 0 8.40335e-10 0 8.57114e-10 0 8.7335e-10 0 8.88479e-10 0 9.03622e-10 0 9.17654e-10 0 9.31134e-10 0 9.44061e-10 0 9.56433e-10 0 9.68813e-10 0 9.80636e-10 0 9.91902e-10 0 1.00261e-09 0 1.01332e-09 0 1.02404e-09 0 1.0342e-09 0 1.0438e-09 0 1.0534e-09 0 1.063e-09 0 1.07204e-09 0 1.08109e-09 0 1.08957e-09 0 1.09862e-09 0 1.10654e-09 0 1.11503e-09 0 1.12296e-09 0 1.13089e-09 0
3892.91 4.02278e-07 4.00291e-07 1.98654e-09 0.00493824 0.0330255 2.15526e-10 0 2.71074e-10 0 3.38926e-10 0 3.84803e-10 0 4.20398e-10 0 4.49943e-10 0 4.75293e-10 0 4.97572e-10 0 5.17538e-10 0 5.35765e-10 0 5.52438e-10 0 5.67945e-10 0 5.82677e-10 0 5.96232e-10 0 6.09003e-10 0 6.20989e-10 0 6.32585e-10 0 6.4339e-10 0 6.54204e-10 0 6.64223e-10 0 6.73848e-10 0 6.83078e-10 0 6.91911e-10 0 7.00749e-10 0 7.09189e-10 0 7.17231e-10 0 7.24874e-10 0 7.32521e-10 0 7.4017e-10 0 7.4742e-10 0 7.54269e-10 0 7.6112e-10 0 7.67974e-10 0 7.74427e-10 0 7.80881e-10 0 7.86934e-10 0 7.93392e-10 0 7.99045e-10 0 8.05102e-10 0 8.10757e-10 0 8.16414e-10 0
4092.73 3.5053e-07 3.48905e-07 1.6251e-09 0.00463611 0.0302925 1.59473e-10 0 1.99524e-10 0 2.48324e-10 0 2.81268e-10 0 3.06806e-10 0 3.27992e-10 0 3.46162e-10 0 3.62126e-10 0 3.76429e-10 0 3.89483e-10 0 4.01423e-10 0 4.12525e-10 0 4.23072e-10 0 4.32775e-10 0 4.41916e-10 0 4.50493e-10 0 4.58792e-10 0 4.66523e-10 0 4.7426e-10 0 4.81429e-10 0 4.88315e-10 0 4.94917e-10 0 5.01236e-10 0 5.07557e-10 0 5.13594e-10 0 5.19346e-10 0 5.24813e-10 0 5.30281e-10 0 5.35752e-10 0 5.40936e-10 0 5.45834e-10 0 5.50733e-10 0 5.55634e-10 0 5.60248e-10 0 5.64863e-10 0 5.6919e-10 0 5.73808e-10 0 5.77849e-10 0 5.8218e-10 0 5.86223e-10 0 5.90266e-10 0
4302.81 3.06103e-07 3.04773e-07 1.32953e-09 0.00434341 0.0277811 1.18012e-10 0 1.46923e-10 0 1.82071e-10 0 2.05763e-10 0 2.24116e-10 0 2.39334e-10 0 2.5238e-10 0 2.63839e-10 0 2.74104e-10 0 2.8347e-10 0 2.92036e-10 0 3e-10 0 3.07564e-10 0 3.14522e-10 0 3.21077e-10 0 3.27227e-10 0 3.33176e-10 0 3.38719e-10 0 3.44266e-10 0 3.49404e-10 0 3.5434e-10 0 3.59072e-10 0 3.636e-10 0 3.68131e-10 0 3.72457e-10 0 3.76579e-10 0 3.80496e-10 0 3.84415e-10 0 3.88334e-10 0 3.92049e-10 0 3.95558e-10 0 3.99068e-10 0 4.02579e-10 0 4.05885e-10 0 4.09191e-10 0 4.12291e-10 0 4.15599e-10 0 4.18494e-10 0 4.21596e-10 0 4.24492e-10 0 4.27389e-10 0
4523.68 2.6787e-07 2.66782e-07 1.0878e-09 0.00406091 0.0254749 8.73455e-11 0 1.08241e-10 0 1.33591e-10 0 1.50657e-10 0 1.63867e-10 0 1.74816e-10 0 1.84199e-10 0 1.92439e-10 0 1.99818e-10 0 2.0655e-10 0 2.12706e-10 0 2.18429e-10 0 2.23864e-10 0 2.28863e-10 0 2.33572e-10 0 2.37989e-10 0 2.42263e-10 0 2.46244e-10 0 2.50227e-10 0 2.53917e-10 0 2.57461e-10 0 2.60859e-10 0 2.64111e-10 0 2.67364e-10 0 2.7047e-10 0 2.7343e-10 0 2.76242e-10 0 2.79055e-10 0 2.81869e-10 0 2.84535e-10 0 2.87055e-10 0 2.89574e-10 0 2.92095e-10 0 2.94467e-10 0 2.9684e-10 0 2.99066e-10 0 3.0144e-10 0 3.03518e-10 0 3.05744e-10 0 3.07823e-10 0 3.09902e-10 0
4755.88 2.3491e-07 2.3402e-07 8.90187e-10 0.00378948 0.0233592 6.46676e-11 0 7.97888e-11 0 9.80998e-11 0 1.10412e-10 0 1.19937e-10 0 1.27828e-10 0 1.34589e-10 0 1.40524e-10 0 1.45838e-10 0 1.50686e-10 0 1.55118e-10 0 1.59238e-10 0 1.63151e-10 0 1.66749e-10 0 1.70138e-10 0 1.73317e-10 0 1.76392e-10 0 1.79257e-10 0 1.82123e-10 0 1.84778e-10 0 1.87328e-10 0 1.89773e-10 0 1.92112e-10 0 1.94452e-10 0 1.96686e-10 0 1.98815e-10 0 2.00838e-10 0 2.02862e-10 0 2.04886e-10 0 2.06804e-10 0 2.08615e-10 0 2.10428e-10 0 2.1224e-10 0 2.13947e-10 0 2.15653e-10 0 2.17254e-10 0 2.18961e-10 0 2.20455e-10 0 2.22056e-10 0 2.23551e-10 0 2.25046e-10 0
5000 2.06416e-07 2.05688e-07 7.28525e-10 0.00352939 0.0214174 4.78913e-11 0 5.88477e-11 0 7.20929e-11 0 8.09896e-11 0 8.78681e-11 0 9.35643e-11 0 9.84433e-11 0 1.02726e-10 0 1.0656e-10 0 1.10057e-10 0 1.13253e-10 0 1.16224e-10 0 1.19045e-10 0 1.2164e-10 0 1.24083e-10 0 1.26375e-10 0 1.28592e-10 0 1.30657e-10 0 1.32723e-10 0 1.34637e-10 0 1.36475e-10 0 1.38237e-10 0 1.39923e-10 0 1.41609e-10 0 1.43219e-10 0 1.44753e-10 0 1.46211e-10 0 1.47669e-10 0 1.49128e-10 0 1.5051e-10 0 1.51815e-10 0 1.53121e-10 0 1.54427e-10 0 1.55656e-10 0 1.56886e-10 0 1.58039e-10 0 1.59269e-10 0 1.60346e-10 0 1.61499e-10 0 1.62576e-10 0 1.63653e-10 0
