# 0.00285117 0 108 : grain size, compostion index, size index
# Heating and cooling timescale: 1.99657e-07 inf
# Ratio of heating to cooling to determine stochastic cutoff: 100
# Equilibrium emission is recorded even for those grains in the stochastic regime.
# Emission spectrum was computed for: 
# Type: ISRF
# Scales: 0.25 0.5 1 1.5 2 2.5 3 3.5 4 4.5 5 5.5 6 6.5 7 7.5 8 8.5 9 9.5 10 10.5 11 11.5 12 12.5 13 13.5 14 14.5 15 15.5 16 16.5 17 17.5 18 18.5 19 19.5 20
# StochasticallyHeated: 0 0 0 0 0 0 0 0 0 0 0 0 0 0 0 0 0 0 0 0 0 0 0 0 0 0 0 0 0 0 0 0 0 0 0 0 0 0 0 0 0
# Temperature: -1
# Wavelength  CExt  CAbs  CSca  Albedo G EqEm1 StEm1 EqEm2 StEm2 EqEm3 StEm3 EqEm4 StEm4 EqEm5 StEm5 EqEm6 StEm6 EqEm7 StEm7 EqEm8 StEm8 EqEm9 StEm9 EqEm10 StEm10 EqEm11 StEm11 EqEm12 StEm12 EqEm13 StEm13 EqEm14 StEm14 EqEm15 StEm15 EqEm16 StEm16 EqEm17 StEm17 EqEm18 StEm18 EqEm19 StEm19 EqEm20 StEm20 EqEm21 StEm21 EqEm22 StEm22 EqEm23 StEm23 EqEm24 StEm24 EqEm25 StEm25 EqEm26 StEm26 EqEm27 StEm27 EqEm28 StEm28 EqEm29 StEm29 EqEm30 StEm30 EqEm31 StEm31 EqEm32 StEm32 EqEm33 StEm33 EqEm34 StEm34 EqEm35 StEm35 EqEm36 StEm36 EqEm37 StEm37 EqEm38 StEm38 EqEm39 StEm39 EqEm40 StEm40 EqEm41 StEm41
0.05 5.12387e-05 2.41786e-05 2.70601e-05 0.528119 0.989938 0 0 0 0 0 0 0 0 0 0 0 0 0 0 0 0 0 0 0 0 0 0 0 0 0 0 0 0 0 0 0 0 0 0 0 0 0 0 0 0 0 0 0 0 0 0 0 0 0 0 0 0 0 0 0 0 0 0 0 0 0 0 0 0 0 0 0 0 0 0 0 0 0 0 0 0 0 0 0 0 0 0
0.0525665 5.12538e-05 2.3717e-05 2.75367e-05 0.537263 0.983261 0 0 0 0 0 0 0 0 0 0 0 0 0 0 0 0 0 0 0 0 0 0 0 0 0 0 0 0 0 0 0 0 0 0 0 0 0 0 0 0 0 0 0 0 0 0 0 0 0 0 0 0 0 0 0 0 0 0 0 0 0 0 0 0 0 0 0 0 0 0 0 0 0 0 0 0 0 0 0 0 0 0
0.0552647 5.12649e-05 2.35645e-05 2.77004e-05 0.540338 0.979648 0 0 0 0 0 0 0 0 0 0 0 0 0 0 0 0 0 0 0 0 0 0 0 0 0 0 0 0 0 0 0 0 0 0 0 0 0 0 0 0 0 0 0 0 0 0 0 0 0 0 0 0 0 0 0 0 0 0 0 0 0 0 0 0 0 0 0 0 0 0 0 0 0 0 0 0 0 0 0 0 0 0
0.0581015 5.12749e-05 2.34901e-05 2.77848e-05 0.541879 0.977146 0 0 0 0 0 0 0 0 0 0 0 0 0 0 0 0 0 0 0 0 0 0 0 0 0 0 0 0 0 0 0 0 0 0 0 0 0 0 0 0 0 0 0 0 0 0 0 0 0 0 0 0 0 0 0 0 0 0 0 0 0 0 0 0 0 0 0 0 0 0 0 0 0 0 0 0 0 0 0 0 0 0
0.0610839 5.12843e-05 2.34478e-05 2.78365e-05 0.542788 0.975282 0 0 0 0 0 0 0 0 0 0 0 0 0 0 0 0 0 0 0 0 0 0 0 0 0 0 0 0 0 0 0 0 0 0 0 0 0 0 0 0 0 0 0 0 0 0 0 0 0 0 0 0 0 0 0 0 0 0 0 0 0 0 0 0 0 0 0 0 0 0 0 0 0 0 0 0 0 0 0 0 0 0
0.0642193 5.12934e-05 2.34102e-05 2.78832e-05 0.543602 0.973649 0 0 0 0 0 0 0 0 0 0 0 0 0 0 0 0 0 0 0 0 0 0 0 0 0 0 0 0 0 0 0 0 0 0 0 0 0 0 0 0 0 0 0 0 0 0 0 0 0 0 0 0 0 0 0 0 0 0 0 0 0 0 0 0 0 0 0 0 0 0 0 0 0 0 0 0 0 0 0 0 0 0
0.0675157 5.13026e-05 2.33616e-05 2.7941e-05 0.544632 0.971931 0 0 0 0 0 0 0 0 0 0 0 0 0 0 0 0 0 0 0 0 0 0 0 0 0 0 0 0 0 0 0 0 0 0 0 0 0 0 0 0 0 0 0 0 0 0 0 0 0 0 0 0 0 0 0 0 0 0 0 0 0 0 0 0 0 0 0 0 0 0 0 0 0 0 0 0 0 0 0 0 0 0
0.0709813 5.13118e-05 2.32984e-05 2.80134e-05 0.545944 0.969957 0 0 0 0 0 0 0 0 0 0 0 0 0 0 0 0 0 0 0 0 0 0 0 0 0 0 0 0 0 0 0 0 0 0 0 0 0 0 0 0 0 0 0 0 0 0 0 0 0 0 0 0 0 0 0 0 0 0 0 0 0 0 0 0 0 0 0 0 0 0 0 0 0 0 0 0 0 0 0 0 0 0
0.0746248 5.13217e-05 2.32256e-05 2.80961e-05 0.547451 0.967722 0 0 0 0 0 0 0 0 0 0 0 0 0 0 0 0 0 0 0 0 0 0 0 0 0 0 0 0 0 0 0 0 0 0 0 0 0 0 0 0 0 0 0 0 0 0 0 0 0 0 0 0 0 0 0 0 0 0 0 0 0 0 0 0 0 0 0 0 0 0 0 0 0 0 0 0 0 0 0 0 0 0
0.0784553 5.13319e-05 2.31522e-05 2.81797e-05 0.54897 0.965388 0 0 0 0 0 0 0 0 0 0 0 0 0 0 0 0 0 0 0 0 0 0 0 0 0 0 0 0 0 0 0 0 0 0 0 0 0 0 0 0 0 0 0 0 0 0 0 0 0 0 0 0 0 0 0 0 0 0 0 0 0 0 0 0 0 0 0 0 0 0 0 0 0 0 0 0 0 0 0 0 0 0
0.0824824 5.13423e-05 2.30807e-05 2.82616e-05 0.550454 0.963014 0 0 0 0 0 0 0 0 0 0 0 0 0 0 0 0 0 0 0 0 0 0 0 0 0 0 0 0 0 0 0 0 0 0 0 0 0 0 0 0 0 0 0 0 0 0 0 0 0 0 0 0 0 0 0 0 0 0 0 0 0 0 0 0 0 0 0 0 0 0 0 0 0 0 0 0 0 0 0 0 0 0
0.0867162 5.13534e-05 2.30099e-05 2.83435e-05 0.551931 0.960591 0 0 0 0 0 0 0 0 0 0 0 0 0 0 0 0 0 0 0 0 0 0 0 0 0 0 0 0 0 0 0 0 0 0 0 0 0 0 0 0 0 0 0 0 0 0 0 0 0 0 0 0 0 0 0 0 0 0 0 0 0 0 0 0 0 0 0 0 0 0 0 0 0 0 0 0 0 0 0 0 0 0
0.0911674 5.13646e-05 2.29393e-05 2.84253e-05 0.553402 0.958106 0 0 0 0 0 0 0 0 0 0 0 0 0 0 0 0 0 0 0 0 0 0 0 0 0 0 0 0 0 0 0 0 0 0 0 0 0 0 0 0 0 0 0 0 0 0 0 0 0 0 0 0 0 0 0 0 0 0 0 0 0 0 0 0 0 0 0 0 0 0 0 0 0 0 0 0 0 0 0 0 0 0
0.095847 5.13763e-05 2.28699e-05 2.85065e-05 0.554856 0.955569 0 0 0 0 0 0 0 0 0 0 0 0 0 0 0 0 0 0 0 0 0 0 0 0 0 0 0 0 0 0 0 0 0 0 0 0 0 0 0 0 0 0 0 0 0 0 0 0 0 0 0 0 0 0 0 0 0 0 0 0 0 0 0 0 0 0 0 0 0 0 0 0 0 0 0 0 0 0 0 0 0 0
0.100767 5.13885e-05 2.28042e-05 2.85842e-05 0.556238 0.953037 0 0 0 0 0 0 0 0 0 0 0 0 0 0 0 0 0 0 0 0 0 0 0 0 0 0 0 0 0 0 0 0 0 0 0 0 0 0 0 0 0 0 0 0 0 0 0 0 0 0 0 0 0 0 0 0 0 0 0 0 0 0 0 0 0 0 0 0 0 0 0 0 0 0 0 0 0 0 0 0 0 0
0.105939 5.14014e-05 2.2753e-05 2.86484e-05 0.557347 0.950717 0 0 0 0 0 0 0 0 0 0 0 0 0 0 0 0 0 0 0 0 0 0 0 0 0 0 0 0 0 0 0 0 0 0 0 0 0 0 0 0 0 0 0 0 0 0 0 0 0 0 0 0 0 0 0 0 0 0 0 0 0 0 0 0 0 0 0 0 0 0 0 0 0 0 0 0 0 0 0 0 0 0
0.111377 5.14144e-05 2.27257e-05 2.86887e-05 0.55799 0.948987 0 0 0 0 0 0 0 0 0 0 0 0 0 0 0 0 0 0 0 0 0 0 0 0 0 0 0 0 0 0 0 0 0 0 0 0 0 0 0 0 0 0 0 0 0 0 0 0 0 0 0 0 0 0 0 0 0 0 0 0 0 0 0 0 0 0 0 0 0 0 0 0 0 0 0 0 0 0 0 0 0 0
0.117094 5.14274e-05 2.27151e-05 2.87123e-05 0.558308 0.947815 0 0 0 0 0 0 0 0 0 0 0 0 0 0 0 0 0 0 0 0 0 0 0 0 0 0 0 0 0 0 0 0 0 0 0 0 0 0 0 0 0 0 0 0 0 0 0 0 0 0 0 0 0 0 0 0 0 0 0 0 0 0 0 0 0 0 0 0 0 0 0 0 0 0 0 0 0 0 0 0 0 0
0.123105 5.14409e-05 2.26936e-05 2.87473e-05 0.558842 0.94643 0 0 0 0 0 0 0 0 0 0 0 0 0 0 0 0 0 0 0 0 0 0 0 0 0 0 0 0 0 0 0 0 0 0 0 0 0 0 0 0 0 0 0 0 0 0 0 0 0 0 0 0 0 0 0 0 0 0 0 0 0 0 0 0 0 0 0 0 0 0 0 0 0 0 0 0 0 0 0 0 0 0
0.129424 5.14549e-05 2.26872e-05 2.87676e-05 0.559085 0.945349 0 0 0 0 0 0 0 0 0 0 0 0 0 0 0 0 0 0 0 0 0 0 0 0 0 0 0 0 0 0 0 0 0 0 0 0 0 0 0 0 0 0 0 0 0 0 0 0 0 0 0 0 0 0 0 0 0 0 0 0 0 0 0 0 0 0 0 0 0 0 0 0 0 0 0 0 0 0 0 0 0 0
0.136067 5.14686e-05 2.27217e-05 2.8747e-05 0.558533 0.945482 0 0 0 0 0 0 0 0 0 0 0 0 0 0 0 0 0 0 0 0 0 0 0 0 0 0 0 0 0 0 0 0 0 0 0 0 0 0 0 0 0 0 0 0 0 0 0 0 0 0 0 0 0 0 0 0 0 0 0 0 0 0 0 0 0 0 0 0 0 0 0 0 0 0 0 0 0 0 0 0 0 0
0.143051 5.14827e-05 2.27333e-05 2.87494e-05 0.558429 0.945209 0 0 0 0 0 0 0 0 0 0 0 0 0 0 0 0 0 0 0 0 0 0 0 0 0 0 0 0 0 0 0 0 0 0 0 0 0 0 0 0 0 0 0 0 0 0 0 0 0 0 0 0 0 0 0 0 0 0 0 0 0 0 0 0 0 0 0 0 0 0 0 0 0 0 0 0 0 0 0 0 0 0
0.150394 5.14975e-05 2.27908e-05 2.87067e-05 0.557439 0.945909 0 0 0 0 0 0 0 0 0 0 0 0 0 0 0 0 0 0 0 0 0 0 0 0 0 0 0 0 0 0 0 0 0 0 0 0 0 0 0 0 0 0 0 0 0 0 0 0 0 0 0 0 0 0 0 0 0 0 0 0 0 0 0 0 0 0 0 0 0 0 0 0 0 0 0 0 0 0 0 0 0 0
0.158114 5.15091e-05 2.29725e-05 2.85366e-05 0.55401 0.950599 0 0 0 0 0 0 0 0 0 0 0 0 0 0 0 0 0 0 0 0 0 0 0 0 0 0 0 0 0 0 0 0 0 0 0 0 0 0 0 0 0 0 0 0 0 0 0 0 0 0 0 0 0 0 0 0 0 0 0 0 0 0 0 0 0 0 0 0 0 0 0 0 0 0 0 0 0 0 0 0 0 0
0.16623 5.15187e-05 2.29933e-05 2.85254e-05 0.55369 0.952096 0 0 0 0 0 0 0 0 0 0 0 0 0 0 0 0 0 0 0 0 0 0 0 0 0 0 0 0 0 0 0 0 0 0 0 0 0 0 0 0 0 0 0 0 0 0 0 0 0 0 0 0 0 0 0 0 0 0 0 0 0 0 0 0 0 0 0 0 0 0 0 0 0 0 0 0 0 0 0 0 0 0
0.174762 5.15314e-05 2.28267e-05 2.87047e-05 0.557033 0.948684 0 0 0 0 0 0 0 0 0 0 0 0 0 0 0 0 0 0 0 0 0 0 0 0 0 0 0 0 0 0 0 0 0 0 0 0 0 0 0 0 0 0 0 0 0 0 0 0 0 0 0 0 0 0 0 0 0 0 0 0 0 0 0 0 0 0 0 0 0 0 0 0 0 0 0 0 0 0 0 0 0 0
0.183733 5.1547e-05 2.25654e-05 2.89815e-05 0.562235 0.942539 0 0 0 0 0 0 0 0 0 0 0 0 0 0 0 0 0 0 0 0 0 0 0 0 0 0 0 0 0 0 0 0 0 0 0 0 0 0 0 0 0 0 0 0 0 0 0 0 0 0 0 0 0 0 0 0 0 0 0 0 0 0 0 0 0 0 0 0 0 0 0 0 0 0 0 0 0 0 0 0 0 0
0.193164 5.15656e-05 2.21823e-05 2.93833e-05 0.569824 0.9328 0 0 0 0 0 0 0 0 0 0 0 0 0 0 0 0 0 0 0 0 0 0 0 0 0 0 0 0 0 0 0 0 0 0 0 0 0 0 0 0 0 0 0 0 0 0 0 0 0 0 0 0 0 0 0 0 0 0 0 0 0 0 0 0 0 0 0 0 0 0 0 0 0 0 0 0 0 0 0 0 0 0
0.203079 5.15888e-05 2.17785e-05 2.98102e-05 0.577844 0.921225 0 0 0 0 0 0 0 0 0 0 0 0 0 0 0 0 0 0 0 0 0 0 0 0 0 0 0 0 0 0 0 0 0 0 0 0 0 0 0 0 0 0 0 0 0 0 0 0 0 0 0 0 0 0 0 0 0 0 0 0 0 0 0 0 0 0 0 0 0 0 0 0 0 0 0 0 0 0 0 0 0 0
0.213503 5.16122e-05 2.14655e-05 3.01468e-05 0.584101 0.911565 0 0 0 0 0 0 0 0 0 0 0 0 0 0 0 0 0 0 0 0 0 0 0 0 0 0 0 0 0 0 0 0 0 0 0 0 0 0 0 0 0 0 0 0 0 0 0 0 0 0 0 0 0 0 0 0 0 0 0 0 0 0 0 0 0 0 0 0 0 0 0 0 0 0 0 0 0 0 0 0 0 0
0.224463 5.16365e-05 2.1195e-05 3.04415e-05 0.589535 0.902881 0 0 0 0 0 0 0 0 0 0 0 0 0 0 0 0 0 0 0 0 0 0 0 0 0 0 0 0 0 0 0 0 0 0 0 0 0 0 0 0 0 0 0 0 0 0 0 0 0 0 0 0 0 0 0 0 0 0 0 0 0 0 0 0 0 0 0 0 0 0 0 0 0 0 0 0 0 0 0 0 0 0
0.235984 5.16614e-05 2.09214e-05 3.074e-05 0.595029 0.894148 0 0 0 0 0 0 0 0 0 0 0 0 0 0 0 0 0 0 0 0 0 0 0 0 0 0 0 0 0 0 0 0 0 0 0 0 0 0 0 0 0 0 0 0 0 0 0 0 0 0 0 0 0 0 0 0 0 0 0 0 0 0 0 0 0 0 0 0 0 0 0 0 0 0 0 0 0 0 0 0 0 0
0.248097 5.16887e-05 2.05994e-05 3.10893e-05 0.601472 0.883804 0 0 0 0 0 0 0 0 0 0 0 0 0 0 0 0 0 0 0 0 0 0 0 0 0 0 0 0 0 0 0 0 0 0 0 0 0 0 0 0 0 0 0 0 0 0 0 0 0 0 0 0 0 0 0 0 0 0 0 0 0 0 0 0 0 0 0 0 0 0 0 0 0 0 0 0 0 0 0 0 0 0
0.260832 5.17173e-05 2.03475e-05 3.13698e-05 0.606564 0.87502 0 0 0 0 0 0 0 0 0 0 0 0 0 0 0 0 0 0 0 0 0 0 0 0 0 0 0 0 0 0 0 0 0 0 0 0 0 0 0 0 0 0 0 0 0 0 0 0 0 0 0 0 0 0 0 0 0 0 0 0 0 0 0 0 0 0 0 0 0 0 0 0 0 0 0 0 0 0 0 0 0 0
0.274221 5.17467e-05 2.01488e-05 3.15978e-05 0.610625 0.867638 0 0 0 0 0 0 0 0 0 0 0 0 0 0 0 0 0 0 0 0 0 0 0 0 0 0 0 0 0 0 0 0 0 0 0 0 0 0 0 0 0 0 0 0 0 0 0 0 0 0 0 0 0 0 0 0 0 0 0 0 0 0 0 0 0 0 0 0 0 0 0 0 0 0 0 0 0 0 0 0 0 0
0.288297 5.17765e-05 1.99915e-05 3.17849e-05 0.613888 0.861539 0 0 0 0 0 0 0 0 0 0 0 0 0 0 0 0 0 0 0 0 0 0 0 0 0 0 0 0 0 0 0 0 0 0 0 0 0 0 0 0 0 0 0 0 0 0 0 0 0 0 0 0 0 0 0 0 0 0 0 0 0 0 0 0 0 0 0 0 0 0 0 0 0 0 0 0 0 0 0 0 0 0
0.303095 5.18074e-05 1.98601e-05 3.19473e-05 0.616655 0.856135 0 0 0 0 0 0 0 0 0 0 0 0 0 0 0 0 0 0 0 0 0 0 0 0 0 0 0 0 0 0 0 0 0 0 0 0 0 0 0 0 0 0 0 0 0 0 0 0 0 0 0 0 0 0 0 0 0 0 0 0 0 0 0 0 0 0 0 0 0 0 0 0 0 0 0 0 0 0 0 0 0 0
0.318653 5.18389e-05 1.97509e-05 3.2088e-05 0.618995 0.851466 0 0 0 0 0 0 0 0 0 0 0 0 0 0 0 0 0 0 0 0 0 0 0 0 0 0 0 0 0 0 0 0 0 0 0 0 0 0 0 0 0 0 0 0 0 0 0 0 0 0 0 0 0 0 0 0 0 0 0 0 0 0 0 0 0 0 0 0 0 0 0 0 0 0 0 0 0 0 0 0 0 0
0.335009 5.18712e-05 1.96543e-05 3.22169e-05 0.621094 0.847212 0 0 0 0 0 0 0 0 0 0 0 0 0 0 0 0 0 0 0 0 0 0 0 0 0 0 0 0 0 0 0 0 0 0 0 0 0 0 0 0 0 0 0 0 0 0 0 0 0 0 0 0 0 0 0 0 0 0 0 0 0 0 0 0 0 0 0 0 0 0 0 0 0 0 0 0 0 0 0 0 0 0
0.352205 5.19045e-05 1.95697e-05 3.23349e-05 0.622968 0.843341 0 0 0 0 0 0 0 0 0 0 0 0 0 0 0 0 0 0 0 0 0 0 0 0 0 0 0 0 0 0 0 0 0 0 0 0 0 0 0 0 0 0 0 0 0 0 0 0 0 0 0 0 0 0 0 0 0 0 0 0 0 0 0 0 0 0 0 0 0 0 0 0 0 0 0 0 0 0 0 0 0 0
0.370284 5.1939e-05 1.94857e-05 3.24533e-05 0.624834 0.839551 0 0 0 0 0 0 0 0 0 0 0 0 0 0 0 0 0 0 0 0 0 0 0 0 0 0 0 0 0 0 0 0 0 0 0 0 0 0 0 0 0 0 0 0 0 0 0 0 0 0 0 0 0 0 0 0 0 0 0 0 0 0 0 0 0 0 0 0 0 0 0 0 0 0 0 0 0 0 0 0 0 0
0.389291 5.19746e-05 1.94057e-05 3.2569e-05 0.626632 0.835908 0 0 0 0 0 0 0 0 0 0 0 0 0 0 0 0 0 0 0 0 0 0 0 0 0 0 0 0 0 0 0 0 0 0 0 0 0 0 0 0 0 0 0 0 0 0 0 0 0 0 0 0 0 0 0 0 0 0 0 0 0 0 0 0 0 0 0 0 0 0 0 0 0 0 0 0 0 0 0 0 0 0
0.409273 5.20114e-05 1.93223e-05 3.26891e-05 0.628499 0.832214 0 0 0 0 0 0 0 0 0 0 0 0 0 0 0 0 0 0 0 0 0 0 0 0 0 0 0 0 0 0 0 0 0 0 0 0 0 0 0 0 0 0 0 0 0 0 0 0 0 0 0 0 0 0 0 0 0 0 0 0 0 0 0 0 0 0 0 0 0 0 0 0 0 0 0 0 0 0 0 0 0 0
0.430281 5.20499e-05 1.92381e-05 3.28118e-05 0.630392 0.828502 0 0 0 0 0 0 0 0 0 0 0 0 0 0 0 0 0 0 0 0 0 0 0 0 0 0 0 0 0 0 0 0 0 0 0 0 0 0 0 0 0 0 0 0 0 0 0 0 0 0 0 0 0 0 0 0 0 0 0 0 0 0 0 0 0 0 0 0 0 0 0 0 0 0 0 0 0 0 0 0 0 0
0.452368 5.20894e-05 1.91597e-05 3.29297e-05 0.632176 0.824934 0 0 0 0 0 0 0 0 0 0 0 0 0 0 0 0 0 0 0 0 0 0 0 0 0 0 0 0 0 0 0 0 0 0 0 0 0 0 0 0 0 0 0 0 0 0 0 0 0 0 0 0 0 0 0 0 0 0 0 0 0 0 0 0 0 0 0 0 0 0 0 0 0 0 0 0 0 0 0 0 0 0
0.475588 5.21306e-05 1.90835e-05 3.3047e-05 0.633928 0.821419 0 0 0 0 0 0 0 0 0 0 0 0 0 0 0 0 0 0 0 0 0 0 0 0 0 0 0 0 0 0 0 0 0 0 0 0 0 0 0 0 0 0 0 0 0 0 0 0 0 0 0 0 0 0 0 0 0 0 0 0 0 0 0 0 0 0 0 0 0 0 0 0 0 0 0 0 0 0 0 0 0 0
0.5 5.21725e-05 1.90225e-05 3.315e-05 0.635392 0.818297 0 0 0 0 0 0 0 0 0 0 0 0 0 0 0 0 0 0 0 0 0 0 0 0 0 0 0 0 0 0 0 0 0 0 0 0 0 0 0 0 0 0 0 0 0 0 0 0 0 0 0 0 0 0 0 0 0 0 0 0 0 0 0 0 0 0 0 0 0 0 0 0 0 0 0 0 0 0 0 0 0 0
0.525665 5.22153e-05 1.89756e-05 3.32398e-05 0.63659 0.815575 0 0 0 0 0 0 0 0 0 0 0 0 0 0 0 0 0 0 0 0 0 0 0 0 0 0 0 0 0 0 0 0 0 0 0 0 0 0 0 0 0 0 0 0 0 0 0 0 0 0 0 0 0 0 0 0 0 0 0 0 0 0 0 0 0 0 0 0 0 0 0 0 0 0 0 0 0 0 0 0 0 0
0.552648 5.22589e-05 1.89412e-05 3.33177e-05 0.63755 0.813227 0 0 0 0 0 0 0 0 0 0 0 0 0 0 0 0 0 0 0 0 0 0 0 0 0 0 0 0 0 0 0 0 0 0 0 0 0 0 0 0 0 0 0 0 0 0 0 0 0 0 0 0 0 0 0 0 0 0 0 0 0 0 0 0 0 0 0 0 0 0 0 0 0 0 0 0 0 0 0 0 0 0
0.581015 5.23031e-05 1.89148e-05 3.33883e-05 0.638362 0.811131 0 0 0 0 0 0 0 0 0 0 0 0 0 0 0 0 0 0 0 0 0 0 0 0 0 0 0 0 0 0 0 0 0 0 0 0 0 0 0 0 0 0 0 0 0 0 0 0 0 0 0 0 0 0 0 0 0 0 0 0 0 0 0 0 0 0 0 0 0 0 0 0 0 0 0 0 0 0 0 0 0 0
0.610839 5.23485e-05 1.88907e-05 3.34578e-05 0.639137 0.809125 0 0 0 0 0 0 0 0 0 0 0 0 0 0 0 0 0 0 0 0 0 0 0 0 0 0 0 0 0 0 0 0 0 0 0 0 0 0 0 0 0 0 0 0 0 0 0 0 0 0 0 0 0 0 0 0 0 0 0 0 0 0 0 0 0 0 0 0 0 0 0 0 0 0 0 0 0 0 0 0 0 0
0.642193 5.23949e-05 1.88693e-05 3.35256e-05 0.639863 0.807223 0 0 0 0 0 0 0 0 0 0 0 0 0 0 0 0 0 0 0 0 0 0 0 0 0 0 0 0 0 0 0 0 0 0 0 0 0 0 0 0 0 0 0 0 0 0 0 0 0 0 0 0 0 0 0 0 0 0 0 0 0 0 0 0 0 0 0 0 0 0 0 0 0 0 0 0 0 0 0 0 0 0
0.675157 5.24424e-05 1.8848e-05 3.35944e-05 0.640596 0.805344 0 0 0 0 0 0 0 0 0 0 0 0 0 0 0 0 0 0 0 0 0 0 0 0 0 0 0 0 0 0 0 0 0 0 0 0 0 0 0 0 0 0 0 0 0 0 0 0 0 0 0 0 0 0 0 0 0 0 0 0 0 0 0 0 0 0 0 0 0 0 0 0 0 0 0 0 0 0 0 0 0 0
0.709813 5.2491e-05 1.88267e-05 3.36644e-05 0.641335 0.803468 0 0 0 0 0 0 0 0 0 0 0 0 0 0 0 0 0 0 0 0 0 0 0 0 0 0 0 0 0 0 0 0 0 0 0 0 0 0 0 0 0 0 0 0 0 0 0 0 0 0 0 0 0 0 0 0 0 0 0 0 0 0 0 0 0 0 0 0 0 0 0 0 0 0 0 0 0 0 0 0 0 0
0.746248 5.25405e-05 1.88083e-05 3.37322e-05 0.642023 0.801676 0 0 0 0 0 0 0 0 0 0 0 0 0 0 0 0 0 0 0 0 0 0 0 0 0 0 0 0 0 0 0 0 0 0 0 0 0 0 0 0 0 0 0 0 0 0 0 0 0 0 0 0 0 0 0 0 0 0 0 0 0 0 0 0 0 0 0 0 0 0 0 0 0 0 0 0 0 0 0 0 0 0
0.784553 5.25905e-05 1.8795e-05 3.37955e-05 0.642615 0.800005 0 0 0 0 0 0 0 0 0 0 0 0 0 0 0 0 0 0 0 0 0 0 0 0 0 0 0 0 0 0 0 0 0 0 0 0 0 0 0 0 0 0 0 0 0 0 0 0 0 0 0 0 0 0 0 0 0 0 0 0 0 0 0 0 0 0 0 0 0 0 0 0 0 0 0 0 0 0 0 0 0 0
0.824824 5.26408e-05 1.87997e-05 3.38411e-05 0.642869 0.798823 0 0 0 0 0 0 0 0 0 0 0 0 0 0 0 0 0 0 0 0 0 0 0 0 0 0 0 0 0 0 0 0 0 0 0 0 0 0 0 0 0 0 0 0 0 0 0 0 0 0 0 0 0 0 0 0 0 0 0 0 0 0 0 0 0 0 0 0 0 0 0 0 0 0 0 0 0 0 0 0 0 0
0.867162 5.26911e-05 1.88213e-05 3.38699e-05 0.6428 0.798165 0 0 0 0 0 0 0 0 0 0 0 0 0 0 0 0 0 0 0 0 0 0 0 0 0 0 0 0 0 0 0 0 0 0 0 0 0 0 0 0 0 0 0 0 0 0 0 0 0 0 0 0 0 0 0 0 0 0 0 0 0 0 0 0 0 0 0 0 0 0 0 0 0 0 0 0 0 0 0 0 0 0
0.911674 5.2743e-05 1.88444e-05 3.38985e-05 0.642712 0.797605 0 0 0 0 0 0 0 0 0 0 0 0 0 0 0 0 0 0 0 0 0 0 0 0 0 0 0 0 0 0 0 0 0 0 0 0 0 0 0 0 0 0 0 0 0 0 0 0 0 0 0 0 0 0 0 0 0 0 0 0 0 0 0 0 0 0 0 0 0 0 0 0 0 0 0 0 0 0 0 0 0 0
0.95847 5.27976e-05 1.8852e-05 3.39456e-05 0.642938 0.796648 0 0 0 0 0 0 0 0 0 0 0 0 0 0 0 0 0 0 0 0 0 0 0 0 0 0 0 0 0 0 0 0 0 0 0 0 0 0 0 0 0 0 0 0 0 0 0 0 0 0 0 0 0 0 0 0 0 0 0 0 0 0 0 0 0 0 0 0 0 0 0 0 0 0 0 0 0 0 0 0 0 0
1.00767 5.28538e-05 1.88506e-05 3.40032e-05 0.643344 0.79542 0 0 0 0 0 0 0 0 0 0 0 0 0 0 0 0 0 0 0 0 0 0 0 0 0 0 0 0 0 0 0 0 0 0 0 0 0 0 0 0 0 0 0 0 0 0 0 0 0 0 0 0 0 0 0 0 0 0 0 0 0 0 0 0 0 0 0 0 0 0 0 0 0 0 0 0 0 0 0 0 0 0
1.05939 5.29111e-05 1.88517e-05 3.40593e-05 0.643709 0.794252 0 0 0 0 0 0 0 0 0 0 0 0 0 0 0 0 0 0 0 0 0 0 0 0 0 0 0 0 0 0 0 0 0 0 0 0 0 0 0 0 0 0 0 0 0 0 0 0 0 0 0 0 0 0 0 0 0 0 0 0 0 0 0 0 0 0 0 0 0 0 0 0 0 0 0 0 0 0 0 0 0 0
1.11377 5.29698e-05 1.88541e-05 3.41158e-05 0.64406 0.793107 0 0 0 0 0 0 0 0 0 0 0 0 0 0 0 0 0 0 0 0 0 0 0 0 0 0 0 0 0 0 0 0 0 0 0 0 0 0 0 0 0 0 0 0 0 0 0 0 0 0 0 0 0 0 0 0 0 0 0 0 0 0 0 0 0 0 0 0 0 0 0 0 0 0 0 0 0 0 0 0 0 0
1.17094 5.30305e-05 1.88524e-05 3.41781e-05 0.644498 0.791841 0 0 0 0 0 0 0 0 0 0 0 0 0 0 0 0 0 0 0 0 0 0 0 0 0 0 0 0 0 0 0 0 0 0 0 0 0 0 0 0 0 0 0 0 0 0 0 0 0 0 0 0 0 0 0 0 0 0 0 0 0 0 0 0 0 0 0 0 0 0 0 0 0 0 0 0 0 0 0 0 0 0
1.23105 5.30924e-05 1.8851e-05 3.42414e-05 0.644939 0.790568 0 0 0 0 0 0 0 0 0 0 0 0 0 0 0 0 0 0 0 0 0 0 0 0 0 0 0 0 0 0 0 0 0 0 0 0 0 0 0 0 0 0 0 0 0 0 0 0 0 0 0 0 0 0 0 0 0 0 0 0 0 0 0 0 0 0 0 0 0 0 0 0 0 0 0 0 0 0 0 0 0 0
1.29424 5.31556e-05 1.88533e-05 3.43023e-05 0.645319 0.789373 0 0 0 0 0 0 0 0 0 0 0 0 0 0 0 0 0 0 0 0 0 0 0 0 0 0 0 0 0 0 0 0 0 0 0 0 0 0 0 0 0 0 0 0 0 0 0 0 0 0 0 0 0 0 0 0 0 0 0 0 0 0 0 0 0 0 0 0 0 0 0 0 0 0 0 0 0 0 0 0 0 0
1.36067 5.32196e-05 1.88686e-05 3.4351e-05 0.645457 0.788523 0 0 0 0 0 0 0 0 0 0 0 0 0 0 0 0 0 0 0 0 0 0 0 0 0 0 0 0 0 0 0 0 0 0 0 0 0 0 0 0 0 0 0 0 0 0 0 0 0 0 0 0 0 0 0 0 0 0 0 0 0 0 0 0 0 0 0 0 0 0 0 0 0 0 0 0 0 0 0 0 0 0
1.43051 5.32864e-05 1.88849e-05 3.44015e-05 0.645596 0.787711 0 0 0 0 0 0 0 0 0 0 0 0 0 0 0 0 0 0 0 0 0 0 0 0 0 0 0 0 0 0 0 0 0 0 0 0 0 0 0 0 0 0 0 0 0 0 0 0 0 0 0 0 0 0 0 0 0 0 0 0 0 0 0 0 0 0 0 0 0 0 0 0 0 0 0 0 0 0 0 0 0 0
1.50394 5.33563e-05 1.88861e-05 3.44702e-05 0.646038 0.786462 0 0 0 0 0 0 0 0 0 0 0 0 0 0 0 0 0 0 0 0 0 0 0 0 0 0 0 0 0 0 0 0 0 0 0 0 0 0 0 0 0 0 0 0 0 0 0 0 0 0 0 0 0 0 0 0 0 0 0 0 0 0 0 0 0 0 0 0 0 0 0 0 0 0 0 0 0 0 0 0 0 0
1.58114 5.3428e-05 1.88843e-05 3.45437e-05 0.646546 0.785096 0 0 0 0 0 0 0 0 0 0 0 0 0 0 0 0 0 0 0 0 0 0 0 0 0 0 0 0 0 0 0 0 0 0 0 0 0 0 0 0 0 0 0 0 0 0 0 0 0 0 0 0 0 0 0 0 0 0 0 0 0 0 0 0 0 0 0 0 0 0 0 0 0 0 0 0 0 0 0 0 0 0
1.6623 5.35005e-05 1.88868e-05 3.46137e-05 0.646979 0.783814 0 0 0 0 0 0 0 0 0 0 0 0 0 0 0 0 0 0 0 0 0 0 0 0 0 0 0 0 0 0 0 0 0 0 0 0 0 0 0 0 0 0 0 0 0 0 0 0 0 0 0 0 0 0 0 0 0 0 0 0 0 0 0 0 0 0 0 0 0 0 0 0 0 0 0 0 0 0 0 0 0 0
1.74763 5.35746e-05 1.88963e-05 3.46783e-05 0.647291 0.782698 0 0 0 0 0 0 0 0 0 0 0 0 0 0 0 0 0 0 0 0 0 0 0 0 0 0 0 0 0 0 0 0 0 0 0 0 0 0 0 0 0 0 0 0 0 0 0 0 0 0 0 0 0 0 0 0 0 0 0 0 0 0 0 0 0 0 0 0 0 0 0 0 0 0 0 0 0 0 0 0 0 0
1.83733 5.36524e-05 1.89058e-05 3.47466e-05 0.647625 0.781568 0 0 0 0 0 0 0 0 0 0 0 0 0 0 0 0 0 0 0 0 0 0 0 0 0 0 0 0 0 0 0 0 0 0 0 0 0 0 0 0 0 0 0 0 0 0 0 0 0 0 0 0 0 0 0 0 0 0 0 0 0 0 0 0 0 0 0 0 0 0 0 0 0 0 0 0 0 0 0 0 0 0
1.93164 5.37323e-05 1.89024e-05 3.48299e-05 0.648212 0.78005 0 0 0 0 0 0 0 0 0 0 0 0 0 0 0 0 0 0 0 0 0 0 0 0 0 0 0 0 0 0 0 0 0 0 0 0 0 0 0 0 0 0 0 0 0 0 0 0 0 0 0 0 0 0 0 0 0 0 0 0 0 0 0 0 0 0 0 0 0 0 0 0 0 0 0 0 0 0 0 0 0 0
2.03079 5.38128e-05 1.8908e-05 3.49048e-05 0.648633 0.77874 0 0 0 0 0 0 0 0 0 0 0 0 0 0 0 0 0 0 0 0 0 0 0 0 0 0 0 0 0 0 0 0 0 0 0 0 0 0 0 0 0 0 0 0 0 0 0 0 0 0 0 0 0 0 0 0 0 0 0 0 0 0 0 0 0 0 0 0 0 0 0 0 0 0 0 0 0 0 0 0 0 0
2.13503 5.38958e-05 1.89201e-05 3.49756e-05 0.648949 0.777574 0 0 0 0 0 0 0 0 0 0 0 0 0 0 0 0 0 0 0 0 0 0 0 0 0 0 0 0 0 0 0 0 0 0 0 0 0 0 0 0 0 0 0 0 0 0 0 0 0 0 0 0 0 0 0 0 0 0 0 0 0 0 0 0 0 0 0 0 0 0 0 0 0 0 0 0 0 0 0 0 0 0
2.24463 5.39813e-05 1.89331e-05 3.50481e-05 0.649265 0.776397 0 0 0 0 0 0 0 0 0 0 0 0 0 0 0 0 0 0 0 0 0 0 0 0 0 0 0 0 0 0 0 0 0 0 0 0 0 0 0 0 0 0 0 0 0 0 0 0 0 0 0 0 0 0 0 0 0 0 0 0 0 0 0 0 0 0 0 0 0 0 0 0 0 0 0 0 0 0 0 0 0 0
2.35984 5.40697e-05 1.89467e-05 3.51229e-05 0.649587 0.7752 0 0 0 0 0 0 0 0 0 0 0 0 0 0 0 0 0 0 0 0 0 0 0 0 0 0 0 0 0 0 0 0 0 0 0 0 0 0 0 0 0 0 0 0 0 0 0 0 0 0 0 0 0 0 0 0 0 0 0 0 0 0 0 0 0 0 0 0 0 0 0 0 0 0 0 0 0 0 0 0 0 0
2.48097 5.41602e-05 1.89546e-05 3.52056e-05 0.650027 0.773811 0 0 0 0 0 0 0 0 0 0 0 0 0 0 0 0 0 0 0 0 0 0 0 0 0 0 0 0 0 0 0 0 0 0 0 0 0 0 0 0 0 0 0 0 0 0 0 0 0 0 0 0 0 0 0 0 0 0 0 0 0 0 0 0 0 0 0 0 0 0 0 0 0 0 0 0 0 0 0 0 0 0
2.60832 5.42522e-05 1.89861e-05 3.52661e-05 0.65004 0.773001 0 0 0 0 0 0 0 0 0 0 0 0 0 0 0 0 0 0 0 0 0 0 0 0 0 0 0 0 0 0 0 0 0 0 0 0 0 0 0 0 0 0 0 0 0 0 0 0 0 0 0 0 0 0 0 0 0 0 0 0 0 0 0 0 0 0 0 0 0 0 0 0 0 0 0 0 0 0 0 0 0 0
2.74221 5.43526e-05 1.89963e-05 3.53564e-05 0.6505 0.77159 0 0 0 0 0 0 0 0 0 0 0 0 0 0 0 0 0 0 0 0 0 0 0 0 0 0 0 0 0 0 0 0 0 0 0 0 0 0 0 0 0 0 0 0 0 0 0 0 0 0 0 0 0 0 0 0 0 0 0 0 0 0 0 0 0 0 0 0 0 0 0 0 0 0 0 0 0 0 0 0 0 0
2.88297 5.44516e-05 1.90002e-05 3.54514e-05 0.651062 0.769975 0 0 0 0 0 0 0 0 0 0 0 0 0 0 0 0 0 0 0 0 0 0 0 0 0 0 0 0 0 0 0 0 0 0 0 0 0 0 0 0 0 0 0 0 0 0 0 0 0 0 0 0 0 0 0 0 0 0 0 0 0 0 0 0 0 0 0 0 0 0 0 0 0 0 0 0 0 0 0 0 0 0
3.03095 5.45549e-05 1.90209e-05 3.55341e-05 0.651345 0.768744 0 0 0 0 0 0 0 0 0 0 0 0 0 0 0 0 0 0 0 0 0 0 0 0 0 0 0 0 0 0 0 0 0 0 0 0 0 0 0 0 0 0 0 0 0 0 0 0 0 0 0 0 0 0 0 0 0 0 0 0 0 0 0 0 0 0 0 0 0 0 0 0 0 0 0 0 0 0 0 0 0 0
3.18653 5.46633e-05 1.90186e-05 3.56446e-05 0.652076 0.76688 0 0 0 0 0 0 0 0 0 0 0 0 0 0 0 0 0 0 0 0 0 0 0 0 0 0 0 0 0 0 0 0 0 0 0 0 0 0 0 0 0 0 0 0 0 0 0 0 0 0 0 0 0 0 0 0 0 0 0 0 0 0 0 0 0 0 0 0 0 0 0 0 0 0 0 0 0 0 0 0 0 0
3.35009 5.47667e-05 1.90147e-05 3.5752e-05 0.652805 0.764948 0 0 0 0 0 0 0 0 0 0 0 0 0 0 0 0 0 0 0 0 0 0 0 0 0 0 0 0 0 0 0 0 0 0 0 0 0 0 0 0 0 0 0 0 0 0 0 0 0 0 0 0 0 0 0 0 0 0 0 0 0 0 0 0 0 0 0 0 0 0 0 0 0 0 0 0 0 0 0 0 0 0
3.52205 5.48795e-05 1.90411e-05 3.58385e-05 0.653039 0.763719 0 0 0 0 0 0 0 0 0 0 0 0 0 0 0 0 0 0 0 0 0 0 0 0 0 0 0 0 0 0 0 0 0 0 0 0 0 0 0 0 0 0 0 0 0 0 0 0 0 0 0 0 0 0 0 0 0 0 0 0 0 0 0 0 0 0 0 0 0 0 0 0 0 0 0 0 0 0 0 0 0 0
3.70284 5.49939e-05 1.90476e-05 3.59463e-05 0.653641 0.76195 0 0 0 0 0 0 0 0 0 0 0 0 0 0 0 0 0 0 0 0 0 0 0 0 0 0 0 0 0 0 0 0 0 0 0 0 0 0 0 0 0 0 0 0 0 0 0 0 0 0 0 0 0 0 0 0 0 0 0 0 0 0 0 0 0 0 0 0 0 0 0 0 0 0 0 0 0 0 0 0 0 0
3.89291 5.51086e-05 1.90455e-05 3.60631e-05 0.654401 0.759933 0 0 0 0 0 0 0 0 0 0 0 0 0 0 0 0 0 0 0 0 0 0 0 0 0 0 0 0 0 0 0 0 0 0 0 0 0 0 0 0 0 0 0 0 0 0 0 0 0 0 0 0 0 0 0 0 0 0 0 0 0 0 0 0 0 0 0 0 0 0 0 0 0 0 0 0 0 0 0 0 0 0
4.09273 5.52282e-05 1.90544e-05 3.61738e-05 0.654987 0.758139 0 0 0 0 0 0 0 0 0 0 0 0 0 0 0 0 0 0 0 0 0 0 0 0 0 0 0 0 0 0 0 0 0 0 0 0 0 0 0 0 0 0 0 0 0 0 0 0 0 0 0 0 0 0 0 0 0 0 0 0 0 0 0 0 0 0 0 0 0 0 0 0 0 0 0 0 0 0 0 0 0 0
4.30281 5.53494e-05 1.90856e-05 3.62638e-05 0.65518 0.756833 0 0 0 0 0 0 0 0 0 0 0 0 0 0 0 0 0 0 0 0 0 0 0 0 0 0 0 0 0 0 0 0 0 0 0 0 0 0 0 0 0 0 0 0 0 0 0 0 0 0 0 0 0 0 0 0 0 0 0 0 0 0 0 0 0 0 0 0 0 0 0 0 0 0 0 0 0 0 0 0 0 0
4.52368 5.54706e-05 1.91145e-05 3.63561e-05 0.655412 0.755431 0 0 0 0 0 0 0 0 0 0 0 0 0 0 0 0 0 0 0 0 0 0 0 0 0 0 0 0 0 0 0 0 0 0 0 0 0 0 0 0 0 0 0 0 0 0 0 0 0 0 0 0 0 0 0 0 0 0 0 0 0 0 0 0 0 0 0 0 0 0 0 0 0 0 0 0 0 0 0 0 0 0
4.75588 5.55972e-05 1.91372e-05 3.646e-05 0.655789 0.75382 0 0 0 0 0 0 0 0 0 0 0 0 0 0 0 0 0 0 0 0 0 0 0 0 0 0 0 0 0 0 0 0 0 0 0 0 0 0 0 0 0 0 0 0 0 0 0 0 0 0 0 0 0 0 0 0 0 0 0 0 0 0 0 0 0 0 0 0 0 0 0 0 0 0 0 0 0 0 0 0 0 0
5 5.57215e-05 1.91633e-05 3.65582e-05 0.656088 0.752259 0 0 0 0 0 0 0 0 0 0 0 0 0 0 0 0 0 0 0 0 0 0 0 0 0 0 0 0 0 0 0 0 0 0 0 0 0 0 0 0 0 0 0 0 0 0 0 0 0 0 0 0 0 0 0 0 0 0 0 0 0 0 0 0 0 0 0 0 0 0 0 0 0 0 0 0 0 0 0 0 0 0
5.25665 5.58538e-05 1.92282e-05 3.66255e-05 0.65574 0.751513 0 0 0 0 0 0 0 0 0 0 0 0 0 0 0 0 0 0 0 0 0 0 0 0 0 0 0 0 0 0 0 0 0 0 0 0 0 0 0 0 0 0 0 0 0 0 0 0 0 0 0 0 0 0 0 0 0 0 0 0 0 0 0 0 0 0 0 0 0 0 0 0 0 0 0 0 0 0 0 0 0 0
5.52648 5.59944e-05 1.93062e-05 3.66882e-05 0.655213 0.750966 0 0 0 0 0 0 0 0 0 0 0 0 0 0 0 0 0 0 0 0 0 0 0 0 0 0 0 0 0 0 0 0 0 0 0 0 0 0 0 0 0 0 0 0 0 0 0 0 0 0 0 0 0 0 0 0 0 0 0 0 0 0 0 0 0 0 0 0 0 0 0 0 0 0 0 0 0 0 0 0 0 0
5.81015 5.61564e-05 1.94353e-05 3.67211e-05 0.653908 0.751414 0 0 0 0 0 0 0 0 0 0 0 0 0 0 0 0 0 0 0 0 0 0 0 0 0 0 0 0 0 0 0 0 0 0 0 0 0 0 0 0 0 0 0 0 0 0 0 0 0 0 0 0 0 0 0 0 0 0 0 0 0 0 0 0 0 0 0 0 0 0 0 0 0 0 0 0 0 0 0 0 0 0
6.10839 5.63458e-05 1.94979e-05 3.68479e-05 0.65396 0.750152 0 0 0 0 0 0 0 0 0 0 0 0 0 0 0 0 0 0 0 0 0 0 0 0 0 0 0 0 0 0 0 0 0 0 0 0 0 0 0 0 0 0 0 0 0 0 0 0 0 0 0 0 0 0 0 0 0 0 0 0 0 0 0 0 0 0 0 0 0 0 0 0 0 0 0 0 0 0 0 0 0 0
6.42193 5.65183e-05 1.93761e-05 3.71423e-05 0.657172 0.744833 0 0 0 0 0 0 0 0 0 0 0 0 0 0 0 0 0 0 0 0 0 0 0 0 0 0 0 0 0 0 0 0 0 0 0 0 0 0 0 0 0 0 0 0 0 0 0 0 0 0 0 0 0 0 0 0 0 0 0 0 0 0 0 0 0 0 0 0 0 0 0 0 0 0 0 0 0 0 0 0 0 0
6.75157 5.66763e-05 1.93758e-05 3.73004e-05 0.658132 0.74227 0 0 0 0 0 0 0 0 0 0 0 0 0 0 0 0 0 0 0 0 0 0 0 0 0 0 0 0 0 0 0 0 0 0 0 0 0 0 0 0 0 0 0 0 0 0 0 0 0 0 0 0 0 0 0 0 0 0 0 0 0 0 0 0 0 0 0 0 0 0 0 0 0 0 0 0 0 0 0 0 0 0
7.09813 5.68648e-05 1.93908e-05 3.7474e-05 0.659001 0.739876 0 0 0 0 0 0 0 0 0 0 0 0 0 0 0 0 0 0 0 0 0 0 0 0 0 0 0 0 0 0 0 0 0 0 0 0 0 0 0 0 0 0 0 0 0 0 0 0 0 0 0 0 0 0 0 0 0 0 0 0 0 0 0 0 0 0 0 0 0 0 0 0 0 0 0 0 0 0 0 0 0 0
7.46248 5.70438e-05 1.92901e-05 3.77537e-05 0.661836 0.735076 0 0 0 0 0 0 0 0 0 0 0 0 0 0 0 0 0 0 0 0 0 0 0 0 0 0 0 0 0 0 0 0 0 0 0 0 0 0 0 0 0 0 0 0 0 0 0 0 0 0 0 0 0 0 0 0 0 0 0 0 0 0 0 0 0 0 0 0 0 0 0 0 0 0 0 0 0 0 0 0 0 0
7.84553 5.72029e-05 1.92135e-05 3.79893e-05 0.664116 0.730903 0 0 0 0 0 0 0 0 0 0 0 0 0 0 0 0 0 0 0 0 0 0 0 0 0 0 0 0 0 0 0 0 0 0 0 0 0 0 0 0 0 0 0 0 0 0 0 0 0 0 0 0 0 0 0 0 0 0 0 0 0 0 0 0 0 0 0 0 0 0 0 0 0 0 0 0 0 0 0 0 0 0
8.24824 5.73587e-05 1.91015e-05 3.82572e-05 0.666981 0.726072 0 0 0 0 0 0 0 0 0 0 0 0 0 0 0 0 0 0 0 0 0 0 0 0 0 0 0 0 0 0 0 0 0 0 0 0 0 0 0 0 0 0 0 0 0 0 0 0 0 0 0 0 0 0 0 0 0 0 0 0 0 0 0 0 0 0 0 0 0 0 0 0 0 0 0 0 0 0 0 0 0 0
8.67162 5.75017e-05 1.90257e-05 3.84761e-05 0.669129 0.722051 0 0 0 0 0 0 0 0 0 0 0 0 0 0 0 0 0 0 0 0 0 0 0 0 0 0 0 0 0 0 0 0 0 0 0 0 0 0 0 0 0 0 0 0 0 0 0 0 0 0 0 0 0 0 0 0 0 0 0 0 0 0 0 0 0 0 0 0 0 0 0 0 0 0 0 0 0 0 0 0 0 0
9.11674 5.76345e-05 1.89819e-05 3.86526e-05 0.670651 0.718698 0 0 0 0 0 0 0 0 0 0 0 0 0 0 0 0 0 0 0 0 0 0 0 0 0 0 0 0 0 0 0 0 0 0 0 0 0 0 0 0 0 0 0 0 0 0 0 0 0 0 0 0 0 0 0 0 0 0 0 0 0 0 0 0 0 0 0 0 0 0 0 0 0 0 0 0 0 0 0 0 0 0
9.5847 5.77649e-05 1.8971e-05 3.87939e-05 0.671583 0.715957 0 0 0 0 0 0 0 0 0 0 0 0 0 0 0 0 0 0 0 0 0 0 0 0 0 0 0 0 0 0 0 0 0 0 0 0 0 0 0 0 0 0 0 0 0 0 0 0 0 0 0 0 0 0 0 0 0 0 0 0 0 0 0 0 0 0 0 0 0 0 0 0 0 0 0 0 0 0 0 0 0 0
10.0767 5.79088e-05 1.90214e-05 3.88873e-05 0.671528 0.714264 0 0 0 0 0 0 0 0 0 0 0 0 0 0 0 0 0 0 0 0 0 0 0 0 0 0 0 0 0 0 0 0 0 0 0 0 0 0 0 0 0 0 0 0 0 0 0 0 0 0 0 0 0 0 0 0 0 0 0 0 0 0 0 0 0 0 0 0 0 0 0 0 0 0 0 0 0 0 0 0 0 0
10.5939 5.80809e-05 1.91377e-05 3.89431e-05 0.670498 0.713593 0 0 0 0 0 0 0 0 0 0 0 0 0 0 0 0 0 0 0 0 0 0 0 0 0 0 0 0 0 0 0 0 0 0 0 0 0 0 0 0 0 0 0 0 0 0 0 0 0 0 0 0 0 0 0 0 0 0 0 0 0 0 0 0 0 0 0 0 0 0 0 0 0 0 0 0 0 0 0 0 0 0
11.1377 5.82904e-05 1.91884e-05 3.9102e-05 0.670814 0.711504 0 0 0 0 0 0 0 0 0 0 0 0 0 0 0 0 0 0 0 0 0 0 0 0 0 0 0 0 0 0 0 0 0 0 0 0 0 0 0 0 0 0 0 0 0 0 0 0 0 0 0 0 0 0 0 0 0 0 0 0 0 0 0 0 0 0 0 0 0 0 0 0 0 0 0 0 0 0 0 0 0 0
11.7094 5.84626e-05 1.9147e-05 3.93156e-05 0.672491 0.707851 0 0 0 0 0 0 0 0 0 0 0 0 0 0 0 0 0 0 0 0 0 0 0 0 0 0 0 0 0 0 0 0 0 0 0 0 0 0 0 0 0 0 0 0 0 0 0 0 0 0 0 0 0 0 0 0 0 0 0 0 0 0 0 0 0 0 0 0 0 0 0 0 0 0 0 0 0 0 0 0 0 0
12.3105 5.8634e-05 1.91506e-05 3.94833e-05 0.673387 0.704953 0 0 0 0 0 0 0 0 0 0 0 0 0 0 0 0 0 0 0 0 0 0 0 0 0 0 0 0 0 0 0 0 0 0 0 0 0 0 0 0 0 0 0 0 0 0 0 0 0 0 0 0 0 0 0 0 0 0 0 0 0 0 0 0 0 0 0 0 0 0 0 0 0 0 0 0 0 0 0 0 0 0
12.9424 5.88678e-05 1.92352e-05 3.96326e-05 0.673247 0.703169 0 0 0 0 0 0 0 0 0 0 0 0 0 0 0 0 0 0 0 0 0 0 0 0 0 0 0 0 0 0 0 0 0 0 0 0 0 0 0 0 0 0 0 0 0 0 0 0 0 0 0 0 0 0 0 0 0 0 0 0 0 0 0 0 0 0 0 0 0 0 0 0 0 0 0 0 0 0 0 0 0 0
13.6067 5.8992e-05 1.90954e-05 3.98966e-05 0.676305 0.697898 0 0 0 0 0 0 0 0 0 0 0 0 0 0 0 0 0 0 0 0 0 0 0 0 0 0 0 0 0 0 0 0 0 0 0 0 0 0 0 0 0 0 0 0 0 0 0 0 0 0 0 0 0 0 0 0 0 0 0 0 0 0 0 0 0 0 0 0 0 0 0 0 0 0 0 0 0 0 0 0 0 0
14.3051 5.91851e-05 1.91563e-05 4.00288e-05 0.676332 0.695698 0 0 0 0 0 0 0 0 0 0 0 0 0 0 0 0 0 0 0 0 0 0 0 0 0 0 0 0 0 0 0 0 0 0 0 0 0 0 0 0 0 0 0 0 0 0 0 0 0 0 0 0 0 0 0 0 0 0 0 0 0 0 0 0 0 0 0 0 0 0 0 0 0 0 0 0 0 0 0 0 0 0
15.0394 5.93799e-05 1.92333e-05 4.01466e-05 0.676098 0.693634 0 0 0 0 0 0 0 0 0 0 0 0 0 0 0 0 0 0 0 0 0 0 0 0 0 0 0 0 0 0 0 0 0 0 0 0 0 0 0 0 0 0 0 0 0 0 0 0 0 0 0 0 0 0 0 0 0 0 0 0 0 0 0 0 0 0 0 0 0 0 0 0 0 0 0 0 0 0 0 0 0 0
15.8114 5.95729e-05 1.92699e-05 4.0303e-05 0.676532 0.690835 0 0 0 0 0 0 0 0 0 0 0 0 0 0 0 0 0 0 0 0 0 0 0 0 0 0 0 0 0 0 0 0 0 0 0 0 0 0 0 0 0 0 0 0 0 0 0 0 0 0 0 0 0 0 0 0 0 0 0 0 0 0 0 0 0 0 0 0 0 0 0 0 0 0 0 0 0 0 0 0 0 0
16.623 5.97911e-05 1.92564e-05 4.05346e-05 0.677938 0.687095 0 0 0 0 0 0 0 0 0 0 0 0 0 0 0 0 0 0 0 0 0 0 0 0 0 0 0 0 0 0 0 0 0 0 0 0 0 0 0 0 0 0 0 0 0 0 0 0 0 0 0 0 0 0 0 0 0 0 0 0 0 0 0 0 0 0 0 0 0 0 0 0 0 0 0 0 0 0 0 0 1.4013e-45 0
17.4762 6.00041e-05 1.92759e-05 4.07281e-05 0.678756 0.683784 0 0 0 0 0 0 0 0 0 0 0 0 0 0 0 0 0 0 0 0 0 0 0 0 0 0 0 0 0 0 0 0 0 0 0 0 0 0 0 0 0 0 0 0 0 0 0 0 0 0 0 0 0 0 0 0 0 0 0 0 0 0 1.4013e-45 0 1.4013e-45 0 2.8026e-45 0 5.60519e-45 0 1.12104e-44 0 2.24208e-44 0 4.2039e-44 0 7.56701e-44 0 1.4013e-43 0 2.46629e-43 0
18.3733 6.01836e-05 1.92554e-05 4.09282e-05 0.680056 0.679862 0 0 0 0 0 0 0 0 0 0 0 0 0 0 0 0 0 0 0 0 0 0 0 0 0 0 0 0 0 0 0 0 0 0 0 0 0 0 0 0 0 0 0 0 0 0 0 0 0 0 1.4013e-45 0 2.8026e-45 0 5.60519e-45 0 1.26117e-44 0 3.08286e-44 0 6.44597e-44 0 1.4013e-43 0 2.74654e-43 0 5.59118e-43 0 1.0804e-42 0 1.99125e-42 0 3.79331e-42 0 6.88878e-42 0 1.19517e-41 0 2.14301e-41 0 3.67392e-41 0
19.3164 6.03808e-05 1.93365e-05 4.10443e-05 0.679757 0.677242 0 0 0 0 0 0 0 0 0 0 0 0 0 0 0 0 0 0 0 0 0 0 0 0 0 0 0 0 0 0 0 0 0 0 0 0 0 0 0 0 1.4013e-45 0 4.2039e-45 0 1.12104e-44 0 2.94273e-44 0 7.56701e-44 0 1.93379e-43 0 4.6383e-43 0 1.05658e-42 0 2.27431e-42 0 5.04748e-42 0 1.01972e-41 0 2.12507e-41 0 4.04653e-41 0 7.95139e-41 0 1.48943e-40 0 2.66387e-40 0 4.9164e-40 0 8.6738e-40 0 1.46491e-39 0 2.55276e-39 0 4.26272e-39 0
20.3079 6.0627e-05 1.94268e-05 4.12003e-05 0.679569 0.674514 0 0 0 0 0 0 0 0 0 0 0 0 0 0 0 0 0 0 0 0 0 0 0 0 0 0 0 0 0 0 0 0 1.4013e-45 0 5.60519e-45 0 2.24208e-44 0 7.28675e-44 0 2.32616e-43 0 6.67018e-43 0 1.87354e-42 0 4.72097e-42 0 1.17092e-41 0 2.85879e-41 0 6.59465e-41 0 1.4407e-40 0 2.9875e-40 0 6.37804e-40 0 1.24504e-39 0 2.50334e-39 0 4.61913e-39 0 8.78206e-39 0 1.59539e-38 0 2.77353e-38 0 4.96791e-38 0 8.52506e-38 0 1.40341e-37 0 2.38017e-37 0 3.87627e-37 0
21.3503 6.08574e-05 1.93786e-05 4.14788e-05 0.681574 0.669731 0 0 0 0 0 0 0 0 0 0 0 0 0 0 0 0 0 0 0 0 0 0 0 0 0 0 2.8026e-45 0 1.4013e-44 0 6.86636e-44 0 2.8026e-43 0 1.01454e-42 0 3.5565e-42 0 1.10633e-41 0 3.35863e-41 0 9.13619e-41 0 2.43724e-40 0 5.87206e-40 0 1.39319e-39 0 3.25636e-39 0 7.21116e-39 0 1.51643e-38 0 3.03452e-38 0 6.24293e-38 0 1.17951e-37 0 2.29207e-37 0 4.10468e-37 0 7.56296e-37 0 1.33445e-36 0 2.2581e-36 0 3.9312e-36 0 6.5705e-36 0 1.05564e-35 0 1.74477e-35 0 2.77461e-35 0
22.4463 6.1069e-05 1.94214e-05 4.16476e-05 0.681976 0.666076 0 0 0 0 0 0 0 0 0 0 0 0 0 0 0 0 0 0 0 0 1.4013e-45 0 1.26117e-44 0 8.54792e-44 0 4.89053e-43 0 2.35558e-42 0 1.03444e-41 0 3.9759e-41 0 1.34965e-40 0 4.44996e-40 0 1.30985e-39 0 3.76673e-39 0 9.75763e-39 0 2.48126e-38 0 5.72692e-38 0 1.30263e-37 0 2.92106e-37 0 6.22237e-37 0 1.26186e-36 0 2.44101e-36 0 4.84811e-36 0 8.87961e-36 0 1.67045e-35 0 2.90757e-35 0 5.19977e-35 0 8.9239e-35 0 1.47178e-34 0 2.49384e-34 0 4.0649e-34 0 6.38138e-34 0 1.02916e-33 0 1.59996e-33 0
23.5984 6.12966e-05 1.94101e-05 4.18865e-05 0.683342 0.661576 0 0 0 0 0 0 0 0 0 0 0 0 0 0 0 0 1.4013e-45 0 2.66247e-44 0 2.70451e-43 0 2.03469e-42 0 1.25781e-41 0 6.64187e-41 0 2.96398e-40 0 1.21059e-39 0 4.35693e-39 0 1.39333e-38 0 4.33404e-38 0 1.21023e-37 0 3.3053e-37 0 8.17351e-37 0 1.98585e-36 0 4.40007e-36 0 9.61469e-36 0 2.07267e-35 0 4.25512e-35 0 8.33635e-35 0 1.5615e-34 0 2.99914e-34 0 5.33317e-34 0 9.72806e-34 0 1.64805e-33 0 2.86483e-33 0 4.78869e-33 0 7.70717e-33 0 1.27274e-32 0 2.02563e-32 0 3.11073e-32 0 4.90112e-32 0 7.45706e-32 0
24.8097 6.15048e-05 1.94271e-05 4.20777e-05 0.684137 0.657197 0 0 0 0 0 0 0 0 0 0 0 0 0 0 2.10195e-44 0 3.57331e-43 0 4.22491e-42 0 3.73656e-41 0 2.55067e-40 0 1.44242e-39 0 7.02223e-39 0 2.91302e-38 0 1.11078e-37 0 3.7554e-37 0 1.13469e-36 0 3.33931e-36 0 8.86862e-36 0 2.30619e-35 0 5.45627e-35 0 1.26944e-34 0 2.70554e-34 0 5.69056e-34 0 1.18158e-33 0 2.34203e-33 0 4.44014e-33 0 8.06597e-33 0 1.50062e-32 0 2.5945e-32 0 4.59568e-32 0 7.5878e-32 0 1.28387e-31 0 2.09288e-31 0 3.29103e-31 0 5.30322e-31 0 8.25103e-31 0 1.24084e-30 0 1.91209e-30 0 2.85023e-30 0
26.0832 6.17366e-05 1.94498e-05 4.22868e-05 0.684955 0.652789 0 0 0 0 0 0 0 0 0 0 2.8026e-45 0 1.26117e-43 0 3.21178e-42 0 4.82705e-41 0 5.04913e-40 0 4.01511e-39 0 2.49544e-38 0 1.29672e-37 0 5.84345e-37 0 2.26137e-36 0 8.07745e-36 0 2.5732e-35 0 7.36631e-35 0 2.05655e-34 0 5.20749e-34 0 1.29242e-33 0 2.93186e-33 0 6.54568e-33 0 1.34447e-32 0 2.72702e-32 0 5.46391e-32 0 1.04743e-31 0 1.92472e-31 0 3.396e-31 0 6.1294e-31 0 1.03179e-30 0 1.77732e-30 0 2.86351e-30 0 4.72228e-30 0 7.51648e-30 0 1.15612e-29 0 1.8201e-29 0 2.77135e-29 0 4.0855e-29 0 6.1641e-29 0 9.01109e-29 0
27.4221 6.19662e-05 1.94654e-05 4.25008e-05 0.68587 0.648062 0 0 0 0 0 0 0 0 4.2039e-45 0 4.35804e-43 0 1.76171e-41 0 3.84137e-40 0 5.05861e-39 0 4.71834e-38 0 3.39081e-37 0 1.92759e-36 0 9.24209e-36 0 3.86965e-35 0 1.40178e-34 0 4.7053e-34 0 1.41651e-33 0 3.85206e-33 0 1.02285e-32 0 2.47515e-32 0 5.87628e-32 0 1.28078e-31 0 2.7495e-31 0 5.45242e-31 0 1.06839e-30 0 2.06923e-30 0 3.84267e-30 0 6.85444e-30 0 1.17634e-29 0 2.06283e-29 0 3.38527e-29 0 5.67853e-29 0 8.93834e-29 0 1.43848e-28 0 2.23825e-28 0 3.37108e-28 0 5.19084e-28 0 7.74316e-28 0 1.12006e-27 0 1.65633e-27 0 2.37685e-27 0
28.8297 6.2185e-05 1.94969e-05 4.26881e-05 0.68647 0.64317 0 0 0 0 0 0 1.4013e-45 0 6.53005e-43 0 5.6796e-41 0 1.91745e-39 0 3.59681e-38 0 4.17639e-37 0 3.4931e-36 0 2.27986e-35 0 1.19061e-34 0 5.28797e-34 0 2.06455e-33 0 7.0233e-33 0 2.22214e-32 0 6.3392e-32 0 1.64171e-31 0 4.15632e-31 0 9.63295e-31 0 2.19244e-30 0 4.60021e-30 0 9.51391e-30 0 1.82464e-29 0 3.45982e-29 0 6.4881e-29 0 1.169e-28 0 2.02714e-28 0 3.38839e-28 0 5.78113e-28 0 9.26063e-28 0 1.51466e-27 0 2.33193e-27 0 3.66668e-27 0 5.58348e-27 0 8.24291e-27 0 1.24279e-26 0 1.81801e-26 0 2.58282e-26 0 3.74716e-26 0 5.28323e-26 0
30.3095 6.24187e-05 1.94916e-05 4.29271e-05 0.687729 0.637806 0 0 0 0 0 0 2.85865e-43 0 8.2245e-41 0 5.75679e-39 0 1.6367e-37 0 2.66072e-36 0 2.74089e-35 0 2.06665e-34 0 1.2308e-33 0 5.92924e-33 0 2.44852e-32 0 8.94458e-32 0 2.86625e-31 0 8.57278e-31 0 2.32358e-30 0 5.74436e-30 0 1.38982e-29 0 3.09161e-29 0 6.7595e-29 0 1.36789e-28 0 2.73039e-28 0 5.07265e-28 0 9.32275e-28 0 1.69541e-27 0 2.96818e-27 0 5.01055e-27 0 8.16773e-27 0 1.35767e-26 0 2.12535e-26 0 3.39369e-26 0 5.11592e-26 0 7.86834e-26 0 1.17381e-25 0 1.70026e-25 0 2.51261e-25 0 3.60794e-25 0 5.03861e-25 0 7.17841e-25 0 9.95272e-25 0
31.8653 6.26613e-05 1.95481e-05 4.31132e-05 0.688036 0.632878 0 0 0 0 1.26117e-44 0 3.71778e-41 0 8.11331e-39 0 4.61511e-37 0 1.11427e-35 0 1.58086e-34 0 1.45322e-33 0 9.92819e-33 0 5.41945e-32 0 2.41786e-31 0 9.31674e-31 0 3.19484e-30 0 9.67187e-30 0 2.74212e-29 0 7.07912e-29 0 1.67445e-28 0 3.8802e-28 0 8.30096e-28 0 1.74691e-27 0 3.41555e-27 0 6.59141e-27 0 1.1881e-26 0 2.11962e-26 0 3.74377e-26 0 6.37747e-26 0 1.0494e-25 0 1.67031e-25 0 2.7084e-25 0 4.14808e-25 0 6.4739e-25 0 9.56566e-25 0 1.44061e-24 0 2.10756e-24 0 2.99806e-24 0 4.34679e-24 0 6.13241e-24 0 8.4256e-24 0 1.17981e-23 0 1.6099e-23 0
33.5009 6.28744e-05 1.96149e-05 4.32594e-05 0.68803 0.627468 0 0 0 0 1.89736e-42 0 3.76855e-39 0 6.32266e-37 0 2.95256e-35 0 6.10229e-34 0 7.60598e-33 0 6.27415e-32 0 3.90254e-31 0 1.96085e-30 0 8.13224e-30 0 2.93387e-29 0 9.47319e-29 0 2.71688e-28 0 7.32066e-28 0 1.8044e-27 0 4.09233e-27 0 9.1019e-27 0 1.87621e-26 0 3.80756e-26 0 7.20475e-26 0 1.34647e-25 0 2.35819e-25 0 4.08987e-25 0 7.02584e-25 0 1.16612e-24 0 1.87273e-24 0 2.91391e-24 0 4.61469e-24 0 6.9221e-24 0 1.0571e-23 0 1.53246e-23 0 2.26224e-23 0 3.24866e-23 0 4.54246e-23 0 6.46759e-23 0 8.9724e-23 0 1.21378e-22 0 1.67192e-22 0 2.24703e-22 0
35.2205 6.31416e-05 1.96811e-05 4.34604e-05 0.688302 0.621871 0 0 0 0 2.19691e-40 0 3.0122e-37 0 3.9354e-35 0 1.5233e-33 0 2.71558e-32 0 2.99247e-31 0 2.22683e-30 0 1.26685e-29 0 5.88289e-29 0 2.27612e-28 0 7.71292e-28 0 2.35191e-27 0 6.40698e-27 0 1.64481e-26 0 3.87944e-26 0 8.45364e-26 0 1.80824e-25 0 3.59804e-25 0 7.05383e-25 0 1.29382e-24 0 2.34527e-24 0 3.99662e-24 0 6.74758e-24 0 1.12892e-23 0 1.82795e-23 0 2.86849e-23 0 4.36795e-23 0 6.76389e-23 0 9.94705e-23 0 1.48798e-22 0 2.11833e-22 0 3.0682e-22 0 4.32889e-22 0 5.95464e-22 0 8.33326e-22 0 1.13773e-21 0 1.51658e-21 0 2.0566e-21 0 2.72442e-21 0
37.0284 6.34361e-05 1.97482e-05 4.36879e-05 0.688691 0.616285 0 0 6.44597e-44 0 1.99327e-38 0 1.92076e-35 0 1.97816e-33 0 6.40525e-32 0 9.92043e-31 0 9.72333e-30 0 6.56017e-29 0 3.42836e-28 0 1.47705e-27 0 5.34945e-27 0 1.70787e-26 0 4.93192e-26 0 1.27938e-25 0 3.13668e-25 0 7.09463e-25 0 1.48829e-24 0 3.06745e-24 0 5.902e-24 0 1.11965e-23 0 1.99375e-23 0 3.51056e-23 0 5.82874e-23 0 9.59233e-23 0 1.56504e-22 0 2.47519e-22 0 3.79964e-22 0 5.66828e-22 0 8.59206e-22 0 1.23999e-21 0 1.81878e-21 0 2.545e-21 0 3.62012e-21 0 5.02246e-21 0 6.80196e-21 0 9.36413e-21 0 1.25919e-20 0 1.65509e-20 0 2.21129e-20 0 2.88941e-20 0
38.9291 6.36889e-05 1.98384e-05 4.38505e-05 0.688511 0.610268 0 0 8.68805e-42 0 1.43549e-36 0 9.89056e-34 0 8.12339e-32 0 2.21959e-30 0 3.00724e-29 0 2.63666e-28 0 1.62059e-27 0 7.81234e-27 0 3.13415e-26 0 1.06597e-25 0 3.21572e-25 0 8.81764e-25 0 2.18335e-24 0 5.12364e-24 0 1.11361e-23 0 2.2531e-23 0 4.48265e-23 0 8.35372e-23 0 1.53599e-22 0 2.65913e-22 0 4.55459e-22 0 7.37727e-22 0 1.1849e-21 0 1.88758e-21 0 2.91922e-21 0 4.38847e-21 0 6.42009e-21 0 9.53602e-21 0 1.35179e-20 0 1.94602e-20 0 2.67875e-20 0 3.74538e-20 0 5.11384e-20 0 6.82391e-20 0 9.24887e-20 0 1.22583e-19 0 1.58988e-19 0 2.09434e-19 0 2.70109e-19 0
40.9273 6.38997e-05 1.98967e-05 4.40029e-05 0.688625 0.60299 4.2039e-45 0 9.0061e-40 0 8.27625e-35 0 4.14459e-32 0 2.74488e-30 0 6.38149e-29 0 7.61294e-28 0 6.00348e-27 0 3.37691e-26 0 1.50756e-25 0 5.6514e-25 0 1.81062e-24 0 5.17542e-24 0 1.35093e-23 0 3.2002e-23 0 7.20353e-23 0 1.50743e-22 0 2.94675e-22 0 5.66907e-22 0 1.02484e-21 0 1.82915e-21 0 3.08294e-21 0 5.14356e-21 0 8.13738e-21 0 1.2771e-20 0 1.98872e-20 0 3.01085e-20 0 4.43703e-20 0 6.37166e-20 0 9.28302e-20 0 1.29369e-19 0 1.82956e-19 0 2.47944e-19 0 3.41044e-19 0 4.58626e-19 0 6.03431e-19 0 8.05815e-19 0 1.05343e-18 0 1.34904e-18 0 1.75333e-18 0 2.23337e-18 0
43.0281 6.41963e-05 1.99504e-05 4.42459e-05 0.689228 0.595516 5.64723e-43 0 7.35155e-38 0 3.86676e-33 0 1.42951e-30 0 7.71469e-29 0 1.53817e-27 0 1.62581e-26 0 1.15913e-25 0 5.99273e-25 0 2.48689e-24 0 8.74015e-24 0 2.64545e-23 0 7.18373e-23 0 1.78933e-22 0 4.06397e-22 0 8.79253e-22 0 1.7748e-21 0 3.3577e-21 0 6.25656e-21 0 1.09882e-20 0 1.9065e-20 0 3.13243e-20 0 5.09714e-20 0 7.88534e-20 0 1.21061e-19 0 1.84485e-19 0 2.73706e-19 0 3.95789e-19 0 5.58407e-19 0 7.98746e-19 0 1.09525e-18 0 1.52293e-18 0 2.03349e-18 0 2.75383e-18 0 3.6501e-18 0 4.73866e-18 0 6.23922e-18 0 8.05042e-18 0 1.01858e-17 0 1.307e-17 0 1.64528e-17 0
45.2368 6.45707e-05 2.00788e-05 4.44919e-05 0.689041 0.589087 6.54547e-41 0 4.8e-36 0 1.48495e-31 0 4.11321e-29 0 1.82702e-27 0 3.14755e-26 0 2.9651e-25 0 1.92066e-24 0 9.1645e-24 0 3.54785e-23 0 1.17267e-22 0 3.36259e-22 0 8.69645e-22 0 2.07173e-21 0 4.52061e-21 0 9.41883e-21 0 1.83712e-20 0 3.36909e-20 0 6.0899e-20 0 1.04054e-19 0 1.75745e-19 0 2.81839e-19 0 4.4784e-19 0 6.78211e-19 0 1.01966e-18 0 1.52224e-18 0 2.21534e-18 0 3.1463e-18 0 4.36504e-18 0 6.13558e-18 0 8.2845e-18 0 1.13355e-17 0 1.49236e-17 0 1.99132e-17 0 2.60335e-17 0 3.33695e-17 0 4.33502e-17 0 5.52427e-17 0 6.90975e-17 0 8.75903e-17 0 1.09029e-16 0
47.5588 6.4863e-05 2.01832e-05 4.46798e-05 0.688834 0.581895 5.94341e-39 0 2.52228e-34 0 4.71001e-30 0 9.91376e-28 0 3.65898e-26 0 5.4857e-25 0 4.63169e-24 0 2.73865e-23 0 1.21076e-22 0 4.38747e-22 0 1.36796e-21 0 3.72594e-21 0 9.19931e-21 0 2.10058e-20 0 4.41224e-20 0 8.8694e-20 0 1.67444e-19 0 2.98116e-19 0 5.23516e-19 0 8.71404e-19 0 1.4346e-18 0 2.24819e-18 0 3.4925e-18 0 5.18296e-18 0 7.63877e-18 0 1.11828e-17 0 1.59791e-17 0 2.23087e-17 0 3.04594e-17 0 4.21084e-17 0 5.60289e-17 0 7.54986e-17 0 9.80709e-17 0 1.2903e-16 0 1.66495e-16 0 2.1084e-16 0 2.70425e-16 0 3.40557e-16 0 4.21339e-16 0 5.27954e-16 0 6.50188e-16 0
50 6.50483e-05 2.02557e-05 4.47926e-05 0.688605 0.572753 4.27201e-37 0 1.07757e-32 0 1.2449e-28 0 2.01801e-26 0 6.24497e-25 0 8.20337e-24 0 6.24115e-23 0 3.3836e-22 0 1.39118e-21 0 4.73412e-21 0 1.39633e-20 0 3.62162e-20 0 8.55574e-20 0 1.87644e-19 0 3.80117e-19 0 7.38494e-19 0 1.3516e-18 0 2.33955e-18 0 3.99703e-18 0 6.48968e-18 0 1.04271e-17 0 1.5986e-17 0 2.43054e-17 0 3.53813e-17 0 5.11677e-17 0 7.35262e-17 0 1.03247e-16 0 1.41815e-16 0 1.90706e-16 0 2.59505e-16 0 3.40512e-16 0 4.52205e-16 0 5.7995e-16 0 7.52876e-16 0 9.59462e-16 0 1.20108e-15 0 1.52191e-15 0 1.89515e-15 0 2.32045e-15 0 2.87577e-15 0 3.50574e-15 0
52.5665 6.52508e-05 2.02849e-05 4.49658e-05 0.689123 0.561757 2.45717e-35 0 3.7786e-31 0 2.7648e-27 0 3.49591e-25 0 9.14934e-24 0 1.05985e-22 0 7.30278e-22 0 3.64552e-21 0 1.3989e-20 0 4.48409e-20 0 1.25455e-19 0 3.10594e-19 0 7.0359e-19 0 1.48506e-18 0 2.90642e-18 0 5.46645e-18 0 9.71383e-18 0 1.63697e-17 0 2.72451e-17 0 4.32013e-17 0 6.7824e-17 0 1.01836e-16 0 1.51697e-16 0 2.16814e-16 0 3.07954e-16 0 4.34755e-16 0 6.00455e-16 0 8.12074e-16 0 1.07636e-15 0 1.4428e-15 0 1.86824e-15 0 2.44693e-15 0 3.10027e-15 0 3.97374e-15 0 5.00452e-15 0 6.19649e-15 0 7.76143e-15 0 9.56191e-15 0 1.15926e-14 0 1.42172e-14 0 1.71648e-14 0
55.2648 6.56016e-05 2.03527e-05 4.52489e-05 0.689752 0.551092 1.14776e-33 0 1.10237e-29 0 5.22379e-26 0 5.21506e-24 0 1.16376e-22 0 1.19613e-21 0 7.50059e-21 0 3.46158e-20 0 1.2439e-19 0 3.76682e-19 0 1.00224e-18 0 2.37387e-18 0 5.16707e-18 0 1.05155e-17 0 1.99161e-17 0 3.6321e-17 0 6.27555e-17 0 1.03095e-16 0 1.67372e-16 0 2.59487e-16 0 3.98509e-16 0 5.86591e-16 0 8.56965e-16 0 1.20365e-15 0 1.68058e-15 0 2.33295e-15 0 3.17172e-15 0 4.22676e-15 0 5.52581e-15 0 7.30183e-15 0 9.33639e-15 0 1.20683e-14 0 1.51149e-14 0 1.914e-14 0 2.3835e-14 0 2.92057e-14 0 3.61817e-14 0 4.41234e-14 0 5.29933e-14 0 6.43466e-14 0 7.69763e-14 0
58.1015 6.60684e-05 2.04819e-05 4.55865e-05 0.689989 0.541928 4.40372e-32 0 2.70306e-28 0 8.47335e-25 0 6.75641e-23 0 1.29562e-21 0 1.18846e-20 0 6.81356e-20 0 2.91827e-19 0 9.8518e-19 0 2.82625e-18 0 7.169e-18 0 1.62801e-17 0 3.41156e-17 0 6.70612e-17 0 1.23113e-16 0 2.1803e-16 0 3.66789e-16 0 5.88132e-16 0 9.32493e-16 0 1.41508e-15 0 2.12817e-15 0 3.07402e-15 0 4.40856e-15 0 6.09018e-15 0 8.36586e-15 0 1.14289e-14 0 1.53066e-14 0 2.01143e-14 0 2.59543e-14 0 3.38327e-14 0 4.27436e-14 0 5.45627e-14 0 6.75901e-14 0 8.46084e-14 0 1.0424e-13 0 1.26467e-13 0 1.55045e-13 0 1.87253e-13 0 2.22894e-13 0 2.68094e-13 0 3.1792e-13 0
61.0839 6.64908e-05 2.06954e-05 4.57954e-05 0.688749 0.533721 1.40294e-30 0 5.62505e-27 0 1.19022e-23 0 7.66376e-22 0 1.27225e-20 0 1.04734e-19 0 5.51378e-19 0 2.19966e-18 0 6.99757e-18 0 1.90676e-17 0 4.62176e-17 0 1.00836e-16 0 2.03809e-16 0 3.87624e-16 0 6.90818e-16 0 1.18975e-15 0 1.95131e-15 0 3.05755e-15 0 4.73992e-15 0 7.04796e-15 0 1.03905e-14 0 1.47414e-14 0 2.07722e-14 0 2.82465e-14 0 3.82044e-14 0 5.14033e-14 0 6.78692e-14 0 8.80046e-14 0 1.12152e-13 0 1.44315e-13 0 1.80256e-13 0 2.27372e-13 0 2.7873e-13 0 3.45106e-13 0 4.20871e-13 0 5.05819e-13 0 6.1398e-13 0 7.34724e-13 0 8.67157e-13 0 1.03365e-12 0 1.21559e-12 0
64.2193 6.6685e-05 2.07598e-05 4.59252e-05 0.688688 0.52258 3.7036e-29 0 9.90364e-26 0 1.44189e-22 0 7.57587e-21 0 1.09646e-19 0 8.14341e-19 0 3.9532e-18 0 1.47407e-17 0 4.4317e-17 0 1.14991e-16 0 2.66932e-16 0 5.60618e-16 0 1.09485e-15 0 2.01795e-15 0 3.49632e-15 0 5.86377e-15 0 9.38763e-15 0 1.43906e-14 0 2.18364e-14 0 3.18465e-14 0 4.60684e-14 0 6.42525e-14 0 8.90354e-14 0 1.19269e-13 0 1.58954e-13 0 2.10794e-13 0 2.74566e-13 0 3.51537e-13 0 4.42721e-13 0 5.62716e-13 0 6.95268e-13 0 8.67113e-13 0 1.05246e-12 0 1.28957e-12 0 1.55751e-12 0 1.85515e-12 0 2.23064e-12 0 2.64602e-12 0 3.09779e-12 0 3.66102e-12 0 4.2715e-12 0
67.5157 6.67052e-05 2.07657e-05 4.59395e-05 0.688694 0.507602 8.20983e-28 0 1.4934e-24 0 1.52362e-21 0 6.59744e-20 0 8.38055e-19 0 5.64378e-18 0 2.53637e-17 0 8.86898e-17 0 2.52689e-16 0 6.25838e-16 0 1.39426e-15 0 2.82407e-15 0 5.33789e-15 0 9.54906e-15 0 1.61067e-14 0 2.63395e-14 0 4.12106e-14 0 6.18691e-14 0 9.19886e-14 0 1.31708e-13 0 1.87123e-13 0 2.56778e-13 0 3.50198e-13 0 4.62465e-13 0 6.07763e-13 0 7.9494e-13 0 1.02216e-12 0 1.29301e-12 0 1.61017e-12 0 2.02277e-12 0 2.47357e-12 0 3.05185e-12 0 3.66932e-12 0 4.4516e-12 0 5.32723e-12 0 6.29131e-12 0 7.49692e-12 0 8.81911e-12 0 1.02457e-11 0 1.20102e-11 0 1.39078e-11 0
70.9813 6.67744e-05 2.0744e-05 4.60304e-05 0.689342 0.489176 1.54334e-26 0 1.94601e-23 0 1.41563e-20 0 5.09973e-19 0 5.72199e-18 0 3.51078e-17 0 1.46616e-16 0 4.8228e-16 0 1.3056e-15 0 3.09354e-15 0 6.62753e-15 0 1.29693e-14 0 2.37637e-14 0 4.1321e-14 0 6.7941e-14 0 1.08469e-13 0 1.6604e-13 0 2.44379e-13 0 3.5638e-13 0 5.01397e-13 0 7.00242e-13 0 9.46173e-13 0 1.271e-12 0 1.65583e-12 0 2.14723e-12 0 2.77195e-12 0 3.52078e-12 0 4.4029e-12 0 5.42446e-12 0 6.73896e-12 0 8.16026e-12 0 9.96529e-12 0 1.18742e-11 0 1.42704e-11 0 1.69284e-11 0 1.98302e-11 0 2.34289e-11 0 2.73432e-11 0 3.15346e-11 0 3.66797e-11 0 4.2172e-11 0
74.6248 6.70365e-05 2.07118e-05 4.63247e-05 0.691037 0.469318 2.48218e-25 0 2.20867e-22 0 1.16468e-19 0 3.52214e-18 0 3.5119e-17 0 1.97211e-16 0 7.6807e-16 0 2.38381e-15 0 6.14704e-15 0 1.39643e-14 0 2.88243e-14 0 5.45871e-14 0 9.71057e-14 0 1.64351e-13 0 2.63748e-13 0 4.11568e-13 0 6.17053e-13 0 8.91205e-13 0 1.27593e-12 0 1.76545e-12 0 2.42572e-12 0 3.22984e-12 0 4.2766e-12 0 5.49996e-12 0 7.04224e-12 0 8.97848e-12 0 1.12716e-11 0 1.39426e-11 0 1.70035e-11 0 2.09013e-11 0 2.50742e-11 0 3.03233e-11 0 3.58241e-11 0 4.26688e-11 0 5.01956e-11 0 5.83476e-11 0 6.83773e-11 0 7.92015e-11 0 9.07084e-11 0 1.04732e-10 0 1.19597e-10 0
78.4553 6.75771e-05 2.07752e-05 4.68019e-05 0.692571 0.451272 3.45911e-24 0 2.20935e-21 0 8.57905e-19 0 2.19659e-17 0 1.95759e-16 0 1.01047e-15 0 3.68268e-15 0 1.08148e-14 0 2.66274e-14 0 5.81142e-14 0 1.15786e-13 0 2.12543e-13 0 3.6761e-13 0 6.06398e-13 0 9.50921e-13 0 1.45199e-12 0 2.1343e-12 0 3.02772e-12 0 4.25948e-12 0 5.80096e-12 0 7.84779e-12 0 1.03042e-11 0 1.3458e-11 0 1.70965e-11 0 2.16281e-11 0 2.72496e-11 0 3.38314e-11 0 4.14162e-11 0 5.00213e-11 0 6.08715e-11 0 7.23782e-11 0 8.67214e-11 0 1.01622e-10 0 1.2001e-10 0 1.40065e-10 0 1.6162e-10 0 1.8794e-10 0 2.16135e-10 0 2.45903e-10 0 2.81935e-10 0 3.1987e-10 0
82.4824 6.82341e-05 2.09565e-05 4.72775e-05 0.692873 0.436398 4.21154e-23 0 1.96234e-20 0 5.69555e-18 0 1.24476e-16 0 9.96961e-16 0 4.74983e-15 0 1.62516e-14 0 4.52803e-14 0 1.06687e-13 0 2.24139e-13 0 4.31792e-13 0 7.69459e-13 0 1.29572e-12 0 2.08577e-12 0 3.19974e-12 0 4.78583e-12 0 6.90372e-12 0 9.62784e-12 0 1.33208e-11 0 1.787e-11 0 2.38213e-11 0 3.08645e-11 0 3.9789e-11 0 4.99592e-11 0 6.24799e-11 0 7.78364e-11 0 9.56215e-11 0 1.15909e-10 0 1.38707e-10 0 1.67184e-10 0 1.97114e-10 0 2.341e-10 0 2.7221e-10 0 3.18863e-10 0 3.69351e-10 0 4.23224e-10 0 4.88536e-10 0 5.58005e-10 0 6.30869e-10 0 7.18498e-10 0 8.10166e-10 0
86.7162 6.87863e-05 2.12492e-05 4.75371e-05 0.691084 0.424082 4.50863e-22 0 1.55632e-19 0 3.42467e-17 0 6.43825e-16 0 4.65846e-15 0 2.05655e-14 0 6.62637e-14 0 1.75615e-13 0 3.96819e-13 0 8.04e-13 0 1.50006e-12 0 2.59878e-12 0 4.26623e-12 0 6.70976e-12 0 1.00805e-11 0 1.47838e-11 0 2.09481e-11 0 2.87433e-11 0 3.91431e-11 0 5.1763e-11 0 6.80399e-11 0 8.70495e-11 0 1.10837e-10 0 1.37629e-10 0 1.70252e-10 0 2.09834e-10 0 2.55202e-10 0 3.06454e-10 0 3.6353e-10 0 4.34188e-10 0 5.07818e-10 0 5.98062e-10 0 6.90319e-10 0 8.0241e-10 0 9.22815e-10 0 1.05041e-09 0 1.20404e-09 0 1.36636e-09 0 1.53555e-09 0 1.73777e-09 0 1.94802e-09 0
91.1674 6.90159e-05 2.14336e-05 4.75823e-05 0.68944 0.410716 4.22764e-21 0 1.09707e-18 0 1.85517e-16 0 3.0222e-15 0 1.98534e-14 0 8.15165e-14 0 2.48069e-13 0 6.26889e-13 0 1.36125e-12 0 2.66458e-12 0 4.82234e-12 0 8.13329e-12 0 1.30326e-11 0 2.00489e-11 0 2.95279e-11 0 4.25031e-11 0 5.92089e-11 0 7.99966e-11 0 1.0731e-10 0 1.39985e-10 0 1.81563e-10 0 2.29512e-10 0 2.88803e-10 0 3.54843e-10 0 4.34419e-10 0 5.29979e-10 0 6.38436e-10 0 7.59832e-10 0 8.93863e-10 0 1.05838e-09 0 1.22843e-09 0 1.43523e-09 0 1.64506e-09 0 1.89819e-09 0 2.16816e-09 0 2.45239e-09 0 2.79241e-09 0 3.14934e-09 0 3.5192e-09 0 3.95866e-09 0 4.41295e-09 0
95.847 6.88722e-05 2.15823e-05 4.72899e-05 0.686633 0.393852 3.50604e-20 0 6.93564e-18 0 9.12951e-16 0 1.29782e-14 0 7.77701e-14 0 2.9804e-13 0 8.59019e-13 0 2.07474e-12 0 4.33779e-12 0 8.21711e-12 0 1.44468e-11 0 2.37517e-11 0 3.7193e-11 0 5.60258e-11 0 8.09696e-11 0 1.14495e-10 0 1.56936e-10 0 2.08943e-10 0 2.76293e-10 0 3.55772e-10 0 4.55621e-10 0 5.69394e-10 0 7.08494e-10 0 8.61796e-10 0 1.04469e-09 0 1.26218e-09 0 1.50672e-09 0 1.77804e-09 0 2.07515e-09 0 2.4369e-09 0 2.80794e-09 0 3.25581e-09 0 3.70704e-09 0 4.24765e-09 0 4.82039e-09 0 5.41961e-09 0 6.13202e-09 0 6.87534e-09 0 7.64123e-09 0 8.5462e-09 0 9.47655e-09 0
100.767 6.83835e-05 2.15453e-05 4.68381e-05 0.684933 0.369476 2.56906e-19 0 3.92582e-17 0 4.07208e-15 0 5.08512e-14 0 2.79211e-13 0 1.00209e-12 0 2.74278e-12 0 6.34532e-12 0 1.27973e-11 0 2.34976e-11 0 4.01893e-11 0 6.44901e-11 0 9.87984e-11 0 1.45878e-10 0 2.07069e-10 0 2.87894e-10 0 3.88583e-10 0 5.10175e-10 0 6.65483e-10 0 8.46406e-10 0 1.07094e-09 0 1.32388e-09 0 1.62981e-09 0 1.96359e-09 0 2.35805e-09 0 2.82278e-09 0 3.34066e-09 0 3.91049e-09 0 4.52963e-09 0 5.27769e-09 0 6.03933e-09 0 6.95219e-09 0 7.8657e-09 0 8.95308e-09 0 1.00977e-08 0 1.12882e-08 0 1.26953e-08 0 1.41549e-08 0 1.56508e-08 0 1.7409e-08 0 1.9207e-08 0
105.939 6.77624e-05 2.13574e-05 4.6405e-05 0.684819 0.335916 1.67533e-18 0 2.0027e-16 0 1.65607e-14 0 1.82822e-13 0 9.23736e-13 0 3.11477e-12 0 8.11632e-12 0 1.80234e-11 0 3.5126e-11 0 6.26106e-11 0 1.04317e-10 0 1.63572e-10 0 2.45426e-10 0 3.55548e-10 0 4.9613e-10 0 6.78774e-10 0 9.02854e-10 0 1.16972e-09 0 1.50613e-09 0 1.89324e-09 0 2.36811e-09 0 2.89727e-09 0 3.53077e-09 0 4.21535e-09 0 5.0171e-09 0 5.95337e-09 0 6.98791e-09 0 8.11719e-09 0 9.33515e-09 0 1.0796e-08 0 1.22729e-08 0 1.40312e-08 0 1.57795e-08 0 1.78478e-08 0 2.00117e-08 0 2.22496e-08 0 2.48799e-08 0 2.75934e-08 0 3.03602e-08 0 3.35957e-08 0 3.6888e-08 0
111.377 6.73642e-05 2.11878e-05 4.61765e-05 0.685475 0.294695 9.85164e-18 0 9.32379e-16 0 6.21492e-14 0 6.1019e-13 0 2.84863e-12 0 9.05194e-12 0 2.25096e-11 0 4.80761e-11 0 9.06926e-11 0 1.57157e-10 0 2.55398e-10 0 3.91772e-10 0 5.76291e-10 0 8.19898e-10 0 1.12562e-09 0 1.51662e-09 0 1.98939e-09 0 2.54502e-09 0 3.23678e-09 0 4.02352e-09 0 4.97803e-09 0 6.0307e-09 0 7.27872e-09 0 8.61513e-09 0 1.01669e-08 0 1.19639e-08 0 1.39334e-08 0 1.60672e-08 0 1.83523e-08 0 2.10741e-08 0 2.38076e-08 0 2.70411e-08 0 3.02366e-08 0 3.39947e-08 0 3.7904e-08 0 4.19253e-08 0 4.66265e-08 0 5.14511e-08 0 5.63466e-08 0 6.2044e-08 0 6.7814e-08 0
117.094 6.73379e-05 2.10365e-05 4.63014e-05 0.687598 0.24788 5.2509e-17 0 3.97958e-15 0 2.16089e-13 0 1.8977e-12 0 8.21725e-12 0 2.46784e-11 0 5.86984e-11 0 1.20809e-10 0 2.20944e-10 0 3.72725e-10 0 5.91526e-10 0 8.88624e-10 0 1.28275e-09 0 1.79385e-09 0 2.42493e-09 0 3.22003e-09 0 4.16821e-09 0 5.26864e-09 0 6.62251e-09 0 8.14519e-09 0 9.97331e-09 0 1.19697e-08 0 1.43146e-08 0 1.6804e-08 0 1.96711e-08 0 2.29646e-08 0 2.6547e-08 0 3.04002e-08 0 3.44991e-08 0 3.93489e-08 0 4.4189e-08 0 4.98795e-08 0 5.54705e-08 0 6.20092e-08 0 6.87737e-08 0 7.56963e-08 0 8.37486e-08 0 9.19712e-08 0 1.00276e-07 0 1.09897e-07 0 1.19597e-07 0
123.105 6.77824e-05 2.1006e-05 4.67764e-05 0.690096 0.199324 2.56149e-16 0 1.57155e-14 0 7.02139e-13 0 5.54559e-12 0 2.23548e-11 0 6.36273e-11 0 1.45071e-10 0 2.88235e-10 0 5.11835e-10 0 8.41682e-10 0 1.30599e-09 0 1.92334e-09 0 2.72707e-09 0 3.7517e-09 0 4.99746e-09 0 6.54482e-09 0 8.36594e-09 0 1.04543e-08 0 1.29948e-08 0 1.5822e-08 0 1.91825e-08 0 2.28181e-08 0 2.70511e-08 0 3.15077e-08 0 3.6601e-08 0 4.24073e-08 0 4.86769e-08 0 5.53745e-08 0 6.24538e-08 0 7.07775e-08 0 7.90345e-08 0 8.86864e-08 0 9.8117e-08 0 1.09088e-07 0 1.20378e-07 0 1.31876e-07 0 1.45186e-07 0 1.58713e-07 0 1.72316e-07 0 1.88006e-07 0 2.03757e-07 0
129.424 6.86796e-05 2.11648e-05 4.75149e-05 0.691834 0.152534 1.15271e-15 0 5.78446e-14 0 2.14681e-12 0 1.53284e-11 0 5.77247e-11 0 1.56119e-10 0 3.41912e-10 0 6.56937e-10 0 1.13431e-09 0 1.82055e-09 0 2.7649e-09 0 3.99564e-09 0 5.5696e-09 0 7.54382e-09 0 9.90907e-09 0 1.28074e-08 0 1.61761e-08 0 1.99954e-08 0 2.45918e-08 0 2.96557e-08 0 3.56179e-08 0 4.20109e-08 0 4.93923e-08 0 5.71029e-08 0 6.58501e-08 0 7.57499e-08 0 8.63655e-08 0 9.76323e-08 0 1.09469e-07 0 1.23303e-07 0 1.36948e-07 0 1.52811e-07 0 1.68228e-07 0 1.86073e-07 0 2.04345e-07 0 2.22869e-07 0 2.44213e-07 0 2.65808e-07 0 2.87434e-07 0 3.12275e-07 0 3.3711e-07 0
136.067 6.98239e-05 2.14503e-05 4.83736e-05 0.692794 0.108942 4.79123e-15 0 1.98593e-13 0 6.17825e-12 0 4.00763e-11 0 1.41461e-10 0 3.64445e-10 0 7.68193e-10 0 1.42966e-09 0 2.40358e-09 0 3.76962e-09 0 5.60937e-09 0 7.96184e-09 0 1.09197e-08 0 1.45728e-08 0 1.88887e-08 0 2.41096e-08 0 3.01058e-08 0 3.68309e-08 0 4.48422e-08 0 5.35837e-08 0 6.37836e-08 0 7.46281e-08 0 8.70497e-08 0 9.99288e-08 0 1.14437e-07 0 1.30744e-07 0 1.48115e-07 0 1.66438e-07 0 1.85578e-07 0 2.07819e-07 0 2.29637e-07 0 2.54868e-07 0 2.79268e-07 0 3.07374e-07 0 3.36018e-07 0 3.64928e-07 0 3.98097e-07 0 4.31511e-07 0 4.64839e-07 0 5.02972e-07 0 5.40948e-07 0
143.051 7.10194e-05 2.18486e-05 4.91708e-05 0.692357 0.0696119 1.84552e-14 0 6.37768e-13 0 1.67754e-11 0 9.93231e-11 0 3.29651e-10 0 8.10933e-10 0 1.64821e-09 0 2.97579e-09 0 4.87768e-09 0 7.48358e-09 0 1.09219e-08 0 1.52395e-08 0 2.05811e-08 0 2.70822e-08 0 3.46611e-08 0 4.37175e-08 0 5.40016e-08 0 6.54173e-08 0 7.88849e-08 0 9.34467e-08 0 1.10292e-07 0 1.28059e-07 0 1.48255e-07 0 1.69047e-07 0 1.92313e-07 0 2.18293e-07 0 2.45794e-07 0 2.74633e-07 0 3.0459e-07 0 3.39216e-07 0 3.73006e-07 0 4.11887e-07 0 4.4931e-07 0 4.92219e-07 0 5.35754e-07 0 5.79508e-07 0 6.29501e-07 0 6.79657e-07 0 7.29497e-07 0 7.86308e-07 0 8.42677e-07 0
150.394 7.20073e-05 2.23118e-05 4.96956e-05 0.690146 0.0346363 6.59776e-14 0 1.91788e-12 0 4.30034e-11 0 2.33436e-10 0 7.30694e-10 0 1.7202e-09 0 3.37728e-09 0 5.92421e-09 0 9.479e-09 0 1.42424e-08 0 2.04059e-08 0 2.80134e-08 0 3.72813e-08 0 4.84044e-08 0 6.12085e-08 0 7.63314e-08 0 9.33199e-08 0 1.11994e-07 0 1.33822e-07 0 1.57219e-07 0 1.84065e-07 0 2.12162e-07 0 2.43873e-07 0 2.76298e-07 0 3.12352e-07 0 3.52362e-07 0 3.94462e-07 0 4.38363e-07 0 4.83729e-07 0 5.35894e-07 0 5.8655e-07 0 6.44563e-07 0 7.00147e-07 0 7.63604e-07 0 8.27709e-07 0 8.91883e-07 0 9.64917e-07 0 1.03791e-06 0 1.11017e-06 0 1.19226e-06 0 1.27342e-06 0
158.114 7.24953e-05 2.27649e-05 4.97304e-05 0.685981 0.0035162 2.18989e-13 0 5.40005e-12 0 1.04024e-10 0 5.19911e-10 0 1.53922e-09 0 3.47527e-09 0 6.60194e-09 0 1.12673e-08 0 1.76191e-08 0 2.5952e-08 0 3.65358e-08 0 4.93867e-08 0 6.4815e-08 0 8.3087e-08 0 1.03868e-07 0 1.28142e-07 0 1.55133e-07 0 1.84525e-07 0 2.18581e-07 0 2.54784e-07 0 2.96004e-07 0 3.3883e-07 0 3.86833e-07 0 4.35603e-07 0 4.89506e-07 0 5.48967e-07 0 6.1118e-07 0 6.75709e-07 0 7.42063e-07 0 8.17986e-07 0 8.91368e-07 0 9.75028e-07 0 1.05484e-06 0 1.14558e-06 0 1.23688e-06 0 1.32792e-06 0 1.43116e-06 0 1.53394e-06 0 1.63536e-06 0 1.75017e-06 0 1.86331e-06 0
166.23 7.22363e-05 2.31476e-05 4.90887e-05 0.679557 -0.0241949 6.75513e-13 0 1.42445e-11 0 2.37496e-10 0 1.09732e-09 0 3.081e-09 0 6.68517e-09 0 1.2308e-08 0 2.04645e-08 0 3.13103e-08 0 4.52547e-08 0 6.26553e-08 0 8.34562e-08 0 1.08084e-07 0 1.36884e-07 0 1.69265e-07 0 2.06692e-07 0 2.47903e-07 0 2.92385e-07 0 3.43495e-07 0 3.97404e-07 0 4.58328e-07 0 5.2119e-07 0 5.91192e-07 0 6.61879e-07 0 7.39556e-07 0 8.24764e-07 0 9.13432e-07 0 1.00494e-06 0 1.09858e-06 0 1.20524e-06 0 1.30786e-06 0 1.42436e-06 0 1.53505e-06 0 1.6604e-06 0 1.78602e-06 0 1.91085e-06 0 2.05189e-06 0 2.19182e-06 0 2.32945e-06 0 2.48474e-06 0 2.63729e-06 0
174.763 7.10696e-05 2.34503e-05 4.76192e-05 0.670037 -0.0486817 1.94274e-12 0 3.53007e-11 0 5.13014e-10 0 2.19966e-09 0 5.87248e-09 0 1.22692e-08 0 2.19255e-08 0 3.55617e-08 0 5.32906e-08 0 7.56512e-08 0 1.03089e-07 0 1.35405e-07 0 1.73162e-07 0 2.16788e-07 0 2.65307e-07 0 3.20826e-07 0 3.81393e-07 0 4.46217e-07 0 5.2011e-07 0 5.9747e-07 0 6.84284e-07 0 7.73269e-07 0 8.71748e-07 0 9.70613e-07 0 1.07866e-06 0 1.19655e-06 0 1.3186e-06 0 1.44395e-06 0 1.57166e-06 0 1.71646e-06 0 1.8552e-06 0 2.01205e-06 0 2.1605e-06 0 2.32798e-06 0 2.49521e-06 0 2.66082e-06 0 2.84729e-06 0 3.03169e-06 0 3.21249e-06 0 3.41588e-06 0 3.61506e-06 0
183.733 6.8951e-05 2.35559e-05 4.53951e-05 0.658368 -0.0704124 5.20076e-12 0 8.20256e-11 0 1.04603e-09 0 4.17737e-09 0 1.06304e-08 0 2.14249e-08 0 3.72172e-08 0 5.8955e-08 0 8.66188e-08 0 1.20878e-07 0 1.62249e-07 0 2.10292e-07 0 2.65721e-07 0 3.29037e-07 0 3.98728e-07 0 4.77714e-07 0 5.63124e-07 0 6.53807e-07 0 7.56397e-07 0 8.63039e-07 0 9.81915e-07 0 1.103e-06 0 1.23622e-06 0 1.36922e-06 0 1.51382e-06 0 1.67079e-06 0 1.8325e-06 0 1.99782e-06 0 2.16554e-06 0 2.3549e-06 0 2.5356e-06 0 2.73911e-06 0 2.931e-06 0 3.14672e-06 0 3.36136e-06 0 3.57324e-06 0 3.81103e-06 0 4.04543e-06 0 4.27458e-06 0 4.53161e-06 0 4.7826e-06 0
193.164 6.57076e-05 2.32929e-05 4.24148e-05 0.645507 -0.0909319 1.29064e-11 0 1.7791e-10 0 2.00362e-09 0 7.47848e-09 0 1.81825e-08 0 3.54131e-08 0 5.98796e-08 0 9.27475e-08 0 1.33732e-07 0 1.83614e-07 0 2.4294e-07 0 3.10914e-07 0 3.88402e-07 0 4.75958e-07 0 5.71383e-07 0 6.78558e-07 0 7.93479e-07 0 9.14566e-07 0 1.05057e-06 0 1.19099e-06 0 1.34653e-06 0 1.50402e-06 0 1.67631e-06 0 1.84742e-06 0 2.03254e-06 0 2.23252e-06 0 2.43758e-06 0 2.64631e-06 0 2.8572e-06 0 3.09435e-06 0 3.3198e-06 0 3.57276e-06 0 3.81043e-06 0 4.07672e-06 0 4.3408e-06 0 4.60066e-06 0 4.89142e-06 0 5.17717e-06 0 5.45574e-06 0 5.76734e-06 0 6.07078e-06 0
203.079 6.16793e-05 2.29124e-05 3.87669e-05 0.628524 -0.109003 3.00916e-11 0 3.64932e-10 0 3.65161e-09 0 1.27807e-08 0 2.97547e-08 0 5.60959e-08 0 9.24504e-08 0 1.4017e-07 0 1.98531e-07 0 2.68397e-07 0 3.50295e-07 0 4.42939e-07 0 5.47354e-07 0 6.64118e-07 0 7.90186e-07 0 9.3056e-07 0 1.07988e-06 0 1.23607e-06 0 1.41031e-06 0 1.58905e-06 0 1.78585e-06 0 1.98398e-06 0 2.19957e-06 0 2.41262e-06 0 2.64203e-06 0 2.88871e-06 0 3.14055e-06 0 3.39583e-06 0 3.65275e-06 0 3.94058e-06 0 4.21319e-06 0 4.518e-06 0 4.80344e-06 0 5.12221e-06 0 5.43733e-06 0 5.74651e-06 0 6.09145e-06 0 6.42946e-06 0 6.75811e-06 0 7.12475e-06 0 7.48087e-06 0
213.503 5.70312e-05 2.22924e-05 3.47388e-05 0.609119 -0.12543 6.57235e-11 0 7.05624e-10 0 6.30969e-09 0 2.07737e-08 0 4.64085e-08 0 8.48259e-08 0 1.36431e-07 0 2.02691e-07 0 2.82246e-07 0 3.75995e-07 0 4.84387e-07 0 6.05519e-07 0 7.40566e-07 0 8.90105e-07 0 1.05012e-06 0 1.22684e-06 0 1.4134e-06 0 1.6072e-06 0 1.82198e-06 0 2.04098e-06 0 2.28071e-06 0 2.52076e-06 0 2.78065e-06 0 3.03625e-06 0 3.31026e-06 0 3.6036e-06 0 3.90181e-06 0 4.20291e-06 0 4.50483e-06 0 4.84185e-06 0 5.15994e-06 0 5.51442e-06 0 5.84531e-06 0 6.21371e-06 0 6.5768e-06 0 6.93205e-06 0 7.32728e-06 0 7.71352e-06 0 8.08811e-06 0 8.50496e-06 0 8.90885e-06 0
224.463 5.20747e-05 2.15278e-05 3.05469e-05 0.586598 -0.140033 1.353e-10 0 1.29366e-09 0 1.03945e-08 0 3.2288e-08 0 6.93556e-08 0 1.2309e-07 0 1.93434e-07 0 2.81877e-07 0 3.86218e-07 0 5.0735e-07 0 6.45576e-07 0 7.9827e-07 0 9.66759e-07 0 1.15159e-06 0 1.34769e-06 0 1.56258e-06 0 1.78779e-06 0 2.02022e-06 0 2.27622e-06 0 2.53573e-06 0 2.81826e-06 0 3.09971e-06 0 3.40296e-06 0 3.69985e-06 0 4.01678e-06 0 4.35465e-06 0 4.69675e-06 0 5.04089e-06 0 5.38475e-06 0 5.76726e-06 0 6.12711e-06 0 6.52685e-06 0 6.89885e-06 0 7.31183e-06 0 7.71768e-06 0 8.11371e-06 0 8.55315e-06 0 8.9815e-06 0 9.39592e-06 0 9.85599e-06 0 1.03007e-05 0
235.984 4.70301e-05 2.06268e-05 2.64032e-05 0.561411 -0.153299 2.63094e-10 0 2.253e-09 0 1.63515e-08 0 4.80578e-08 0 9.94472e-08 0 1.71621e-07 0 2.63812e-07 0 3.77433e-07 0 5.09256e-07 0 6.60126e-07 0 8.30154e-07 0 1.01592e-06 0 1.2189e-06 0 1.43959e-06 0 1.67186e-06 0 1.92449e-06 0 2.18745e-06 0 2.45713e-06 0 2.75243e-06 0 3.05012e-06 0 3.37253e-06 0 3.69215e-06 0 4.03495e-06 0 4.36911e-06 0 4.72439e-06 0 5.10164e-06 0 5.48217e-06 0 5.8636e-06 0 6.24347e-06 0 6.66464e-06 0 7.05961e-06 0 7.49705e-06 0 7.90297e-06 0 8.35235e-06 0 8.79278e-06 0 9.22146e-06 0 9.69594e-06 0 1.01573e-05 0 1.06026e-05 0 1.10959e-05 0 1.15717e-05 0
248.097 4.21321e-05 1.96415e-05 2.24907e-05 0.533813 -0.165167 4.85193e-10 0 3.74135e-09 0 2.46489e-08 0 6.87299e-08 0 1.37263e-07 0 2.30656e-07 0 3.47194e-07 0 4.88116e-07 0 6.49037e-07 0 8.30729e-07 0 1.03308e-06 0 1.25186e-06 0 1.48868e-06 0 1.74399e-06 0 2.01065e-06 0 2.29864e-06 0 2.59644e-06 0 2.90005e-06 0 3.23065e-06 0 3.56217e-06 0 3.91945e-06 0 4.272e-06 0 4.64846e-06 0 5.01395e-06 0 5.40104e-06 0 5.81052e-06 0 6.22207e-06 0 6.6332e-06 0 7.04135e-06 0 7.49247e-06 0 7.91427e-06 0 8.38009e-06 0 8.81115e-06 0 9.28713e-06 0 9.75241e-06 0 1.02042e-05 0 1.07031e-05 0 1.1187e-05 0 1.16531e-05 0 1.21683e-05 0 1.26642e-05 0
260.832 3.76109e-05 1.87017e-05 1.89092e-05 0.502759 -0.175749 8.55784e-10 0 5.97263e-09 0 3.58889e-08 0 9.51841e-08 0 1.83784e-07 0 3.01101e-07 0 4.44273e-07 0 6.14299e-07 0 8.05537e-07 0 1.01869e-06 0 1.25342e-06 0 1.50469e-06 0 1.77429e-06 0 2.06259e-06 0 2.36152e-06 0 2.68218e-06 0 3.01173e-06 0 3.34582e-06 0 3.70766e-06 0 4.06871e-06 0 4.45598e-06 0 4.83645e-06 0 5.24103e-06 0 5.6323e-06 0 6.04518e-06 0 6.48039e-06 0 6.9163e-06 0 7.35035e-06 0 7.77997e-06 0 8.25343e-06 0 8.69485e-06 0 9.18102e-06 0 9.62974e-06 0 1.0124e-05 0 1.06059e-05 0 1.10728e-05 0 1.15873e-05 0 1.20851e-05 0 1.25637e-05 0 1.30916e-05 0 1.35987e-05 0
274.221 3.35226e-05 1.77741e-05 1.57485e-05 0.469788 -0.18485 1.44422e-09 0 9.1672e-09 0 5.0467e-08 0 1.27624e-07 0 2.38629e-07 0 3.81648e-07 0 5.52529e-07 0 7.51996e-07 0 9.73144e-07 0 1.21664e-06 0 1.48191e-06 0 1.7632e-06 0 2.06246e-06 0 2.38005e-06 0 2.70705e-06 0 3.05562e-06 0 3.41172e-06 0 3.77079e-06 0 4.15773e-06 0 4.542e-06 0 4.95234e-06 0 5.35378e-06 0 5.77899e-06 0 6.18869e-06 0 6.61952e-06 0 7.07211e-06 0 7.52394e-06 0 7.97248e-06 0 8.41519e-06 0 8.90168e-06 0 9.35405e-06 0 9.85099e-06 0 1.03085e-05 0 1.08113e-05 0 1.13004e-05 0 1.17732e-05 0 1.2293e-05 0 1.2795e-05 0 1.32767e-05 0 1.38069e-05 0 1.43152e-05 0
288.297 2.99066e-05 1.68861e-05 1.30205e-05 0.435373 -0.192867 2.34021e-09 0 1.35729e-08 0 6.87506e-08 0 1.66161e-07 0 3.01339e-07 0 4.71021e-07 0 6.69715e-07 0 8.97881e-07 0 1.14741e-06 0 1.41896e-06 0 1.7118e-06 0 2.01954e-06 0 2.34433e-06 0 2.6865e-06 0 3.0365e-06 0 3.40731e-06 0 3.78403e-06 0 4.16195e-06 0 4.56726e-06 0 4.96796e-06 0 5.39403e-06 0 5.8092e-06 0 6.24731e-06 0 6.66796e-06 0 7.10885e-06 0 7.57052e-06 0 8.03e-06 0 8.4848e-06 0 8.93248e-06 0 9.42312e-06 0 9.87819e-06 0 1.03769e-05 0 1.08349e-05 0 1.13371e-05 0 1.18246e-05 0 1.22949e-05 0 1.28109e-05 0 1.33082e-05 0 1.37845e-05 0 1.43078e-05 0 1.48086e-05 0
303.095 2.67678e-05 1.60597e-05 1.07081e-05 0.400036 -0.199999 3.65357e-09 0 1.94474e-08 0 9.10053e-08 0 2.10674e-07 0 3.71123e-07 0 5.67591e-07 0 7.93282e-07 0 1.04844e-06 0 1.32389e-06 0 1.62034e-06 0 1.93694e-06 0 2.26681e-06 0 2.61232e-06 0 2.97381e-06 0 3.34126e-06 0 3.72832e-06 0 4.11945e-06 0 4.50994e-06 0 4.92681e-06 0 5.33719e-06 0 5.7718e-06 0 6.19368e-06 0 6.63731e-06 0 7.06184e-06 0 7.50541e-06 0 7.96846e-06 0 8.42796e-06 0 8.88154e-06 0 9.32687e-06 0 9.81371e-06 0 1.02642e-05 0 1.07566e-05 0 1.1208e-05 0 1.17018e-05 0 1.21801e-05 0 1.26406e-05 0 1.3145e-05 0 1.36302e-05 0 1.4094e-05 0 1.46027e-05 0 1.50888e-05 0
318.653 2.40437e-05 1.52629e-05 8.78073e-06 0.365199 -0.206452 5.49606e-09 0 2.69615e-08 0 1.17012e-07 0 2.60004e-07 0 4.4554e-07 0 6.67425e-07 0 9.17705e-07 0 1.19651e-06 0 1.49377e-06 0 1.81034e-06 0 2.14534e-06 0 2.49156e-06 0 2.85156e-06 0 3.22575e-06 0 3.60384e-06 0 3.99995e-06 0 4.3982e-06 0 4.79397e-06 0 5.21467e-06 0 5.62712e-06 0 6.06226e-06 0 6.48316e-06 0 6.92426e-06 0 7.34503e-06 0 7.78338e-06 0 8.23966e-06 0 8.69118e-06 0 9.13572e-06 0 9.57111e-06 0 1.0046e-05 0 1.04843e-05 0 1.09625e-05 0 1.13998e-05 0 1.18773e-05 0 1.23389e-05 0 1.27826e-05 0 1.32675e-05 0 1.37332e-05 0 1.41776e-05 0 1.46644e-05 0 1.51286e-05 0
335.009 2.16847e-05 1.45e-05 7.18472e-06 0.331326 -0.212834 7.98314e-09 0 3.62364e-08 0 1.4639e-07 0 3.12852e-07 0 5.22196e-07 0 7.66989e-07 0 1.03836e-06 0 1.33643e-06 0 1.65051e-06 0 1.98168e-06 0 2.32905e-06 0 2.6853e-06 0 3.0532e-06 0 3.43322e-06 0 3.81504e-06 0 4.21298e-06 0 4.61116e-06 0 5.00513e-06 0 5.4222e-06 0 5.82953e-06 0 6.25772e-06 0 6.67048e-06 0 7.10167e-06 0 7.51176e-06 0 7.9378e-06 0 8.38003e-06 0 8.8165e-06 0 9.24517e-06 0 9.66406e-06 0 1.01199e-05 0 1.05397e-05 0 1.09968e-05 0 1.14139e-05 0 1.18686e-05 0 1.23073e-05 0 1.27281e-05 0 1.31874e-05 0 1.36277e-05 0 1.40472e-05 0 1.45059e-05 0 1.49428e-05 0
352.205 1.97251e-05 1.38536e-05 5.87149e-06 0.297667 -0.218643 1.12836e-08 0 4.75715e-08 0 1.79521e-07 0 3.697e-07 0 6.01857e-07 0 8.67583e-07 0 1.15734e-06 0 1.47137e-06 0 1.7986e-06 0 2.14036e-06 0 2.49588e-06 0 2.85783e-06 0 3.22917e-06 0 3.61049e-06 0 3.99157e-06 0 4.38678e-06 0 4.78043e-06 0 5.16833e-06 0 5.57737e-06 0 5.9754e-06 0 6.39238e-06 0 6.79304e-06 0 7.21034e-06 0 7.6061e-06 0 8.01615e-06 0 8.44068e-06 0 8.85864e-06 0 9.26818e-06 0 9.66749e-06 0 1.01011e-05 0 1.04996e-05 0 1.09326e-05 0 1.13272e-05 0 1.17563e-05 0 1.21697e-05 0 1.25656e-05 0 1.29969e-05 0 1.34098e-05 0 1.38026e-05 0 1.42315e-05 0 1.46393e-05 0
370.284 1.80786e-05 1.32804e-05 4.79817e-06 0.265407 -0.224297 1.55086e-08 0 6.09485e-08 0 2.15567e-07 0 4.28563e-07 0 6.81305e-07 0 9.64768e-07 0 1.26905e-06 0 1.59467e-06 0 1.93039e-06 0 2.27787e-06 0 2.6365e-06 0 2.99908e-06 0 3.36879e-06 0 3.74629e-06 0 4.12166e-06 0 4.50913e-06 0 4.89341e-06 0 5.2706e-06 0 5.66688e-06 0 6.05117e-06 0 6.45245e-06 0 6.83686e-06 0 7.23608e-06 0 7.61368e-06 0 8.00395e-06 0 8.407e-06 0 8.80288e-06 0 9.18992e-06 0 9.56653e-06 0 9.97463e-06 0 1.0349e-05 0 1.07551e-05 0 1.11243e-05 0 1.15254e-05 0 1.1911e-05 0 1.22797e-05 0 1.26808e-05 0 1.30642e-05 0 1.34284e-05 0 1.38256e-05 0 1.42027e-05 0
389.291 1.68306e-05 1.29022e-05 3.92841e-06 0.233408 -0.229125 2.09677e-08 0 7.70775e-08 0 2.56318e-07 0 4.92789e-07 0 7.65917e-07 0 1.06638e-06 0 1.38414e-06 0 1.7201e-06 0 2.06302e-06 0 2.41492e-06 0 2.77541e-06 0 3.13748e-06 0 3.5045e-06 0 3.87729e-06 0 4.24618e-06 0 4.62529e-06 0 4.99976e-06 0 5.36594e-06 0 5.74934e-06 0 6.11992e-06 0 6.5057e-06 0 6.87419e-06 0 7.25586e-06 0 7.61595e-06 0 7.98723e-06 0 8.36979e-06 0 8.7447e-06 0 9.11048e-06 0 9.46572e-06 0 9.84992e-06 0 1.02018e-05 0 1.05827e-05 0 1.09285e-05 0 1.13034e-05 0 1.16634e-05 0 1.20072e-05 0 1.23806e-05 0 1.27369e-05 0 1.3075e-05 0 1.34432e-05 0 1.37924e-05 0
409.273 1.57375e-05 1.25184e-05 3.21903e-06 0.204545 -0.232232 2.75201e-08 0 9.49363e-08 0 2.97735e-07 0 5.54473e-07 0 8.43492e-07 0 1.15565e-06 0 1.48114e-06 0 1.82136e-06 0 2.16532e-06 0 2.51544e-06 0 2.87158e-06 0 3.22706e-06 0 3.58541e-06 0 3.94755e-06 0 4.30429e-06 0 4.66939e-06 0 5.02862e-06 0 5.37869e-06 0 5.744e-06 0 6.09602e-06 0 6.46141e-06 0 6.80949e-06 0 7.16909e-06 0 7.50756e-06 0 7.85577e-06 0 8.21377e-06 0 8.56388e-06 0 8.90479e-06 0 9.23527e-06 0 9.59206e-06 0 9.91823e-06 0 1.02708e-05 0 1.05903e-05 0 1.09363e-05 0 1.12679e-05 0 1.15842e-05 0 1.19273e-05 0 1.22542e-05 0 1.25641e-05 0 1.29011e-05 0 1.32203e-05 0
430.281 1.48341e-05 1.21981e-05 2.63597e-06 0.177697 -0.234733 3.53097e-08 0 1.14666e-07 0 3.40118e-07 0 6.14518e-07 0 9.15968e-07 0 1.23592e-06 0 1.5651e-06 0 1.90545e-06 0 2.24645e-06 0 2.5909e-06 0 2.93894e-06 0 3.28428e-06 0 3.63059e-06 0 3.97892e-06 0 4.32057e-06 0 4.66885e-06 0 5.01029e-06 0 5.34193e-06 0 5.68694e-06 0 6.01843e-06 0 6.36157e-06 0 6.68762e-06 0 7.02366e-06 0 7.33924e-06 0 7.66321e-06 0 7.99562e-06 0 8.32005e-06 0 8.63539e-06 0 8.94055e-06 0 9.26944e-06 0 9.56963e-06 0 9.89357e-06 0 1.01868e-05 0 1.05038e-05 0 1.08072e-05 0 1.10962e-05 0 1.14093e-05 0 1.17073e-05 0 1.19894e-05 0 1.22959e-05 0 1.25859e-05 0
452.368 1.40906e-05 1.19337e-05 2.15693e-06 0.153075 -0.236003 4.43347e-08 0 1.35934e-07 0 3.82399e-07 0 6.71321e-07 0 9.81445e-07 0 1.3052e-06 0 1.63408e-06 0 1.97064e-06 0 2.30498e-06 0 2.64025e-06 0 2.97688e-06 0 3.30904e-06 0 3.64049e-06 0 3.97237e-06 0 4.29658e-06 0 4.62586e-06 0 4.94757e-06 0 5.25906e-06 0 5.58218e-06 0 5.89178e-06 0 6.21144e-06 0 6.51446e-06 0 6.82604e-06 0 7.11804e-06 0 7.41722e-06 0 7.72359e-06 0 8.02207e-06 0 8.31167e-06 0 8.59146e-06 0 8.89254e-06 0 9.16693e-06 0 9.4626e-06 0 9.72986e-06 0 1.00184e-05 0 1.02943e-05 0 1.05567e-05 0 1.08406e-05 0 1.11105e-05 0 1.13658e-05 0 1.16428e-05 0 1.19046e-05 0
475.588 1.35192e-05 1.17544e-05 1.76486e-06 0.130544 -0.236143 5.46941e-08 0 1.5878e-07 0 4.24735e-07 0 7.25549e-07 0 1.0414e-06 0 1.36599e-06 0 1.69178e-06 0 2.02196e-06 0 2.34731e-06 0 2.67134e-06 0 2.99473e-06 0 3.31217e-06 0 3.62744e-06 0 3.9418e-06 0 4.24772e-06 0 4.55734e-06 0 4.85886e-06 0 5.14996e-06 0 5.4511e-06 0 5.73889e-06 0 6.03532e-06 0 6.31568e-06 0 6.60336e-06 0 6.87242e-06 0 7.14759e-06 0 7.42886e-06 0 7.7024e-06 0 7.96738e-06 0 8.223e-06 0 8.49766e-06 0 8.74762e-06 0 9.01659e-06 0 9.2594e-06 0 9.52122e-06 0 9.77122e-06 0 1.00088e-05 0 1.02655e-05 0 1.05093e-05 0 1.07397e-05 0 1.09893e-05 0 1.12251e-05 0
500 1.31322e-05 1.16876e-05 1.44465e-06 0.110008 -0.234308 6.6553e-08 0 1.83427e-07 0 4.67744e-07 0 7.78556e-07 0 1.09815e-06 0 1.42175e-06 0 1.74286e-06 0 2.06531e-06 0 2.38063e-06 0 2.69265e-06 0 3.00231e-06 0 3.30476e-06 0 3.60383e-06 0 3.90085e-06 0 4.18886e-06 0 4.47939e-06 0 4.76147e-06 0 5.03306e-06 0 5.31327e-06 0 5.58044e-06 0 5.85499e-06 0 6.11411e-06 0 6.37947e-06 0 6.6272e-06 0 6.8801e-06 0 7.13818e-06 0 7.38875e-06 0 7.63112e-06 0 7.86459e-06 0 8.1151e-06 0 8.34278e-06 0 8.58747e-06 0 8.80809e-06 0 9.0457e-06 0 9.27233e-06 0 9.48744e-06 0 9.71968e-06 0 9.94003e-06 0 1.0148e-05 0 1.03732e-05 0 1.05856e-05 0
525.665 1.29106e-05 1.1728e-05 1.18258e-06 0.0915978 -0.229162 7.99451e-08 0 2.09722e-07 0 5.11037e-07 0 8.29926e-07 0 1.15139e-06 0 1.47234e-06 0 1.7874e-06 0 2.10106e-06 0 2.40558e-06 0 2.70508e-06 0 3.00073e-06 0 3.28816e-06 0 3.57121e-06 0 3.85126e-06 0 4.12191e-06 0 4.39409e-06 0 4.6576e-06 0 4.91064e-06 0 5.17111e-06 0 5.41888e-06 0 5.67296e-06 0 5.91228e-06 0 6.15691e-06 0 6.38489e-06 0 6.61726e-06 0 6.854e-06 0 7.0835e-06 0 7.30518e-06 0 7.51844e-06 0 7.74696e-06 0 7.9544e-06 0 8.17707e-06 0 8.37761e-06 0 8.59336e-06 0 8.79892e-06 0 8.99383e-06 0 9.20407e-06 0 9.40335e-06 0 9.59123e-06 0 9.79455e-06 0 9.98619e-06 0
552.648 1.27941e-05 1.18267e-05 9.67351e-07 0.0756093 -0.21982 9.45049e-08 0 2.36553e-07 0 5.5207e-07 0 8.75861e-07 0 1.1962e-06 0 1.5118e-06 0 1.81848e-06 0 2.12132e-06 0 2.41333e-06 0 2.69889e-06 0 2.97938e-06 0 3.25088e-06 0 3.51721e-06 0 3.7798e-06 0 4.03276e-06 0 4.28642e-06 0 4.53135e-06 0 4.76598e-06 0 5.00695e-06 0 5.23569e-06 0 5.46979e-06 0 5.68988e-06 0 5.91447e-06 0 6.12342e-06 0 6.33608e-06 0 6.55241e-06 0 6.76184e-06 0 6.96385e-06 0 7.15796e-06 0 7.36571e-06 0 7.55406e-06 0 7.75603e-06 0 7.93773e-06 0 8.13301e-06 0 8.31889e-06 0 8.49498e-06 0 8.68474e-06 0 8.86445e-06 0 9.03374e-06 0 9.21678e-06 0 9.38918e-06 0
581.015 1.27233e-05 1.19333e-05 7.89968e-07 0.0620884 -0.204911 1.09577e-07 0 2.6232e-07 0 5.87635e-07 0 9.11858e-07 0 1.22698e-06 0 1.53357e-06 0 1.82867e-06 0 2.11783e-06 0 2.39489e-06 0 2.66436e-06 0 2.92782e-06 0 3.18178e-06 0 3.43001e-06 0 3.67394e-06 0 3.90824e-06 0 4.14255e-06 0 4.36823e-06 0 4.58394e-06 0 4.805e-06 0 5.01443e-06 0 5.22837e-06 0 5.42917e-06 0 5.63372e-06 0 5.82376e-06 0 6.01688e-06 0 6.21308e-06 0 6.40276e-06 0 6.5855e-06 0 6.76088e-06 0 6.94838e-06 0 7.11819e-06 0 7.30009e-06 0 7.46357e-06 0 7.63911e-06 0 7.80604e-06 0 7.96405e-06 0 8.13417e-06 0 8.29515e-06 0 8.44668e-06 0 8.61041e-06 0 8.76448e-06 0
610.839 1.26079e-05 1.19644e-05 6.4355e-07 0.0510434 -0.184388 1.23877e-07 0 2.8426e-07 0 6.12512e-07 0 9.30715e-07 0 1.23485e-06 0 1.52727e-06 0 1.80621e-06 0 2.07756e-06 0 2.33601e-06 0 2.58612e-06 0 2.82957e-06 0 3.06335e-06 0 3.29107e-06 0 3.51416e-06 0 3.72786e-06 0 3.94102e-06 0 4.14586e-06 0 4.34123e-06 0 4.54106e-06 0 4.73002e-06 0 4.92272e-06 0 5.10329e-06 0 5.28696e-06 0 5.45736e-06 0 5.6303e-06 0 5.80575e-06 0 5.97518e-06 0 6.13822e-06 0 6.29452e-06 0 6.46145e-06 0 6.61248e-06 0 6.77411e-06 0 6.91924e-06 0 7.07494e-06 0 7.22287e-06 0 7.36278e-06 0 7.51331e-06 0 7.65564e-06 0 7.78952e-06 0 7.93406e-06 0 8.07e-06 0
642.193 1.23757e-05 1.18531e-05 5.22638e-07 0.0422308 -0.158328 1.35915e-07 0 2.99594e-07 0 6.22196e-07 0 9.26819e-07 0 1.21341e-06 0 1.48591e-06 0 1.74367e-06 0 1.99271e-06 0 2.22859e-06 0 2.45578e-06 0 2.67602e-06 0 2.88675e-06 0 3.09136e-06 0 3.29125e-06 0 3.48221e-06 0 3.67226e-06 0 3.85449e-06 0 4.02795e-06 0 4.20505e-06 0 4.37223e-06 0 4.54245e-06 0 4.70171e-06 0 4.86348e-06 0 5.01335e-06 0 5.16528e-06 0 5.31924e-06 0 5.46774e-06 0 5.61048e-06 0 5.7472e-06 0 5.89306e-06 0 6.02491e-06 0 6.16588e-06 0 6.29236e-06 0 6.42794e-06 0 6.55666e-06 0 6.6783e-06 0 6.80908e-06 0 6.93265e-06 0 7.0488e-06 0 7.17414e-06 0 7.29193e-06 0
675.157 1.19633e-05 1.15403e-05 4.22952e-07 0.0353542 -0.128008 1.44068e-07 0 3.0568e-07 0 6.13046e-07 0 8.96165e-07 0 1.15859e-06 0 1.40553e-06 0 1.63725e-06 0 1.85973e-06 0 2.06934e-06 0 2.27034e-06 0 2.46445e-06 0 2.64955e-06 0 2.82875e-06 0 3.00334e-06 0 3.16975e-06 0 3.33499e-06 0 3.4931e-06 0 3.64335e-06 0 3.79647e-06 0 3.94079e-06 0 4.08752e-06 0 4.2246e-06 0 4.36367e-06 0 4.49236e-06 0 4.62266e-06 0 4.75455e-06 0 4.88163e-06 0 5.00367e-06 0 5.12044e-06 0 5.24492e-06 0 5.35734e-06 0 5.47744e-06 0 5.58511e-06 0 5.70044e-06 0 5.80985e-06 0 5.91318e-06 0 6.02419e-06 0 6.12901e-06 0 6.22749e-06 0 6.33368e-06 0 6.43342e-06 0
709.813 1.13608e-05 1.10195e-05 3.41285e-07 0.0300405 -0.0954188 1.47362e-07 0 3.01557e-07 0 5.851e-07 0 8.40227e-07 0 1.07342e-06 0 1.29071e-06 0 1.49311e-06 0 1.68628e-06 0 1.86739e-06 0 2.04035e-06 0 2.20678e-06 0 2.36499e-06 0 2.51774e-06 0 2.66619e-06 0 2.80736e-06 0 2.94726e-06 0 3.08087e-06 0 3.20762e-06 0 3.3366e-06 0 3.45798e-06 0 3.58121e-06 0 3.6962e-06 0 3.81271e-06 0 3.9204e-06 0 4.02932e-06 0 4.13947e-06 0 4.24549e-06 0 4.34721e-06 0 4.44446e-06 0 4.54804e-06 0 4.64151e-06 0 4.7413e-06 0 4.83068e-06 0 4.92637e-06 0 5.01708e-06 0 5.10269e-06 0 5.19462e-06 0 5.28136e-06 0 5.36281e-06 0 5.45059e-06 0 5.53299e-06 0
746.248 1.06118e-05 1.03368e-05 2.74914e-07 0.0259066 -0.062969 1.45814e-07 0 2.88328e-07 0 5.4219e-07 0 7.6562e-07 0 9.67176e-07 0 1.15328e-06 0 1.32542e-06 0 1.48882e-06 0 1.64131e-06 0 1.78637e-06 0 1.9255e-06 0 2.05738e-06 0 2.18438e-06 0 2.30752e-06 0 2.42437e-06 0 2.53996e-06 0 2.65016e-06 0 2.75454e-06 0 2.86059e-06 0 2.96026e-06 0 3.06133e-06 0 3.15552e-06 0 3.25084e-06 0 3.33887e-06 0 3.42781e-06 0 3.51767e-06 0 3.60408e-06 0 3.68691e-06 0 3.76605e-06 0 3.85027e-06 0 3.92622e-06 0 4.00723e-06 0 4.07976e-06 0 4.15735e-06 0 4.23085e-06 0 4.30019e-06 0 4.3746e-06 0 4.44477e-06 0 4.51062e-06 0 4.58156e-06 0 4.64812e-06 0
784.553 9.74422e-06 9.52314e-06 2.21078e-07 0.0226881 -0.0311487 1.39651e-07 0 2.67312e-07 0 4.88004e-07 0 6.78245e-07 0 8.47765e-07 0 1.00295e-06 0 1.14557e-06 0 1.28025e-06 0 1.4054e-06 0 1.52404e-06 0 1.63747e-06 0 1.7447e-06 0 1.84771e-06 0 1.94739e-06 0 2.0418e-06 0 2.13501e-06 0 2.22374e-06 0 2.30766e-06 0 2.39282e-06 0 2.47274e-06 0 2.55369e-06 0 2.62904e-06 0 2.70523e-06 0 2.77552e-06 0 2.84647e-06 0 2.91809e-06 0 2.98691e-06 0 3.05283e-06 0 3.11575e-06 0 3.18268e-06 0 3.24299e-06 0 3.30728e-06 0 3.3648e-06 0 3.4263e-06 0 3.48452e-06 0 3.53942e-06 0 3.5983e-06 0 3.6538e-06 0 3.70586e-06 0 3.76191e-06 0 3.81448e-06 0
824.824 8.82069e-06 8.64297e-06 1.77724e-07 0.0201485 -0.00174079 1.29949e-07 0 2.41204e-07 0 4.28189e-07 0 5.86259e-07 0 7.25501e-07 0 8.51956e-07 0 9.67473e-07 0 1.07603e-06 0 1.17652e-06 0 1.27146e-06 0 1.36197e-06 0 1.44732e-06 0 1.52914e-06 0 1.60814e-06 0 1.68284e-06 0 1.75648e-06 0 1.82647e-06 0 1.89257e-06 0 1.95957e-06 0 2.02238e-06 0 2.08592e-06 0 2.14501e-06 0 2.2047e-06 0 2.25971e-06 0 2.3152e-06 0 2.37117e-06 0 2.4249e-06 0 2.47634e-06 0 2.52541e-06 0 2.57756e-06 0 2.62452e-06 0 2.67456e-06 0 2.71931e-06 0 2.76711e-06 0 2.81236e-06 0 2.855e-06 0 2.9007e-06 0 2.94376e-06 0 2.98414e-06 0 3.02759e-06 0 3.06833e-06 0
867.163 7.8575e-06 7.71472e-06 1.42786e-07 0.018172 0.025264 1.17378e-07 0 2.11619e-07 0 3.65871e-07 0 4.93905e-07 0 6.05485e-07 0 7.06066e-07 0 7.97434e-07 0 8.82916e-07 0 9.61754e-07 0 1.03601e-06 0 1.10662e-06 0 1.17305e-06 0 1.23659e-06 0 1.29784e-06 0 1.35566e-06 0 1.41257e-06 0 1.46659e-06 0 1.51754e-06 0 1.56912e-06 0 1.61743e-06 0 1.66625e-06 0 1.71161e-06 0 1.75739e-06 0 1.79954e-06 0 1.84204e-06 0 1.88486e-06 0 1.92595e-06 0 1.96525e-06 0 2.00272e-06 0 2.04252e-06 0 2.07835e-06 0 2.11649e-06 0 2.15059e-06 0 2.187e-06 0 2.22144e-06 0 2.25387e-06 0 2.28864e-06 0 2.32137e-06 0 2.35205e-06 0 2.38506e-06 0 2.41598e-06 0
911.674 6.90255e-06 6.78779e-06 1.14754e-07 0.0166249 0.0484656 1.0322e-07 0 1.81043e-07 0 3.05297e-07 0 4.0668e-07 0 4.94155e-07 0 5.72464e-07 0 6.43231e-07 0 7.09166e-07 0 7.6977e-07 0 8.26691e-07 0 8.80682e-07 0 9.31369e-07 0 9.79765e-07 0 1.02634e-06 0 1.07023e-06 0 1.11337e-06 0 1.15427e-06 0 1.19281e-06 0 1.23178e-06 0 1.26824e-06 0 1.30505e-06 0 1.33923e-06 0 1.37369e-06 0 1.4054e-06 0 1.43734e-06 0 1.46951e-06 0 1.50035e-06 0 1.52984e-06 0 1.55794e-06 0 1.58776e-06 0 1.61459e-06 0 1.64315e-06 0 1.66866e-06 0 1.69589e-06 0 1.72164e-06 0 1.74588e-06 0 1.77185e-06 0 1.79629e-06 0 1.81919e-06 0 1.84382e-06 0 1.86689e-06 0
958.471 5.97111e-06 5.87886e-06 9.22489e-08 0.0154492 0.0670795 8.83087e-08 0 1.50914e-07 0 2.48573e-07 0 3.26993e-07 0 3.94028e-07 0 4.53655e-07 0 5.07279e-07 0 5.57052e-07 0 6.02658e-07 0 6.45379e-07 0 6.8581e-07 0 7.23692e-07 0 7.59799e-07 0 7.94491e-07 0 8.27142e-07 0 8.59195e-07 0 8.89546e-07 0 9.18114e-07 0 9.46974e-07 0 9.7395e-07 0 1.00116e-06 0 1.02641e-06 0 1.05184e-06 0 1.07524e-06 0 1.09878e-06 0 1.12248e-06 0 1.14519e-06 0 1.16689e-06 0 1.18755e-06 0 1.20948e-06 0 1.22919e-06 0 1.25016e-06 0 1.26889e-06 0 1.28887e-06 0 1.30775e-06 0 1.32553e-06 0 1.34456e-06 0 1.36247e-06 0 1.37924e-06 0 1.39727e-06 0 1.41415e-06 0
1007.67 5.11202e-06 5.03776e-06 7.42548e-08 0.0145255 0.0806308 7.39279e-08 0 1.23274e-07 0 1.98597e-07 0 2.58185e-07 0 3.08684e-07 0 3.53335e-07 0 3.93313e-07 0 4.30289e-07 0 4.64072e-07 0 4.95641e-07 0 5.25455e-07 0 5.5334e-07 0 5.79875e-07 0 6.05334e-07 0 6.29265e-07 0 6.5273e-07 0 6.74925e-07 0 6.95796e-07 0 7.16861e-07 0 7.36535e-07 0 7.56367e-07 0 7.7475e-07 0 7.93261e-07 0 8.10272e-07 0 8.27386e-07 0 8.446e-07 0 8.61087e-07 0 8.76831e-07 0 8.91819e-07 0 9.07714e-07 0 9.22e-07 0 9.37191e-07 0 9.50749e-07 0 9.65211e-07 0 9.78874e-07 0 9.91728e-07 0 1.00549e-06 0 1.01843e-06 0 1.03055e-06 0 1.04357e-06 0 1.05576e-06 0
1059.39 4.34266e-06 4.2828e-06 5.98659e-08 0.0137855 0.0892978 6.07588e-08 0 9.89956e-08 0 1.56189e-07 0 2.00811e-07 0 2.38326e-07 0 2.71314e-07 0 3.00729e-07 0 3.27846e-07 0 3.52554e-07 0 3.75593e-07 0 3.9731e-07 0 4.17586e-07 0 4.36854e-07 0 4.55316e-07 0 4.72649e-07 0 4.89626e-07 0 5.05669e-07 0 5.20742e-07 0 5.35942e-07 0 5.50127e-07 0 5.64417e-07 0 5.77653e-07 0 5.90973e-07 0 6.03206e-07 0 6.15507e-07 0 6.27874e-07 0 6.39712e-07 0 6.51012e-07 0 6.61764e-07 0 6.73162e-07 0 6.83402e-07 0 6.94287e-07 0 7.03998e-07 0 7.14352e-07 0 7.24132e-07 0 7.3333e-07 0 7.43171e-07 0 7.52426e-07 0 7.61089e-07 0 7.70397e-07 0 7.79107e-07 0
1113.77 3.67513e-06 3.62677e-06 4.83582e-08 0.0131582 0.0939417 4.92515e-08 0 7.85137e-08 0 1.21464e-07 0 1.54545e-07 0 1.82151e-07 0 2.06304e-07 0 2.27758e-07 0 2.47477e-07 0 2.65401e-07 0 2.82079e-07 0 2.97772e-07 0 3.12402e-07 0 3.26286e-07 0 3.39573e-07 0 3.52034e-07 0 3.64227e-07 0 3.75739e-07 0 3.86546e-07 0 3.97436e-07 0 4.07592e-07 0 4.17815e-07 0 4.27279e-07 0 4.36798e-07 0 4.45536e-07 0 4.54318e-07 0 4.63142e-07 0 4.71585e-07 0 4.79641e-07 0 4.87303e-07 0 4.95422e-07 0 5.02714e-07 0 5.10462e-07 0 5.17373e-07 0 5.24739e-07 0 5.31693e-07 0 5.38232e-07 0 5.45227e-07 0 5.51803e-07 0 5.57957e-07 0 5.64567e-07 0 5.70752e-07 0
1170.94 3.10276e-06 3.06363e-06 3.91312e-08 0.0126118 0.0955008 3.94551e-08 0 6.16167e-08 0 9.35789e-08 0 1.17904e-07 0 1.38064e-07 0 1.5562e-07 0 1.7116e-07 0 1.85404e-07 0 1.98322e-07 0 2.1032e-07 0 2.21591e-07 0 2.32084e-07 0 2.42029e-07 0 2.51535e-07 0 2.60442e-07 0 2.6915e-07 0 2.77365e-07 0 2.85071e-07 0 2.9283e-07 0 3.00062e-07 0 3.07338e-07 0 3.14069e-07 0 3.20836e-07 0 3.27045e-07 0 3.33282e-07 0 3.39546e-07 0 3.45538e-07 0 3.51252e-07 0 3.56685e-07 0 3.6244e-07 0 3.67607e-07 0 3.73096e-07 0 3.77989e-07 0 3.83204e-07 0 3.88126e-07 0 3.92753e-07 0 3.97701e-07 0 4.02351e-07 0 4.06702e-07 0 4.11374e-07 0 4.15745e-07 0
1231.05 2.61869e-06 2.58697e-06 3.17183e-08 0.0121123 0.0948079 3.13192e-08 0 4.79732e-08 0 7.16037e-08 0 8.93899e-08 0 1.04038e-07 0 1.16739e-07 0 1.27945e-07 0 1.38191e-07 0 1.47464e-07 0 1.56061e-07 0 1.64125e-07 0 1.71623e-07 0 1.78722e-07 0 1.85501e-07 0 1.91846e-07 0 1.98045e-07 0 2.03888e-07 0 2.09365e-07 0 2.14877e-07 0 2.20011e-07 0 2.25174e-07 0 2.29948e-07 0 2.34744e-07 0 2.39143e-07 0 2.43561e-07 0 2.47996e-07 0 2.52236e-07 0 2.56278e-07 0 2.6012e-07 0 2.64189e-07 0 2.67841e-07 0 2.71719e-07 0 2.75175e-07 0 2.78858e-07 0 2.82332e-07 0 2.85598e-07 0 2.89089e-07 0 2.9237e-07 0 2.95439e-07 0 2.98733e-07 0 3.01815e-07 0
1294.24 2.21313e-06 2.18738e-06 2.57506e-08 0.0116354 0.0925936 2.4689e-08 0 3.71347e-08 0 5.45295e-08 0 6.74888e-08 0 7.80998e-08 0 8.72636e-08 0 9.53253e-08 0 1.02679e-07 0 1.09321e-07 0 1.1547e-07 0 1.2123e-07 0 1.26579e-07 0 1.31638e-07 0 1.36465e-07 0 1.40979e-07 0 1.45385e-07 0 1.49536e-07 0 1.53425e-07 0 1.57336e-07 0 1.60977e-07 0 1.64636e-07 0 1.68018e-07 0 1.71415e-07 0 1.74529e-07 0 1.77655e-07 0 1.80792e-07 0 1.8379e-07 0 1.86647e-07 0 1.89362e-07 0 1.92237e-07 0 1.94816e-07 0 1.97554e-07 0 1.99994e-07 0 2.02592e-07 0 2.05044e-07 0 2.07347e-07 0 2.0981e-07 0 2.12123e-07 0 2.14286e-07 0 2.16608e-07 0 2.1878e-07 0
1360.67 1.87337e-06 1.85244e-06 2.09353e-08 0.0111752 0.0893563 1.93418e-08 0 2.8598e-08 0 4.13555e-08 0 5.07706e-08 0 5.84384e-08 0 6.50363e-08 0 7.0825e-08 0 7.60939e-08 0 8.08452e-08 0 8.52369e-08 0 8.93458e-08 0 9.31575e-08 0 9.67589e-08 0 1.00192e-07 0 1.03401e-07 0 1.0653e-07 0 1.09477e-07 0 1.12235e-07 0 1.15008e-07 0 1.17589e-07 0 1.20181e-07 0 1.22576e-07 0 1.2498e-07 0 1.27183e-07 0 1.29394e-07 0 1.31612e-07 0 1.33731e-07 0 1.3575e-07 0 1.37668e-07 0 1.39698e-07 0 1.41519e-07 0 1.43452e-07 0 1.45174e-07 0 1.47007e-07 0 1.48737e-07 0 1.50361e-07 0 1.52097e-07 0 1.53728e-07 0 1.55253e-07 0 1.56889e-07 0 1.58419e-07 0
1430.51 1.58788e-06 1.57084e-06 1.70387e-08 0.0107305 0.085519 1.50619e-08 0 2.19144e-08 0 3.12377e-08 0 3.80588e-08 0 4.35867e-08 0 4.83274e-08 0 5.24764e-08 0 5.62454e-08 0 5.96387e-08 0 6.27711e-08 0 6.56984e-08 0 6.84113e-08 0 7.09724e-08 0 7.34118e-08 0 7.56902e-08 0 7.79112e-08 0 8.00008e-08 0 8.19562e-08 0 8.39211e-08 0 8.57485e-08 0 8.75834e-08 0 8.9278e-08 0 9.09787e-08 0 9.25367e-08 0 9.40995e-08 0 9.56671e-08 0 9.71642e-08 0 9.85903e-08 0 9.99447e-08 0 1.01378e-07 0 1.02663e-07 0 1.04027e-07 0 1.05242e-07 0 1.06535e-07 0 1.07754e-07 0 1.089e-07 0 1.10124e-07 0 1.11273e-07 0 1.12347e-07 0 1.13501e-07 0 1.14578e-07 0
1503.94 1.34688e-06 1.333e-06 1.38801e-08 0.0103053 0.0815526 1.16568e-08 0 1.67057e-08 0 2.34937e-08 0 2.84203e-08 0 3.23949e-08 0 3.5793e-08 0 3.87603e-08 0 4.1451e-08 0 4.38699e-08 0 4.61002e-08 0 4.81822e-08 0 5.01101e-08 0 5.19285e-08 0 5.36595e-08 0 5.52751e-08 0 5.68491e-08 0 5.83292e-08 0 5.97137e-08 0 6.11041e-08 0 6.23968e-08 0 6.36943e-08 0 6.48922e-08 0 6.6094e-08 0 6.71946e-08 0 6.82983e-08 0 6.94051e-08 0 7.04618e-08 0 7.14682e-08 0 7.24237e-08 0 7.34345e-08 0 7.43408e-08 0 7.53024e-08 0 7.61587e-08 0 7.70701e-08 0 7.79295e-08 0 7.87365e-08 0 7.95986e-08 0 8.04082e-08 0 8.11648e-08 0 8.19767e-08 0 8.27355e-08 0
1581.14 1.13503e-06 1.12371e-06 1.13123e-08 0.0099666 0.0775208 8.90418e-09 0 1.2581e-08 0 1.74704e-08 0 2.0993e-08 0 2.38231e-08 0 2.6236e-08 0 2.83386e-08 0 3.02421e-08 0 3.1951e-08 0 3.35249e-08 0 3.49929e-08 0 3.63509e-08 0 3.76311e-08 0 3.88488e-08 0 3.99847e-08 0 4.10908e-08 0 4.21304e-08 0 4.31024e-08 0 4.40783e-08 0 4.49852e-08 0 4.58951e-08 0 4.6735e-08 0 4.75773e-08 0 4.83484e-08 0 4.91216e-08 0 4.98966e-08 0 5.06365e-08 0 5.13409e-08 0 5.20097e-08 0 5.27169e-08 0 5.33509e-08 0 5.40235e-08 0 5.46223e-08 0 5.52596e-08 0 5.58604e-08 0 5.64244e-08 0 5.7027e-08 0 5.75927e-08 0 5.81213e-08 0 5.86885e-08 0 5.92185e-08 0
1662.3 9.5062e-07 9.41398e-07 9.22186e-09 0.00970089 0.072183 6.71835e-09 0 9.36698e-09 0 1.28537e-08 0 1.53488e-08 0 1.73458e-08 0 1.90441e-08 0 2.05211e-08 0 2.18563e-08 0 2.30536e-08 0 2.41551e-08 0 2.51816e-08 0 2.61306e-08 0 2.70245e-08 0 2.78743e-08 0 2.86666e-08 0 2.94378e-08 0 3.01623e-08 0 3.08394e-08 0 3.1519e-08 0 3.21503e-08 0 3.27835e-08 0 3.33678e-08 0 3.39536e-08 0 3.44898e-08 0 3.50273e-08 0 3.5566e-08 0 3.60801e-08 0 3.65695e-08 0 3.7034e-08 0 3.75251e-08 0 3.79654e-08 0 3.84322e-08 0 3.88479e-08 0 3.92902e-08 0 3.9707e-08 0 4.00984e-08 0 4.05164e-08 0 4.09087e-08 0 4.12754e-08 0 4.16687e-08 0 4.20362e-08 0
1747.63 8.10918e-07 8.03394e-07 7.52429e-09 0.00927874 0.0657085 5.13441e-09 0 7.06967e-09 0 9.59379e-09 0 1.13889e-08 0 1.28207e-08 0 1.40354e-08 0 1.509e-08 0 1.60421e-08 0 1.68949e-08 0 1.76788e-08 0 1.84087e-08 0 1.9083e-08 0 1.97178e-08 0 2.0321e-08 0 2.08831e-08 0 2.14299e-08 0 2.19435e-08 0 2.24233e-08 0 2.29046e-08 0 2.33517e-08 0 2.38e-08 0 2.42135e-08 0 2.4628e-08 0 2.50074e-08 0 2.53875e-08 0 2.57684e-08 0 2.61318e-08 0 2.64777e-08 0 2.6806e-08 0 2.71531e-08 0 2.74641e-08 0 2.77939e-08 0 2.80874e-08 0 2.83998e-08 0 2.86941e-08 0 2.89704e-08 0 2.92654e-08 0 2.95424e-08 0 2.98011e-08 0 3.00787e-08 0 3.0338e-08 0
1837.33 7.07029e-07 7.00882e-07 6.14626e-09 0.00869308 0.0603817 3.98984e-09 0 5.42964e-09 0 7.29164e-09 0 8.60836e-09 0 9.65526e-09 0 1.05416e-08 0 1.13098e-08 0 1.20025e-08 0 1.26223e-08 0 1.31916e-08 0 1.37213e-08 0 1.42104e-08 0 1.46705e-08 0 1.51075e-08 0 1.55146e-08 0 1.59104e-08 0 1.62821e-08 0 1.66292e-08 0 1.69773e-08 0 1.73005e-08 0 1.76245e-08 0 1.79233e-08 0 1.82228e-08 0 1.84968e-08 0 1.87713e-08 0 1.90463e-08 0 1.93087e-08 0 1.95584e-08 0 1.97953e-08 0 2.00457e-08 0 2.02701e-08 0 2.0508e-08 0 2.07197e-08 0 2.09449e-08 0 2.11572e-08 0 2.13564e-08 0 2.15691e-08 0 2.17687e-08 0 2.19552e-08 0 2.21552e-08 0 2.23421e-08 0
1931.64 6.14502e-07 6.0948e-07 5.02239e-09 0.0081731 0.0563876 3.07492e-09 0 4.1388e-09 0 5.50395e-09 0 6.46432e-09 0 7.22568e-09 0 7.86899e-09 0 8.42582e-09 0 8.92731e-09 0 9.37564e-09 0 9.78709e-09 0 1.01697e-08 0 1.05227e-08 0 1.08547e-08 0 1.11699e-08 0 1.14633e-08 0 1.17486e-08 0 1.20163e-08 0 1.22663e-08 0 1.2517e-08 0 1.27496e-08 0 1.29828e-08 0 1.31978e-08 0 1.34132e-08 0 1.36103e-08 0 1.38077e-08 0 1.40054e-08 0 1.4194e-08 0 1.43735e-08 0 1.45437e-08 0 1.47236e-08 0 1.48848e-08 0 1.50557e-08 0 1.52078e-08 0 1.53696e-08 0 1.5522e-08 0 1.5665e-08 0 1.58177e-08 0 1.5961e-08 0 1.60949e-08 0 1.62385e-08 0 1.63726e-08 0
2030.79 5.29371e-07 5.25267e-07 4.10384e-09 0.00775228 0.0523054 2.33762e-09 0 3.11413e-09 0 4.10343e-09 0 4.7961e-09 0 5.34378e-09 0 5.80572e-09 0 6.20504e-09 0 6.5643e-09 0 6.88521e-09 0 7.17951e-09 0 7.45301e-09 0 7.70525e-09 0 7.94235e-09 0 8.16735e-09 0 8.37677e-09 0 8.58029e-09 0 8.77123e-09 0 8.94946e-09 0 9.12813e-09 0 9.29393e-09 0 9.46008e-09 0 9.61324e-09 0 9.76667e-09 0 9.90699e-09 0 1.00475e-08 0 1.01883e-08 0 1.03225e-08 0 1.04502e-08 0 1.05714e-08 0 1.06994e-08 0 1.08141e-08 0 1.09356e-08 0 1.10438e-08 0 1.11589e-08 0 1.12672e-08 0 1.13689e-08 0 1.14775e-08 0 1.15794e-08 0 1.16746e-08 0 1.17766e-08 0 1.18719e-08 0
2135.03 4.56342e-07 4.52988e-07 3.35397e-09 0.00734968 0.0483125 1.77043e-09 0 2.33583e-09 0 3.05149e-09 0 3.55039e-09 0 3.94392e-09 0 4.27529e-09 0 4.56141e-09 0 4.81858e-09 0 5.04812e-09 0 5.2585e-09 0 5.4539e-09 0 5.63403e-09 0 5.80328e-09 0 5.96383e-09 0 6.11321e-09 0 6.25835e-09 0 6.39448e-09 0 6.52151e-09 0 6.64883e-09 0 6.76695e-09 0 6.8853e-09 0 6.99438e-09 0 7.10363e-09 0 7.20353e-09 0 7.30358e-09 0 7.40376e-09 0 7.49929e-09 0 7.59016e-09 0 7.67635e-09 0 7.76742e-09 0 7.849e-09 0 7.93545e-09 0 8.01238e-09 0 8.09418e-09 0 8.17125e-09 0 8.24355e-09 0 8.32074e-09 0 8.39316e-09 0 8.4608e-09 0 8.53333e-09 0 8.60106e-09 0
2244.63 3.94074e-07 3.91332e-07 2.74164e-09 0.00695718 0.0445001 1.33764e-09 0 1.74889e-09 0 2.26633e-09 0 2.62563e-09 0 2.90842e-09 0 3.14619e-09 0 3.35127e-09 0 3.53544e-09 0 3.69971e-09 0 3.85019e-09 0 3.98988e-09 0 4.11859e-09 0 4.23949e-09 0 4.35414e-09 0 4.46078e-09 0 4.56436e-09 0 4.66149e-09 0 4.75211e-09 0 4.84291e-09 0 4.92714e-09 0 5.01152e-09 0 5.08927e-09 0 5.16713e-09 0 5.23832e-09 0 5.30961e-09 0 5.38098e-09 0 5.44903e-09 0 5.51376e-09 0 5.57513e-09 0 5.63999e-09 0 5.69807e-09 0 5.75963e-09 0 5.81439e-09 0 5.87262e-09 0 5.92747e-09 0 5.97893e-09 0 6.03387e-09 0 6.0854e-09 0 6.13354e-09 0 6.18514e-09 0 6.23333e-09 0
2359.84 3.41108e-07 3.38867e-07 2.24155e-09 0.00657139 0.0409443 1.0091e-09 0 1.30817e-09 0 1.68242e-09 0 1.94135e-09 0 2.14474e-09 0 2.31553e-09 0 2.46268e-09 0 2.59473e-09 0 2.71244e-09 0 2.8202e-09 0 2.9202e-09 0 3.01231e-09 0 3.09879e-09 0 3.18077e-09 0 3.25701e-09 0 3.33105e-09 0 3.40045e-09 0 3.4652e-09 0 3.53006e-09 0 3.59022e-09 0 3.65047e-09 0 3.70598e-09 0 3.76156e-09 0 3.81238e-09 0 3.86325e-09 0 3.91418e-09 0 3.96274e-09 0 4.00892e-09 0 4.05271e-09 0 4.09897e-09 0 4.14039e-09 0 4.1843e-09 0 4.22335e-09 0 4.26487e-09 0 4.30398e-09 0 4.34067e-09 0 4.37984e-09 0 4.41658e-09 0 4.45089e-09 0 4.48767e-09 0 4.52202e-09 0
2480.97 2.9596e-07 2.94127e-07 1.83314e-09 0.00619389 0.0376412 7.6027e-10 0 9.77767e-10 0 1.24859e-09 0 1.43535e-09 0 1.58177e-09 0 1.70458e-09 0 1.8103e-09 0 1.9051e-09 0 1.98955e-09 0 2.06684e-09 0 2.13852e-09 0 2.20453e-09 0 2.26648e-09 0 2.3252e-09 0 2.37979e-09 0 2.43279e-09 0 2.48247e-09 0 2.5288e-09 0 2.5752e-09 0 2.61824e-09 0 2.66133e-09 0 2.70103e-09 0 2.74078e-09 0 2.77711e-09 0 2.81348e-09 0 2.84989e-09 0 2.8846e-09 0 2.9176e-09 0 2.94889e-09 0 2.98195e-09 0 3.01155e-09 0 3.04291e-09 0 3.07081e-09 0 3.10048e-09 0 3.12841e-09 0 3.15462e-09 0 3.18259e-09 0 3.20883e-09 0 3.23333e-09 0 3.2596e-09 0 3.28413e-09 0
2608.32 2.57387e-07 2.55888e-07 1.49945e-09 0.00582564 0.0345846 5.72174e-10 0 7.30377e-10 0 9.26476e-10 0 1.0613e-09 0 1.16684e-09 0 1.25525e-09 0 1.3313e-09 0 1.39945e-09 0 1.46013e-09 0 1.51564e-09 0 1.5671e-09 0 1.61447e-09 0 1.65893e-09 0 1.70105e-09 0 1.7402e-09 0 1.7782e-09 0 1.81381e-09 0 1.84702e-09 0 1.88028e-09 0 1.91112e-09 0 1.94199e-09 0 1.97043e-09 0 1.9989e-09 0 2.02493e-09 0 2.05097e-09 0 2.07704e-09 0 2.10189e-09 0 2.12552e-09 0 2.14792e-09 0 2.17159e-09 0 2.19278e-09 0 2.21523e-09 0 2.23519e-09 0 2.25642e-09 0 2.27641e-09 0 2.29517e-09 0 2.31518e-09 0 2.33395e-09 0 2.35148e-09 0 2.37027e-09 0 2.38782e-09 0
2742.21 2.2435e-07 2.23123e-07 1.22664e-09 0.00546755 0.0317647 4.30204e-10 0 5.45315e-10 0 6.8741e-10 0 7.8484e-10 0 8.6099e-10 0 9.24719e-10 0 9.79494e-10 0 1.02855e-09 0 1.07222e-09 0 1.11214e-09 0 1.14914e-09 0 1.18319e-09 0 1.21514e-09 0 1.2454e-09 0 1.27352e-09 0 1.30082e-09 0 1.32639e-09 0 1.35023e-09 0 1.37411e-09 0 1.39624e-09 0 1.4184e-09 0 1.43881e-09 0 1.45923e-09 0 1.4779e-09 0 1.49659e-09 0 1.51529e-09 0 1.53312e-09 0 1.55006e-09 0 1.56613e-09 0 1.5831e-09 0 1.59829e-09 0 1.61439e-09 0 1.6287e-09 0 1.64392e-09 0 1.65825e-09 0 1.6717e-09 0 1.68604e-09 0 1.6995e-09 0 1.71206e-09 0 1.72553e-09 0 1.73811e-09 0
2882.97 1.9598e-07 1.94976e-07 1.00356e-09 0.00512076 0.029166 3.23192e-10 0 4.06981e-10 0 5.10024e-10 0 5.80502e-10 0 6.35512e-10 0 6.81507e-10 0 7.21013e-10 0 7.56377e-10 0 7.87839e-10 0 8.16594e-10 0 8.4324e-10 0 8.67753e-10 0 8.90745e-10 0 9.12521e-10 0 9.32753e-10 0 9.52385e-10 0 9.70777e-10 0 9.87923e-10 0 1.00509e-09 0 1.021e-09 0 1.03693e-09 0 1.0516e-09 0 1.06628e-09 0 1.0797e-09 0 1.09313e-09 0 1.10657e-09 0 1.11937e-09 0 1.13155e-09 0 1.14309e-09 0 1.15528e-09 0 1.16619e-09 0 1.17775e-09 0 1.18804e-09 0 1.19897e-09 0 1.20926e-09 0 1.21891e-09 0 1.22921e-09 0 1.23888e-09 0 1.2479e-09 0 1.25757e-09 0 1.2666e-09 0
3030.95 1.71563e-07 1.70742e-07 8.21127e-10 0.00478615 0.0267742 2.42628e-10 0 3.0365e-10 0 3.78436e-10 0 4.29473e-10 0 4.69259e-10 0 5.02497e-10 0 5.31028e-10 0 5.56557e-10 0 5.79259e-10 0 6.00002e-10 0 6.19217e-10 0 6.3689e-10 0 6.53464e-10 0 6.69157e-10 0 6.83736e-10 0 6.9788e-10 0 7.11129e-10 0 7.23479e-10 0 7.35842e-10 0 7.47301e-10 0 7.58771e-10 0 7.69333e-10 0 7.79903e-10 0 7.89562e-10 0 7.99227e-10 0 8.08899e-10 0 8.18116e-10 0 8.26878e-10 0 8.35184e-10 0 8.43955e-10 0 8.51808e-10 0 8.60126e-10 0 8.67524e-10 0 8.75388e-10 0 8.82792e-10 0 8.89737e-10 0 8.97147e-10 0 9.04097e-10 0 9.10586e-10 0 9.17541e-10 0 9.24035e-10 0
3186.53 1.50498e-07 1.49826e-07 6.71896e-10 0.0044645 0.0245728 1.82038e-10 0 2.26504e-10 0 2.80831e-10 0 3.17829e-10 0 3.46639e-10 0 3.70689e-10 0 3.91322e-10 0 4.09776e-10 0 4.2618e-10 0 4.41165e-10 0 4.55042e-10 0 4.67804e-10 0 4.79768e-10 0 4.91096e-10 0 5.01618e-10 0 5.11824e-10 0 5.21383e-10 0 5.30292e-10 0 5.3921e-10 0 5.47476e-10 0 5.55748e-10 0 5.63365e-10 0 5.70987e-10 0 5.77951e-10 0 5.8492e-10 0 5.91893e-10 0 5.98538e-10 0 6.04854e-10 0 6.10841e-10 0 6.17163e-10 0 6.22823e-10 0 6.28818e-10 0 6.3415e-10 0 6.39817e-10 0 6.45153e-10 0 6.50157e-10 0 6.55497e-10 0 6.60504e-10 0 6.6518e-10 0 6.70191e-10 0 6.7487e-10 0
3350.09 1.32287e-07 1.31737e-07 5.49816e-10 0.00415624 0.0225505 1.36514e-10 0 1.68938e-10 0 2.08441e-10 0 2.35294e-10 0 2.56182e-10 0 2.73607e-10 0 2.88549e-10 0 3.01907e-10 0 3.13778e-10 0 3.24619e-10 0 3.34656e-10 0 3.43885e-10 0 3.52536e-10 0 3.60725e-10 0 3.6833e-10 0 3.75706e-10 0 3.82614e-10 0 3.89052e-10 0 3.95496e-10 0 4.01467e-10 0 4.07443e-10 0 4.12944e-10 0 4.1845e-10 0 4.2348e-10 0 4.28513e-10 0 4.33548e-10 0 4.38347e-10 0 4.42907e-10 0 4.4723e-10 0 4.51795e-10 0 4.55881e-10 0 4.60209e-10 0 4.64058e-10 0 4.68149e-10 0 4.72001e-10 0 4.75613e-10 0 4.79467e-10 0 4.83082e-10 0 4.86457e-10 0 4.90073e-10 0 4.9345e-10 0
3522.05 1.1651e-07 1.1606e-07 4.49943e-10 0.00386183 0.0206919 1.02338e-10 0 1.25999e-10 0 1.54751e-10 0 1.74263e-10 0 1.89427e-10 0 2.02069e-10 0 2.12905e-10 0 2.22588e-10 0 2.31191e-10 0 2.39046e-10 0 2.46317e-10 0 2.53e-10 0 2.59265e-10 0 2.65194e-10 0 2.707e-10 0 2.76039e-10 0 2.81039e-10 0 2.85699e-10 0 2.90362e-10 0 2.94682e-10 0 2.99006e-10 0 3.02987e-10 0 3.0697e-10 0 3.10609e-10 0 3.14249e-10 0 3.17892e-10 0 3.21362e-10 0 3.24661e-10 0 3.27787e-10 0 3.31089e-10 0 3.34044e-10 0 3.37174e-10 0 3.39957e-10 0 3.42915e-10 0 3.457e-10 0 3.48312e-10 0 3.51099e-10 0 3.53712e-10 0 3.56152e-10 0 3.58767e-10 0 3.61208e-10 0
3702.84 1.02814e-07 1.02445e-07 3.68222e-10 0.00358146 0.0189853 7.66971e-11 0 9.39774e-11 0 1.14927e-10 0 1.29122e-10 0 1.40145e-10 0 1.49329e-10 0 1.57197e-10 0 1.64227e-10 0 1.70471e-10 0 1.7617e-10 0 1.81445e-10 0 1.86293e-10 0 1.90836e-10 0 1.95136e-10 0 1.99128e-10 0 2.02999e-10 0 2.06624e-10 0 2.10001e-10 0 2.13381e-10 0 2.16513e-10 0 2.19646e-10 0 2.22531e-10 0 2.25417e-10 0 2.28054e-10 0 2.30692e-10 0 2.33331e-10 0 2.35845e-10 0 2.38235e-10 0 2.405e-10 0 2.42891e-10 0 2.45032e-10 0 2.47299e-10 0 2.49315e-10 0 2.51458e-10 0 2.53475e-10 0 2.55366e-10 0 2.57385e-10 0 2.59277e-10 0 2.61044e-10 0 2.62938e-10 0 2.64705e-10 0
3892.91 9.08999e-08 9.05985e-08 3.01354e-10 0.00331523 0.0174186 5.7471e-11 0 7.01025e-11 0 8.53838e-11 0 9.57237e-11 0 1.03746e-10 0 1.10428e-10 0 1.1615e-10 0 1.2126e-10 0 1.25799e-10 0 1.2994e-10 0 1.33773e-10 0 1.37294e-10 0 1.40595e-10 0 1.43717e-10 0 1.46616e-10 0 1.49427e-10 0 1.52059e-10 0 1.54511e-10 0 1.56965e-10 0 1.59238e-10 0 1.61513e-10 0 1.63607e-10 0 1.65701e-10 0 1.67615e-10 0 1.69529e-10 0 1.71445e-10 0 1.73269e-10 0 1.75003e-10 0 1.76647e-10 0 1.78382e-10 0 1.79935e-10 0 1.8158e-10 0 1.83043e-10 0 1.84597e-10 0 1.86061e-10 0 1.87433e-10 0 1.88897e-10 0 1.9027e-10 0 1.91552e-10 0 1.92925e-10 0 1.94208e-10 0
4092.73 8.05169e-08 8.02703e-08 2.46634e-10 0.00306313 0.0159803 4.3061e-11 0 5.2303e-11 0 6.34623e-11 0 7.10035e-11 0 7.68507e-11 0 8.1718e-11 0 8.58851e-11 0 8.96058e-11 0 9.29091e-11 0 9.59231e-11 0 9.87119e-11 0 1.01274e-10 0 1.03675e-10 0 1.05946e-10 0 1.08055e-10 0 1.10099e-10 0 1.12013e-10 0 1.13796e-10 0 1.1558e-10 0 1.17233e-10 0 1.18887e-10 0 1.20409e-10 0 1.21932e-10 0 1.23323e-10 0 1.24715e-10 0 1.26107e-10 0 1.27433e-10 0 1.28693e-10 0 1.29888e-10 0 1.31149e-10 0 1.32278e-10 0 1.33473e-10 0 1.34536e-10 0 1.35666e-10 0 1.36729e-10 0 1.37726e-10 0 1.3879e-10 0 1.39788e-10 0 1.40719e-10 0 1.41717e-10 0 1.42649e-10 0
4302.81 7.14517e-08 7.12498e-08 2.01855e-10 0.00282505 0.0146602 3.22647e-11 0 3.90335e-11 0 4.71923e-11 0 5.26995e-11 0 5.69669e-11 0 6.05178e-11 0 6.35568e-11 0 6.62696e-11 0 6.86776e-11 0 7.08744e-11 0 7.29067e-11 0 7.47738e-11 0 7.6523e-11 0 7.81777e-11 0 7.97138e-11 0 8.1203e-11 0 8.2597e-11 0 8.38956e-11 0 8.51949e-11 0 8.63986e-11 0 8.76028e-11 0 8.87112e-11 0 8.98201e-11 0 9.08329e-11 0 9.18461e-11 0 9.28596e-11 0 9.38252e-11 0 9.47427e-11 0 9.56123e-11 0 9.65303e-11 0 9.7352e-11 0 9.82222e-11 0 9.89959e-11 0 9.98181e-11 0 1.00592e-10 0 1.01318e-10 0 1.02092e-10 0 1.02818e-10 0 1.03496e-10 0 1.04223e-10 0 1.04901e-10 0
4523.68 6.35221e-08 6.33569e-08 1.65209e-10 0.00260081 0.0134488 2.41774e-11 0 2.91401e-11 0 3.51124e-11 0 3.91395e-11 0 4.22583e-11 0 4.48523e-11 0 4.70718e-11 0 4.90527e-11 0 5.08107e-11 0 5.24143e-11 0 5.38976e-11 0 5.52602e-11 0 5.65365e-11 0 5.77439e-11 0 5.88646e-11 0 5.99511e-11 0 6.0968e-11 0 6.19153e-11 0 6.2863e-11 0 6.3741e-11 0 6.46193e-11 0 6.54277e-11 0 6.62363e-11 0 6.6975e-11 0 6.77138e-11 0 6.84529e-11 0 6.9157e-11 0 6.9826e-11 0 7.04601e-11 0 7.11295e-11 0 7.17286e-11 0 7.2363e-11 0 7.29271e-11 0 7.35266e-11 0 7.40909e-11 0 7.46201e-11 0 7.51846e-11 0 7.57139e-11 0 7.62081e-11 0 7.67376e-11 0 7.72319e-11 0
4755.88 5.65772e-08 5.6442e-08 1.35236e-10 0.00239029 0.0123377 1.81215e-11 0 2.17642e-11 0 2.61417e-11 0 2.90906e-11 0 3.13732e-11 0 3.32711e-11 0 3.48946e-11 0 3.63433e-11 0 3.76287e-11 0 3.8801e-11 0 3.98854e-11 0 4.08813e-11 0 4.18142e-11 0 4.26966e-11 0 4.35156e-11 0 4.43095e-11 0 4.50525e-11 0 4.57446e-11 0 4.64371e-11 0 4.70785e-11 0 4.77202e-11 0 4.83107e-11 0 4.89014e-11 0 4.9441e-11 0 4.99807e-11 0 5.05205e-11 0 5.10348e-11 0 5.15235e-11 0 5.19866e-11 0 5.24755e-11 0 5.2913e-11 0 5.33764e-11 0 5.37884e-11 0 5.42262e-11 0 5.46383e-11 0 5.50247e-11 0 5.54369e-11 0 5.58235e-11 0 5.61843e-11 0 5.6571e-11 0 5.69319e-11 0
5000 5.04815e-08 5.03708e-08 1.10704e-10 0.00219297 0.0113179 1.3586e-11 0 1.62629e-11 0 1.94755e-11 0 2.16379e-11 0 2.33109e-11 0 2.47015e-11 0 2.58907e-11 0 2.69517e-11 0 2.7893e-11 0 2.87514e-11 0 2.95453e-11 0 3.02744e-11 0 3.09573e-11 0 3.16032e-11 0 3.22026e-11 0 3.27836e-11 0 3.33274e-11 0 3.38339e-11 0 3.43406e-11 0 3.481e-11 0 3.52795e-11 0 3.57116e-11 0 3.61438e-11 0 3.65386e-11 0 3.69335e-11 0 3.73284e-11 0 3.77047e-11 0 3.80622e-11 0 3.84009e-11 0 3.87586e-11 0 3.90787e-11 0 3.94176e-11 0 3.9719e-11 0 4.00392e-11 0 4.03407e-11 0 4.06233e-11 0 4.09249e-11 0 4.12076e-11 0 4.14715e-11 0 4.17543e-11 0 4.20183e-11 0
