# 0.00592825 0 115 : grain size, compostion index, size index
# Heating and cooling timescale: 5.22986e-08 inf
# Ratio of heating to cooling to determine stochastic cutoff: 100
# Equilibrium emission is recorded even for those grains in the stochastic regime.
# Emission spectrum was computed for: 
# Type: ISRF
# Scales: 0.25 0.5 1 1.5 2 2.5 3 3.5 4 4.5 5 5.5 6 6.5 7 7.5 8 8.5 9 9.5 10 10.5 11 11.5 12 12.5 13 13.5 14 14.5 15 15.5 16 16.5 17 17.5 18 18.5 19 19.5 20
# StochasticallyHeated: 0 0 0 0 0 0 0 0 0 0 0 0 0 0 0 0 0 0 0 0 0 0 0 0 0 0 0 0 0 0 0 0 0 0 0 0 0 0 0 0 0
# Temperature: -1
# Wavelength  CExt  CAbs  CSca  Albedo G EqEm1 StEm1 EqEm2 StEm2 EqEm3 StEm3 EqEm4 StEm4 EqEm5 StEm5 EqEm6 StEm6 EqEm7 StEm7 EqEm8 StEm8 EqEm9 StEm9 EqEm10 StEm10 EqEm11 StEm11 EqEm12 StEm12 EqEm13 StEm13 EqEm14 StEm14 EqEm15 StEm15 EqEm16 StEm16 EqEm17 StEm17 EqEm18 StEm18 EqEm19 StEm19 EqEm20 StEm20 EqEm21 StEm21 EqEm22 StEm22 EqEm23 StEm23 EqEm24 StEm24 EqEm25 StEm25 EqEm26 StEm26 EqEm27 StEm27 EqEm28 StEm28 EqEm29 StEm29 EqEm30 StEm30 EqEm31 StEm31 EqEm32 StEm32 EqEm33 StEm33 EqEm34 StEm34 EqEm35 StEm35 EqEm36 StEm36 EqEm37 StEm37 EqEm38 StEm38 EqEm39 StEm39 EqEm40 StEm40 EqEm41 StEm41
0.05 0.000221361 7.82749e-05 0.000143086 0.646392 0.853825 0 0 0 0 0 0 0 0 0 0 0 0 0 0 0 0 0 0 0 0 0 0 0 0 0 0 0 0 0 0 0 0 0 0 0 0 0 0 0 0 0 0 0 0 0 0 0 0 0 0 0 0 0 0 0 0 0 0 0 0 0 0 0 0 0 0 0 0 0 0 0 0 0 0 0 0 0 0 0 0 0 0
0.0525665 0.000221383 7.70009e-05 0.000144382 0.652183 0.841322 0 0 0 0 0 0 0 0 0 0 0 0 0 0 0 0 0 0 0 0 0 0 0 0 0 0 0 0 0 0 0 0 0 0 0 0 0 0 0 0 0 0 0 0 0 0 0 0 0 0 0 0 0 0 0 0 0 0 0 0 0 0 0 0 0 0 0 0 0 0 0 0 0 0 0 0 0 0 0 0 0 0
0.0552647 0.000221407 7.60364e-05 0.000145371 0.656577 0.83094 0 0 0 0 0 0 0 0 0 0 0 0 0 0 0 0 0 0 0 0 0 0 0 0 0 0 0 0 0 0 0 0 0 0 0 0 0 0 0 0 0 0 0 0 0 0 0 0 0 0 0 0 0 0 0 0 0 0 0 0 0 0 0 0 0 0 0 0 0 0 0 0 0 0 0 0 0 0 0 0 0 0
0.0581015 0.000221426 7.55938e-05 0.000145832 0.658604 0.824569 0 0 0 0 0 0 0 0 0 0 0 0 0 0 0 0 0 0 0 0 0 0 0 0 0 0 0 0 0 0 0 0 0 0 0 0 0 0 0 0 0 0 0 0 0 0 0 0 0 0 0 0 0 0 0 0 0 0 0 0 0 0 0 0 0 0 0 0 0 0 0 0 0 0 0 0 0 0 0 0 0 0
0.0610839 0.000221437 7.45101e-05 0.000146927 0.663516 0.815791 0 0 0 0 0 0 0 0 0 0 0 0 0 0 0 0 0 0 0 0 0 0 0 0 0 0 0 0 0 0 0 0 0 0 0 0 0 0 0 0 0 0 0 0 0 0 0 0 0 0 0 0 0 0 0 0 0 0 0 0 0 0 0 0 0 0 0 0 0 0 0 0 0 0 0 0 0 0 0 0 0 0
0.0642193 0.000221461 7.18323e-05 0.000149628 0.675643 0.797482 0 0 0 0 0 0 0 0 0 0 0 0 0 0 0 0 0 0 0 0 0 0 0 0 0 0 0 0 0 0 0 0 0 0 0 0 0 0 0 0 0 0 0 0 0 0 0 0 0 0 0 0 0 0 0 0 0 0 0 0 0 0 0 0 0 0 0 0 0 0 0 0 0 0 0 0 0 0 0 0 0 0
0.0675157 0.000221488 6.91698e-05 0.000152318 0.687704 0.777483 0 0 0 0 0 0 0 0 0 0 0 0 0 0 0 0 0 0 0 0 0 0 0 0 0 0 0 0 0 0 0 0 0 0 0 0 0 0 0 0 0 0 0 0 0 0 0 0 0 0 0 0 0 0 0 0 0 0 0 0 0 0 0 0 0 0 0 0 0 0 0 0 0 0 0 0 0 0 0 0 0 0
0.0709813 0.000221517 6.88955e-05 0.000152622 0.688984 0.770354 0 0 0 0 0 0 0 0 0 0 0 0 0 0 0 0 0 0 0 0 0 0 0 0 0 0 0 0 0 0 0 0 0 0 0 0 0 0 0 0 0 0 0 0 0 0 0 0 0 0 0 0 0 0 0 0 0 0 0 0 0 0 0 0 0 0 0 0 0 0 0 0 0 0 0 0 0 0 0 0 0 0
0.0746248 0.000221553 6.99415e-05 0.000151612 0.684313 0.771706 0 0 0 0 0 0 0 0 0 0 0 0 0 0 0 0 0 0 0 0 0 0 0 0 0 0 0 0 0 0 0 0 0 0 0 0 0 0 0 0 0 0 0 0 0 0 0 0 0 0 0 0 0 0 0 0 0 0 0 0 0 0 0 0 0 0 0 0 0 0 0 0 0 0 0 0 0 0 0 0 0 0
0.0784553 0.000221591 7.14046e-05 0.000150187 0.677765 0.776615 0 0 0 0 0 0 0 0 0 0 0 0 0 0 0 0 0 0 0 0 0 0 0 0 0 0 0 0 0 0 0 0 0 0 0 0 0 0 0 0 0 0 0 0 0 0 0 0 0 0 0 0 0 0 0 0 0 0 0 0 0 0 0 0 0 0 0 0 0 0 0 0 0 0 0 0 0 0 0 0 0 0
0.0824824 0.00022163 7.30735e-05 0.000148556 0.67029 0.782502 0 0 0 0 0 0 0 0 0 0 0 0 0 0 0 0 0 0 0 0 0 0 0 0 0 0 0 0 0 0 0 0 0 0 0 0 0 0 0 0 0 0 0 0 0 0 0 0 0 0 0 0 0 0 0 0 0 0 0 0 0 0 0 0 0 0 0 0 0 0 0 0 0 0 0 0 0 0 0 0 0 0
0.0867162 0.000221666 7.34618e-05 0.000148204 0.668593 0.781374 0 0 0 0 0 0 0 0 0 0 0 0 0 0 0 0 0 0 0 0 0 0 0 0 0 0 0 0 0 0 0 0 0 0 0 0 0 0 0 0 0 0 0 0 0 0 0 0 0 0 0 0 0 0 0 0 0 0 0 0 0 0 0 0 0 0 0 0 0 0 0 0 0 0 0 0 0 0 0 0 0 0
0.0911674 0.000221706 7.31176e-05 0.000148588 0.670205 0.776217 0 0 0 0 0 0 0 0 0 0 0 0 0 0 0 0 0 0 0 0 0 0 0 0 0 0 0 0 0 0 0 0 0 0 0 0 0 0 0 0 0 0 0 0 0 0 0 0 0 0 0 0 0 0 0 0 0 0 0 0 0 0 0 0 0 0 0 0 0 0 0 0 0 0 0 0 0 0 0 0 0 0
0.095847 0.000221746 7.34221e-05 0.000148324 0.66889 0.774467 0 0 0 0 0 0 0 0 0 0 0 0 0 0 0 0 0 0 0 0 0 0 0 0 0 0 0 0 0 0 0 0 0 0 0 0 0 0 0 0 0 0 0 0 0 0 0 0 0 0 0 0 0 0 0 0 0 0 0 0 0 0 0 0 0 0 0 0 0 0 0 0 0 0 0 0 0 0 0 0 0 0
0.100767 0.00022178 7.60012e-05 0.000145779 0.657313 0.785951 0 0 0 0 0 0 0 0 0 0 0 0 0 0 0 0 0 0 0 0 0 0 0 0 0 0 0 0 0 0 0 0 0 0 0 0 0 0 0 0 0 0 0 0 0 0 0 0 0 0 0 0 0 0 0 0 0 0 0 0 0 0 0 0 0 0 0 0 0 0 0 0 0 0 0 0 0 0 0 0 0 0
0.105939 0.00022181 7.85976e-05 0.000143212 0.645653 0.800628 0 0 0 0 0 0 0 0 0 0 0 0 0 0 0 0 0 0 0 0 0 0 0 0 0 0 0 0 0 0 0 0 0 0 0 0 0 0 0 0 0 0 0 0 0 0 0 0 0 0 0 0 0 0 0 0 0 0 0 0 0 0 0 0 0 0 0 0 0 0 0 0 0 0 0 0 0 0 0 0 0 0
0.111377 0.00022183 8.33374e-05 0.000138492 0.624318 0.828689 0 0 0 0 0 0 0 0 0 0 0 0 0 0 0 0 0 0 0 0 0 0 0 0 0 0 0 0 0 0 0 0 0 0 0 0 0 0 0 0 0 0 0 0 0 0 0 0 0 0 0 0 0 0 0 0 0 0 0 0 0 0 0 0 0 0 0 0 0 0 0 0 0 0 0 0 0 0 0 0 0 0
0.117094 0.000221846 8.82345e-05 0.000133612 0.602272 0.861063 0 0 0 0 0 0 0 0 0 0 0 0 0 0 0 0 0 0 0 0 0 0 0 0 0 0 0 0 0 0 0 0 0 0 0 0 0 0 0 0 0 0 0 0 0 0 0 0 0 0 0 0 0 0 0 0 0 0 0 0 0 0 0 0 0 0 0 0 0 0 0 0 0 0 0 0 0 0 0 0 0 0
0.123105 0.000221871 9.13915e-05 0.00013048 0.588088 0.883727 0 0 0 0 0 0 0 0 0 0 0 0 0 0 0 0 0 0 0 0 0 0 0 0 0 0 0 0 0 0 0 0 0 0 0 0 0 0 0 0 0 0 0 0 0 0 0 0 0 0 0 0 0 0 0 0 0 0 0 0 0 0 0 0 0 0 0 0 0 0 0 0 0 0 0 0 0 0 0 0 0 0
0.129424 0.000221901 9.40685e-05 0.000127833 0.576079 0.903725 0 0 0 0 0 0 0 0 0 0 0 0 0 0 0 0 0 0 0 0 0 0 0 0 0 0 0 0 0 0 0 0 0 0 0 0 0 0 0 0 0 0 0 0 0 0 0 0 0 0 0 0 0 0 0 0 0 0 0 0 0 0 0 0 0 0 0 0 0 0 0 0 0 0 0 0 0 0 0 0 0 0
0.136067 0.000221931 9.62051e-05 0.000125726 0.566509 0.91995 0 0 0 0 0 0 0 0 0 0 0 0 0 0 0 0 0 0 0 0 0 0 0 0 0 0 0 0 0 0 0 0 0 0 0 0 0 0 0 0 0 0 0 0 0 0 0 0 0 0 0 0 0 0 0 0 0 0 0 0 0 0 0 0 0 0 0 0 0 0 0 0 0 0 0 0 0 0 0 0 0 0
0.143051 0.000221959 9.78624e-05 0.000124097 0.559097 0.932611 0 0 0 0 0 0 0 0 0 0 0 0 0 0 0 0 0 0 0 0 0 0 0 0 0 0 0 0 0 0 0 0 0 0 0 0 0 0 0 0 0 0 0 0 0 0 0 0 0 0 0 0 0 0 0 0 0 0 0 0 0 0 0 0 0 0 0 0 0 0 0 0 0 0 0 0 0 0 0 0 0 0
0.150394 0.00022198 9.8807e-05 0.000123173 0.554883 0.940773 0 0 0 0 0 0 0 0 0 0 0 0 0 0 0 0 0 0 0 0 0 0 0 0 0 0 0 0 0 0 0 0 0 0 0 0 0 0 0 0 0 0 0 0 0 0 0 0 0 0 0 0 0 0 0 0 0 0 0 0 0 0 0 0 0 0 0 0 0 0 0 0 0 0 0 0 0 0 0 0 0 0
0.158114 0.000222 9.84824e-05 0.000123518 0.556386 0.941659 0 0 0 0 0 0 0 0 0 0 0 0 0 0 0 0 0 0 0 0 0 0 0 0 0 0 0 0 0 0 0 0 0 0 0 0 0 0 0 0 0 0 0 0 0 0 0 0 0 0 0 0 0 0 0 0 0 0 0 0 0 0 0 0 0 0 0 0 0 0 0 0 0 0 0 0 0 0 0 0 0 0
0.16623 0.000222034 9.61644e-05 0.00012587 0.566894 0.930831 0 0 0 0 0 0 0 0 0 0 0 0 0 0 0 0 0 0 0 0 0 0 0 0 0 0 0 0 0 0 0 0 0 0 0 0 0 0 0 0 0 0 0 0 0 0 0 0 0 0 0 0 0 0 0 0 0 0 0 0 0 0 0 0 0 0 0 0 0 0 0 0 0 0 0 0 0 0 0 0 0 0
0.174762 0.00022209 9.15633e-05 0.000130526 0.587719 0.904264 0 0 0 0 0 0 0 0 0 0 0 0 0 0 0 0 0 0 0 0 0 0 0 0 0 0 0 0 0 0 0 0 0 0 0 0 0 0 0 0 0 0 0 0 0 0 0 0 0 0 0 0 0 0 0 0 0 0 0 0 0 0 0 0 0 0 0 0 0 0 0 0 0 0 0 0 0 0 0 0 0 0
0.183733 0.000222153 8.57524e-05 0.000136401 0.613995 0.868376 0 0 0 0 0 0 0 0 0 0 0 0 0 0 0 0 0 0 0 0 0 0 0 0 0 0 0 0 0 0 0 0 0 0 0 0 0 0 0 0 0 0 0 0 0 0 0 0 0 0 0 0 0 0 0 0 0 0 0 0 0 0 0 0 0 0 0 0 0 0 0 0 0 0 0 0 0 0 0 0 0 0
0.193164 0.000222223 7.97082e-05 0.000142515 0.641315 0.831439 0 0 0 0 0 0 0 0 0 0 0 0 0 0 0 0 0 0 0 0 0 0 0 0 0 0 0 0 0 0 0 0 0 0 0 0 0 0 0 0 0 0 0 0 0 0 0 0 0 0 0 0 0 0 0 0 0 0 0 0 0 0 0 0 0 0 0 0 0 0 0 0 0 0 0 0 0 0 0 0 0 0
0.203079 0.000222295 7.44513e-05 0.000147844 0.665079 0.800908 0 0 0 0 0 0 0 0 0 0 0 0 0 0 0 0 0 0 0 0 0 0 0 0 0 0 0 0 0 0 0 0 0 0 0 0 0 0 0 0 0 0 0 0 0 0 0 0 0 0 0 0 0 0 0 0 0 0 0 0 0 0 0 0 0 0 0 0 0 0 0 0 0 0 0 0 0 0 0 0 0 0
0.213503 0.000222373 6.9936e-05 0.000152437 0.685501 0.776056 0 0 0 0 0 0 0 0 0 0 0 0 0 0 0 0 0 0 0 0 0 0 0 0 0 0 0 0 0 0 0 0 0 0 0 0 0 0 0 0 0 0 0 0 0 0 0 0 0 0 0 0 0 0 0 0 0 0 0 0 0 0 0 0 0 0 0 0 0 0 0 0 0 0 0 0 0 0 0 0 0 0
0.224463 0.000222462 6.69199e-05 0.000155542 0.699185 0.758852 0 0 0 0 0 0 0 0 0 0 0 0 0 0 0 0 0 0 0 0 0 0 0 0 0 0 0 0 0 0 0 0 0 0 0 0 0 0 0 0 0 0 0 0 0 0 0 0 0 0 0 0 0 0 0 0 0 0 0 0 0 0 0 0 0 0 0 0 0 0 0 0 0 0 0 0 0 0 0 0 0 0
0.235984 0.000222561 6.52009e-05 0.00015736 0.707043 0.747252 0 0 0 0 0 0 0 0 0 0 0 0 0 0 0 0 0 0 0 0 0 0 0 0 0 0 0 0 0 0 0 0 0 0 0 0 0 0 0 0 0 0 0 0 0 0 0 0 0 0 0 0 0 0 0 0 0 0 0 0 0 0 0 0 0 0 0 0 0 0 0 0 0 0 0 0 0 0 0 0 0 0
0.248097 0.000222665 6.54701e-05 0.000157195 0.705971 0.743465 0 0 0 0 0 0 0 0 0 0 0 0 0 0 0 0 0 0 0 0 0 0 0 0 0 0 0 0 0 0 0 0 0 0 0 0 0 0 0 0 0 0 0 0 0 0 0 0 0 0 0 0 0 0 0 0 0 0 0 0 0 0 0 0 0 0 0 0 0 0 0 0 0 0 0 0 0 0 0 0 0 0
0.260832 0.00022276 6.70266e-05 0.000155733 0.699108 0.745612 0 0 0 0 0 0 0 0 0 0 0 0 0 0 0 0 0 0 0 0 0 0 0 0 0 0 0 0 0 0 0 0 0 0 0 0 0 0 0 0 0 0 0 0 0 0 0 0 0 0 0 0 0 0 0 0 0 0 0 0 0 0 0 0 0 0 0 0 0 0 0 0 0 0 0 0 0 0 0 0 0 0
0.274221 0.000222841 6.89255e-05 0.000153916 0.690697 0.749847 0 0 0 0 0 0 0 0 0 0 0 0 0 0 0 0 0 0 0 0 0 0 0 0 0 0 0 0 0 0 0 0 0 0 0 0 0 0 0 0 0 0 0 0 0 0 0 0 0 0 0 0 0 0 0 0 0 0 0 0 0 0 0 0 0 0 0 0 0 0 0 0 0 0 0 0 0 0 0 0 0 0
0.288297 0.000222897 7.14582e-05 0.000151438 0.679411 0.759351 0 0 0 0 0 0 0 0 0 0 0 0 0 0 0 0 0 0 0 0 0 0 0 0 0 0 0 0 0 0 0 0 0 0 0 0 0 0 0 0 0 0 0 0 0 0 0 0 0 0 0 0 0 0 0 0 0 0 0 0 0 0 0 0 0 0 0 0 0 0 0 0 0 0 0 0 0 0 0 0 0 0
0.303095 0.000222951 7.31951e-05 0.000149756 0.671699 0.766585 0 0 0 0 0 0 0 0 0 0 0 0 0 0 0 0 0 0 0 0 0 0 0 0 0 0 0 0 0 0 0 0 0 0 0 0 0 0 0 0 0 0 0 0 0 0 0 0 0 0 0 0 0 0 0 0 0 0 0 0 0 0 0 0 0 0 0 0 0 0 0 0 0 0 0 0 0 0 0 0 0 0
0.318653 0.000223008 7.46094e-05 0.000148398 0.66544 0.772943 0 0 0 0 0 0 0 0 0 0 0 0 0 0 0 0 0 0 0 0 0 0 0 0 0 0 0 0 0 0 0 0 0 0 0 0 0 0 0 0 0 0 0 0 0 0 0 0 0 0 0 0 0 0 0 0 0 0 0 0 0 0 0 0 0 0 0 0 0 0 0 0 0 0 0 0 0 0 0 0 0 0
0.335009 0.000223068 7.57282e-05 0.00014734 0.660515 0.778401 0 0 0 0 0 0 0 0 0 0 0 0 0 0 0 0 0 0 0 0 0 0 0 0 0 0 0 0 0 0 0 0 0 0 0 0 0 0 0 0 0 0 0 0 0 0 0 0 0 0 0 0 0 0 0 0 0 0 0 0 0 0 0 0 0 0 0 0 0 0 0 0 0 0 0 0 0 0 0 0 0 0
0.352205 0.000223135 7.64931e-05 0.000146642 0.657189 0.782245 0 0 0 0 0 0 0 0 0 0 0 0 0 0 0 0 0 0 0 0 0 0 0 0 0 0 0 0 0 0 0 0 0 0 0 0 0 0 0 0 0 0 0 0 0 0 0 0 0 0 0 0 0 0 0 0 0 0 0 0 0 0 0 0 0 0 0 0 0 0 0 0 0 0 0 0 0 0 0 0 0 0
0.370284 0.000223208 7.69812e-05 0.000146226 0.655114 0.784611 0 0 0 0 0 0 0 0 0 0 0 0 0 0 0 0 0 0 0 0 0 0 0 0 0 0 0 0 0 0 0 0 0 0 0 0 0 0 0 0 0 0 0 0 0 0 0 0 0 0 0 0 0 0 0 0 0 0 0 0 0 0 0 0 0 0 0 0 0 0 0 0 0 0 0 0 0 0 0 0 0 0
0.389291 0.000223286 7.72285e-05 0.000146057 0.654127 0.78551 0 0 0 0 0 0 0 0 0 0 0 0 0 0 0 0 0 0 0 0 0 0 0 0 0 0 0 0 0 0 0 0 0 0 0 0 0 0 0 0 0 0 0 0 0 0 0 0 0 0 0 0 0 0 0 0 0 0 0 0 0 0 0 0 0 0 0 0 0 0 0 0 0 0 0 0 0 0 0 0 0 0
0.409273 0.000223366 7.74049e-05 0.000145961 0.653462 0.786041 0 0 0 0 0 0 0 0 0 0 0 0 0 0 0 0 0 0 0 0 0 0 0 0 0 0 0 0 0 0 0 0 0 0 0 0 0 0 0 0 0 0 0 0 0 0 0 0 0 0 0 0 0 0 0 0 0 0 0 0 0 0 0 0 0 0 0 0 0 0 0 0 0 0 0 0 0 0 0 0 0 0
0.430281 0.000223449 7.7549e-05 0.0001459 0.652946 0.786411 0 0 0 0 0 0 0 0 0 0 0 0 0 0 0 0 0 0 0 0 0 0 0 0 0 0 0 0 0 0 0 0 0 0 0 0 0 0 0 0 0 0 0 0 0 0 0 0 0 0 0 0 0 0 0 0 0 0 0 0 0 0 0 0 0 0 0 0 0 0 0 0 0 0 0 0 0 0 0 0 0 0
0.452368 0.000223536 7.76946e-05 0.000145841 0.652429 0.786966 0 0 0 0 0 0 0 0 0 0 0 0 0 0 0 0 0 0 0 0 0 0 0 0 0 0 0 0 0 0 0 0 0 0 0 0 0 0 0 0 0 0 0 0 0 0 0 0 0 0 0 0 0 0 0 0 0 0 0 0 0 0 0 0 0 0 0 0 0 0 0 0 0 0 0 0 0 0 0 0 0 0
0.475588 0.000223626 7.78213e-05 0.000145805 0.652003 0.787465 0 0 0 0 0 0 0 0 0 0 0 0 0 0 0 0 0 0 0 0 0 0 0 0 0 0 0 0 0 0 0 0 0 0 0 0 0 0 0 0 0 0 0 0 0 0 0 0 0 0 0 0 0 0 0 0 0 0 0 0 0 0 0 0 0 0 0 0 0 0 0 0 0 0 0 0 0 0 0 0 0 0
0.5 0.000223721 7.78955e-05 0.000145825 0.651818 0.787699 0 0 0 0 0 0 0 0 0 0 0 0 0 0 0 0 0 0 0 0 0 0 0 0 0 0 0 0 0 0 0 0 0 0 0 0 0 0 0 0 0 0 0 0 0 0 0 0 0 0 0 0 0 0 0 0 0 0 0 0 0 0 0 0 0 0 0 0 0 0 0 0 0 0 0 0 0 0 0 0 0 0
0.525665 0.000223821 7.7935e-05 0.000145886 0.651797 0.787767 0 0 0 0 0 0 0 0 0 0 0 0 0 0 0 0 0 0 0 0 0 0 0 0 0 0 0 0 0 0 0 0 0 0 0 0 0 0 0 0 0 0 0 0 0 0 0 0 0 0 0 0 0 0 0 0 0 0 0 0 0 0 0 0 0 0 0 0 0 0 0 0 0 0 0 0 0 0 0 0 0 0
0.552648 0.000223924 7.79557e-05 0.000145968 0.651865 0.787716 0 0 0 0 0 0 0 0 0 0 0 0 0 0 0 0 0 0 0 0 0 0 0 0 0 0 0 0 0 0 0 0 0 0 0 0 0 0 0 0 0 0 0 0 0 0 0 0 0 0 0 0 0 0 0 0 0 0 0 0 0 0 0 0 0 0 0 0 0 0 0 0 0 0 0 0 0 0 0 0 0 0
0.581015 0.000224034 7.7841e-05 0.000146193 0.652549 0.786857 0 0 0 0 0 0 0 0 0 0 0 0 0 0 0 0 0 0 0 0 0 0 0 0 0 0 0 0 0 0 0 0 0 0 0 0 0 0 0 0 0 0 0 0 0 0 0 0 0 0 0 0 0 0 0 0 0 0 0 0 0 0 0 0 0 0 0 0 0 0 0 0 0 0 0 0 0 0 0 0 0 0
0.610839 0.00022415 7.772e-05 0.00014643 0.653268 0.785959 0 0 0 0 0 0 0 0 0 0 0 0 0 0 0 0 0 0 0 0 0 0 0 0 0 0 0 0 0 0 0 0 0 0 0 0 0 0 0 0 0 0 0 0 0 0 0 0 0 0 0 0 0 0 0 0 0 0 0 0 0 0 0 0 0 0 0 0 0 0 0 0 0 0 0 0 0 0 0 0 0 0
0.642193 0.000224269 7.75923e-05 0.000146677 0.654022 0.78502 0 0 0 0 0 0 0 0 0 0 0 0 0 0 0 0 0 0 0 0 0 0 0 0 0 0 0 0 0 0 0 0 0 0 0 0 0 0 0 0 0 0 0 0 0 0 0 0 0 0 0 0 0 0 0 0 0 0 0 0 0 0 0 0 0 0 0 0 0 0 0 0 0 0 0 0 0 0 0 0 0 0
0.675157 0.000224393 7.74123e-05 0.000146981 0.655015 0.783761 0 0 0 0 0 0 0 0 0 0 0 0 0 0 0 0 0 0 0 0 0 0 0 0 0 0 0 0 0 0 0 0 0 0 0 0 0 0 0 0 0 0 0 0 0 0 0 0 0 0 0 0 0 0 0 0 0 0 0 0 0 0 0 0 0 0 0 0 0 0 0 0 0 0 0 0 0 0 0 0 0 0
0.709813 0.000224524 7.71844e-05 0.00014734 0.656231 0.782203 0 0 0 0 0 0 0 0 0 0 0 0 0 0 0 0 0 0 0 0 0 0 0 0 0 0 0 0 0 0 0 0 0 0 0 0 0 0 0 0 0 0 0 0 0 0 0 0 0 0 0 0 0 0 0 0 0 0 0 0 0 0 0 0 0 0 0 0 0 0 0 0 0 0 0 0 0 0 0 0 0 0
0.746248 0.000224659 7.69337e-05 0.000147725 0.657554 0.78049 0 0 0 0 0 0 0 0 0 0 0 0 0 0 0 0 0 0 0 0 0 0 0 0 0 0 0 0 0 0 0 0 0 0 0 0 0 0 0 0 0 0 0 0 0 0 0 0 0 0 0 0 0 0 0 0 0 0 0 0 0 0 0 0 0 0 0 0 0 0 0 0 0 0 0 0 0 0 0 0 0 0
0.784553 0.0002248 7.66747e-05 0.000148125 0.65892 0.778736 0 0 0 0 0 0 0 0 0 0 0 0 0 0 0 0 0 0 0 0 0 0 0 0 0 0 0 0 0 0 0 0 0 0 0 0 0 0 0 0 0 0 0 0 0 0 0 0 0 0 0 0 0 0 0 0 0 0 0 0 0 0 0 0 0 0 0 0 0 0 0 0 0 0 0 0 0 0 0 0 0 0
0.824824 0.000224946 7.64099e-05 0.000148536 0.660318 0.776933 0 0 0 0 0 0 0 0 0 0 0 0 0 0 0 0 0 0 0 0 0 0 0 0 0 0 0 0 0 0 0 0 0 0 0 0 0 0 0 0 0 0 0 0 0 0 0 0 0 0 0 0 0 0 0 0 0 0 0 0 0 0 0 0 0 0 0 0 0 0 0 0 0 0 0 0 0 0 0 0 0 0
0.867162 0.000225095 7.61386e-05 0.000148957 0.661749 0.775084 0 0 0 0 0 0 0 0 0 0 0 0 0 0 0 0 0 0 0 0 0 0 0 0 0 0 0 0 0 0 0 0 0 0 0 0 0 0 0 0 0 0 0 0 0 0 0 0 0 0 0 0 0 0 0 0 0 0 0 0 0 0 0 0 0 0 0 0 0 0 0 0 0 0 0 0 0 0 0 0 0 0
0.911674 0.000225251 7.58667e-05 0.000149384 0.66319 0.773229 0 0 0 0 0 0 0 0 0 0 0 0 0 0 0 0 0 0 0 0 0 0 0 0 0 0 0 0 0 0 0 0 0 0 0 0 0 0 0 0 0 0 0 0 0 0 0 0 0 0 0 0 0 0 0 0 0 0 0 0 0 0 0 0 0 0 0 0 0 0 0 0 0 0 0 0 0 0 0 0 0 0
0.95847 0.000225411 7.56077e-05 0.000149804 0.664579 0.771426 0 0 0 0 0 0 0 0 0 0 0 0 0 0 0 0 0 0 0 0 0 0 0 0 0 0 0 0 0 0 0 0 0 0 0 0 0 0 0 0 0 0 0 0 0 0 0 0 0 0 0 0 0 0 0 0 0 0 0 0 0 0 0 0 0 0 0 0 0 0 0 0 0 0 0 0 0 0 0 0 0 0
1.00767 0.000225576 7.5347e-05 0.000150229 0.66598 0.769614 0 0 0 0 0 0 0 0 0 0 0 0 0 0 0 0 0 0 0 0 0 0 0 0 0 0 0 0 0 0 0 0 0 0 0 0 0 0 0 0 0 0 0 0 0 0 0 0 0 0 0 0 0 0 0 0 0 0 0 0 0 0 0 0 0 0 0 0 0 0 0 0 0 0 0 0 0 0 0 0 0 0
1.05939 0.000225745 7.51092e-05 0.000150636 0.667283 0.767912 0 0 0 0 0 0 0 0 0 0 0 0 0 0 0 0 0 0 0 0 0 0 0 0 0 0 0 0 0 0 0 0 0 0 0 0 0 0 0 0 0 0 0 0 0 0 0 0 0 0 0 0 0 0 0 0 0 0 0 0 0 0 0 0 0 0 0 0 0 0 0 0 0 0 0 0 0 0 0 0 0 0
1.11377 0.000225919 7.4864e-05 0.000151055 0.668625 0.766173 0 0 0 0 0 0 0 0 0 0 0 0 0 0 0 0 0 0 0 0 0 0 0 0 0 0 0 0 0 0 0 0 0 0 0 0 0 0 0 0 0 0 0 0 0 0 0 0 0 0 0 0 0 0 0 0 0 0 0 0 0 0 0 0 0 0 0 0 0 0 0 0 0 0 0 0 0 0 0 0 0 0
1.17094 0.000226099 7.46383e-05 0.000151461 0.669887 0.764539 0 0 0 0 0 0 0 0 0 0 0 0 0 0 0 0 0 0 0 0 0 0 0 0 0 0 0 0 0 0 0 0 0 0 0 0 0 0 0 0 0 0 0 0 0 0 0 0 0 0 0 0 0 0 0 0 0 0 0 0 0 0 0 0 0 0 0 0 0 0 0 0 0 0 0 0 0 0 0 0 0 0
1.23105 0.000226284 7.44138e-05 0.00015187 0.671148 0.762911 0 0 0 0 0 0 0 0 0 0 0 0 0 0 0 0 0 0 0 0 0 0 0 0 0 0 0 0 0 0 0 0 0 0 0 0 0 0 0 0 0 0 0 0 0 0 0 0 0 0 0 0 0 0 0 0 0 0 0 0 0 0 0 0 0 0 0 0 0 0 0 0 0 0 0 0 0 0 0 0 0 0
1.29424 0.000226477 7.4165e-05 0.000152312 0.672527 0.761154 0 0 0 0 0 0 0 0 0 0 0 0 0 0 0 0 0 0 0 0 0 0 0 0 0 0 0 0 0 0 0 0 0 0 0 0 0 0 0 0 0 0 0 0 0 0 0 0 0 0 0 0 0 0 0 0 0 0 0 0 0 0 0 0 0 0 0 0 0 0 0 0 0 0 0 0 0 0 0 0 0 0
1.36067 0.000226674 7.3926e-05 0.000152748 0.673866 0.759445 0 0 0 0 0 0 0 0 0 0 0 0 0 0 0 0 0 0 0 0 0 0 0 0 0 0 0 0 0 0 0 0 0 0 0 0 0 0 0 0 0 0 0 0 0 0 0 0 0 0 0 0 0 0 0 0 0 0 0 0 0 0 0 0 0 0 0 0 0 0 0 0 0 0 0 0 0 0 0 0 0 0
1.43051 0.000226876 7.37028e-05 0.000153173 0.675141 0.757817 0 0 0 0 0 0 0 0 0 0 0 0 0 0 0 0 0 0 0 0 0 0 0 0 0 0 0 0 0 0 0 0 0 0 0 0 0 0 0 0 0 0 0 0 0 0 0 0 0 0 0 0 0 0 0 0 0 0 0 0 0 0 0 0 0 0 0 0 0 0 0 0 0 0 0 0 0 0 0 0 0 0
1.50394 0.000227083 7.34897e-05 0.000153594 0.676376 0.756238 0 0 0 0 0 0 0 0 0 0 0 0 0 0 0 0 0 0 0 0 0 0 0 0 0 0 0 0 0 0 0 0 0 0 0 0 0 0 0 0 0 0 0 0 0 0 0 0 0 0 0 0 0 0 0 0 0 0 0 0 0 0 0 0 0 0 0 0 0 0 0 0 0 0 0 0 0 0 0 0 0 0
1.58114 0.000227298 7.32673e-05 0.000154031 0.67766 0.754614 0 0 0 0 0 0 0 0 0 0 0 0 0 0 0 0 0 0 0 0 0 0 0 0 0 0 0 0 0 0 0 0 0 0 0 0 0 0 0 0 0 0 0 0 0 0 0 0 0 0 0 0 0 0 0 0 0 0 0 0 0 0 0 0 0 0 0 0 0 0 0 0 0 0 0 0 0 0 0 0 0 0
1.6623 0.000227522 7.30238e-05 0.000154498 0.679047 0.75289 0 0 0 0 0 0 0 0 0 0 0 0 0 0 0 0 0 0 0 0 0 0 0 0 0 0 0 0 0 0 0 0 0 0 0 0 0 0 0 0 0 0 0 0 0 0 0 0 0 0 0 0 0 0 0 0 0 0 0 0 0 0 0 0 0 0 0 0 0 0 0 0 0 0 0 0 0 0 0 0 0 0
1.74763 0.000227749 7.27768e-05 0.000154972 0.680452 0.751145 0 0 0 0 0 0 0 0 0 0 0 0 0 0 0 0 0 0 0 0 0 0 0 0 0 0 0 0 0 0 0 0 0 0 0 0 0 0 0 0 0 0 0 0 0 0 0 0 0 0 0 0 0 0 0 0 0 0 0 0 0 0 0 0 0 0 0 0 0 0 0 0 0 0 0 0 0 0 0 0 0 0
1.83733 0.000227983 7.25401e-05 0.000155442 0.681817 0.749455 0 0 0 0 0 0 0 0 0 0 0 0 0 0 0 0 0 0 0 0 0 0 0 0 0 0 0 0 0 0 0 0 0 0 0 0 0 0 0 0 0 0 0 0 0 0 0 0 0 0 0 0 0 0 0 0 0 0 0 0 0 0 0 0 0 0 0 0 0 0 0 0 0 0 0 0 0 0 0 0 0 0
1.93164 0.000228222 7.23044e-05 0.000155917 0.683184 0.747774 0 0 0 0 0 0 0 0 0 0 0 0 0 0 0 0 0 0 0 0 0 0 0 0 0 0 0 0 0 0 0 0 0 0 0 0 0 0 0 0 0 0 0 0 0 0 0 0 0 0 0 0 0 0 0 0 0 0 0 0 0 0 0 0 0 0 0 0 0 0 0 0 0 0 0 0 0 0 0 0 0 0
2.03079 0.000228468 7.20679e-05 0.0001564 0.68456 0.746096 0 0 0 0 0 0 0 0 0 0 0 0 0 0 0 0 0 0 0 0 0 0 0 0 0 0 0 0 0 0 0 0 0 0 0 0 0 0 0 0 0 0 0 0 0 0 0 0 0 0 0 0 0 0 0 0 0 0 0 0 0 0 0 0 0 0 0 0 0 0 0 0 0 0 0 0 0 0 0 0 0 0
2.13503 0.000228721 7.1817e-05 0.000156904 0.686006 0.744343 0 0 0 0 0 0 0 0 0 0 0 0 0 0 0 0 0 0 0 0 0 0 0 0 0 0 0 0 0 0 0 0 0 0 0 0 0 0 0 0 0 0 0 0 0 0 0 0 0 0 0 0 0 0 0 0 0 0 0 0 0 0 0 0 0 0 0 0 0 0 0 0 0 0 0 0 0 0 0 0 0 0
2.24463 0.000228978 7.15697e-05 0.000157408 0.687438 0.742625 0 0 0 0 0 0 0 0 0 0 0 0 0 0 0 0 0 0 0 0 0 0 0 0 0 0 0 0 0 0 0 0 0 0 0 0 0 0 0 0 0 0 0 0 0 0 0 0 0 0 0 0 0 0 0 0 0 0 0 0 0 0 0 0 0 0 0 0 0 0 0 0 0 0 0 0 0 0 0 0 0 0
2.35984 0.000229241 7.1331e-05 0.00015791 0.688839 0.740946 0 0 0 0 0 0 0 0 0 0 0 0 0 0 0 0 0 0 0 0 0 0 0 0 0 0 0 0 0 0 0 0 0 0 0 0 0 0 0 0 0 0 0 0 0 0 0 0 0 0 0 0 0 0 0 0 0 0 0 0 0 0 0 0 0 0 0 0 0 0 0 0 0 0 0 0 0 0 0 0 0 0
2.48097 0.000229511 7.10961e-05 0.000158415 0.690229 0.7393 0 0 0 0 0 0 0 0 0 0 0 0 0 0 0 0 0 0 0 0 0 0 0 0 0 0 0 0 0 0 0 0 0 0 0 0 0 0 0 0 0 0 0 0 0 0 0 0 0 0 0 0 0 0 0 0 0 0 0 0 0 0 0 0 0 0 0 0 0 0 0 0 0 0 0 0 0 0 0 0 0 0
2.60832 0.000229788 7.08298e-05 0.000158958 0.69176 0.737515 0 0 0 0 0 0 0 0 0 0 0 0 0 0 0 0 0 0 0 0 0 0 0 0 0 0 0 0 0 0 0 0 0 0 0 0 0 0 0 0 0 0 0 0 0 0 0 0 0 0 0 0 0 0 0 0 0 0 0 0 0 0 0 0 0 0 0 0 0 0 0 0 0 0 0 0 0 0 0 0 0 0
2.74221 0.00023007 7.05542e-05 0.000159516 0.693336 0.735699 0 0 0 0 0 0 0 0 0 0 0 0 0 0 0 0 0 0 0 0 0 0 0 0 0 0 0 0 0 0 0 0 0 0 0 0 0 0 0 0 0 0 0 0 0 0 0 0 0 0 0 0 0 0 0 0 0 0 0 0 0 0 0 0 0 0 0 0 0 0 0 0 0 0 0 0 0 0 0 0 0 0
2.88297 0.000230355 7.03016e-05 0.000160053 0.694812 0.734001 0 0 0 0 0 0 0 0 0 0 0 0 0 0 0 0 0 0 0 0 0 0 0 0 0 0 0 0 0 0 0 0 0 0 0 0 0 0 0 0 0 0 0 0 0 0 0 0 0 0 0 0 0 0 0 0 0 0 0 0 0 0 0 0 0 0 0 0 0 0 0 0 0 0 0 0 0 0 0 0 0 0
3.03095 0.000230646 7.00437e-05 0.000160602 0.696315 0.732299 0 0 0 0 0 0 0 0 0 0 0 0 0 0 0 0 0 0 0 0 0 0 0 0 0 0 0 0 0 0 0 0 0 0 0 0 0 0 0 0 0 0 0 0 0 0 0 0 0 0 0 0 0 0 0 0 0 0 0 0 0 0 0 0 0 0 0 0 0 0 0 0 0 0 0 0 0 0 0 0 0 0
3.18653 0.00023094 6.97784e-05 0.000161161 0.69785 0.730572 0 0 0 0 0 0 0 0 0 0 0 0 0 0 0 0 0 0 0 0 0 0 0 0 0 0 0 0 0 0 0 0 0 0 0 0 0 0 0 0 0 0 0 0 0 0 0 0 0 0 0 0 0 0 0 0 0 0 0 0 0 0 0 0 0 0 0 0 0 0 0 0 0 0 0 0 0 0 0 0 0 0
3.35009 0.000231239 6.95105e-05 0.000161729 0.6994 0.728848 0 0 0 0 0 0 0 0 0 0 0 0 0 0 0 0 0 0 0 0 0 0 0 0 0 0 0 0 0 0 0 0 0 0 0 0 0 0 0 0 0 0 0 0 0 0 0 0 0 0 0 0 0 0 0 0 0 0 0 0 0 0 0 0 0 0 0 0 0 0 0 0 0 0 0 0 0 0 0 0 0 0
3.52205 0.000231535 6.92473e-05 0.000162288 0.700921 0.727152 0 0 0 0 0 0 0 0 0 0 0 0 0 0 0 0 0 0 0 0 0 0 0 0 0 0 0 0 0 0 0 0 0 0 0 0 0 0 0 0 0 0 0 0 0 0 0 0 0 0 0 0 0 0 0 0 0 0 0 0 0 0 0 0 0 0 0 0 0 0 0 0 0 0 0 0 0 0 0 0 0 0
3.70284 0.000231848 6.89863e-05 0.000162862 0.702451 0.7255 0 0 0 0 0 0 0 0 0 0 0 0 0 0 0 0 0 0 0 0 0 0 0 0 0 0 0 0 0 0 0 0 0 0 0 0 0 0 0 0 0 0 0 0 0 0 0 0 0 0 0 0 0 0 0 0 0 0 0 0 0 0 0 0 0 0 0 0 0 0 0 0 0 0 0 0 0 0 0 0 0 0
3.89291 0.000232162 6.87336e-05 0.000163428 0.703941 0.723894 0 0 0 0 0 0 0 0 0 0 0 0 0 0 0 0 0 0 0 0 0 0 0 0 0 0 0 0 0 0 0 0 0 0 0 0 0 0 0 0 0 0 0 0 0 0 0 0 0 0 0 0 0 0 0 0 0 0 0 0 0 0 0 0 0 0 0 0 0 0 0 0 0 0 0 0 0 0 0 0 0 0
4.09273 0.00023249 6.8461e-05 0.000164029 0.705531 0.722239 0 0 0 0 0 0 0 0 0 0 0 0 0 0 0 0 0 0 0 0 0 0 0 0 0 0 0 0 0 0 0 0 0 0 0 0 0 0 0 0 0 0 0 0 0 0 0 0 0 0 0 0 0 0 0 0 0 0 0 0 0 0 0 0 0 0 0 0 0 0 0 0 0 0 0 0 0 0 0 0 0 0
4.30281 0.000232832 6.81853e-05 0.000164646 0.707148 0.720605 0 0 0 0 0 0 0 0 0 0 0 0 0 0 0 0 0 0 0 0 0 0 0 0 0 0 0 0 0 0 0 0 0 0 0 0 0 0 0 0 0 0 0 0 0 0 0 0 0 0 0 0 0 0 0 0 0 0 0 0 0 0 0 0 0 0 0 0 0 0 0 0 0 0 0 0 0 0 0 0 0 0
4.52368 0.000233119 6.79071e-05 0.000165212 0.708702 0.718927 0 0 0 0 0 0 0 0 0 0 0 0 0 0 0 0 0 0 0 0 0 0 0 0 0 0 0 0 0 0 0 0 0 0 0 0 0 0 0 0 0 0 0 0 0 0 0 0 0 0 0 0 0 0 0 0 0 0 0 0 0 0 0 0 0 0 0 0 0 0 0 0 0 0 0 0 0 0 0 0 0 0
4.75588 0.00023347 6.76274e-05 0.000165843 0.710338 0.717317 0 0 0 0 0 0 0 0 0 0 0 0 0 0 0 0 0 0 0 0 0 0 0 0 0 0 0 0 0 0 0 0 0 0 0 0 0 0 0 0 0 0 0 0 0 0 0 0 0 0 0 0 0 0 0 0 0 0 0 0 0 0 0 0 0 0 0 0 0 0 0 0 0 0 0 0 0 0 0 0 0 0
5 0.000233747 6.73434e-05 0.000166404 0.711897 0.71565 0 0 0 0 0 0 0 0 0 0 0 0 0 0 0 0 0 0 0 0 0 0 0 0 0 0 0 0 0 0 0 0 0 0 0 0 0 0 0 0 0 0 0 0 0 0 0 0 0 0 0 0 0 0 0 0 0 0 0 0 0 0 0 0 0 0 0 0 0 0 0 0 0 0 0 0 0 0 0 0 0 0
5.25665 0.000234178 6.70286e-05 0.00016715 0.713771 0.714034 0 0 0 0 0 0 0 0 0 0 0 0 0 0 0 0 0 0 0 0 0 0 0 0 0 0 0 0 0 0 0 0 0 0 0 0 0 0 0 0 0 0 0 0 0 0 0 0 0 0 0 0 0 0 0 0 0 0 0 0 0 0 0 0 0 0 0 0 0 0 0 0 0 0 0 0 0 0 0 0 0 0
5.52648 0.00023443 6.67076e-05 0.000167723 0.715448 0.712259 0 0 0 0 0 0 0 0 0 0 0 0 0 0 0 0 0 0 0 0 0 0 0 0 0 0 0 0 0 0 0 0 0 0 0 0 0 0 0 0 0 0 0 0 0 0 0 0 0 0 0 0 0 0 0 0 0 0 0 0 0 0 0 0 0 0 0 0 0 0 0 0 0 0 0 0 0 0 0 0 0 0
5.81015 0.000234745 6.64008e-05 0.000168344 0.717137 0.710626 0 0 0 0 0 0 0 0 0 0 0 0 0 0 0 0 0 0 0 0 0 0 0 0 0 0 0 0 0 0 0 0 0 0 0 0 0 0 0 0 0 0 0 0 0 0 0 0 0 0 0 0 0 0 0 0 0 0 0 0 0 0 0 0 0 0 0 0 0 0 0 0 0 0 0 0 0 0 0 0 0 0
6.10839 0.000235208 6.60938e-05 0.000169114 0.718999 0.709141 0 0 0 0 0 0 0 0 0 0 0 0 0 0 0 0 0 0 0 0 0 0 0 0 0 0 0 0 0 0 0 0 0 0 0 0 0 0 0 0 0 0 0 0 0 0 0 0 0 0 0 0 0 0 0 0 0 0 0 0 0 0 0 0 0 0 0 0 0 0 0 0 0 0 0 0 0 0 0 0 0 0
6.42193 0.000235556 6.58054e-05 0.000169751 0.720638 0.707638 0 0 0 0 0 0 0 0 0 0 0 0 0 0 0 0 0 0 0 0 0 0 0 0 0 0 0 0 0 0 0 0 0 0 0 0 0 0 0 0 0 0 0 0 0 0 0 0 0 0 0 0 0 0 0 0 0 0 0 0 0 0 0 0 0 0 0 0 0 0 0 0 0 0 0 0 0 0 0 0 0 0
6.75157 0.000235871 6.54967e-05 0.000170375 0.72232 0.706072 0 0 0 0 0 0 0 0 0 0 0 0 0 0 0 0 0 0 0 0 0 0 0 0 0 0 0 0 0 0 0 0 0 0 0 0 0 0 0 0 0 0 0 0 0 0 0 0 0 0 0 0 0 0 0 0 0 0 0 0 0 0 0 0 0 0 0 0 0 0 0 0 0 0 0 0 0 0 0 0 0 0
7.09813 0.000236204 6.51964e-05 0.000171007 0.723982 0.704556 0 0 0 0 0 0 0 0 0 0 0 0 0 0 0 0 0 0 0 0 0 0 0 0 0 0 0 0 0 0 0 0 0 0 0 0 0 0 0 0 0 0 0 0 0 0 0 0 0 0 0 0 0 0 0 0 0 0 0 0 0 0 0 0 0 0 0 0 0 0 0 0 0 0 0 0 0 0 0 0 0 0
7.46248 0.000236505 6.4916e-05 0.000171589 0.72552 0.70311 0 0 0 0 0 0 0 0 0 0 0 0 0 0 0 0 0 0 0 0 0 0 0 0 0 0 0 0 0 0 0 0 0 0 0 0 0 0 0 0 0 0 0 0 0 0 0 0 0 0 0 0 0 0 0 0 0 0 0 0 0 0 0 0 0 0 0 0 0 0 0 0 0 0 0 0 0 0 0 0 0 0
7.84553 0.000236873 6.46391e-05 0.000172234 0.727115 0.701749 0 0 0 0 0 0 0 0 0 0 0 0 0 0 0 0 0 0 0 0 0 0 0 0 0 0 0 0 0 0 0 0 0 0 0 0 0 0 0 0 0 0 0 0 0 0 0 0 0 0 0 0 0 0 0 0 0 0 0 0 0 0 0 0 0 0 0 0 0 0 0 0 0 0 0 0 0 0 0 0 0 0
8.24824 0.000237294 6.4336e-05 0.000172958 0.728876 0.700363 0 0 0 0 0 0 0 0 0 0 0 0 0 0 0 0 0 0 0 0 0 0 0 0 0 0 0 0 0 0 0 0 0 0 0 0 0 0 0 0 0 0 0 0 0 0 0 0 0 0 0 0 0 0 0 0 0 0 0 0 0 0 0 0 0 0 0 0 0 0 0 0 0 0 0 0 0 0 0 0 0 0
8.67162 0.00023775 6.40538e-05 0.000173696 0.730583 0.699149 0 0 0 0 0 0 0 0 0 0 0 0 0 0 0 0 0 0 0 0 0 0 0 0 0 0 0 0 0 0 0 0 0 0 0 0 0 0 0 0 0 0 0 0 0 0 0 0 0 0 0 0 0 0 0 0 0 0 0 0 0 0 0 0 0 0 0 0 0 0 0 0 0 0 0 0 0 0 0 0 0 0
9.11674 0.000238114 6.37934e-05 0.000174321 0.732089 0.697912 0 0 0 0 0 0 0 0 0 0 0 0 0 0 0 0 0 0 0 0 0 0 0 0 0 0 0 0 0 0 0 0 0 0 0 0 0 0 0 0 0 0 0 0 0 0 0 0 0 0 0 0 0 0 0 0 0 0 0 0 0 0 0 0 0 0 0 0 0 0 0 0 0 0 0 0 0 0 0 0 0 0
9.5847 0.000238357 6.35716e-05 0.000174786 0.733293 0.696738 0 0 0 0 0 0 0 0 0 0 0 0 0 0 0 0 0 0 0 0 0 0 0 0 0 0 0 0 0 0 0 0 0 0 0 0 0 0 0 0 0 0 0 0 0 0 0 0 0 0 0 0 0 0 0 0 0 0 0 0 0 0 0 0 0 0 0 0 0 0 0 0 0 0 0 0 0 0 0 0 0 0
10.0767 0.000238546 6.3364e-05 0.000175182 0.734374 0.695595 0 0 0 0 0 0 0 0 0 0 0 0 0 0 0 0 0 0 0 0 0 0 0 0 0 0 0 0 0 0 0 0 0 0 0 0 0 0 0 0 0 0 0 0 0 0 0 0 0 0 0 0 0 0 0 0 0 0 0 0 0 0 0 0 0 0 0 0 0 0 0 0 0 0 0 0 0 0 0 0 0 0
10.5939 0.000238877 6.31578e-05 0.00017572 0.735606 0.694615 0 0 0 0 0 0 0 0 0 0 0 0 0 0 0 0 0 0 0 0 0 0 0 0 0 0 0 0 0 0 0 0 0 0 0 0 0 0 0 0 0 0 0 0 0 0 0 0 0 0 0 0 0 0 0 0 0 0 0 0 0 0 0 0 0 0 0 0 0 0 0 0 0 0 0 0 0 0 0 0 0 0
11.1377 0.000239376 6.3002e-05 0.000176374 0.736807 0.694116 0 0 0 0 0 0 0 0 0 0 0 0 0 0 0 0 0 0 0 0 0 0 0 0 0 0 0 0 0 0 0 0 0 0 0 0 0 0 0 0 0 0 0 0 0 0 0 0 0 0 0 0 0 0 0 0 0 0 0 0 0 0 0 0 0 0 0 0 0 0 0 0 0 0 0 0 0 0 0 0 0 0
11.7094 0.000239749 6.24854e-05 0.000177263 0.739371 0.691204 0 0 0 0 0 0 0 0 0 0 0 0 0 0 0 0 0 0 0 0 0 0 0 0 0 0 0 0 0 0 0 0 0 0 0 0 0 0 0 0 0 0 0 0 0 0 0 0 0 0 0 0 0 0 0 0 0 0 0 0 0 0 0 0 0 0 0 0 0 0 0 0 0 0 0 0 0 0 0 0 0 0
12.3105 0.000240084 6.24385e-05 0.000177645 0.73993 0.69137 0 0 0 0 0 0 0 0 0 0 0 0 0 0 0 0 0 0 0 0 0 0 0 0 0 0 0 0 0 0 0 0 0 0 0 0 0 0 0 0 0 0 0 0 0 0 0 0 0 0 0 0 0 0 0 0 0 0 0 0 0 0 0 0 0 0 0 0 0 0 0 0 0 0 0 0 0 0 0 0 0 0
12.9424 0.000240587 6.21621e-05 0.000178425 0.741623 0.690497 0 0 0 0 0 0 0 0 0 0 0 0 0 0 0 0 0 0 0 0 0 0 0 0 0 0 0 0 0 0 0 0 0 0 0 0 0 0 0 0 0 0 0 0 0 0 0 0 0 0 0 0 0 0 0 0 0 0 0 0 0 0 0 0 0 0 0 0 0 0 0 0 0 0 0 0 0 0 0 0 0 0
13.6067 0.000240942 6.18942e-05 0.000179048 0.743116 0.689551 0 0 0 0 0 0 0 0 0 0 0 0 0 0 0 0 0 0 0 0 0 0 0 0 0 0 0 0 0 0 0 0 0 0 0 0 0 0 0 0 0 0 0 0 0 0 0 0 0 0 0 0 0 0 0 0 0 0 0 0 0 0 0 0 0 0 0 0 0 0 0 0 0 0 1.4013e-45 0 1.4013e-45 0 4.2039e-45 0 7.00649e-45 0
14.3051 0.000241253 6.1656e-05 0.000179597 0.744435 0.688667 0 0 0 0 0 0 0 0 0 0 0 0 0 0 0 0 0 0 0 0 0 0 0 0 0 0 0 0 0 0 0 0 0 0 0 0 0 0 0 0 0 0 0 0 0 0 0 0 0 0 0 0 0 0 0 0 0 0 0 0 1.4013e-45 0 2.8026e-45 0 7.00649e-45 0 1.4013e-44 0 2.8026e-44 0 5.60519e-44 0 1.13505e-43 0 2.11596e-43 0 4.06377e-43 0 7.72115e-43 0 1.36206e-42 0
15.0394 0.000241676 6.14377e-05 0.000180238 0.745785 0.687932 0 0 0 0 0 0 0 0 0 0 0 0 0 0 0 0 0 0 0 0 0 0 0 0 0 0 0 0 0 0 0 0 0 0 0 0 0 0 0 0 0 0 0 0 0 0 0 0 1.4013e-45 0 4.2039e-45 0 9.80909e-45 0 2.24208e-44 0 5.46506e-44 0 1.23314e-43 0 2.73253e-43 0 5.98354e-43 0 1.2948e-42 0 2.5854e-42 0 5.11894e-42 0 1.00487e-41 0 1.95565e-41 0 3.53576e-41 0 6.55878e-41 0 1.20785e-40 0 2.07331e-40 0
15.8114 0.000242023 6.12472e-05 0.000180776 0.746937 0.687239 0 0 0 0 0 0 0 0 0 0 0 0 0 0 0 0 0 0 0 0 0 0 0 0 0 0 0 0 0 0 0 0 0 0 0 0 0 0 1.4013e-45 0 2.8026e-45 0 1.12104e-44 0 3.36312e-44 0 9.66896e-44 0 2.67648e-43 0 7.04853e-43 0 1.75583e-42 0 4.16046e-42 0 9.72081e-42 0 2.09144e-41 0 4.45024e-41 0 9.36768e-41 0 1.95115e-40 0 3.76771e-40 0 7.21482e-40 0 1.37026e-39 0 2.5815e-39 0 4.53413e-39 0 8.16087e-39 0 1.45875e-38 0 2.43879e-38 0
16.623 0.000242394 6.10347e-05 0.000181359 0.7482 0.686558 0 0 0 0 0 0 0 0 0 0 0 0 0 0 0 0 0 0 0 0 0 0 0 0 0 0 0 0 0 0 1.4013e-45 0 2.8026e-45 0 1.4013e-44 0 5.88545e-44 0 2.01787e-43 0 6.75426e-43 0 2.04449e-42 0 6.05221e-42 0 1.62957e-41 0 4.30787e-41 0 1.08019e-40 0 2.575e-40 0 5.84819e-40 0 1.31096e-39 0 2.71688e-39 0 5.57176e-39 0 1.13098e-38 0 2.27277e-38 0 4.25002e-38 0 7.88429e-38 0 1.45123e-37 0 2.65081e-37 0 4.52956e-37 0 7.92203e-37 0 1.37646e-36 0 2.2442e-36 0
17.4762 0.000242736 6.0799e-05 0.000181937 0.749526 0.685848 0 0 0 0 0 0 0 0 0 0 0 0 0 0 0 0 0 0 0 0 0 0 0 0 1.4013e-45 0 5.60519e-45 0 3.08286e-44 0 1.5134e-43 0 6.61413e-43 0 2.66807e-42 0 1.00011e-41 0 3.24317e-41 0 1.02466e-40 0 2.93796e-40 0 8.24581e-40 0 2.1155e-39 0 5.33343e-39 0 1.27865e-38 0 2.92151e-38 0 6.3747e-38 0 1.37376e-37 0 2.74751e-37 0 5.44043e-37 0 1.06681e-36 0 2.07198e-36 0 3.75793e-36 0 6.76422e-36 0 1.20852e-35 0 2.14349e-35 0 3.56812e-35 0 6.07248e-35 0 1.02702e-34 0 1.63498e-34 0
18.3733 0.000243039 6.05487e-05 0.000182491 0.750869 0.685136 0 0 0 0 0 0 0 0 0 0 0 0 0 0 0 0 0 0 0 0 2.8026e-45 0 2.10195e-44 0 1.56945e-43 0 9.79508e-43 0 5.32353e-42 0 2.43896e-41 0 9.90956e-41 0 3.73632e-40 0 1.31299e-39 0 4.02013e-39 0 1.20077e-38 0 3.27034e-38 0 8.72765e-38 0 2.13845e-37 0 5.1533e-37 0 1.18383e-36 0 2.59791e-36 0 5.45673e-36 0 1.13267e-35 0 2.18995e-35 0 4.19413e-35 0 7.95821e-35 0 1.49637e-34 0 2.6362e-34 0 4.61088e-34 0 8.00785e-34 0 1.38112e-33 0 2.24256e-33 0 3.71874e-33 0 6.1301e-33 0 9.53983e-33 0
19.3164 0.000243293 6.02181e-05 0.000183074 0.752487 0.684207 0 0 0 0 0 0 0 0 0 0 0 0 0 0 0 0 2.8026e-45 0 3.78351e-44 0 4.2039e-43 0 3.58452e-42 0 2.4803e-41 0 1.42064e-40 0 7.1091e-40 0 3.02366e-39 0 1.14723e-38 0 4.05417e-38 0 1.33989e-37 0 3.88437e-37 0 1.09986e-36 0 2.8525e-36 0 7.25633e-36 0 1.70183e-35 0 3.92873e-35 0 8.66606e-35 0 1.83017e-34 0 3.70734e-34 0 7.42587e-34 0 1.39027e-33 0 2.57946e-33 0 4.74373e-33 0 8.6488e-33 0 1.48213e-32 0 2.52254e-32 0 4.26447e-32 0 7.16181e-32 0 1.13568e-31 0 1.83732e-31 0 2.95569e-31 0 4.50146e-31 0
20.3079 0.000243415 5.96692e-05 0.000183745 0.754866 0.682717 0 0 0 0 0 0 0 0 0 0 0 0 0 0 2.24208e-44 0 4.49817e-43 0 6.28763e-42 0 6.26128e-41 0 4.80116e-40 0 3.02311e-39 0 1.59009e-38 0 7.35544e-38 0 2.91495e-37 0 1.03627e-36 0 3.44316e-36 0 1.07344e-35 0 2.95433e-35 0 7.95073e-35 0 1.96828e-34 0 4.78388e-34 0 1.07623e-33 0 2.38508e-33 0 5.0617e-33 0 1.03066e-32 0 2.01706e-32 0 3.90547e-32 0 7.09132e-32 0 1.27659e-31 0 2.2789e-31 0 4.03483e-31 0 6.73496e-31 0 1.11689e-30 0 1.84036e-30 0 3.01348e-30 0 4.67226e-30 0 7.38335e-30 0 1.1605e-29 0 1.7315e-29 0
21.3503 0.000243403 5.90214e-05 0.000184381 0.757516 0.680777 0 0 0 0 0 0 0 0 0 0 1.4013e-45 0 1.20512e-43 0 3.72745e-42 0 6.57952e-41 0 8.07693e-40 0 7.18968e-39 0 4.99115e-38 0 2.87272e-37 0 1.39335e-36 0 5.98096e-36 0 2.21613e-35 0 7.40532e-35 0 2.32042e-34 0 6.84347e-34 0 1.79263e-33 0 4.5967e-33 0 1.08869e-32 0 2.53377e-32 0 5.47899e-32 0 1.16795e-31 0 2.38926e-31 0 4.69898e-31 0 8.89957e-31 0 1.66845e-30 0 2.94252e-30 0 5.14728e-30 0 8.9323e-30 0 1.53798e-29 0 2.50378e-29 0 4.05085e-29 0 6.51404e-29 0 1.04126e-28 0 1.58022e-28 0 2.44198e-28 0 3.75445e-28 0 5.49335e-28 0
22.4463 0.000243304 5.82029e-05 0.000185101 0.760782 0.678027 0 0 0 0 0 0 0 0 2.8026e-45 0 3.37713e-43 0 1.84285e-41 0 4.8354e-40 0 7.41866e-39 0 8.05768e-38 0 6.44638e-37 0 4.0712e-36 0 2.15131e-35 0 9.66027e-35 0 3.86196e-34 0 1.34233e-33 0 4.2289e-33 0 1.25323e-32 0 3.50598e-32 0 8.76202e-32 0 2.14582e-31 0 4.87271e-31 0 1.08823e-30 0 2.26621e-30 0 4.65558e-30 0 9.1968e-30 0 1.74999e-29 0 3.21262e-29 0 5.84088e-29 0 1.00197e-28 0 1.70551e-28 0 2.88106e-28 0 4.83078e-28 0 7.67945e-28 0 1.21361e-27 0 1.90682e-27 0 2.97901e-27 0 4.42982e-27 0 6.70165e-27 0 1.00894e-26 0 1.44906e-26 0
23.5984 0.000243232 5.71225e-05 0.00018611 0.765153 0.67389 0 0 0 0 0 0 0 0 3.8816e-43 0 4.84401e-41 0 2.17232e-39 0 4.85954e-38 0 6.52513e-37 0 6.30808e-36 0 4.55943e-35 0 2.63171e-34 0 1.28209e-33 0 5.35005e-33 0 1.99891e-32 0 6.53777e-32 0 1.94744e-31 0 5.47311e-31 0 1.45612e-30 0 3.47993e-30 0 8.1577e-30 0 1.77973e-29 0 3.8218e-29 0 7.6788e-29 0 1.523e-28 0 2.91024e-28 0 5.36643e-28 0 9.56376e-28 0 1.68877e-27 0 2.82166e-27 0 4.67979e-27 0 7.70561e-27 0 1.25983e-26 0 1.95793e-26 0 3.0258e-26 0 4.65041e-26 0 7.10877e-26 0 1.0368e-25 0 1.53714e-25 0 2.26841e-25 0 3.20085e-25 0
24.8097 0.000243358 5.56604e-05 0.000187697 0.771281 0.667677 0 0 0 0 0 0 1.12104e-43 0 5.41083e-41 0 5.33743e-39 0 1.98794e-37 0 3.82101e-36 0 4.51958e-35 0 3.91111e-34 0 2.56668e-33 0 1.35997e-32 0 6.13248e-32 0 2.38661e-31 0 8.36121e-31 0 2.58094e-30 0 7.28902e-30 0 1.94772e-29 0 4.94018e-29 0 1.13147e-28 0 2.54434e-28 0 5.34343e-28 0 1.10542e-27 0 2.14664e-27 0 4.11762e-27 0 7.62329e-27 0 1.36435e-26 0 2.36383e-26 0 4.05977e-26 0 6.6153e-26 0 1.07039e-25 0 1.72009e-25 0 2.74557e-25 0 4.17606e-25 0 6.31802e-25 0 9.50865e-25 0 1.42372e-24 0 2.03855e-24 0 2.96476e-24 0 4.29285e-24 0 5.95647e-24 0
26.0832 0.000243855 5.40281e-05 0.000189827 0.778442 0.65928 0 0 0 0 2.8026e-45 0 1.62985e-41 0 5.82802e-39 0 4.5944e-37 0 1.43415e-35 0 2.3861e-34 0 2.50164e-33 0 1.94836e-32 0 1.1664e-31 0 5.69703e-31 0 2.38682e-30 0 8.69265e-30 0 2.86454e-29 0 8.36882e-29 0 2.24668e-28 0 5.72214e-28 0 1.38688e-27 0 3.05047e-27 0 6.59349e-27 0 1.33545e-26 0 2.66638e-26 0 5.0128e-26 0 9.31441e-26 0 1.67337e-25 0 2.91093e-25 0 4.90986e-25 0 8.21272e-25 0 1.30672e-24 0 2.06525e-24 0 3.2428e-24 0 5.05927e-24 0 7.53928e-24 0 1.1178e-23 0 1.64905e-23 0 2.42091e-23 0 3.40617e-23 0 4.86398e-23 0 6.91671e-23 0 9.44491e-23 0
27.4221 0.000244672 5.23305e-05 0.000192342 0.78612 0.649643 0 0 0 0 3.93765e-43 0 1.83214e-39 0 4.91675e-37 0 3.1317e-35 0 8.26388e-34 0 1.19856e-32 0 1.12039e-31 0 7.89387e-31 0 4.33037e-30 0 1.95747e-29 0 7.64696e-29 0 2.61466e-28 0 8.1289e-28 0 2.25376e-27 0 5.76561e-27 0 1.40294e-26 0 3.25647e-26 0 6.89225e-26 0 1.43472e-25 0 2.80747e-25 0 5.41934e-25 0 9.87914e-25 0 1.78097e-24 0 3.10936e-24 0 5.26468e-24 0 8.65613e-24 0 1.412e-23 0 2.19625e-23 0 3.39442e-23 0 5.21371e-23 0 7.95944e-23 0 1.16323e-22 0 1.69181e-22 0 2.44892e-22 0 3.52841e-22 0 4.88233e-22 0 6.85169e-22 0 9.57723e-22 0 1.28805e-21 0
28.8297 0.00024587 5.07511e-05 0.000195119 0.793586 0.639136 0 0 0 0 5.24296e-41 0 1.61518e-37 0 3.29884e-35 0 1.71546e-33 0 3.85821e-32 0 4.91082e-31 0 4.11595e-30 0 2.63628e-29 0 1.33086e-28 0 5.58875e-28 0 2.04275e-27 0 6.57768e-27 0 1.93481e-26 0 5.10378e-26 0 1.24713e-25 0 2.9057e-25 0 6.47295e-25 0 1.32074e-24 0 2.65264e-24 0 5.02333e-24 0 9.39027e-24 0 1.66234e-23 0 2.91179e-23 0 4.94719e-23 0 8.16382e-23 0 1.31009e-22 0 2.08659e-22 0 3.17626e-22 0 4.80584e-22 0 7.22855e-22 0 1.08098e-21 0 1.55079e-21 0 2.2146e-21 0 3.14831e-21 0 4.45593e-21 0 6.06875e-21 0 8.37692e-21 0 1.15193e-20 0 1.52698e-20 0
30.3095 0.000247297 4.92506e-05 0.000198047 0.800844 0.628591 0 0 2.8026e-45 0 5.42632e-39 0 1.12934e-35 0 1.779e-33 0 7.62802e-32 0 1.47369e-30 0 1.65667e-29 0 1.25162e-28 0 7.32175e-28 0 3.41529e-27 0 1.33716e-26 0 4.58775e-26 0 1.39528e-25 0 3.89359e-25 0 9.79572e-25 0 2.29146e-24 0 5.12289e-24 0 1.09745e-23 0 2.16261e-23 0 4.19809e-23 0 7.70594e-23 0 1.39716e-22 0 2.40535e-22 0 4.09953e-22 0 6.78722e-22 0 1.09296e-21 0 1.7139e-21 0 2.6684e-21 0 3.97944e-21 0 5.90057e-21 0 8.70001e-21 0 1.27571e-20 0 1.7982e-20 0 2.52362e-20 0 3.52652e-20 0 4.90729e-20 0 6.58343e-20 0 8.94546e-20 0 1.21113e-19 0 1.58352e-19 0
31.8653 0.00024889 4.80365e-05 0.000200853 0.806997 0.618988 0 0 4.40008e-43 0 4.43933e-37 0 6.36244e-34 0 7.82872e-32 0 2.79405e-30 0 4.67134e-29 0 4.66622e-28 0 3.1939e-27 0 1.714e-26 0 7.41597e-26 0 2.71633e-25 0 8.77524e-25 0 2.52776e-24 0 6.70909e-24 0 1.61357e-23 0 3.62112e-23 0 7.78371e-23 0 1.60658e-22 0 3.06276e-22 0 5.756e-22 0 1.02569e-21 0 1.80643e-21 0 3.02853e-21 0 5.02901e-21 0 8.12363e-21 0 1.27809e-20 0 1.96066e-20 0 2.98731e-20 0 4.36895e-20 0 6.35472e-20 0 9.19367e-20 0 1.32314e-19 0 1.83405e-19 0 2.5317e-19 0 3.48048e-19 0 4.76572e-19 0 6.30244e-19 0 8.43642e-19 0 1.12543e-18 0 1.45234e-18 0
33.5009 0.000250588 4.68465e-05 0.000203742 0.813054 0.609705 0 0 5.62747e-41 0 2.88964e-35 0 2.90434e-32 0 2.82532e-30 0 8.46858e-29 0 1.23395e-27 0 1.10159e-26 0 6.8642e-26 0 3.39353e-25 0 1.36694e-24 0 4.69935e-24 0 1.43367e-23 0 3.92186e-23 0 9.92481e-23 0 2.28685e-22 0 4.93348e-22 0 1.02158e-21 0 2.03526e-21 0 3.75967e-21 0 6.85142e-21 0 1.18693e-20 0 2.03343e-20 0 3.32417e-20 0 5.38494e-20 0 8.49728e-20 0 1.30762e-19 0 1.96449e-19 0 2.93224e-19 0 4.20954e-19 0 6.01187e-19 0 8.54223e-19 0 1.20772e-18 0 1.6476e-18 0 2.2388e-18 0 3.03036e-18 0 4.08619e-18 0 5.33056e-18 0 7.03459e-18 0 9.25317e-18 0 1.17932e-17 0
35.2205 0.000252236 4.60268e-05 0.000206209 0.817525 0.60223 2.8026e-45 0 5.64291e-39 0 1.52482e-33 0 1.09356e-30 0 8.50748e-29 0 2.15994e-27 0 2.76135e-26 0 2.21527e-25 0 1.26242e-24 0 5.7727e-24 0 2.17237e-23 0 7.03133e-23 0 2.03141e-22 0 5.29057e-22 0 1.27951e-21 0 2.83048e-21 0 5.8813e-21 0 1.17532e-20 0 2.26407e-20 0 4.0589e-20 0 7.18311e-20 0 1.21145e-19 0 2.0216e-19 0 3.22647e-19 0 5.105e-19 0 7.87814e-19 0 1.1871e-18 0 1.74833e-18 0 2.55905e-18 0 3.60951e-18 0 5.06601e-18 0 7.07585e-18 0 9.83631e-18 0 1.32169e-17 0 1.76926e-17 0 2.35968e-17 0 3.13573e-17 0 4.0379e-17 0 5.25702e-17 0 6.82305e-17 0 8.59362e-17 0
37.0284 0.000253837 4.51465e-05 0.000208691 0.822144 0.594985 4.98862e-43 0 4.45226e-37 0 6.53279e-32 0 3.39859e-29 0 2.13763e-27 0 4.6344e-26 0 5.23168e-25 0 3.79135e-24 0 1.98459e-23 0 8.42585e-23 0 2.97213e-22 0 9.08376e-22 0 2.4919e-21 0 6.19354e-21 0 1.43468e-20 0 3.05306e-20 0 6.12126e-20 0 1.18262e-19 0 2.20636e-19 0 3.84428e-19 0 6.61632e-19 0 1.08775e-18 0 1.77034e-18 0 2.76171e-18 0 4.27285e-18 0 6.45572e-18 0 9.53484e-18 0 1.37797e-17 0 1.97979e-17 0 2.74597e-17 0 3.79075e-17 0 5.20899e-17 0 7.12562e-17 0 9.43748e-17 0 1.24547e-16 0 1.6379e-16 0 2.14657e-16 0 2.73024e-16 0 3.50906e-16 0 4.49677e-16 0 5.60024e-16 0
38.9291 0.000255256 4.43938e-05 0.000210862 0.826081 0.588839 6.14203e-41 0 2.80803e-35 0 2.30499e-30 0 8.83598e-28 0 4.54017e-26 0 8.47035e-25 0 8.49482e-24 0 5.5887e-23 0 2.69829e-22 0 1.06751e-21 0 3.54078e-21 0 1.02473e-20 0 2.67592e-20 0 6.36176e-20 0 1.41443e-19 0 2.90101e-19 0 5.62217e-19 0 1.05183e-18 0 1.9035e-18 0 3.22789e-18 0 5.41012e-18 0 8.68113e-18 0 1.37968e-17 0 2.10605e-17 0 3.18974e-17 0 4.72316e-17 0 6.84434e-17 0 9.71518e-17 0 1.37134e-16 0 1.87191e-16 0 2.54377e-16 0 3.44165e-16 0 4.63652e-16 0 6.05714e-16 0 7.88614e-16 0 1.02332e-15 0 1.32353e-15 0 1.66375e-15 0 2.1123e-15 0 2.67429e-15 0 3.29503e-15 0
40.9273 0.000256453 4.35677e-05 0.000212885 0.830114 0.582909 5.88965e-39 0 1.42505e-33 0 6.7323e-29 0 1.93022e-26 0 8.18268e-25 0 1.32336e-23 0 1.18589e-22 0 7.11634e-22 0 3.18163e-21 0 1.17699e-20 0 3.68191e-20 0 1.0117e-19 0 2.52094e-19 0 5.74518e-19 0 1.22847e-18 0 2.43277e-18 0 4.56486e-18 0 8.28294e-18 0 1.45618e-17 0 2.40649e-17 0 3.93297e-17 0 6.16685e-17 0 9.58169e-17 0 1.43273e-16 0 2.12642e-16 0 3.08889e-16 0 4.39578e-16 0 6.13377e-16 0 8.51361e-16 0 1.1446e-15 0 1.5323e-15 0 2.04279e-15 0 2.71225e-15 0 3.49735e-15 0 4.49511e-15 0 5.75919e-15 0 7.35579e-15 0 9.14395e-15 0 1.14747e-14 0 1.43612e-14 0 1.75152e-14 0
43.0281 0.000257417 4.28204e-05 0.000214596 0.833653 0.577693 4.46733e-37 0 5.90109e-32 0 1.64834e-27 0 3.58515e-25 0 1.26574e-23 0 1.78694e-22 0 1.43873e-21 0 7.91034e-21 0 3.28726e-20 0 1.14082e-19 0 3.37549e-19 0 8.82836e-19 0 2.10394e-18 0 4.60583e-18 0 9.48977e-18 0 1.81762e-17 0 3.30738e-17 0 5.82918e-17 0 9.96955e-17 0 1.60765e-16 0 2.56515e-16 0 3.93476e-16 0 5.98347e-16 0 8.77294e-16 0 1.27719e-15 0 1.82177e-15 0 2.54827e-15 0 3.49842e-15 0 4.77866e-15 0 6.33245e-15 0 8.3575e-15 0 1.09865e-14 0 1.43865e-14 0 1.8322e-14 0 2.32622e-14 0 2.94455e-14 0 3.71619e-14 0 4.57076e-14 0 5.67258e-14 0 7.02218e-14 0 8.48181e-14 0
45.2368 0.000258126 4.19672e-05 0.000216159 0.837416 0.572338 2.69971e-35 0 2.0053e-30 0 3.39794e-26 0 5.68268e-24 0 1.68585e-22 0 2.09145e-21 0 1.52086e-20 0 7.69422e-20 0 2.98263e-19 0 9.7409e-19 0 2.73348e-18 0 6.8214e-18 0 1.55816e-17 0 3.28302e-17 0 6.5297e-17 0 1.2116e-16 0 2.14115e-16 0 3.67075e-16 0 6.11566e-16 0 9.63446e-16 0 1.50259e-15 0 2.25722e-15 0 3.36296e-15 0 4.83949e-15 0 6.91746e-15 0 9.69735e-15 0 1.33441e-14 0 1.80384e-14 0 2.42672e-14 0 3.17187e-14 0 4.12987e-14 0 5.35696e-14 0 6.92305e-14 0 8.7134e-14 0 1.09347e-13 0 1.36828e-13 0 1.70733e-13 0 2.07883e-13 0 2.5529e-13 0 3.12751e-13 0 3.74292e-13 0
47.5588 0.000258741 4.14043e-05 0.000217336 0.839978 0.567866 1.32667e-33 0 5.69914e-29 0 6.00298e-25 0 7.81901e-23 0 1.96578e-21 0 2.1566e-20 0 1.42345e-19 0 6.65336e-19 0 2.41405e-18 0 7.44133e-18 0 1.98558e-17 0 4.73865e-17 0 1.03963e-16 0 2.11221e-16 0 4.06235e-16 0 7.31369e-16 0 1.25704e-15 0 2.09907e-15 0 3.41108e-15 0 5.2558e-15 0 8.02102e-15 0 1.18123e-14 0 1.72595e-14 0 2.43999e-14 0 3.42736e-14 0 4.7261e-14 0 6.4028e-14 0 8.52878e-14 0 1.13089e-13 0 1.45894e-13 0 1.87526e-13 0 2.40175e-13 0 3.06527e-13 0 3.81489e-13 0 4.73461e-13 0 5.86002e-13 0 7.23352e-13 0 8.72321e-13 0 1.06056e-12 0 1.28646e-12 0 1.52615e-12 0
50 0.000259081 4.06639e-05 0.000218417 0.843046 0.562957 5.2973e-32 0 1.35175e-27 0 9.05855e-24 0 9.30232e-22 0 1.99803e-20 0 1.95006e-19 0 1.17383e-18 0 5.08871e-18 0 1.73374e-17 0 5.05848e-17 0 1.28661e-16 0 2.94286e-16 0 6.21347e-16 0 1.21944e-15 0 2.27161e-15 0 3.97397e-15 0 6.65204e-15 0 1.08333e-14 0 1.71921e-14 0 2.59364e-14 0 3.87736e-14 0 5.60316e-14 0 8.03685e-14 0 1.11713e-13 0 1.54338e-13 0 2.09509e-13 0 2.79661e-13 0 3.6734e-13 0 4.80416e-13 0 6.12118e-13 0 7.77207e-13 0 9.83459e-13 0 1.24029e-12 0 1.52721e-12 0 1.87552e-12 0 2.29728e-12 0 2.80672e-12 0 3.35395e-12 0 4.03897e-12 0 4.8533e-12 0 5.70976e-12 0
52.5665 0.000259519 4.02006e-05 0.000219318 0.845096 0.558536 1.75529e-30 0 2.72917e-26 0 1.18955e-22 0 9.74321e-21 0 1.80169e-19 0 1.57331e-18 0 8.67583e-18 0 3.50116e-17 0 1.12356e-16 0 3.11119e-16 0 7.56065e-16 0 1.66088e-15 0 3.38108e-15 0 6.42075e-15 0 1.16029e-14 0 1.97515e-14 0 3.22408e-14 0 5.12707e-14 0 7.95511e-14 0 1.17627e-13 0 1.72428e-13 0 2.44736e-13 0 3.44908e-13 0 4.71779e-13 0 6.41582e-13 0 8.5803e-13 0 1.1293e-12 0 1.46373e-12 0 1.88939e-12 0 2.37903e-12 0 2.98565e-12 0 3.73481e-12 0 4.65711e-12 0 5.67647e-12 0 6.90152e-12 0 8.37022e-12 0 1.01269e-11 0 1.19965e-11 0 1.43162e-11 0 1.70491e-11 0 1.98992e-11 0
55.2648 0.000259753 3.96938e-05 0.000220059 0.847187 0.554236 4.83416e-29 0 4.6919e-25 0 1.35835e-21 0 8.97257e-20 0 1.43892e-18 0 1.13037e-17 0 5.73475e-17 0 2.16189e-16 0 6.55381e-16 0 1.72674e-15 0 4.0182e-15 0 8.49422e-15 0 1.6702e-14 0 3.07397e-14 0 5.39677e-14 0 8.95131e-14 0 1.4266e-13 0 2.21784e-13 0 3.36816e-13 0 4.88608e-13 0 7.02994e-13 0 9.80881e-13 0 1.35939e-12 0 1.83122e-12 0 2.45321e-12 0 3.2346e-12 0 4.2005e-12 0 5.37594e-12 0 6.85332e-12 0 8.53286e-12 0 1.05905e-11 0 1.31039e-11 0 1.61647e-11 0 1.95134e-11 0 2.34993e-11 0 2.8233e-11 0 3.38419e-11 0 3.97596e-11 0 4.704e-11 0 5.55437e-11 0 6.43416e-11 0
58.1015 0.000260021 3.93422e-05 0.000220679 0.848696 0.549732 1.12217e-27 0 6.95703e-24 0 1.36482e-20 0 7.34725e-19 0 1.02897e-17 0 7.30943e-17 0 3.42564e-16 0 1.21038e-15 0 3.47589e-15 0 8.7349e-15 0 1.95053e-14 0 3.97533e-14 0 7.56277e-14 0 1.35107e-13 0 2.30769e-13 0 3.73423e-13 0 5.81747e-13 0 8.85127e-13 0 1.31707e-12 0 1.87624e-12 0 2.65195e-12 0 3.64055e-12 0 4.96565e-12 0 6.59253e-12 0 8.70657e-12 0 1.13258e-11 0 1.45214e-11 0 1.83625e-11 0 2.31329e-11 0 2.84955e-11 0 3.4996e-11 0 4.28533e-11 0 5.23241e-11 0 6.25856e-11 0 7.46889e-11 0 8.89336e-11 0 1.05663e-10 0 1.23166e-10 0 1.44528e-10 0 1.69276e-10 0 1.94686e-10 0
61.0839 0.000260265 3.89844e-05 0.000221281 0.850213 0.545098 2.20555e-26 0 8.92736e-23 0 1.20952e-19 0 5.35978e-18 0 6.59873e-17 0 4.25958e-16 0 1.85128e-15 0 6.15017e-15 0 1.6775e-14 0 4.0301e-14 0 8.65319e-14 0 1.70333e-13 0 3.14029e-13 0 5.45334e-13 0 9.07425e-13 0 1.43426e-12 0 2.18656e-12 0 3.25938e-12 0 4.75675e-12 0 6.66019e-12 0 9.25607e-12 0 1.25115e-11 0 1.68088e-11 0 2.20092e-11 0 2.86749e-11 0 3.68254e-11 0 4.66463e-11 0 5.83127e-11 0 7.26381e-11 0 8.85706e-11 0 1.0769e-10 0 1.30571e-10 0 1.57881e-10 0 1.872e-10 0 2.21482e-10 0 2.61485e-10 0 3.08069e-10 0 3.56424e-10 0 4.14988e-10 0 4.82313e-10 0 5.50937e-10 0
64.2193 0.000260512 3.86579e-05 0.000221854 0.851608 0.54084 3.70372e-25 0 9.99369e-22 0 9.52149e-19 0 3.50629e-17 0 3.81881e-16 0 2.25057e-15 0 9.10418e-15 0 2.85233e-14 0 7.40796e-14 0 1.70516e-13 0 3.52715e-13 0 6.71717e-13 0 1.20195e-12 0 2.03178e-12 0 3.29782e-12 0 5.09728e-12 0 7.61255e-12 0 1.11285e-11 0 1.5944e-11 0 2.19602e-11 0 3.0033e-11 0 4.00029e-11 0 5.29734e-11 0 6.84557e-11 0 8.80434e-11 0 1.11696e-10 0 1.39861e-10 0 1.72945e-10 0 2.13133e-10 0 2.57378e-10 0 3.09965e-10 0 3.72304e-10 0 4.4602e-10 0 5.24467e-10 0 6.1544e-10 0 7.20731e-10 0 8.42361e-10 0 9.67669e-10 0 1.11833e-09 0 1.29025e-09 0 1.46429e-09 0
67.5157 0.000260755 3.85186e-05 0.000222236 0.85228 0.53608 5.37703e-24 0 9.86532e-21 0 6.72426e-18 0 2.07645e-16 0 2.01265e-15 0 1.08772e-14 0 4.10993e-14 0 1.21781e-13 0 3.01884e-13 0 6.6716e-13 0 1.33192e-12 0 2.45799e-12 0 4.27506e-12 0 7.04369e-12 0 1.11656e-11 0 1.6895e-11 0 2.47427e-11 0 3.5506e-11 0 4.99848e-11 0 6.7778e-11 0 9.12876e-11 0 1.19902e-10 0 1.56617e-10 0 1.99873e-10 0 2.53925e-10 0 3.1842e-10 0 3.94357e-10 0 4.82614e-10 0 5.88726e-10 0 7.04423e-10 0 8.40682e-10 0 1.00077e-09 0 1.18839e-09 0 1.38639e-09 0 1.61422e-09 0 1.87586e-09 0 2.1758e-09 0 2.4826e-09 0 2.84893e-09 0 3.26403e-09 0 3.68149e-09 0
70.9813 0.000260952 3.83182e-05 0.000222634 0.85316 0.5306 6.7552e-23 0 8.58748e-20 0 4.25652e-17 0 1.11173e-15 0 9.64459e-15 0 4.8002e-14 0 1.69976e-13 0 4.77638e-13 0 1.13269e-12 0 2.40817e-12 0 4.64809e-12 0 8.32502e-12 0 1.40933e-11 0 2.26612e-11 0 3.51232e-11 0 5.20823e-11 0 7.48666e-11 0 1.05557e-10 0 1.4614e-10 0 1.95237e-10 0 2.59162e-10 0 3.35896e-10 0 4.33065e-10 0 5.46131e-10 0 6.85761e-10 0 8.5049e-10 0 1.04237e-09 0 1.26314e-09 0 1.52598e-09 0 1.80995e-09 0 2.14148e-09 0 2.52766e-09 0 2.97647e-09 0 3.44637e-09 0 3.98301e-09 0 4.59479e-09 0 5.29101e-09 0 5.99832e-09 0 6.83732e-09 0 7.78169e-09 0 8.72553e-09 0
74.6248 0.000261391 3.81733e-05 0.000223218 0.853961 0.525926 7.41778e-22 0 6.65182e-19 0 2.43523e-16 0 5.4238e-15 0 4.23425e-14 0 1.9486e-13 0 6.48696e-13 0 1.73318e-12 0 3.94046e-12 0 8.07475e-12 0 1.50929e-11 0 2.6274e-11 0 4.33501e-11 0 6.81067e-11 0 1.03326e-10 0 1.50298e-10 0 2.12253e-10 0 2.94285e-10 0 4.01008e-10 0 5.28209e-10 0 6.91527e-10 0 8.84999e-10 0 1.12695e-09 0 1.40517e-09 0 1.74492e-09 0 2.14145e-09 0 2.59865e-09 0 3.11963e-09 0 3.73417e-09 0 4.39229e-09 0 5.15434e-09 0 6.03479e-09 0 7.04983e-09 0 8.10459e-09 0 9.30062e-09 0 1.06546e-08 0 1.21848e-08 0 1.37293e-08 0 1.55499e-08 0 1.75863e-08 0 1.96094e-08 0
78.4553 0.000261837 3.82601e-05 0.000223577 0.853878 0.521408 7.2002e-21 0 4.63287e-18 0 1.27141e-15 0 2.43358e-14 0 1.71848e-13 0 7.34045e-13 0 2.3043e-12 0 5.86819e-12 0 1.28171e-11 0 2.53607e-11 0 4.59771e-11 0 7.79005e-11 0 1.25426e-10 0 1.92756e-10 0 2.86543e-10 0 4.09247e-10 0 5.6829e-10 0 7.75451e-10 0 1.04083e-09 0 1.35266e-09 0 1.74775e-09 0 2.20995e-09 0 2.78111e-09 0 3.43056e-09 0 4.21523e-09 0 5.12167e-09 0 6.1567e-09 0 7.32535e-09 0 8.69173e-09 0 1.01429e-08 0 1.181e-08 0 1.37213e-08 0 1.5908e-08 0 1.8164e-08 0 2.0705e-08 0 2.35623e-08 0 2.67703e-08 0 2.99884e-08 0 3.37592e-08 0 3.79515e-08 0 4.2093e-08 0
82.4824 0.000261997 3.83911e-05 0.000223606 0.853467 0.51517 6.18676e-20 0 2.903e-17 0 6.05656e-15 0 1.00368e-13 0 6.44241e-13 0 2.56354e-12 0 7.61026e-12 0 1.85159e-11 0 3.89283e-11 0 7.45015e-11 0 1.31199e-10 0 2.16645e-10 0 3.40798e-10 0 5.12868e-10 0 7.47792e-10 0 1.04959e-09 0 1.43431e-09 0 1.92768e-09 0 2.55046e-09 0 3.27245e-09 0 4.17571e-09 0 5.21985e-09 0 6.49559e-09 0 7.93077e-09 0 9.64727e-09 0 1.16109e-08 0 1.38324e-08 0 1.6319e-08 0 1.92019e-08 0 2.22395e-08 0 2.57033e-08 0 2.96451e-08 0 3.41223e-08 0 3.87099e-08 0 4.38438e-08 0 4.95803e-08 0 5.59808e-08 0 6.23636e-08 0 6.98007e-08 0 7.80213e-08 0 8.60991e-08 0
86.7162 0.00026239 3.84746e-05 0.000223915 0.853368 0.508283 4.72278e-19 0 1.64117e-16 0 2.6381e-14 0 3.81178e-13 0 2.23438e-12 0 8.31121e-12 0 2.33965e-11 0 5.45058e-11 0 1.10512e-10 0 2.04901e-10 0 3.51003e-10 0 5.65579e-10 0 8.70232e-10 0 1.28374e-09 0 1.83762e-09 0 2.53692e-09 0 3.41435e-09 0 4.52307e-09 0 5.9031e-09 0 7.48252e-09 0 9.43489e-09 0 1.16663e-08 0 1.43634e-08 0 1.73668e-08 0 2.09245e-08 0 2.49567e-08 0 2.94787e-08 0 3.44984e-08 0 4.02717e-08 0 4.63092e-08 0 5.31449e-08 0 6.08696e-08 0 6.95829e-08 0 7.84534e-08 0 8.83196e-08 0 9.92775e-08 0 1.11431e-07 0 1.23484e-07 0 1.37451e-07 0 1.52806e-07 0 1.67818e-07 0
91.1674 0.000263341 3.87178e-05 0.000224624 0.852975 0.502919 3.23867e-18 0 8.4579e-16 0 1.06093e-13 0 1.34554e-12 0 7.23481e-12 0 2.52395e-11 0 6.75494e-11 0 1.51001e-10 0 2.95773e-10 0 5.32111e-10 0 8.87883e-10 0 1.39773e-09 0 2.10585e-09 0 3.04808e-09 0 4.28746e-09 0 5.82656e-09 0 7.72885e-09 0 1.0099e-08 0 1.301e-08 0 1.63012e-08 0 2.03232e-08 0 2.48706e-08 0 3.0311e-08 0 3.6311e-08 0 4.33532e-08 0 5.12644e-08 0 6.00629e-08 0 6.97529e-08 0 8.08133e-08 0 9.22971e-08 0 1.05211e-07 0 1.19708e-07 0 1.35953e-07 0 1.52389e-07 0 1.70564e-07 0 1.90635e-07 0 2.12769e-07 0 2.34603e-07 0 2.59777e-07 0 2.87308e-07 0 3.14092e-07 0
95.847 0.000264249 3.92017e-05 0.000225047 0.851649 0.498299 2.00999e-17 0 4.00025e-15 0 3.96332e-13 0 4.44022e-12 0 2.19922e-11 0 7.21816e-11 0 1.84117e-10 0 3.95727e-10 0 7.50097e-10 0 1.31132e-09 0 2.13406e-09 0 3.28589e-09 0 4.85251e-09 0 6.89801e-09 0 9.54252e-09 0 1.27753e-08 0 1.67141e-08 0 2.15563e-08 0 2.74286e-08 0 3.39909e-08 0 4.19237e-08 0 5.0801e-08 0 6.13186e-08 0 7.28115e-08 0 8.61836e-08 0 1.0108e-07 0 1.17516e-07 0 1.35482e-07 0 1.55841e-07 0 1.76835e-07 0 2.00293e-07 0 2.2646e-07 0 2.55599e-07 0 2.84907e-07 0 3.17138e-07 0 3.52536e-07 0 3.91363e-07 0 4.29471e-07 0 4.73195e-07 0 5.20776e-07 0 5.66853e-07 0
100.767 0.000264545 3.97548e-05 0.00022479 0.849724 0.491532 1.12969e-16 0 1.73625e-14 0 1.37447e-12 0 1.3685e-11 0 6.26878e-11 0 1.94151e-10 0 4.73099e-10 0 9.79557e-10 0 1.79967e-09 0 3.06154e-09 0 4.86531e-09 0 7.33508e-09 0 1.0628e-08 0 1.48509e-08 0 2.02213e-08 0 2.66889e-08 0 3.44623e-08 0 4.38976e-08 0 5.5203e-08 0 6.76976e-08 0 8.2646e-08 0 9.92115e-08 0 1.18657e-07 0 1.3972e-07 0 1.64024e-07 0 1.90883e-07 0 2.20295e-07 0 2.52216e-07 0 2.8814e-07 0 3.24946e-07 0 3.6582e-07 0 4.11139e-07 0 4.61306e-07 0 5.11484e-07 0 5.66375e-07 0 6.26348e-07 0 6.91795e-07 0 7.5572e-07 0 8.28726e-07 0 9.07801e-07 0 9.84039e-07 0
105.939 0.000264833 4.03434e-05 0.000224489 0.847665 0.482176 5.77314e-16 0 6.9391e-14 0 4.43741e-12 0 3.9492e-11 0 1.67949e-10 0 4.92225e-10 0 1.14839e-09 0 2.29475e-09 0 4.09261e-09 0 6.78394e-09 0 1.05398e-08 0 1.55747e-08 0 2.21617e-08 0 3.04656e-08 0 4.08622e-08 0 5.32058e-08 0 6.78504e-08 0 8.54117e-08 0 1.06214e-07 0 1.28963e-07 0 1.55913e-07 0 1.85502e-07 0 2.1993e-07 0 2.56912e-07 0 2.99249e-07 0 3.45683e-07 0 3.96165e-07 0 4.50583e-07 0 5.11426e-07 0 5.73379e-07 0 6.41779e-07 0 7.17183e-07 0 8.00183e-07 0 8.82761e-07 0 9.72643e-07 0 1.07036e-06 0 1.17648e-06 0 1.27966e-06 0 1.39698e-06 0 1.52348e-06 0 1.64493e-06 0
111.377 0.000265966 4.10937e-05 0.000224872 0.845493 0.472782 2.70329e-15 0 2.57178e-13 0 1.34244e-11 0 1.0738e-10 0 4.25495e-10 0 1.18326e-09 0 2.64877e-09 0 5.11694e-09 0 8.87173e-09 0 1.43474e-08 0 2.18163e-08 0 3.16293e-08 0 4.42379e-08 0 5.98759e-08 0 7.9166e-08 0 1.0176e-07 0 1.28238e-07 0 1.59625e-07 0 1.964e-07 0 2.36217e-07 0 2.82948e-07 0 3.33801e-07 0 3.92476e-07 0 4.55007e-07 0 5.26056e-07 0 6.03418e-07 0 6.86952e-07 0 7.76418e-07 0 8.75826e-07 0 9.76455e-07 0 1.08694e-06 0 1.20808e-06 0 1.3407e-06 0 1.47199e-06 0 1.6142e-06 0 1.7681e-06 0 1.93444e-06 0 2.09548e-06 0 2.27781e-06 0 2.47359e-06 0 2.6608e-06 0
117.094 0.000268108 4.21435e-05 0.000225965 0.842812 0.465968 1.16863e-14 0 8.9008e-13 0 3.83023e-11 0 2.76798e-10 0 1.02551e-09 0 2.71294e-09 0 5.83871e-09 0 1.09225e-08 0 1.84353e-08 0 2.91221e-08 0 4.33853e-08 0 6.17698e-08 0 8.49899e-08 0 1.13346e-07 0 1.47833e-07 0 1.8771e-07 0 2.33896e-07 0 2.88048e-07 0 3.5084e-07 0 4.1818e-07 0 4.96513e-07 0 5.81042e-07 0 6.77796e-07 0 7.80134e-07 0 8.95585e-07 0 1.02043e-06 0 1.15436e-06 0 1.29693e-06 0 1.4544e-06 0 1.61292e-06 0 1.78605e-06 0 1.97489e-06 0 2.18057e-06 0 2.3832e-06 0 2.60172e-06 0 2.83711e-06 0 3.09044e-06 0 3.33466e-06 0 3.61008e-06 0 3.90461e-06 0 4.1852e-06 0
123.105 0.000270381 4.33293e-05 0.000227052 0.839747 0.46111 4.6638e-14 0 2.87486e-12 0 1.02954e-10 0 6.75533e-10 0 2.34776e-09 0 5.92278e-09 0 1.22786e-08 0 2.22779e-08 0 3.66525e-08 0 5.66215e-08 0 8.27273e-08 0 1.15769e-07 0 1.56825e-07 0 2.06229e-07 0 2.65511e-07 0 3.33223e-07 0 4.10776e-07 0 5.00762e-07 0 6.0408e-07 0 7.13882e-07 0 8.40529e-07 0 9.76104e-07 0 1.13011e-06 0 1.29184e-06 0 1.47306e-06 0 1.66775e-06 0 1.87532e-06 0 2.09498e-06 0 2.33624e-06 0 2.57782e-06 0 2.84035e-06 0 3.12528e-06 0 3.43413e-06 0 3.737e-06 0 4.06221e-06 0 4.41105e-06 0 4.78489e-06 0 5.14388e-06 0 5.5472e-06 0 5.97684e-06 0 6.38467e-06 0
129.424 0.000271643 4.37824e-05 0.00022786 0.838824 0.454151 1.69126e-13 0 8.52507e-12 0 2.56361e-10 0 1.53449e-09 0 5.01831e-09 0 1.21006e-08 0 2.42088e-08 0 4.26643e-08 0 6.85073e-08 0 1.03608e-07 0 1.48601e-07 0 2.04568e-07 0 2.7304e-07 0 3.54286e-07 0 4.50535e-07 0 5.59196e-07 0 6.82335e-07 0 8.23804e-07 0 9.84713e-07 0 1.15425e-06 0 1.34823e-06 0 1.55431e-06 0 1.78672e-06 0 2.02912e-06 0 2.29898e-06 0 2.5871e-06 0 2.89248e-06 0 3.21385e-06 0 3.56494e-06 0 3.91472e-06 0 4.29303e-06 0 4.70169e-06 0 5.14261e-06 0 5.57312e-06 0 6.03348e-06 0 6.5253e-06 0 7.05027e-06 0 7.5525e-06 0 8.11471e-06 0 8.71143e-06 0 9.27591e-06 0
136.067 0.000271585 4.31534e-05 0.000228432 0.841105 0.441516 5.55228e-13 0 2.3112e-11 0 5.88602e-10 0 3.22844e-09 0 9.96463e-09 0 2.3017e-08 0 4.45154e-08 0 7.63109e-08 0 1.19734e-07 0 1.77461e-07 0 2.50082e-07 0 3.38939e-07 0 4.46055e-07 0 5.71469e-07 0 7.18243e-07 0 8.82117e-07 0 1.06596e-06 0 1.27518e-06 0 1.51103e-06 0 1.7575e-06 0 2.03735e-06 0 2.3325e-06 0 2.66309e-06 0 3.00567e-06 0 3.38471e-06 0 3.787e-06 0 4.21101e-06 0 4.65488e-06 0 5.13732e-06 0 5.61566e-06 0 6.13067e-06 0 6.68452e-06 0 7.27946e-06 0 7.85794e-06 0 8.47414e-06 0 9.12992e-06 0 9.82724e-06 0 1.0492e-05 0 1.12336e-05 0 1.20179e-05 0 1.27575e-05 0
143.051 0.0002705 4.05817e-05 0.000229918 0.849975 0.420873 1.62001e-12 0 5.62106e-11 0 1.22224e-09 0 6.16933e-09 0 1.80223e-08 0 3.99618e-08 0 7.48375e-08 0 1.24959e-07 0 1.91799e-07 0 2.78861e-07 0 3.86452e-07 0 5.16045e-07 0 6.70087e-07 0 8.48167e-07 0 1.05418e-06 0 1.28177e-06 0 1.53465e-06 0 1.81987e-06 0 2.13868e-06 0 2.46924e-06 0 2.84184e-06 0 3.23213e-06 0 3.66642e-06 0 4.11369e-06 0 4.60567e-06 0 5.12491e-06 0 5.66927e-06 0 6.23626e-06 0 6.84954e-06 0 7.45483e-06 0 8.10372e-06 0 8.79859e-06 0 9.54189e-06 0 1.02618e-05 0 1.10258e-05 0 1.18359e-05 0 1.26942e-05 0 1.35096e-05 0 1.44163e-05 0 1.53722e-05 0 1.62707e-05 0
150.394 0.000270187 3.75016e-05 0.000232685 0.861201 0.396936 4.34158e-12 0 1.26691e-10 0 2.37023e-09 0 1.10546e-08 0 3.06467e-08 0 6.53634e-08 0 1.18715e-07 0 1.93323e-07 0 2.90588e-07 0 4.14843e-07 0 5.65812e-07 0 7.44959e-07 0 9.55074e-07 0 1.19506e-06 0 1.46964e-06 0 1.76996e-06 0 2.10061e-06 0 2.47037e-06 0 2.88034e-06 0 3.30229e-06 0 3.77461e-06 0 4.2661e-06 0 4.80964e-06 0 5.36613e-06 0 5.97486e-06 0 6.61387e-06 0 7.28042e-06 0 7.97136e-06 0 8.71527e-06 0 9.44631e-06 0 1.02268e-05 0 1.10592e-05 0 1.19461e-05 0 1.28018e-05 0 1.37068e-05 0 1.4663e-05 0 1.56727e-05 0 1.66289e-05 0 1.76888e-05 0 1.88026e-05 0 1.98465e-05 0
158.114 0.000271102 3.48578e-05 0.000236244 0.871422 0.375012 1.09756e-11 0 2.7164e-10 0 4.40486e-09 0 1.90561e-08 0 5.02636e-08 0 1.0331e-07 0 1.82247e-07 0 2.89801e-07 0 4.27023e-07 0 5.99113e-07 0 8.04852e-07 0 1.04555e-06 0 1.32428e-06 0 1.63901e-06 0 1.99534e-06 0 2.38137e-06 0 2.8027e-06 0 3.27006e-06 0 3.78427e-06 0 4.30978e-06 0 4.89415e-06 0 5.49847e-06 0 6.16283e-06 0 6.83923e-06 0 7.57523e-06 0 8.34392e-06 0 9.14187e-06 0 9.96527e-06 0 1.08479e-05 0 1.17117e-05 0 1.26303e-05 0 1.36063e-05 0 1.46422e-05 0 1.56382e-05 0 1.66879e-05 0 1.77935e-05 0 1.8957e-05 0 2.00554e-05 0 2.12695e-05 0 2.25415e-05 0 2.37303e-05 0
166.23 0.000272876 3.27508e-05 0.000240125 0.879979 0.358129 2.63848e-11 0 5.58316e-10 0 7.90214e-09 0 3.18266e-08 0 8.00651e-08 0 1.58876e-07 0 2.72608e-07 0 4.23781e-07 0 6.12738e-07 0 8.45576e-07 0 1.1197e-06 0 1.43609e-06 0 1.79807e-06 0 2.20235e-06 0 2.65553e-06 0 3.14204e-06 0 3.66866e-06 0 4.24831e-06 0 4.88142e-06 0 5.52411e-06 0 6.23432e-06 0 6.96442e-06 0 7.76257e-06 0 8.57087e-06 0 9.44598e-06 0 1.03555e-05 0 1.12954e-05 0 1.2261e-05 0 1.32918e-05 0 1.42967e-05 0 1.53613e-05 0 1.64883e-05 0 1.76802e-05 0 1.88223e-05 0 2.00222e-05 0 2.12819e-05 0 2.26036e-05 0 2.38477e-05 0 2.52189e-05 0 2.66515e-05 0 2.79868e-05 0
174.763 0.000274064 3.10886e-05 0.000242975 0.886565 0.345652 6.04664e-11 0 1.10236e-09 0 1.37087e-08 0 5.15824e-08 0 1.24049e-07 0 2.38055e-07 0 3.97842e-07 0 6.05283e-07 0 8.59555e-07 0 1.16767e-06 0 1.52516e-06 0 1.9325e-06 0 2.3932e-06 0 2.90241e-06 0 3.46782e-06 0 4.06959e-06 0 4.71586e-06 0 5.42201e-06 0 6.18793e-06 0 6.96048e-06 0 7.80912e-06 0 8.67662e-06 0 9.61991e-06 0 1.05704e-05 0 1.15945e-05 0 1.2654e-05 0 1.37441e-05 0 1.48595e-05 0 1.60454e-05 0 1.71971e-05 0 1.84131e-05 0 1.96959e-05 0 2.10479e-05 0 2.23392e-05 0 2.36917e-05 0 2.51074e-05 0 2.65884e-05 0 2.79786e-05 0 2.95068e-05 0 3.1099e-05 0 3.25794e-05 0
183.733 0.000273596 3.01646e-05 0.000243431 0.889748 0.334573 1.34028e-10 0 2.12053e-09 0 2.3317e-08 0 8.22393e-08 0 1.89481e-07 0 3.52231e-07 0 5.74079e-07 0 8.55701e-07 0 1.19454e-06 0 1.59865e-06 0 2.06104e-06 0 2.58149e-06 0 3.16371e-06 0 3.8009e-06 0 4.50206e-06 0 5.24219e-06 0 6.03113e-06 0 6.88716e-06 0 7.80952e-06 0 8.73423e-06 0 9.74426e-06 0 1.07712e-05 0 1.18822e-05 0 1.29963e-05 0 1.41913e-05 0 1.54222e-05 0 1.66833e-05 0 1.79687e-05 0 1.93303e-05 0 2.06478e-05 0 2.20343e-05 0 2.3492e-05 0 2.50234e-05 0 2.64816e-05 0 2.80045e-05 0 2.95941e-05 0 3.12522e-05 0 3.28047e-05 0 3.45069e-05 0 3.62758e-05 0 3.79165e-05 0
193.164 0.000270899 2.92293e-05 0.00024167 0.892103 0.319744 2.81498e-10 0 3.89201e-09 0 3.80684e-08 0 1.26254e-07 0 2.79275e-07 0 5.03672e-07 0 8.01558e-07 0 1.17172e-06 0 1.60927e-06 0 2.12326e-06 0 2.70364e-06 0 3.34935e-06 0 4.0642e-06 0 4.83922e-06 0 5.68475e-06 0 6.57032e-06 0 7.50761e-06 0 8.51785e-06 0 9.59954e-06 0 1.06777e-05 0 1.18491e-05 0 1.3034e-05 0 1.43097e-05 0 1.55831e-05 0 1.69431e-05 0 1.83381e-05 0 1.97618e-05 0 2.12075e-05 0 2.27333e-05 0 2.42048e-05 0 2.57484e-05 0 2.73662e-05 0 2.90606e-05 0 3.06692e-05 0 3.23447e-05 0 3.40888e-05 0 3.59033e-05 0 3.75979e-05 0 3.94514e-05 0 4.13729e-05 0 4.3151e-05 0
203.079 0.000266623 2.82546e-05 0.000238368 0.894028 0.297002 5.61038e-10 0 6.82335e-09 0 5.97082e-08 0 1.86764e-07 0 3.97418e-07 0 6.964e-07 0 1.08342e-06 0 1.55465e-06 0 2.10238e-06 0 2.73659e-06 0 3.44376e-06 0 4.22188e-06 0 5.07481e-06 0 5.9913e-06 0 6.98303e-06 0 8.01403e-06 0 9.09788e-06 0 1.02587e-05 0 1.14943e-05 0 1.27191e-05 0 1.40429e-05 0 1.53755e-05 0 1.68037e-05 0 1.82232e-05 0 1.97329e-05 0 2.12753e-05 0 2.28437e-05 0 2.44305e-05 0 2.60997e-05 0 2.77044e-05 0 2.93825e-05 0 3.1136e-05 0 3.29672e-05 0 3.47009e-05 0 3.65019e-05 0 3.83719e-05 0 4.03124e-05 0 4.21204e-05 0 4.40935e-05 0 4.61342e-05 0 4.80185e-05 0
213.503 0.000262244 2.73586e-05 0.000234886 0.895675 0.264182 1.06807e-09 0 1.14982e-08 0 9.05047e-08 0 2.67762e-07 0 5.49152e-07 0 9.36292e-07 0 1.42553e-06 0 2.00983e-06 0 2.67818e-06 0 3.44152e-06 0 4.28254e-06 0 5.19824e-06 0 6.19257e-06 0 7.25194e-06 0 8.38942e-06 0 9.5636e-06 0 1.079e-05 0 1.20958e-05 0 1.34776e-05 0 1.48403e-05 0 1.6306e-05 0 1.77746e-05 0 1.93418e-05 0 2.08929e-05 0 2.25362e-05 0 2.42089e-05 0 2.59035e-05 0 2.76125e-05 0 2.94043e-05 0 3.11216e-05 0 3.29123e-05 0 3.47782e-05 0 3.67212e-05 0 3.85561e-05 0 4.04575e-05 0 4.24269e-05 0 4.44656e-05 0 4.63608e-05 0 4.84246e-05 0 5.05544e-05 0 5.25169e-05 0
224.463 0.000259089 2.6392e-05 0.000232697 0.898135 0.221761 1.93612e-09 0 1.85599e-08 0 1.3209e-07 0 3.70639e-07 0 7.33948e-07 0 1.21919e-06 0 1.81856e-06 0 2.52132e-06 0 3.31301e-06 0 4.20551e-06 0 5.1777e-06 0 6.22566e-06 0 7.35347e-06 0 8.54536e-06 0 9.81572e-06 0 1.11183e-05 0 1.24705e-05 0 1.3902e-05 0 1.54087e-05 0 1.68872e-05 0 1.84701e-05 0 2.00493e-05 0 2.17274e-05 0 2.33818e-05 0 2.51281e-05 0 2.68992e-05 0 2.86876e-05 0 3.04853e-05 0 3.23644e-05 0 3.41601e-05 0 3.60274e-05 0 3.79681e-05 0 3.99835e-05 0 4.1882e-05 0 4.38447e-05 0 4.58729e-05 0 4.79677e-05 0 4.99109e-05 0 5.20226e-05 0 5.41973e-05 0 5.61973e-05 0
235.984 0.000258142 2.54995e-05 0.000232642 0.901219 0.172986 3.3672e-09 0 2.89058e-08 0 1.86925e-07 0 4.98737e-07 0 9.55214e-07 0 1.54792e-06 0 2.26427e-06 0 3.08961e-06 0 4.00601e-06 0 5.02637e-06 0 6.12586e-06 0 7.29982e-06 0 8.5525e-06 0 9.86622e-06 0 1.12566e-05 0 1.26732e-05 0 1.41353e-05 0 1.56747e-05 0 1.72867e-05 0 1.88611e-05 0 2.05392e-05 0 2.22065e-05 0 2.39712e-05 0 2.57045e-05 0 2.75277e-05 0 2.93705e-05 0 3.12253e-05 0 3.30842e-05 0 3.50215e-05 0 3.68678e-05 0 3.87829e-05 0 4.07679e-05 0 4.28244e-05 0 4.47568e-05 0 4.67503e-05 0 4.88058e-05 0 5.09241e-05 0 5.28852e-05 0 5.50121e-05 0 5.71981e-05 0 5.92049e-05 0
248.097 0.000259693 2.47965e-05 0.000234896 0.904516 0.122252 5.65759e-09 0 4.3728e-08 0 2.58145e-07 0 6.5654e-07 0 1.21819e-06 0 1.9281e-06 0 2.76853e-06 0 3.72083e-06 0 4.76372e-06 0 5.91129e-06 0 7.13521e-06 0 8.43024e-06 0 9.80099e-06 0 1.1228e-05 0 1.27284e-05 0 1.42477e-05 0 1.58072e-05 0 1.74407e-05 0 1.9143e-05 0 2.0798e-05 0 2.25548e-05 0 2.42934e-05 0 2.61267e-05 0 2.79211e-05 0 2.98021e-05 0 3.16974e-05 0 3.35991e-05 0 3.54995e-05 0 3.74748e-05 0 3.93522e-05 0 4.12948e-05 0 4.33036e-05 0 4.53796e-05 0 4.73262e-05 0 4.93299e-05 0 5.13916e-05 0 5.35121e-05 0 5.54714e-05 0 5.75924e-05 0 5.97683e-05 0 6.17622e-05 0
260.832 0.000263376 2.44873e-05 0.000238888 0.907025 0.0736213 9.28507e-09 0 6.49459e-08 0 3.51568e-07 0 8.54313e-07 0 1.53804e-06 0 2.38042e-06 0 3.35821e-06 0 4.44874e-06 0 5.62745e-06 0 6.91002e-06 0 8.2646e-06 0 9.68561e-06 0 1.11782e-05 0 1.27213e-05 0 1.43335e-05 0 1.59566e-05 0 1.7614e-05 0 1.93416e-05 0 2.11335e-05 0 2.28684e-05 0 2.47027e-05 0 2.65111e-05 0 2.84113e-05 0 3.0265e-05 0 3.2202e-05 0 3.41477e-05 0 3.60944e-05 0 3.80346e-05 0 4.00457e-05 0 4.19527e-05 0 4.39212e-05 0 4.59521e-05 0 4.80463e-05 0 5.00057e-05 0 5.20186e-05 0 5.40858e-05 0 5.62077e-05 0 5.81647e-05 0 6.02795e-05 0 6.24452e-05 0 6.44265e-05 0
274.221 0.000268195 2.44204e-05 0.000243775 0.908946 0.0291045 1.48293e-08 0 9.43287e-08 0 4.70213e-07 0 1.09416e-06 0 1.91413e-06 0 2.90005e-06 0 4.0232e-06 0 5.25712e-06 0 6.57429e-06 0 7.99234e-06 0 9.47614e-06 0 1.10201e-05 0 1.26299e-05 0 1.42834e-05 0 1.60005e-05 0 1.77199e-05 0 1.94668e-05 0 2.12792e-05 0 2.3151e-05 0 2.49559e-05 0 2.6857e-05 0 2.87247e-05 0 3.06806e-05 0 3.25826e-05 0 3.45641e-05 0 3.65487e-05 0 3.8529e-05 0 4.04975e-05 0 4.25331e-05 0 4.44586e-05 0 4.64419e-05 0 4.84837e-05 0 5.05845e-05 0 5.25462e-05 0 5.45577e-05 0 5.66195e-05 0 5.87321e-05 0 6.06771e-05 0 6.27755e-05 0 6.49208e-05 0 6.68804e-05 0
288.297 0.000272989 2.45234e-05 0.000248465 0.910167 -0.0104368 2.30239e-08 0 1.33805e-07 0 6.16691e-07 0 1.37707e-06 0 2.34422e-06 0 3.48043e-06 0 4.75194e-06 0 6.12899e-06 0 7.58164e-06 0 9.1298e-06 0 1.07355e-05 0 1.23934e-05 0 1.41101e-05 0 1.58624e-05 0 1.76717e-05 0 1.94741e-05 0 2.12968e-05 0 2.31794e-05 0 2.51157e-05 0 2.69757e-05 0 2.89278e-05 0 3.08392e-05 0 3.28345e-05 0 3.4769e-05 0 3.67787e-05 0 3.8786e-05 0 4.07838e-05 0 4.27648e-05 0 4.48085e-05 0 4.67375e-05 0 4.87202e-05 0 5.07572e-05 0 5.28489e-05 0 5.47983e-05 0 5.67937e-05 0 5.88354e-05 0 6.09237e-05 0 6.28433e-05 0 6.4911e-05 0 6.70216e-05 0 6.89465e-05 0
303.095 0.000276462 2.47487e-05 0.000251713 0.91048 -0.0449141 3.47408e-08 0 1.85276e-07 0 7.92544e-07 0 1.70172e-06 0 2.82271e-06 0 4.11092e-06 0 5.5283e-06 0 7.04257e-06 0 8.62213e-06 0 1.02894e-05 0 1.20043e-05 0 1.37619e-05 0 1.557e-05 0 1.74046e-05 0 1.92887e-05 0 2.11564e-05 0 2.30367e-05 0 2.49709e-05 0 2.69523e-05 0 2.88487e-05 0 3.08324e-05 0 3.27686e-05 0 3.47837e-05 0 3.67318e-05 0 3.87502e-05 0 4.0761e-05 0 4.27574e-05 0 4.47325e-05 0 4.67656e-05 0 4.86805e-05 0 5.06449e-05 0 5.26592e-05 0 5.47236e-05 0 5.66442e-05 0 5.86068e-05 0 6.06115e-05 0 6.26587e-05 0 6.45376e-05 0 6.65585e-05 0 6.86182e-05 0 7.04941e-05 0
318.653 0.00027743 2.50719e-05 0.000252358 0.909628 -0.0748885 5.09711e-08 0 2.50503e-07 0 9.98192e-07 0 2.06488e-06 0 3.34167e-06 0 4.77844e-06 0 6.33405e-06 0 7.97466e-06 0 9.66782e-06 0 1.14388e-05 0 1.3246e-05 0 1.50853e-05 0 1.69657e-05 0 1.88629e-05 0 2.08015e-05 0 2.27142e-05 0 2.46317e-05 0 2.65964e-05 0 2.86015e-05 0 3.05142e-05 0 3.25085e-05 0 3.44492e-05 0 3.64633e-05 0 3.84051e-05 0 4.04119e-05 0 4.24064e-05 0 4.4382e-05 0 4.63322e-05 0 4.83355e-05 0 5.02187e-05 0 5.2147e-05 0 5.41205e-05 0 5.61396e-05 0 5.80149e-05 0 5.9928e-05 0 6.18793e-05 0 6.38688e-05 0 6.56921e-05 0 6.76505e-05 0 6.96437e-05 0 7.14566e-05 0
335.009 0.000274733 2.53054e-05 0.000249428 0.907891 -0.101175 7.2284e-08 0 3.28683e-07 0 1.22429e-06 0 2.44443e-06 0 3.86426e-06 0 5.43045e-06 0 7.10045e-06 0 8.84024e-06 0 1.06177e-05 0 1.24608e-05 0 1.43275e-05 0 1.62149e-05 0 1.8133e-05 0 2.00582e-05 0 2.20158e-05 0 2.39388e-05 0 2.58589e-05 0 2.78189e-05 0 2.98123e-05 0 3.17076e-05 0 3.36779e-05 0 3.55898e-05 0 3.75687e-05 0 3.94718e-05 0 4.14338e-05 0 4.33793e-05 0 4.53021e-05 0 4.71965e-05 0 4.91385e-05 0 5.09607e-05 0 5.28233e-05 0 5.47264e-05 0 5.667e-05 0 5.84723e-05 0 6.03084e-05 0 6.21782e-05 0 6.40819e-05 0 6.58242e-05 0 6.76932e-05 0 6.95929e-05 0 7.13186e-05 0
352.205 0.000267563 2.53566e-05 0.000242207 0.905232 -0.124382 9.88763e-08 0 4.17565e-07 0 1.45874e-06 0 2.81608e-06 0 4.35372e-06 0 6.01803e-06 0 7.76709e-06 0 9.56817e-06 0 1.13906e-05 0 1.32651e-05 0 1.515e-05 0 1.7044e-05 0 1.89582e-05 0 2.08696e-05 0 2.28044e-05 0 2.46972e-05 0 2.658e-05 0 2.84952e-05 0 3.04366e-05 0 3.22768e-05 0 3.41845e-05 0 3.60306e-05 0 3.79365e-05 0 3.97651e-05 0 4.16461e-05 0 4.35072e-05 0 4.53429e-05 0 4.71479e-05 0 4.89949e-05 0 5.07249e-05 0 5.24904e-05 0 5.42913e-05 0 5.61277e-05 0 5.7828e-05 0 5.95577e-05 0 6.13168e-05 0 6.31053e-05 0 6.47401e-05 0 6.64916e-05 0 6.82696e-05 0 6.9883e-05 0
370.284 0.000255725 2.52291e-05 0.000230496 0.901343 -0.144954 1.3067e-07 0 5.14369e-07 0 1.69062e-06 0 3.16091e-06 0 4.78453e-06 0 6.51057e-06 0 8.29971e-06 0 1.01219e-05 0 1.1949e-05 0 1.38138e-05 0 1.56764e-05 0 1.75369e-05 0 1.94073e-05 0 2.12663e-05 0 2.31399e-05 0 2.49656e-05 0 2.67753e-05 0 2.861e-05 0 3.0464e-05 0 3.22163e-05 0 3.4028e-05 0 3.57768e-05 0 3.75781e-05 0 3.93024e-05 0 4.10723e-05 0 4.28199e-05 0 4.45404e-05 0 4.62291e-05 0 4.7954e-05 0 4.9567e-05 0 5.12105e-05 0 5.28845e-05 0 5.45889e-05 0 5.61648e-05 0 5.77659e-05 0 5.9392e-05 0 6.10432e-05 0 6.25508e-05 0 6.4164e-05 0 6.57998e-05 0 6.72825e-05 0
389.291 0.000239525 2.48142e-05 0.000214711 0.896403 -0.163475 1.66311e-07 0 6.12335e-07 0 1.89926e-06 0 3.44466e-06 0 5.1103e-06 0 6.85106e-06 0 8.6321e-06 0 1.04272e-05 0 1.22118e-05 0 1.40199e-05 0 1.58143e-05 0 1.75969e-05 0 1.938e-05 0 2.11444e-05 0 2.29154e-05 0 2.46347e-05 0 2.63333e-05 0 2.805e-05 0 2.97796e-05 0 3.141e-05 0 3.30914e-05 0 3.47106e-05 0 3.63747e-05 0 3.79642e-05 0 3.95927e-05 0 4.11975e-05 0 4.27745e-05 0 4.43198e-05 0 4.58956e-05 0 4.7367e-05 0 4.8864e-05 0 5.03866e-05 0 5.19347e-05 0 5.33642e-05 0 5.48147e-05 0 5.62862e-05 0 5.77786e-05 0 5.91396e-05 0 6.05945e-05 0 6.20681e-05 0 6.34024e-05 0
409.273 0.000219816 2.40999e-05 0.000195717 0.890364 -0.180296 2.039e-07 0 7.04496e-07 0 2.06799e-06 0 3.6439e-06 0 5.30375e-06 0 7.01063e-06 0 8.73559e-06 0 1.04571e-05 0 1.21547e-05 0 1.38628e-05 0 1.55479e-05 0 1.72131e-05 0 1.8871e-05 0 2.05046e-05 0 2.2138e-05 0 2.37183e-05 0 2.52746e-05 0 2.68429e-05 0 2.84187e-05 0 2.99003e-05 0 3.14246e-05 0 3.28894e-05 0 3.43915e-05 0 3.58236e-05 0 3.72879e-05 0 3.87284e-05 0 4.01416e-05 0 4.15241e-05 0 4.29318e-05 0 4.42444e-05 0 4.55779e-05 0 4.69325e-05 0 4.83079e-05 0 4.95765e-05 0 5.08621e-05 0 5.21649e-05 0 5.34847e-05 0 5.46871e-05 0 5.59711e-05 0 5.72703e-05 0 5.84456e-05 0
430.281 0.000197908 2.31802e-05 0.000174728 0.882874 -0.195539 2.41803e-07 0 7.86459e-07 0 2.19085e-06 0 3.75597e-06 0 5.36882e-06 0 7.00218e-06 0 8.6337e-06 0 1.02469e-05 0 1.18255e-05 0 1.34036e-05 0 1.49517e-05 0 1.64738e-05 0 1.79828e-05 0 1.94636e-05 0 2.09391e-05 0 2.23619e-05 0 2.37589e-05 0 2.51629e-05 0 2.65699e-05 0 2.78896e-05 0 2.92445e-05 0 3.05437e-05 0 3.18734e-05 0 3.31388e-05 0 3.44304e-05 0 3.56989e-05 0 3.69413e-05 0 3.8155e-05 0 3.9389e-05 0 4.0538e-05 0 4.1704e-05 0 4.28869e-05 0 4.40865e-05 0 4.51916e-05 0 4.63105e-05 0 4.7443e-05 0 4.85892e-05 0 4.96323e-05 0 5.07452e-05 0 5.18703e-05 0 5.28871e-05 0
452.368 0.000175138 2.20725e-05 0.000153065 0.873971 -0.209503 2.77589e-07 0 8.52447e-07 0 2.25949e-06 0 3.77414e-06 0 5.30299e-06 0 6.82903e-06 0 8.33667e-06 0 9.81431e-06 0 1.12499e-05 0 1.26763e-05 0 1.40681e-05 0 1.54302e-05 0 1.6775e-05 0 1.80898e-05 0 1.93954e-05 0 2.06506e-05 0 2.18797e-05 0 2.31117e-05 0 2.43433e-05 0 2.5496e-05 0 2.66769e-05 0 2.78071e-05 0 2.89617e-05 0 3.00586e-05 0 3.11764e-05 0 3.22724e-05 0 3.33444e-05 0 3.43901e-05 0 3.54519e-05 0 3.64393e-05 0 3.74401e-05 0 3.84543e-05 0 3.94816e-05 0 4.0427e-05 0 4.13832e-05 0 4.23501e-05 0 4.33277e-05 0 4.42166e-05 0 4.51642e-05 0 4.61212e-05 0 4.69855e-05 0
475.588 0.000152713 2.0838e-05 0.000131875 0.863548 -0.222362 3.09283e-07 0 8.99314e-07 0 2.2738e-06 0 3.70542e-06 0 5.12244e-06 0 6.51765e-06 0 7.88179e-06 0 9.20777e-06 0 1.04873e-05 0 1.17513e-05 0 1.29786e-05 0 1.41745e-05 0 1.53505e-05 0 1.64964e-05 0 1.76306e-05 0 1.8718e-05 0 1.97799e-05 0 2.08418e-05 0 2.19009e-05 0 2.28902e-05 0 2.39017e-05 0 2.48681e-05 0 2.58536e-05 0 2.67883e-05 0 2.77393e-05 0 2.86706e-05 0 2.95801e-05 0 3.04662e-05 0 3.13648e-05 0 3.21995e-05 0 3.30445e-05 0 3.38999e-05 0 3.47656e-05 0 3.55614e-05 0 3.63655e-05 0 3.71779e-05 0 3.79985e-05 0 3.87441e-05 0 3.95382e-05 0 4.03396e-05 0 4.10627e-05 0
500 0.000131586 1.95511e-05 0.000112035 0.85142 -0.234219 3.35599e-07 0 9.26507e-07 0 2.2399e-06 0 3.56576e-06 0 4.85399e-06 0 6.10616e-06 0 7.31854e-06 0 8.48787e-06 0 9.60909e-06 0 1.07107e-05 0 1.17753e-05 0 1.28085e-05 0 1.38208e-05 0 1.4804e-05 0 1.57743e-05 0 1.6702e-05 0 1.76058e-05 0 1.85076e-05 0 1.94051e-05 0 2.02418e-05 0 2.10958e-05 0 2.19103e-05 0 2.27396e-05 0 2.35249e-05 0 2.43229e-05 0 2.51032e-05 0 2.58643e-05 0 2.66049e-05 0 2.73551e-05 0 2.80512e-05 0 2.87552e-05 0 2.94671e-05 0 3.01869e-05 0 3.08479e-05 0 3.15153e-05 0 3.2189e-05 0 3.28689e-05 0 3.34862e-05 0 3.41431e-05 0 3.48056e-05 0 3.54029e-05 0
525.665 0.000112501 1.8348e-05 9.41527e-05 0.836908 -0.244965 3.57295e-07 0 9.38985e-07 0 2.17559e-06 0 3.38744e-06 0 4.54449e-06 0 5.65558e-06 0 6.72152e-06 0 7.74214e-06 0 8.71493e-06 0 9.66591e-06 0 1.05809e-05 0 1.14655e-05 0 1.23293e-05 0 1.31657e-05 0 1.39888e-05 0 1.47739e-05 0 1.5537e-05 0 1.62968e-05 0 1.70516e-05 0 1.77539e-05 0 1.84696e-05 0 1.9151e-05 0 1.98438e-05 0 2.0499e-05 0 2.11638e-05 0 2.18131e-05 0 2.24457e-05 0 2.30605e-05 0 2.36827e-05 0 2.42594e-05 0 2.48421e-05 0 2.54308e-05 0 2.60254e-05 0 2.65711e-05 0 2.71215e-05 0 2.76768e-05 0 2.82367e-05 0 2.87446e-05 0 2.92849e-05 0 2.98293e-05 0 3.03198e-05 0
552.648 9.56013e-05 1.71869e-05 7.84144e-05 0.820223 -0.254872 3.72806e-07 0 9.34974e-07 0 2.08072e-06 0 3.17242e-06 0 4.19772e-06 0 5.17112e-06 0 6.09695e-06 0 6.97737e-06 0 7.81185e-06 0 8.62377e-06 0 9.40177e-06 0 1.01512e-05 0 1.08808e-05 0 1.15852e-05 0 1.22767e-05 0 1.29346e-05 0 1.35728e-05 0 1.4207e-05 0 1.48359e-05 0 1.542e-05 0 1.60144e-05 0 1.65794e-05 0 1.71532e-05 0 1.7695e-05 0 1.82442e-05 0 1.87799e-05 0 1.93013e-05 0 1.98075e-05 0 2.03192e-05 0 2.07931e-05 0 2.12715e-05 0 2.17544e-05 0 2.22418e-05 0 2.26886e-05 0 2.31391e-05 0 2.35931e-05 0 2.40507e-05 0 2.44655e-05 0 2.49064e-05 0 2.53503e-05 0 2.57502e-05 0
581.015 8.09442e-05 1.60944e-05 6.48498e-05 0.801167 -0.263998 3.82171e-07 0 9.16841e-07 0 1.96391e-06 0 2.93544e-06 0 3.83383e-06 0 4.67765e-06 0 5.47378e-06 0 6.22604e-06 0 6.93532e-06 0 7.62239e-06 0 8.27824e-06 0 8.90794e-06 0 9.51912e-06 0 1.01077e-05 0 1.0684e-05 0 1.12313e-05 0 1.17611e-05 0 1.22866e-05 0 1.28067e-05 0 1.32892e-05 0 1.37794e-05 0 1.42448e-05 0 1.47167e-05 0 1.51619e-05 0 1.56126e-05 0 1.60517e-05 0 1.64786e-05 0 1.68928e-05 0 1.73111e-05 0 1.76981e-05 0 1.80884e-05 0 1.84822e-05 0 1.88792e-05 0 1.92431e-05 0 1.96095e-05 0 1.99787e-05 0 2.03504e-05 0 2.06872e-05 0 2.1045e-05 0 2.14051e-05 0 2.17292e-05 0
610.839 6.84526e-05 1.50854e-05 5.33672e-05 0.779623 -0.272381 3.85724e-07 0 8.87206e-07 0 1.83293e-06 0 2.68868e-06 0 3.46857e-06 0 4.19378e-06 0 4.87284e-06 0 5.51066e-06 0 6.10911e-06 0 6.68645e-06 0 7.23559e-06 0 7.76122e-06 0 8.26998e-06 0 8.7587e-06 0 9.23626e-06 0 9.68876e-06 0 1.0126e-05 0 1.05591e-05 0 1.0987e-05 0 1.13834e-05 0 1.17855e-05 0 1.21669e-05 0 1.25531e-05 0 1.29171e-05 0 1.32852e-05 0 1.36434e-05 0 1.39914e-05 0 1.43287e-05 0 1.4669e-05 0 1.49837e-05 0 1.53008e-05 0 1.56205e-05 0 1.59426e-05 0 1.62375e-05 0 1.65344e-05 0 1.68333e-05 0 1.71341e-05 0 1.74065e-05 0 1.76957e-05 0 1.79866e-05 0 1.82482e-05 0
642.193 5.79303e-05 1.41643e-05 4.3766e-05 0.755493 -0.280068 3.83931e-07 0 8.48523e-07 0 1.69402e-06 0 2.44122e-06 0 3.11294e-06 0 3.73172e-06 0 4.30706e-06 0 4.84445e-06 0 5.34639e-06 0 5.82876e-06 0 6.28607e-06 0 6.72254e-06 0 7.14393e-06 0 7.5478e-06 0 7.94163e-06 0 8.31411e-06 0 8.67347e-06 0 9.02877e-06 0 9.3794e-06 0 9.70371e-06 0 1.00323e-05 0 1.03436e-05 0 1.06586e-05 0 1.0955e-05 0 1.12545e-05 0 1.15458e-05 0 1.18285e-05 0 1.21022e-05 0 1.23782e-05 0 1.26332e-05 0 1.289e-05 0 1.31487e-05 0 1.34092e-05 0 1.36476e-05 0 1.38875e-05 0 1.41287e-05 0 1.43715e-05 0 1.45911e-05 0 1.48242e-05 0 1.50585e-05 0 1.52692e-05 0
675.157 4.91165e-05 1.33275e-05 3.5789e-05 0.728655 -0.287114 3.77307e-07 0 8.02929e-07 0 1.55194e-06 0 2.19932e-06 0 2.7739e-06 0 3.29858e-06 0 3.78322e-06 0 4.23356e-06 0 4.65242e-06 0 5.05352e-06 0 5.43262e-06 0 5.79348e-06 0 6.14105e-06 0 6.47347e-06 0 6.79702e-06 0 7.10249e-06 0 7.39675e-06 0 7.68727e-06 0 7.97358e-06 0 8.23807e-06 0 8.50579e-06 0 8.7591e-06 0 9.01513e-06 0 9.2559e-06 0 9.49894e-06 0 9.73509e-06 0 9.96409e-06 0 1.01857e-05 0 1.04089e-05 0 1.06151e-05 0 1.08225e-05 0 1.10314e-05 0 1.12416e-05 0 1.14338e-05 0 1.16271e-05 0 1.18215e-05 0 1.20169e-05 0 1.21937e-05 0 1.23811e-05 0 1.25695e-05 0 1.27389e-05 0
709.813 4.179e-05 1.25843e-05 2.92057e-05 0.698868 -0.293494 3.66903e-07 0 7.53317e-07 0 1.41219e-06 0 1.96988e-06 0 2.45899e-06 0 2.90198e-06 0 3.30868e-06 0 3.68476e-06 0 4.0332e-06 0 4.36576e-06 0 4.67919e-06 0 4.9768e-06 0 5.26283e-06 0 5.53586e-06 0 5.80114e-06 0 6.0512e-06 0 6.29173e-06 0 6.5289e-06 0 6.76233e-06 0 6.97774e-06 0 7.19554e-06 0 7.40142e-06 0 7.60931e-06 0 7.80465e-06 0 8.00166e-06 0 8.19294e-06 0 8.37829e-06 0 8.55751e-06 0 8.73797e-06 0 8.90447e-06 0 9.07199e-06 0 9.2405e-06 0 9.40999e-06 0 9.56492e-06 0 9.72064e-06 0 9.87714e-06 0 1.00344e-05 0 1.01766e-05 0 1.03274e-05 0 1.04788e-05 0 1.06148e-05 0
746.248 3.57673e-05 1.19495e-05 2.38177e-05 0.665909 -0.299133 3.54042e-07 0 7.02689e-07 0 1.27978e-06 0 1.75878e-06 0 2.17421e-06 0 2.54763e-06 0 2.8885e-06 0 3.20232e-06 0 3.49201e-06 0 3.76766e-06 0 4.02677e-06 0 4.27224e-06 0 4.50769e-06 0 4.73203e-06 0 4.94965e-06 0 5.15449e-06 0 5.35126e-06 0 5.54504e-06 0 5.73555e-06 0 5.91117e-06 0 6.08857e-06 0 6.2561e-06 0 6.42513e-06 0 6.58382e-06 0 6.74375e-06 0 6.89892e-06 0 7.04917e-06 0 7.19437e-06 0 7.34048e-06 0 7.47521e-06 0 7.61069e-06 0 7.7469e-06 0 7.88383e-06 0 8.00894e-06 0 8.13463e-06 0 8.26089e-06 0 8.38772e-06 0 8.50235e-06 0 8.62382e-06 0 8.74579e-06 0 8.85533e-06 0
784.553 3.07787e-05 1.13716e-05 1.94071e-05 0.630536 -0.304239 3.38086e-07 0 6.49857e-07 0 1.15173e-06 0 1.56075e-06 0 1.91182e-06 0 2.22516e-06 0 2.5097e-06 0 2.77056e-06 0 3.01056e-06 0 3.23829e-06 0 3.45183e-06 0 3.65372e-06 0 3.84699e-06 0 4.03085e-06 0 4.20892e-06 0 4.37632e-06 0 4.53693e-06 0 4.69491e-06 0 4.85008e-06 0 4.99297e-06 0 5.13718e-06 0 5.27326e-06 0 5.41044e-06 0 5.53914e-06 0 5.66877e-06 0 5.79444e-06 0 5.91606e-06 0 6.03351e-06 0 6.15164e-06 0 6.26051e-06 0 6.36993e-06 0 6.47989e-06 0 6.59039e-06 0 6.69129e-06 0 6.79262e-06 0 6.89437e-06 0 6.99654e-06 0 7.08884e-06 0 7.18663e-06 0 7.28477e-06 0 7.37288e-06 0
824.824 2.6645e-05 1.08432e-05 1.58018e-05 0.593048 -0.308852 3.1965e-07 0 5.96094e-07 0 1.02965e-06 0 1.37699e-06 0 1.67226e-06 0 1.93408e-06 0 2.17067e-06 0 2.38675e-06 0 2.58493e-06 0 2.77249e-06 0 2.94798e-06 0 3.11356e-06 0 3.27181e-06 0 3.42212e-06 0 3.5675e-06 0 3.704e-06 0 3.83481e-06 0 3.96336e-06 0 4.08948e-06 0 4.20553e-06 0 4.32256e-06 0 4.4329e-06 0 4.54406e-06 0 4.64827e-06 0 4.75316e-06 0 4.8548e-06 0 4.9531e-06 0 5.04798e-06 0 5.14336e-06 0 5.23122e-06 0 5.31949e-06 0 5.40815e-06 0 5.4972e-06 0 5.57849e-06 0 5.6601e-06 0 5.74201e-06 0 5.82423e-06 0 5.89848e-06 0 5.97712e-06 0 6.05602e-06 0 6.12683e-06 0
867.163 2.32198e-05 1.03578e-05 1.28621e-05 0.553925 -0.313005 2.99356e-07 0 5.42516e-07 0 9.14682e-07 0 1.20813e-06 0 1.45536e-06 0 1.67325e-06 0 1.86927e-06 0 2.04766e-06 0 2.21081e-06 0 2.36484e-06 0 2.50866e-06 0 2.64412e-06 0 2.77338e-06 0 2.89598e-06 0 3.01442e-06 0 3.12548e-06 0 3.23182e-06 0 3.33621e-06 0 3.43855e-06 0 3.53263e-06 0 3.62744e-06 0 3.71677e-06 0 3.80669e-06 0 3.89095e-06 0 3.97571e-06 0 4.05779e-06 0 4.13713e-06 0 4.21368e-06 0 4.2906e-06 0 4.36142e-06 0 4.43253e-06 0 4.50394e-06 0 4.57563e-06 0 4.64105e-06 0 4.7067e-06 0 4.77258e-06 0 4.83868e-06 0 4.89835e-06 0 4.96153e-06 0 5.02491e-06 0 5.08177e-06 0
911.674 2.03853e-05 9.91008e-06 1.04752e-05 0.513861 -0.316722 2.77824e-07 0 4.90095e-07 0 8.07673e-07 0 1.05439e-06 0 1.26054e-06 0 1.4412e-06 0 1.60306e-06 0 1.74988e-06 0 1.8838e-06 0 2.00996e-06 0 2.12753e-06 0 2.23809e-06 0 2.34344e-06 0 2.44323e-06 0 2.53951e-06 0 2.62971e-06 0 2.71599e-06 0 2.80062e-06 0 2.88352e-06 0 2.95967e-06 0 3.03635e-06 0 3.10856e-06 0 3.18121e-06 0 3.24924e-06 0 3.31763e-06 0 3.38384e-06 0 3.4478e-06 0 3.50949e-06 0 3.57144e-06 0 3.62846e-06 0 3.68569e-06 0 3.74314e-06 0 3.8008e-06 0 3.8534e-06 0 3.90616e-06 0 3.95909e-06 0 4.01218e-06 0 4.0601e-06 0 4.11082e-06 0 4.16168e-06 0 4.2073e-06 0
958.471 1.80233e-05 9.49383e-06 8.52947e-06 0.473247 -0.320047 2.55582e-07 0 4.39537e-07 0 7.08979e-07 0 9.1544e-07 0 1.08662e-06 0 1.23588e-06 0 1.36908e-06 0 1.48955e-06 0 1.59917e-06 0 1.70222e-06 0 1.7981e-06 0 1.88812e-06 0 1.97378e-06 0 2.05482e-06 0 2.13294e-06 0 2.20606e-06 0 2.27593e-06 0 2.34441e-06 0 2.41144e-06 0 2.47297e-06 0 2.5349e-06 0 2.59318e-06 0 2.65178e-06 0 2.70662e-06 0 2.76174e-06 0 2.81506e-06 0 2.86656e-06 0 2.9162e-06 0 2.96603e-06 0 3.01188e-06 0 3.05789e-06 0 3.10406e-06 0 3.15038e-06 0 3.19262e-06 0 3.23498e-06 0 3.27746e-06 0 3.32006e-06 0 3.3585e-06 0 3.39917e-06 0 3.43995e-06 0 3.47652e-06 0
1007.67 1.60529e-05 9.10867e-06 6.94424e-06 0.432585 -0.322981 2.33244e-07 0 3.91626e-07 0 6.19081e-07 0 7.91157e-07 0 9.32822e-07 0 1.05575e-06 0 1.16507e-06 0 1.26367e-06 0 1.35319e-06 0 1.4372e-06 0 1.51522e-06 0 1.58838e-06 0 1.65792e-06 0 1.72364e-06 0 1.78692e-06 0 1.84609e-06 0 1.9026e-06 0 1.95794e-06 0 2.01207e-06 0 2.06173e-06 0 2.11168e-06 0 2.15866e-06 0 2.20588e-06 0 2.25005e-06 0 2.29442e-06 0 2.33733e-06 0 2.37875e-06 0 2.41866e-06 0 2.45872e-06 0 2.49556e-06 0 2.53252e-06 0 2.56959e-06 0 2.60677e-06 0 2.64067e-06 0 2.67466e-06 0 2.70873e-06 0 2.74289e-06 0 2.77371e-06 0 2.80632e-06 0 2.83899e-06 0 2.86829e-06 0
1059.39 1.44239e-05 8.76791e-06 5.65597e-06 0.392125 -0.325414 2.11655e-07 0 3.4745e-07 0 5.3893e-07 0 6.82087e-07 0 7.99177e-07 0 9.00338e-07 0 9.90007e-07 0 1.07068e-06 0 1.14377e-06 0 1.21224e-06 0 1.27575e-06 0 1.33522e-06 0 1.39168e-06 0 1.44499e-06 0 1.49627e-06 0 1.54419e-06 0 1.58992e-06 0 1.63467e-06 0 1.67842e-06 0 1.71854e-06 0 1.75886e-06 0 1.79677e-06 0 1.83485e-06 0 1.87046e-06 0 1.90622e-06 0 1.94078e-06 0 1.97414e-06 0 2.00627e-06 0 2.0385e-06 0 2.06814e-06 0 2.09786e-06 0 2.12767e-06 0 2.15755e-06 0 2.18479e-06 0 2.2121e-06 0 2.23946e-06 0 2.2669e-06 0 2.29164e-06 0 2.31781e-06 0 2.34403e-06 0 2.36754e-06 0
1113.77 1.30544e-05 8.44557e-06 4.60879e-06 0.353046 -0.327532 1.90577e-07 0 3.0628e-07 0 4.66683e-07 0 5.85302e-07 0 6.81739e-07 0 7.64722e-07 0 8.38059e-07 0 9.03884e-07 0 9.63414e-07 0 1.01909e-06 0 1.07067e-06 0 1.11891e-06 0 1.16466e-06 0 1.20782e-06 0 1.2493e-06 0 1.28804e-06 0 1.32498e-06 0 1.36111e-06 0 1.39641e-06 0 1.42876e-06 0 1.46126e-06 0 1.4918e-06 0 1.52247e-06 0 1.55114e-06 0 1.57991e-06 0 1.60772e-06 0 1.63454e-06 0 1.66037e-06 0 1.68628e-06 0 1.71009e-06 0 1.73397e-06 0 1.7579e-06 0 1.7819e-06 0 1.80376e-06 0 1.82567e-06 0 1.84763e-06 0 1.86963e-06 0 1.88948e-06 0 1.91046e-06 0 1.93148e-06 0 1.95033e-06 0
1170.94 1.18941e-05 8.13887e-06 3.75525e-06 0.315723 -0.329364 1.7032e-07 0 2.68316e-07 0 4.02053e-07 0 4.99961e-07 0 5.7912e-07 0 6.46984e-07 0 7.06796e-07 0 7.60368e-07 0 8.08733e-07 0 8.53906e-07 0 8.95695e-07 0 9.34742e-07 0 9.71741e-07 0 1.00661e-06 0 1.04011e-06 0 1.07137e-06 0 1.10115e-06 0 1.13027e-06 0 1.15871e-06 0 1.18475e-06 0 1.21091e-06 0 1.23548e-06 0 1.26015e-06 0 1.28319e-06 0 1.30631e-06 0 1.32865e-06 0 1.35019e-06 0 1.37093e-06 0 1.39173e-06 0 1.41083e-06 0 1.42999e-06 0 1.44919e-06 0 1.46843e-06 0 1.48596e-06 0 1.50352e-06 0 1.52112e-06 0 1.53875e-06 0 1.55464e-06 0 1.57145e-06 0 1.58828e-06 0 1.60337e-06 0
1231.05 1.09109e-05 7.85112e-06 3.05975e-06 0.280432 -0.330884 1.51233e-07 0 2.3382e-07 0 3.44904e-07 0 4.25476e-07 0 4.90288e-07 0 5.45664e-07 0 5.94348e-07 0 6.37868e-07 0 6.77096e-07 0 7.13688e-07 0 7.47501e-07 0 7.79065e-07 0 8.08948e-07 0 8.37092e-07 0 8.64108e-07 0 8.893e-07 0 9.13295e-07 0 9.36741e-07 0 9.59624e-07 0 9.80577e-07 0 1.00161e-06 0 1.02136e-06 0 1.04118e-06 0 1.05969e-06 0 1.07826e-06 0 1.09619e-06 0 1.11348e-06 0 1.13012e-06 0 1.1468e-06 0 1.16213e-06 0 1.17748e-06 0 1.19287e-06 0 1.20829e-06 0 1.22234e-06 0 1.23641e-06 0 1.25051e-06 0 1.26463e-06 0 1.27736e-06 0 1.29081e-06 0 1.30429e-06 0 1.31636e-06 0
1294.24 1.008e-05 7.58498e-06 2.495e-06 0.24752 -0.332058 1.33545e-07 0 2.02868e-07 0 2.94869e-07 0 3.61032e-07 0 4.14006e-07 0 4.59127e-07 0 4.98705e-07 0 5.34021e-07 0 5.65809e-07 0 5.95426e-07 0 6.22765e-07 0 6.48264e-07 0 6.72385e-07 0 6.95088e-07 0 7.16867e-07 0 7.37164e-07 0 7.56488e-07 0 7.75361e-07 0 7.93772e-07 0 8.10624e-07 0 8.27536e-07 0 8.4341e-07 0 8.59333e-07 0 8.74202e-07 0 8.89112e-07 0 9.03507e-07 0 9.17382e-07 0 9.30734e-07 0 9.44115e-07 0 9.56406e-07 0 9.68721e-07 0 9.81059e-07 0 9.9342e-07 0 1.00468e-06 0 1.01595e-06 0 1.02724e-06 0 1.03855e-06 0 1.04875e-06 0 1.05952e-06 0 1.07032e-06 0 1.07998e-06 0
1360.67 9.36392e-06 7.32925e-06 2.03467e-06 0.217288 -0.332998 1.17172e-07 0 1.75075e-07 0 2.50979e-07 0 3.05138e-07 0 3.48316e-07 0 3.84989e-07 0 4.17089e-07 0 4.45686e-07 0 4.71393e-07 0 4.95318e-07 0 5.17383e-07 0 5.37945e-07 0 5.57383e-07 0 5.75666e-07 0 5.93196e-07 0 6.09525e-07 0 6.25063e-07 0 6.40233e-07 0 6.55025e-07 0 6.6856e-07 0 6.82139e-07 0 6.9488e-07 0 7.07658e-07 0 7.19585e-07 0 7.31543e-07 0 7.43085e-07 0 7.54208e-07 0 7.64909e-07 0 7.75631e-07 0 7.85477e-07 0 7.95342e-07 0 8.05223e-07 0 8.1512e-07 0 8.24132e-07 0 8.33157e-07 0 8.42196e-07 0 8.51247e-07 0 8.59403e-07 0 8.68024e-07 0 8.76656e-07 0 8.84388e-07 0
1430.51 8.74129e-06 7.08207e-06 1.65922e-06 0.189814 -0.333733 1.0217e-07 0 1.50307e-07 0 2.12696e-07 0 2.56893e-07 0 2.91991e-07 0 3.21723e-07 0 3.47698e-07 0 3.70805e-07 0 3.91552e-07 0 4.10841e-07 0 4.28615e-07 0 4.45167e-07 0 4.60804e-07 0 4.75504e-07 0 4.89591e-07 0 5.02706e-07 0 5.15181e-07 0 5.27356e-07 0 5.39224e-07 0 5.50079e-07 0 5.60966e-07 0 5.71179e-07 0 5.81418e-07 0 5.90974e-07 0 6.00552e-07 0 6.09794e-07 0 6.187e-07 0 6.27265e-07 0 6.35846e-07 0 6.43725e-07 0 6.51617e-07 0 6.59521e-07 0 6.67437e-07 0 6.74643e-07 0 6.8186e-07 0 6.89085e-07 0 6.9632e-07 0 7.02839e-07 0 7.09729e-07 0 7.16626e-07 0 7.22804e-07 0
1503.94 8.19688e-06 6.84365e-06 1.35323e-06 0.165091 -0.33427 8.85761e-08 0 1.28424e-07 0 1.79534e-07 0 2.15501e-07 0 2.43962e-07 0 2.68015e-07 0 2.88992e-07 0 3.07627e-07 0 3.2434e-07 0 3.39865e-07 0 3.54161e-07 0 3.67464e-07 0 3.80024e-07 0 3.91825e-07 0 4.03129e-07 0 4.13649e-07 0 4.23652e-07 0 4.3341e-07 0 4.4292e-07 0 4.51615e-07 0 4.60334e-07 0 4.6851e-07 0 4.76706e-07 0 4.84353e-07 0 4.92016e-07 0 4.99409e-07 0 5.06531e-07 0 5.1338e-07 0 5.20241e-07 0 5.26539e-07 0 5.32846e-07 0 5.39162e-07 0 5.45487e-07 0 5.51245e-07 0 5.57009e-07 0 5.6278e-07 0 5.68558e-07 0 5.73764e-07 0 5.79265e-07 0 5.84771e-07 0 5.89703e-07 0
1581.14 7.73002e-06 6.6256e-06 1.10441e-06 0.142873 -0.33445 7.65148e-08 0 1.09431e-07 0 1.51247e-07 0 1.80497e-07 0 2.03566e-07 0 2.23021e-07 0 2.3996e-07 0 2.5499e-07 0 2.68457e-07 0 2.80956e-07 0 2.92457e-07 0 3.03152e-07 0 3.13246e-07 0 3.22725e-07 0 3.31801e-07 0 3.40244e-07 0 3.48269e-07 0 3.56095e-07 0 3.6372e-07 0 3.7069e-07 0 3.77677e-07 0 3.84228e-07 0 3.90793e-07 0 3.96917e-07 0 4.03053e-07 0 4.08972e-07 0 4.14673e-07 0 4.20154e-07 0 4.25643e-07 0 4.30682e-07 0 4.35728e-07 0 4.4078e-07 0 4.45838e-07 0 4.50442e-07 0 4.55051e-07 0 4.59665e-07 0 4.64284e-07 0 4.68445e-07 0 4.72841e-07 0 4.77241e-07 0 4.81182e-07 0
1662.3 7.31438e-06 6.41312e-06 9.01257e-07 0.123217 -0.334465 6.57437e-08 0 9.28281e-08 0 1.26936e-07 0 1.50662e-07 0 1.69319e-07 0 1.85021e-07 0 1.98674e-07 0 2.10774e-07 0 2.21605e-07 0 2.31651e-07 0 2.40889e-07 0 2.49475e-07 0 2.57574e-07 0 2.65176e-07 0 2.72453e-07 0 2.79219e-07 0 2.85649e-07 0 2.91918e-07 0 2.98024e-07 0 3.03604e-07 0 3.09196e-07 0 3.14438e-07 0 3.1969e-07 0 3.24589e-07 0 3.29496e-07 0 3.34229e-07 0 3.38787e-07 0 3.43169e-07 0 3.47556e-07 0 3.51583e-07 0 3.55615e-07 0 3.59652e-07 0 3.63693e-07 0 3.6737e-07 0 3.71051e-07 0 3.74736e-07 0 3.78425e-07 0 3.81747e-07 0 3.85257e-07 0 3.8877e-07 0 3.91916e-07 0
1747.63 6.9411e-06 6.20571e-06 7.35395e-07 0.105948 -0.334331 5.62017e-08 0 7.84068e-08 0 1.06146e-07 0 1.25344e-07 0 1.404e-07 0 1.53049e-07 0 1.64032e-07 0 1.73756e-07 0 1.82454e-07 0 1.90515e-07 0 1.97923e-07 0 2.04805e-07 0 2.11294e-07 0 2.17383e-07 0 2.23209e-07 0 2.28624e-07 0 2.33769e-07 0 2.38784e-07 0 2.43667e-07 0 2.48128e-07 0 2.52599e-07 0 2.56789e-07 0 2.60986e-07 0 2.649e-07 0 2.6882e-07 0 2.726e-07 0 2.7624e-07 0 2.79738e-07 0 2.83242e-07 0 2.86456e-07 0 2.89675e-07 0 2.92896e-07 0 2.96121e-07 0 2.99056e-07 0 3.01993e-07 0 3.04933e-07 0 3.07875e-07 0 3.10525e-07 0 3.13325e-07 0 3.16127e-07 0 3.18635e-07 0
1837.33 6.6035e-06 6.00318e-06 6.00317e-07 0.090909 -0.33406 4.78139e-08 0 6.59571e-08 0 8.84561e-08 0 1.03956e-07 0 1.16081e-07 0 1.26251e-07 0 1.35071e-07 0 1.42873e-07 0 1.49846e-07 0 1.56305e-07 0 1.62237e-07 0 1.67746e-07 0 1.72938e-07 0 1.77808e-07 0 1.82466e-07 0 1.86795e-07 0 1.90907e-07 0 1.94913e-07 0 1.98813e-07 0 2.02376e-07 0 2.05946e-07 0 2.09291e-07 0 2.12641e-07 0 2.15764e-07 0 2.18892e-07 0 2.21908e-07 0 2.24812e-07 0 2.27603e-07 0 2.30397e-07 0 2.32961e-07 0 2.35527e-07 0 2.38095e-07 0 2.40666e-07 0 2.43006e-07 0 2.45347e-07 0 2.4769e-07 0 2.50035e-07 0 2.52147e-07 0 2.54378e-07 0 2.5661e-07 0 2.58609e-07 0
1931.64 6.29549e-06 5.80526e-06 4.90235e-07 0.0778708 -0.333665 4.0492e-08 0 5.52696e-08 0 7.3472e-08 0 8.59592e-08 0 9.57056e-08 0 1.03868e-07 0 1.10939e-07 0 1.17189e-07 0 1.22771e-07 0 1.27939e-07 0 1.32683e-07 0 1.37086e-07 0 1.41235e-07 0 1.45125e-07 0 1.48845e-07 0 1.52301e-07 0 1.55583e-07 0 1.5878e-07 0 1.61892e-07 0 1.64734e-07 0 1.67581e-07 0 1.70248e-07 0 1.72919e-07 0 1.75409e-07 0 1.77903e-07 0 1.80306e-07 0 1.8262e-07 0 1.84844e-07 0 1.8707e-07 0 1.89113e-07 0 1.91157e-07 0 1.93203e-07 0 1.95251e-07 0 1.97114e-07 0 1.98978e-07 0 2.00844e-07 0 2.02711e-07 0 2.04392e-07 0 2.06168e-07 0 2.07945e-07 0 2.09536e-07 0
2030.79 6.02557e-06 5.62535e-06 4.0022e-07 0.0664203 -0.332883 3.42255e-08 0 4.62553e-08 0 6.09825e-08 0 7.10468e-08 0 7.88859e-08 0 8.54422e-08 0 9.11164e-08 0 9.61275e-08 0 1.00601e-07 0 1.04739e-07 0 1.08537e-07 0 1.12061e-07 0 1.1538e-07 0 1.18491e-07 0 1.21465e-07 0 1.24228e-07 0 1.2685e-07 0 1.29405e-07 0 1.31891e-07 0 1.34161e-07 0 1.36435e-07 0 1.38565e-07 0 1.40697e-07 0 1.42685e-07 0 1.44676e-07 0 1.46594e-07 0 1.48441e-07 0 1.50215e-07 0 1.51991e-07 0 1.53621e-07 0 1.55252e-07 0 1.56884e-07 0 1.58517e-07 0 1.60003e-07 0 1.6149e-07 0 1.62978e-07 0 1.64466e-07 0 1.65807e-07 0 1.67223e-07 0 1.6864e-07 0 1.69908e-07 0
2135.03 5.80515e-06 5.47858e-06 3.26565e-07 0.0562544 -0.331319 2.8967e-08 0 3.87863e-08 0 5.07401e-08 0 5.88806e-08 0 6.52093e-08 0 7.04959e-08 0 7.50671e-08 0 7.91012e-08 0 8.27003e-08 0 8.60286e-08 0 8.90817e-08 0 9.19137e-08 0 9.458e-08 0 9.70789e-08 0 9.9467e-08 0 1.01685e-07 0 1.0379e-07 0 1.0584e-07 0 1.07835e-07 0 1.09656e-07 0 1.1148e-07 0 1.13188e-07 0 1.14898e-07 0 1.16492e-07 0 1.18088e-07 0 1.19626e-07 0 1.21107e-07 0 1.22529e-07 0 1.23952e-07 0 1.25258e-07 0 1.26565e-07 0 1.27873e-07 0 1.29181e-07 0 1.30372e-07 0 1.31563e-07 0 1.32755e-07 0 1.33947e-07 0 1.35021e-07 0 1.36156e-07 0 1.3729e-07 0 1.38306e-07 0
2244.63 5.59826e-06 5.33161e-06 2.66648e-07 0.0476306 -0.329582 2.44126e-08 0 3.24042e-08 0 4.20835e-08 0 4.86541e-08 0 5.37537e-08 0 5.80086e-08 0 6.16849e-08 0 6.49271e-08 0 6.78181e-08 0 7.04906e-08 0 7.29413e-08 0 7.52137e-08 0 7.73526e-08 0 7.93567e-08 0 8.12715e-08 0 8.30496e-08 0 8.47369e-08 0 8.63799e-08 0 8.79782e-08 0 8.94374e-08 0 9.08984e-08 0 9.22667e-08 0 9.36364e-08 0 9.49129e-08 0 9.61907e-08 0 9.74222e-08 0 9.86073e-08 0 9.97459e-08 0 1.00885e-07 0 1.01931e-07 0 1.02976e-07 0 1.04023e-07 0 1.0507e-07 0 1.06023e-07 0 1.06976e-07 0 1.0793e-07 0 1.08884e-07 0 1.09743e-07 0 1.1065e-07 0 1.11558e-07 0 1.1237e-07 0
2359.84 5.40162e-06 5.18391e-06 2.17712e-07 0.0403049 -0.327678 2.04886e-08 0 2.69741e-08 0 3.47928e-08 0 4.0085e-08 0 4.4186e-08 0 4.76043e-08 0 5.05555e-08 0 5.31568e-08 0 5.54752e-08 0 5.76176e-08 0 5.95814e-08 0 6.1402e-08 0 6.31152e-08 0 6.472e-08 0 6.6253e-08 0 6.76763e-08 0 6.90267e-08 0 7.03415e-08 0 7.16203e-08 0 7.27877e-08 0 7.39564e-08 0 7.50508e-08 0 7.61463e-08 0 7.71671e-08 0 7.81888e-08 0 7.91735e-08 0 8.0121e-08 0 8.10312e-08 0 8.1942e-08 0 8.27775e-08 0 8.36135e-08 0 8.44499e-08 0 8.52868e-08 0 8.60481e-08 0 8.68097e-08 0 8.75717e-08 0 8.83341e-08 0 8.90205e-08 0 8.97453e-08 0 9.04705e-08 0 9.11196e-08 0
2480.97 5.21284e-06 5.03512e-06 1.77719e-07 0.0340925 -0.325616 1.71249e-08 0 2.23734e-08 0 2.8674e-08 0 3.29274e-08 0 3.62188e-08 0 3.89597e-08 0 4.13245e-08 0 4.34078e-08 0 4.52638e-08 0 4.69782e-08 0 4.85494e-08 0 5.00055e-08 0 5.13754e-08 0 5.26584e-08 0 5.38839e-08 0 5.50214e-08 0 5.61005e-08 0 5.7151e-08 0 5.81727e-08 0 5.91052e-08 0 6.00387e-08 0 6.09127e-08 0 6.17875e-08 0 6.26026e-08 0 6.34184e-08 0 6.42045e-08 0 6.49609e-08 0 6.56875e-08 0 6.64146e-08 0 6.70814e-08 0 6.77487e-08 0 6.84162e-08 0 6.90841e-08 0 6.96916e-08 0 7.02993e-08 0 7.09073e-08 0 7.15156e-08 0 7.20633e-08 0 7.26416e-08 0 7.32201e-08 0 7.3738e-08 0
2608.32 5.03006e-06 4.88499e-06 1.45074e-07 0.0288414 -0.323406 1.4256e-08 0 1.84916e-08 0 2.35567e-08 0 2.69678e-08 0 2.9604e-08 0 3.17975e-08 0 3.36889e-08 0 3.53543e-08 0 3.68374e-08 0 3.8207e-08 0 3.94618e-08 0 4.06244e-08 0 4.1718e-08 0 4.27421e-08 0 4.372e-08 0 4.46276e-08 0 4.54886e-08 0 4.63265e-08 0 4.71414e-08 0 4.78852e-08 0 4.86296e-08 0 4.93265e-08 0 5.0024e-08 0 5.06739e-08 0 5.13242e-08 0 5.19509e-08 0 5.25538e-08 0 5.3133e-08 0 5.37124e-08 0 5.42439e-08 0 5.47756e-08 0 5.53076e-08 0 5.58398e-08 0 5.63238e-08 0 5.68081e-08 0 5.72925e-08 0 5.77771e-08 0 5.82134e-08 0 5.86741e-08 0 5.9135e-08 0 5.95475e-08 0
2742.21 4.85188e-06 4.73338e-06 1.18494e-07 0.0244224 -0.321057 1.18208e-08 0 1.52296e-08 0 1.92917e-08 0 2.20214e-08 0 2.41286e-08 0 2.58805e-08 0 2.73903e-08 0 2.87191e-08 0 2.99021e-08 0 3.09943e-08 0 3.19946e-08 0 3.29213e-08 0 3.37928e-08 0 3.46087e-08 0 3.53877e-08 0 3.61107e-08 0 3.67964e-08 0 3.74637e-08 0 3.81126e-08 0 3.87048e-08 0 3.92975e-08 0 3.98523e-08 0 4.04075e-08 0 4.09248e-08 0 4.14424e-08 0 4.19411e-08 0 4.2421e-08 0 4.28818e-08 0 4.33429e-08 0 4.37658e-08 0 4.41889e-08 0 4.46121e-08 0 4.50355e-08 0 4.54206e-08 0 4.58058e-08 0 4.61912e-08 0 4.65767e-08 0 4.69238e-08 0 4.72902e-08 0 4.76568e-08 0 4.79849e-08 0
2882.97 4.6769e-06 4.58014e-06 9.67647e-08 0.0206899 -0.318582 9.76328e-09 0 1.24992e-08 0 1.57491e-08 0 1.79286e-08 0 1.96093e-08 0 2.10058e-08 0 2.22085e-08 0 2.32667e-08 0 2.42086e-08 0 2.50778e-08 0 2.58738e-08 0 2.6611e-08 0 2.73042e-08 0 2.79531e-08 0 2.85727e-08 0 2.91475e-08 0 2.96927e-08 0 3.02232e-08 0 3.0739e-08 0 3.12096e-08 0 3.16807e-08 0 3.21216e-08 0 3.25628e-08 0 3.29738e-08 0 3.33851e-08 0 3.37813e-08 0 3.41625e-08 0 3.45287e-08 0 3.4895e-08 0 3.52309e-08 0 3.55669e-08 0 3.59031e-08 0 3.62394e-08 0 3.65452e-08 0 3.68512e-08 0 3.71572e-08 0 3.74634e-08 0 3.7739e-08 0 3.803e-08 0 3.83211e-08 0 3.85816e-08 0
3030.95 4.50431e-06 4.42531e-06 7.90022e-08 0.0175392 -0.315997 8.03283e-09 0 1.02227e-08 0 1.28165e-08 0 1.45529e-08 0 1.58906e-08 0 1.70013e-08 0 1.79576e-08 0 1.87987e-08 0 1.9547e-08 0 2.02375e-08 0 2.08696e-08 0 2.1455e-08 0 2.20054e-08 0 2.25206e-08 0 2.30123e-08 0 2.34685e-08 0 2.39012e-08 0 2.43221e-08 0 2.47314e-08 0 2.51048e-08 0 2.54785e-08 0 2.58282e-08 0 2.61782e-08 0 2.65043e-08 0 2.68304e-08 0 2.71447e-08 0 2.7447e-08 0 2.77374e-08 0 2.80278e-08 0 2.82942e-08 0 2.85607e-08 0 2.88272e-08 0 2.90939e-08 0 2.93364e-08 0 2.95789e-08 0 2.98215e-08 0 3.00642e-08 0 3.02827e-08 0 3.05134e-08 0 3.07442e-08 0 3.09507e-08 0
3186.53 4.3337e-06 4.26918e-06 6.45217e-08 0.0148884 -0.313317 6.58426e-09 0 8.33249e-09 0 1.03977e-08 0 1.1778e-08 0 1.28404e-08 0 1.37221e-08 0 1.44808e-08 0 1.51479e-08 0 1.57413e-08 0 1.62888e-08 0 1.67899e-08 0 1.72538e-08 0 1.769e-08 0 1.80982e-08 0 1.84877e-08 0 1.88492e-08 0 1.91919e-08 0 1.95253e-08 0 1.98494e-08 0 2.01451e-08 0 2.0441e-08 0 2.0718e-08 0 2.09951e-08 0 2.12532e-08 0 2.15115e-08 0 2.17603e-08 0 2.19996e-08 0 2.22295e-08 0 2.24594e-08 0 2.26702e-08 0 2.28811e-08 0 2.30921e-08 0 2.33032e-08 0 2.34951e-08 0 2.3687e-08 0 2.38791e-08 0 2.40711e-08 0 2.4244e-08 0 2.44266e-08 0 2.46092e-08 0 2.47726e-08 0
3350.09 4.16477e-06 4.11206e-06 5.27081e-08 0.0126557 -0.31056 5.3771e-09 0 6.76912e-09 0 8.40958e-09 0 9.50438e-09 0 1.03464e-08 0 1.10448e-08 0 1.16456e-08 0 1.21737e-08 0 1.26433e-08 0 1.30765e-08 0 1.34729e-08 0 1.38399e-08 0 1.41849e-08 0 1.45077e-08 0 1.48158e-08 0 1.51015e-08 0 1.53725e-08 0 1.56361e-08 0 1.58923e-08 0 1.61261e-08 0 1.636e-08 0 1.65789e-08 0 1.67979e-08 0 1.70019e-08 0 1.7206e-08 0 1.74026e-08 0 1.75917e-08 0 1.77733e-08 0 1.7955e-08 0 1.81216e-08 0 1.82882e-08 0 1.84549e-08 0 1.86216e-08 0 1.87733e-08 0 1.89249e-08 0 1.90766e-08 0 1.92283e-08 0 1.93649e-08 0 1.95091e-08 0 1.96534e-08 0 1.97824e-08 0
3522.05 3.9974e-06 3.95435e-06 4.30483e-08 0.0107691 -0.307744 4.37557e-09 0 5.48115e-09 0 6.78123e-09 0 7.6477e-09 0 8.31365e-09 0 8.86574e-09 0 9.34051e-09 0 9.75772e-09 0 1.01287e-08 0 1.04707e-08 0 1.07838e-08 0 1.10735e-08 0 1.13459e-08 0 1.16006e-08 0 1.18438e-08 0 1.20693e-08 0 1.22831e-08 0 1.24911e-08 0 1.26933e-08 0 1.28778e-08 0 1.30623e-08 0 1.3235e-08 0 1.34078e-08 0 1.35687e-08 0 1.37297e-08 0 1.38848e-08 0 1.40339e-08 0 1.41772e-08 0 1.43205e-08 0 1.44519e-08 0 1.45833e-08 0 1.47148e-08 0 1.48463e-08 0 1.49658e-08 0 1.50854e-08 0 1.5205e-08 0 1.53247e-08 0 1.54324e-08 0 1.55461e-08 0 1.56598e-08 0 1.57616e-08 0
3702.84 3.83173e-06 3.79658e-06 3.51513e-08 0.00917374 -0.304888 3.54828e-09 0 4.42422e-09 0 5.45224e-09 0 6.13654e-09 0 6.66214e-09 0 7.0977e-09 0 7.47214e-09 0 7.8011e-09 0 8.09353e-09 0 8.36316e-09 0 8.60987e-09 0 8.8382e-09 0 9.05277e-09 0 9.25352e-09 0 9.44507e-09 0 9.62273e-09 0 9.79115e-09 0 9.95498e-09 0 1.01142e-08 0 1.02595e-08 0 1.04048e-08 0 1.05408e-08 0 1.06769e-08 0 1.08036e-08 0 1.09303e-08 0 1.10524e-08 0 1.11699e-08 0 1.12827e-08 0 1.13955e-08 0 1.14989e-08 0 1.16024e-08 0 1.17059e-08 0 1.18094e-08 0 1.19035e-08 0 1.19977e-08 0 1.20918e-08 0 1.2186e-08 0 1.22708e-08 0 1.23603e-08 0 1.24498e-08 0 1.25299e-08 0
3892.91 3.66824e-06 3.63952e-06 2.87222e-08 0.00782994 -0.302013 2.86801e-09 0 3.56042e-09 0 4.37159e-09 0 4.91095e-09 0 5.32498e-09 0 5.66795e-09 0 5.96271e-09 0 6.22162e-09 0 6.45173e-09 0 6.66388e-09 0 6.85795e-09 0 7.03757e-09 0 7.20633e-09 0 7.36421e-09 0 7.51485e-09 0 7.65456e-09 0 7.78699e-09 0 7.9158e-09 0 8.041e-09 0 8.1552e-09 0 8.26945e-09 0 8.37636e-09 0 8.48332e-09 0 8.58293e-09 0 8.68257e-09 0 8.77855e-09 0 8.87087e-09 0 8.95951e-09 0 9.04818e-09 0 9.12948e-09 0 9.21079e-09 0 9.29212e-09 0 9.37347e-09 0 9.44744e-09 0 9.52142e-09 0 9.59542e-09 0 9.66943e-09 0 9.73605e-09 0 9.80638e-09 0 9.87672e-09 0 9.93967e-09 0
4092.73 3.50717e-06 3.4837e-06 2.34668e-08 0.00669108 -0.299138 2.31088e-09 0 2.85701e-09 0 3.49577e-09 0 3.92007e-09 0 4.2456e-09 0 4.51517e-09 0 4.74678e-09 0 4.95019e-09 0 5.13094e-09 0 5.29756e-09 0 5.44997e-09 0 5.59101e-09 0 5.72352e-09 0 5.84747e-09 0 5.96574e-09 0 6.07541e-09 0 6.17936e-09 0 6.28047e-09 0 6.37874e-09 0 6.46837e-09 0 6.55804e-09 0 6.64195e-09 0 6.72588e-09 0 6.80405e-09 0 6.88225e-09 0 6.95756e-09 0 7.03e-09 0 7.09956e-09 0 7.16913e-09 0 7.23292e-09 0 7.29672e-09 0 7.36054e-09 0 7.42436e-09 0 7.4824e-09 0 7.54044e-09 0 7.59849e-09 0 7.65655e-09 0 7.70882e-09 0 7.76399e-09 0 7.81917e-09 0 7.86856e-09 0
4302.81 3.34894e-06 3.32977e-06 1.91689e-08 0.00572388 -0.296277 1.85644e-09 0 2.28631e-09 0 2.78834e-09 0 3.12152e-09 0 3.37702e-09 0 3.58853e-09 0 3.77022e-09 0 3.92975e-09 0 4.07149e-09 0 4.20214e-09 0 4.32163e-09 0 4.4322e-09 0 4.53607e-09 0 4.63323e-09 0 4.72592e-09 0 4.81188e-09 0 4.89335e-09 0 4.97259e-09 0 5.04959e-09 0 5.11983e-09 0 5.19009e-09 0 5.25584e-09 0 5.32161e-09 0 5.38285e-09 0 5.44412e-09 0 5.50313e-09 0 5.55988e-09 0 5.61437e-09 0 5.66888e-09 0 5.71885e-09 0 5.76883e-09 0 5.81882e-09 0 5.86882e-09 0 5.91428e-09 0 5.95975e-09 0 6.00522e-09 0 6.0507e-09 0 6.09164e-09 0 6.13486e-09 0 6.17808e-09 0 6.21676e-09 0
4523.68 3.19405e-06 3.17839e-06 1.56585e-08 0.0049024 -0.29345 1.48722e-09 0 1.82493e-09 0 2.21881e-09 0 2.48e-09 0 2.6802e-09 0 2.84589e-09 0 2.98819e-09 0 3.11311e-09 0 3.22409e-09 0 3.32637e-09 0 3.41991e-09 0 3.50646e-09 0 3.58776e-09 0 3.6638e-09 0 3.73634e-09 0 3.80361e-09 0 3.86736e-09 0 3.92937e-09 0 3.98962e-09 0 4.04458e-09 0 4.09955e-09 0 4.15099e-09 0 4.20245e-09 0 4.25036e-09 0 4.29829e-09 0 4.34446e-09 0 4.38885e-09 0 4.43148e-09 0 4.47412e-09 0 4.51321e-09 0 4.55231e-09 0 4.59141e-09 0 4.63052e-09 0 4.66608e-09 0 4.70165e-09 0 4.73722e-09 0 4.77279e-09 0 4.80481e-09 0 4.83861e-09 0 4.87242e-09 0 4.90267e-09 0
4755.88 3.04311e-06 3.03031e-06 1.27982e-08 0.00420565 -0.290674 1.18841e-09 0 1.45327e-09 0 1.76181e-09 0 1.96626e-09 0 2.1229e-09 0 2.25251e-09 0 2.3638e-09 0 2.46149e-09 0 2.54826e-09 0 2.62822e-09 0 2.70135e-09 0 2.769e-09 0 2.83255e-09 0 2.89199e-09 0 2.94868e-09 0 3.00125e-09 0 3.05108e-09 0 3.09953e-09 0 3.14662e-09 0 3.18956e-09 0 3.23252e-09 0 3.27271e-09 0 3.31292e-09 0 3.35036e-09 0 3.38781e-09 0 3.42387e-09 0 3.45856e-09 0 3.49187e-09 0 3.52518e-09 0 3.55572e-09 0 3.58626e-09 0 3.61681e-09 0 3.64736e-09 0 3.67514e-09 0 3.70293e-09 0 3.73071e-09 0 3.7585e-09 0 3.78351e-09 0 3.80992e-09 0 3.83633e-09 0 3.85996e-09 0
5000 2.89636e-06 2.8859e-06 1.04583e-08 0.00361083 -0.287958 9.47353e-10 0 1.15475e-09 0 1.39608e-09 0 1.55589e-09 0 1.67829e-09 0 1.77954e-09 0 1.86646e-09 0 1.94275e-09 0 2.01051e-09 0 2.07295e-09 0 2.13004e-09 0 2.18286e-09 0 2.23246e-09 0 2.27886e-09 0 2.32312e-09 0 2.36415e-09 0 2.40304e-09 0 2.44086e-09 0 2.47761e-09 0 2.51112e-09 0 2.54465e-09 0 2.57601e-09 0 2.60739e-09 0 2.63661e-09 0 2.66583e-09 0 2.69398e-09 0 2.72104e-09 0 2.74703e-09 0 2.77302e-09 0 2.79685e-09 0 2.82069e-09 0 2.84452e-09 0 2.86836e-09 0 2.89004e-09 0 2.91172e-09 0 2.9334e-09 0 2.95508e-09 0 2.97459e-09 0 2.9952e-09 0 3.0158e-09 0 3.03424e-09 0
