# 0.00137126 0 101 : grain size, compostion index, size index
# Heating and cooling timescale: 8.18699e-07 6.99104e+23
# Ratio of heating to cooling to determine stochastic cutoff: 100
# Equilibrium emission is recorded even for those grains in the stochastic regime.
# Emission spectrum was computed for: 
# Type: ISRF
# Scales: 0.25 0.5 1 1.5 2 2.5 3 3.5 4 4.5 5 5.5 6 6.5 7 7.5 8 8.5 9 9.5 10 10.5 11 11.5 12 12.5 13 13.5 14 14.5 15 15.5 16 16.5 17 17.5 18 18.5 19 19.5 20
# StochasticallyHeated: 0 0 0 0 0 0 0 0 0 0 0 0 0 0 0 0 0 0 0 0 0 0 0 0 0 0 0 0 0 0 0 0 0 0 0 0 0 0 0 0 0
# Temperature: -1
# Wavelength  CExt  CAbs  CSca  Albedo G EqEm1 StEm1 EqEm2 StEm2 EqEm3 StEm3 EqEm4 StEm4 EqEm5 StEm5 EqEm6 StEm6 EqEm7 StEm7 EqEm8 StEm8 EqEm9 StEm9 EqEm10 StEm10 EqEm11 StEm11 EqEm12 StEm12 EqEm13 StEm13 EqEm14 StEm14 EqEm15 StEm15 EqEm16 StEm16 EqEm17 StEm17 EqEm18 StEm18 EqEm19 StEm19 EqEm20 StEm20 EqEm21 StEm21 EqEm22 StEm22 EqEm23 StEm23 EqEm24 StEm24 EqEm25 StEm25 EqEm26 StEm26 EqEm27 StEm27 EqEm28 StEm28 EqEm29 StEm29 EqEm30 StEm30 EqEm31 StEm31 EqEm32 StEm32 EqEm33 StEm33 EqEm34 StEm34 EqEm35 StEm35 EqEm36 StEm36 EqEm37 StEm37 EqEm38 StEm38 EqEm39 StEm39 EqEm40 StEm40 EqEm41 StEm41
0.05 1.18696e-05 5.59642e-06 6.27315e-06 0.528507 0.989936 0 0 0 0 0 0 0 0 0 0 0 0 0 0 0 0 0 0 0 0 0 0 0 0 0 0 0 0 0 0 0 0 0 0 0 0 0 0 0 0 0 0 0 0 0 0 0 0 0 0 0 0 0 0 0 0 0 0 0 0 0 0 0 0 0 0 0 0 0 0 0 0 0 0 0 0 0 0 0 0 0 0
0.0525665 1.1876e-05 5.48988e-06 6.38614e-06 0.537734 0.98328 0 0 0 0 0 0 0 0 0 0 0 0 0 0 0 0 0 0 0 0 0 0 0 0 0 0 0 0 0 0 0 0 0 0 0 0 0 0 0 0 0 0 0 0 0 0 0 0 0 0 0 0 0 0 0 0 0 0 0 0 0 0 0 0 0 0 0 0 0 0 0 0 0 0 0 0 0 0 0 0 0 0
0.0552647 1.18806e-05 5.45552e-06 6.42506e-06 0.540804 0.979677 0 0 0 0 0 0 0 0 0 0 0 0 0 0 0 0 0 0 0 0 0 0 0 0 0 0 0 0 0 0 0 0 0 0 0 0 0 0 0 0 0 0 0 0 0 0 0 0 0 0 0 0 0 0 0 0 0 0 0 0 0 0 0 0 0 0 0 0 0 0 0 0 0 0 0 0 0 0 0 0 0 0
0.0581015 1.18846e-05 5.43921e-06 6.44539e-06 0.542331 0.977181 0 0 0 0 0 0 0 0 0 0 0 0 0 0 0 0 0 0 0 0 0 0 0 0 0 0 0 0 0 0 0 0 0 0 0 0 0 0 0 0 0 0 0 0 0 0 0 0 0 0 0 0 0 0 0 0 0 0 0 0 0 0 0 0 0 0 0 0 0 0 0 0 0 0 0 0 0 0 0 0 0 0
0.0610839 1.18883e-05 5.43027e-06 6.458e-06 0.543225 0.975322 0 0 0 0 0 0 0 0 0 0 0 0 0 0 0 0 0 0 0 0 0 0 0 0 0 0 0 0 0 0 0 0 0 0 0 0 0 0 0 0 0 0 0 0 0 0 0 0 0 0 0 0 0 0 0 0 0 0 0 0 0 0 0 0 0 0 0 0 0 0 0 0 0 0 0 0 0 0 0 0 0 0
0.0642193 1.18918e-05 5.42234e-06 6.46945e-06 0.544026 0.973693 0 0 0 0 0 0 0 0 0 0 0 0 0 0 0 0 0 0 0 0 0 0 0 0 0 0 0 0 0 0 0 0 0 0 0 0 0 0 0 0 0 0 0 0 0 0 0 0 0 0 0 0 0 0 0 0 0 0 0 0 0 0 0 0 0 0 0 0 0 0 0 0 0 0 0 0 0 0 0 0 0 0
0.0675157 1.18952e-05 5.41176e-06 6.48347e-06 0.545048 0.971981 0 0 0 0 0 0 0 0 0 0 0 0 0 0 0 0 0 0 0 0 0 0 0 0 0 0 0 0 0 0 0 0 0 0 0 0 0 0 0 0 0 0 0 0 0 0 0 0 0 0 0 0 0 0 0 0 0 0 0 0 0 0 0 0 0 0 0 0 0 0 0 0 0 0 0 0 0 0 0 0 0 0
0.0709813 1.18988e-05 5.39781e-06 6.50099e-06 0.546357 0.970013 0 0 0 0 0 0 0 0 0 0 0 0 0 0 0 0 0 0 0 0 0 0 0 0 0 0 0 0 0 0 0 0 0 0 0 0 0 0 0 0 0 0 0 0 0 0 0 0 0 0 0 0 0 0 0 0 0 0 0 0 0 0 0 0 0 0 0 0 0 0 0 0 0 0 0 0 0 0 0 0 0 0
0.0746248 1.19026e-05 5.38161e-06 6.52094e-06 0.547861 0.967785 0 0 0 0 0 0 0 0 0 0 0 0 0 0 0 0 0 0 0 0 0 0 0 0 0 0 0 0 0 0 0 0 0 0 0 0 0 0 0 0 0 0 0 0 0 0 0 0 0 0 0 0 0 0 0 0 0 0 0 0 0 0 0 0 0 0 0 0 0 0 0 0 0 0 0 0 0 0 0 0 0 0
0.0784553 1.19064e-05 5.36535e-06 6.54108e-06 0.549374 0.965459 0 0 0 0 0 0 0 0 0 0 0 0 0 0 0 0 0 0 0 0 0 0 0 0 0 0 0 0 0 0 0 0 0 0 0 0 0 0 0 0 0 0 0 0 0 0 0 0 0 0 0 0 0 0 0 0 0 0 0 0 0 0 0 0 0 0 0 0 0 0 0 0 0 0 0 0 0 0 0 0 0 0
0.0824824 1.19105e-05 5.34956e-06 6.5609e-06 0.550852 0.963094 0 0 0 0 0 0 0 0 0 0 0 0 0 0 0 0 0 0 0 0 0 0 0 0 0 0 0 0 0 0 0 0 0 0 0 0 0 0 0 0 0 0 0 0 0 0 0 0 0 0 0 0 0 0 0 0 0 0 0 0 0 0 0 0 0 0 0 0 0 0 0 0 0 0 0 0 0 0 0 0 0 0
0.0867162 1.19146e-05 5.33396e-06 6.58066e-06 0.552318 0.960681 0 0 0 0 0 0 0 0 0 0 0 0 0 0 0 0 0 0 0 0 0 0 0 0 0 0 0 0 0 0 0 0 0 0 0 0 0 0 0 0 0 0 0 0 0 0 0 0 0 0 0 0 0 0 0 0 0 0 0 0 0 0 0 0 0 0 0 0 0 0 0 0 0 0 0 0 0 0 0 0 0 0
0.0911674 1.19189e-05 5.31847e-06 6.60045e-06 0.553779 0.958206 0 0 0 0 0 0 0 0 0 0 0 0 0 0 0 0 0 0 0 0 0 0 0 0 0 0 0 0 0 0 0 0 0 0 0 0 0 0 0 0 0 0 0 0 0 0 0 0 0 0 0 0 0 0 0 0 0 0 0 0 0 0 0 0 0 0 0 0 0 0 0 0 0 0 0 0 0 0 0 0 0 0
0.095847 1.19235e-05 5.3033e-06 6.62016e-06 0.555221 0.955679 0 0 0 0 0 0 0 0 0 0 0 0 0 0 0 0 0 0 0 0 0 0 0 0 0 0 0 0 0 0 0 0 0 0 0 0 0 0 0 0 0 0 0 0 0 0 0 0 0 0 0 0 0 0 0 0 0 0 0 0 0 0 0 0 0 0 0 0 0 0 0 0 0 0 0 0 0 0 0 0 0 0
0.100767 1.19282e-05 5.28908e-06 6.63908e-06 0.556589 0.953158 0 0 0 0 0 0 0 0 0 0 0 0 0 0 0 0 0 0 0 0 0 0 0 0 0 0 0 0 0 0 0 0 0 0 0 0 0 0 0 0 0 0 0 0 0 0 0 0 0 0 0 0 0 0 0 0 0 0 0 0 0 0 0 0 0 0 0 0 0 0 0 0 0 0 0 0 0 0 0 0 0 0
0.105939 1.19331e-05 5.27831e-06 6.65475e-06 0.557673 0.950849 0 0 0 0 0 0 0 0 0 0 0 0 0 0 0 0 0 0 0 0 0 0 0 0 0 0 0 0 0 0 0 0 0 0 0 0 0 0 0 0 0 0 0 0 0 0 0 0 0 0 0 0 0 0 0 0 0 0 0 0 0 0 0 0 0 0 0 0 0 0 0 0 0 0 0 0 0 0 0 0 0 0
0.111377 1.19381e-05 5.27318e-06 6.66488e-06 0.558289 0.949126 0 0 0 0 0 0 0 0 0 0 0 0 0 0 0 0 0 0 0 0 0 0 0 0 0 0 0 0 0 0 0 0 0 0 0 0 0 0 0 0 0 0 0 0 0 0 0 0 0 0 0 0 0 0 0 0 0 0 0 0 0 0 0 0 0 0 0 0 0 0 0 0 0 0 0 0 0 0 0 0 0 0
0.117094 1.1943e-05 5.2719e-06 6.67109e-06 0.558578 0.947959 0 0 0 0 0 0 0 0 0 0 0 0 0 0 0 0 0 0 0 0 0 0 0 0 0 0 0 0 0 0 0 0 0 0 0 0 0 0 0 0 0 0 0 0 0 0 0 0 0 0 0 0 0 0 0 0 0 0 0 0 0 0 0 0 0 0 0 0 0 0 0 0 0 0 0 0 0 0 0 0 0 0
0.123105 1.19481e-05 5.26812e-06 6.67996e-06 0.559082 0.94658 0 0 0 0 0 0 0 0 0 0 0 0 0 0 0 0 0 0 0 0 0 0 0 0 0 0 0 0 0 0 0 0 0 0 0 0 0 0 0 0 0 0 0 0 0 0 0 0 0 0 0 0 0 0 0 0 0 0 0 0 0 0 0 0 0 0 0 0 0 0 0 0 0 0 0 0 0 0 0 0 0 0
0.129424 1.19534e-05 5.268e-06 6.68542e-06 0.559289 0.945503 0 0 0 0 0 0 0 0 0 0 0 0 0 0 0 0 0 0 0 0 0 0 0 0 0 0 0 0 0 0 0 0 0 0 0 0 0 0 0 0 0 0 0 0 0 0 0 0 0 0 0 0 0 0 0 0 0 0 0 0 0 0 0 0 0 0 0 0 0 0 0 0 0 0 0 0 0 0 0 0 0 0
0.136067 1.19586e-05 5.27736e-06 6.68127e-06 0.558699 0.945634 0 0 0 0 0 0 0 0 0 0 0 0 0 0 0 0 0 0 0 0 0 0 0 0 0 0 0 0 0 0 0 0 0 0 0 0 0 0 0 0 0 0 0 0 0 0 0 0 0 0 0 0 0 0 0 0 0 0 0 0 0 0 0 0 0 0 0 0 0 0 0 0 0 0 0 0 0 0 0 0 0 0
0.143051 1.19638e-05 5.28134e-06 6.68249e-06 0.558558 0.94536 0 0 0 0 0 0 0 0 0 0 0 0 0 0 0 0 0 0 0 0 0 0 0 0 0 0 0 0 0 0 0 0 0 0 0 0 0 0 0 0 0 0 0 0 0 0 0 0 0 0 0 0 0 0 0 0 0 0 0 0 0 0 0 0 0 0 0 0 0 0 0 0 0 0 0 0 0 0 0 0 0 0
0.150394 1.19694e-05 5.29627e-06 6.67314e-06 0.557516 0.946053 0 0 0 0 0 0 0 0 0 0 0 0 0 0 0 0 0 0 0 0 0 0 0 0 0 0 0 0 0 0 0 0 0 0 0 0 0 0 0 0 0 0 0 0 0 0 0 0 0 0 0 0 0 0 0 0 0 0 0 0 0 0 0 0 0 0 0 0 0 0 0 0 0 0 0 0 0 0 0 0 0 0
0.158114 1.19733e-05 5.33979e-06 6.63356e-06 0.554027 0.950713 0 0 0 0 0 0 0 0 0 0 0 0 0 0 0 0 0 0 0 0 0 0 0 0 0 0 0 0 0 0 0 0 0 0 0 0 0 0 0 0 0 0 0 0 0 0 0 0 0 0 0 0 0 0 0 0 0 0 0 0 0 0 0 0 0 0 0 0 0 0 0 0 0 0 0 0 0 0 0 0 0 0
0.16623 1.19763e-05 5.34497e-06 6.63135e-06 0.553705 0.952199 0 0 0 0 0 0 0 0 0 0 0 0 0 0 0 0 0 0 0 0 0 0 0 0 0 0 0 0 0 0 0 0 0 0 0 0 0 0 0 0 0 0 0 0 0 0 0 0 0 0 0 0 0 0 0 0 0 0 0 0 0 0 0 0 0 0 0 0 0 0 0 0 0 0 0 0 0 0 0 0 0 0
0.174762 1.19806e-05 5.30643e-06 6.67418e-06 0.557082 0.948807 0 0 0 0 0 0 0 0 0 0 0 0 0 0 0 0 0 0 0 0 0 0 0 0 0 0 0 0 0 0 0 0 0 0 0 0 0 0 0 0 0 0 0 0 0 0 0 0 0 0 0 0 0 0 0 0 0 0 0 0 0 0 0 0 0 0 0 0 0 0 0 0 0 0 0 0 0 0 0 0 0 0
0.183733 1.19863e-05 5.24607e-06 6.74024e-06 0.562329 0.942701 0 0 0 0 0 0 0 0 0 0 0 0 0 0 0 0 0 0 0 0 0 0 0 0 0 0 0 0 0 0 0 0 0 0 0 0 0 0 0 0 0 0 0 0 0 0 0 0 0 0 0 0 0 0 0 0 0 0 0 0 0 0 0 0 0 0 0 0 0 0 0 0 0 0 0 0 0 0 0 0 0 0
0.193164 1.19935e-05 5.15761e-06 6.83585e-06 0.569965 0.933027 0 0 0 0 0 0 0 0 0 0 0 0 0 0 0 0 0 0 0 0 0 0 0 0 0 0 0 0 0 0 0 0 0 0 0 0 0 0 0 0 0 0 0 0 0 0 0 0 0 0 0 0 0 0 0 0 0 0 0 0 0 0 0 0 0 0 0 0 0 0 0 0 0 0 0 0 0 0 0 0 0 0
0.203079 1.20026e-05 5.06524e-06 6.9374e-06 0.577989 0.921534 0 0 0 0 0 0 0 0 0 0 0 0 0 0 0 0 0 0 0 0 0 0 0 0 0 0 0 0 0 0 0 0 0 0 0 0 0 0 0 0 0 0 0 0 0 0 0 0 0 0 0 0 0 0 0 0 0 0 0 0 0 0 0 0 0 0 0 0 0 0 0 0 0 0 0 0 0 0 0 0 0 0
0.213503 1.2012e-05 4.99437e-06 7.01766e-06 0.584219 0.911945 0 0 0 0 0 0 0 0 0 0 0 0 0 0 0 0 0 0 0 0 0 0 0 0 0 0 0 0 0 0 0 0 0 0 0 0 0 0 0 0 0 0 0 0 0 0 0 0 0 0 0 0 0 0 0 0 0 0 0 0 0 0 0 0 0 0 0 0 0 0 0 0 0 0 0 0 0 0 0 0 0 0
0.224463 1.20216e-05 4.93358e-06 7.08803e-06 0.589607 0.903328 0 0 0 0 0 0 0 0 0 0 0 0 0 0 0 0 0 0 0 0 0 0 0 0 0 0 0 0 0 0 0 0 0 0 0 0 0 0 0 0 0 0 0 0 0 0 0 0 0 0 0 0 0 0 0 0 0 0 0 0 0 0 0 0 0 0 0 0 0 0 0 0 0 0 0 0 0 0 0 0 0 0
0.235984 1.20315e-05 4.87215e-06 7.15934e-06 0.59505 0.894666 0 0 0 0 0 0 0 0 0 0 0 0 0 0 0 0 0 0 0 0 0 0 0 0 0 0 0 0 0 0 0 0 0 0 0 0 0 0 0 0 0 0 0 0 0 0 0 0 0 0 0 0 0 0 0 0 0 0 0 0 0 0 0 0 0 0 0 0 0 0 0 0 0 0 0 0 0 0 0 0 0 0
0.248097 1.20424e-05 4.7998e-06 7.2426e-06 0.601425 0.884409 0 0 0 0 0 0 0 0 0 0 0 0 0 0 0 0 0 0 0 0 0 0 0 0 0 0 0 0 0 0 0 0 0 0 0 0 0 0 0 0 0 0 0 0 0 0 0 0 0 0 0 0 0 0 0 0 0 0 0 0 0 0 0 0 0 0 0 0 0 0 0 0 0 0 0 0 0 0 0 0 0 0
0.260832 1.20539e-05 4.74416e-06 7.30976e-06 0.606422 0.875701 0 0 0 0 0 0 0 0 0 0 0 0 0 0 0 0 0 0 0 0 0 0 0 0 0 0 0 0 0 0 0 0 0 0 0 0 0 0 0 0 0 0 0 0 0 0 0 0 0 0 0 0 0 0 0 0 0 0 0 0 0 0 0 0 0 0 0 0 0 0 0 0 0 0 0 0 0 0 0 0 0 0
0.274221 1.20657e-05 4.70116e-06 7.36458e-06 0.610371 0.868386 0 0 0 0 0 0 0 0 0 0 0 0 0 0 0 0 0 0 0 0 0 0 0 0 0 0 0 0 0 0 0 0 0 0 0 0 0 0 0 0 0 0 0 0 0 0 0 0 0 0 0 0 0 0 0 0 0 0 0 0 0 0 0 0 0 0 0 0 0 0 0 0 0 0 0 0 0 0 0 0 0 0
0.288297 1.20776e-05 4.66784e-06 7.4098e-06 0.613514 0.862345 0 0 0 0 0 0 0 0 0 0 0 0 0 0 0 0 0 0 0 0 0 0 0 0 0 0 0 0 0 0 0 0 0 0 0 0 0 0 0 0 0 0 0 0 0 0 0 0 0 0 0 0 0 0 0 0 0 0 0 0 0 0 0 0 0 0 0 0 0 0 0 0 0 0 0 0 0 0 0 0 0 0
0.303095 1.209e-05 4.64075e-06 7.4492e-06 0.616148 0.856993 0 0 0 0 0 0 0 0 0 0 0 0 0 0 0 0 0 0 0 0 0 0 0 0 0 0 0 0 0 0 0 0 0 0 0 0 0 0 0 0 0 0 0 0 0 0 0 0 0 0 0 0 0 0 0 0 0 0 0 0 0 0 0 0 0 0 0 0 0 0 0 0 0 0 0 0 0 0 0 0 0 0
0.318653 1.21025e-05 4.61891e-06 7.48355e-06 0.618349 0.852372 0 0 0 0 0 0 0 0 0 0 0 0 0 0 0 0 0 0 0 0 0 0 0 0 0 0 0 0 0 0 0 0 0 0 0 0 0 0 0 0 0 0 0 0 0 0 0 0 0 0 0 0 0 0 0 0 0 0 0 0 0 0 0 0 0 0 0 0 0 0 0 0 0 0 0 0 0 0 0 0 0 0
0.335009 1.21153e-05 4.60013e-06 7.51517e-06 0.620304 0.848163 0 0 0 0 0 0 0 0 0 0 0 0 0 0 0 0 0 0 0 0 0 0 0 0 0 0 0 0 0 0 0 0 0 0 0 0 0 0 0 0 0 0 0 0 0 0 0 0 0 0 0 0 0 0 0 0 0 0 0 0 0 0 0 0 0 0 0 0 0 0 0 0 0 0 0 0 0 0 0 0 0 0
0.352205 1.21284e-05 4.58427e-06 7.54414e-06 0.622022 0.844334 0 0 0 0 0 0 0 0 0 0 0 0 0 0 0 0 0 0 0 0 0 0 0 0 0 0 0 0 0 0 0 0 0 0 0 0 0 0 0 0 0 0 0 0 0 0 0 0 0 0 0 0 0 0 0 0 0 0 0 0 0 0 0 0 0 0 0 0 0 0 0 0 0 0 0 0 0 0 0 0 0 0
0.370284 1.2142e-05 4.5687e-06 7.57332e-06 0.623728 0.840585 0 0 0 0 0 0 0 0 0 0 0 0 0 0 0 0 0 0 0 0 0 0 0 0 0 0 0 0 0 0 0 0 0 0 0 0 0 0 0 0 0 0 0 0 0 0 0 0 0 0 0 0 0 0 0 0 0 0 0 0 0 0 0 0 0 0 0 0 0 0 0 0 0 0 0 0 0 0 0 0 0 0
0.389291 1.2156e-05 4.55417e-06 7.60185e-06 0.625357 0.836984 0 0 0 0 0 0 0 0 0 0 0 0 0 0 0 0 0 0 0 0 0 0 0 0 0 0 0 0 0 0 0 0 0 0 0 0 0 0 0 0 0 0 0 0 0 0 0 0 0 0 0 0 0 0 0 0 0 0 0 0 0 0 0 0 0 0 0 0 0 0 0 0 0 0 0 0 0 0 0 0 0 0
0.409273 1.21705e-05 4.53902e-06 7.63146e-06 0.627047 0.833331 0 0 0 0 0 0 0 0 0 0 0 0 0 0 0 0 0 0 0 0 0 0 0 0 0 0 0 0 0 0 0 0 0 0 0 0 0 0 0 0 0 0 0 0 0 0 0 0 0 0 0 0 0 0 0 0 0 0 0 0 0 0 0 0 0 0 0 0 0 0 0 0 0 0 0 0 0 0 0 0 0 0
0.430281 1.21855e-05 4.52385e-06 7.66168e-06 0.628752 0.829661 0 0 0 0 0 0 0 0 0 0 0 0 0 0 0 0 0 0 0 0 0 0 0 0 0 0 0 0 0 0 0 0 0 0 0 0 0 0 0 0 0 0 0 0 0 0 0 0 0 0 0 0 0 0 0 0 0 0 0 0 0 0 0 0 0 0 0 0 0 0 0 0 0 0 0 0 0 0 0 0 0 0
0.452368 1.2201e-05 4.51023e-06 7.69077e-06 0.63034 0.826133 0 0 0 0 0 0 0 0 0 0 0 0 0 0 0 0 0 0 0 0 0 0 0 0 0 0 0 0 0 0 0 0 0 0 0 0 0 0 0 0 0 0 0 0 0 0 0 0 0 0 0 0 0 0 0 0 0 0 0 0 0 0 0 0 0 0 0 0 0 0 0 0 0 0 0 0 0 0 0 0 0 0
0.475588 1.22169e-05 4.49725e-06 7.71969e-06 0.631884 0.822655 0 0 0 0 0 0 0 0 0 0 0 0 0 0 0 0 0 0 0 0 0 0 0 0 0 0 0 0 0 0 0 0 0 0 0 0 0 0 0 0 0 0 0 0 0 0 0 0 0 0 0 0 0 0 0 0 0 0 0 0 0 0 0 0 0 0 0 0 0 0 0 0 0 0 0 0 0 0 0 0 0 0
0.5 1.22332e-05 4.48793e-06 7.74525e-06 0.633135 0.819566 0 0 0 0 0 0 0 0 0 0 0 0 0 0 0 0 0 0 0 0 0 0 0 0 0 0 0 0 0 0 0 0 0 0 0 0 0 0 0 0 0 0 0 0 0 0 0 0 0 0 0 0 0 0 0 0 0 0 0 0 0 0 0 0 0 0 0 0 0 0 0 0 0 0 0 0 0 0 0 0 0 0
0.525665 1.22496e-05 4.48194e-06 7.76764e-06 0.634115 0.81687 0 0 0 0 0 0 0 0 0 0 0 0 0 0 0 0 0 0 0 0 0 0 0 0 0 0 0 0 0 0 0 0 0 0 0 0 0 0 0 0 0 0 0 0 0 0 0 0 0 0 0 0 0 0 0 0 0 0 0 0 0 0 0 0 0 0 0 0 0 0 0 0 0 0 0 0 0 0 0 0 0 0
0.552648 1.22661e-05 4.47889e-06 7.78723e-06 0.634857 0.814544 0 0 0 0 0 0 0 0 0 0 0 0 0 0 0 0 0 0 0 0 0 0 0 0 0 0 0 0 0 0 0 0 0 0 0 0 0 0 0 0 0 0 0 0 0 0 0 0 0 0 0 0 0 0 0 0 0 0 0 0 0 0 0 0 0 0 0 0 0 0 0 0 0 0 0 0 0 0 0 0 0 0
0.581015 1.22828e-05 4.47771e-06 7.80513e-06 0.63545 0.812463 0 0 0 0 0 0 0 0 0 0 0 0 0 0 0 0 0 0 0 0 0 0 0 0 0 0 0 0 0 0 0 0 0 0 0 0 0 0 0 0 0 0 0 0 0 0 0 0 0 0 0 0 0 0 0 0 0 0 0 0 0 0 0 0 0 0 0 0 0 0 0 0 0 0 0 0 0 0 0 0 0 0
0.610839 1.22998e-05 4.47709e-06 7.82272e-06 0.636003 0.81047 0 0 0 0 0 0 0 0 0 0 0 0 0 0 0 0 0 0 0 0 0 0 0 0 0 0 0 0 0 0 0 0 0 0 0 0 0 0 0 0 0 0 0 0 0 0 0 0 0 0 0 0 0 0 0 0 0 0 0 0 0 0 0 0 0 0 0 0 0 0 0 0 0 0 0 0 0 0 0 0 0 0
0.642193 1.23171e-05 4.47715e-06 7.83991e-06 0.636508 0.808577 0 0 0 0 0 0 0 0 0 0 0 0 0 0 0 0 0 0 0 0 0 0 0 0 0 0 0 0 0 0 0 0 0 0 0 0 0 0 0 0 0 0 0 0 0 0 0 0 0 0 0 0 0 0 0 0 0 0 0 0 0 0 0 0 0 0 0 0 0 0 0 0 0 0 0 0 0 0 0 0 0 0
0.675157 1.23346e-05 4.47724e-06 7.85738e-06 0.637019 0.806706 0 0 0 0 0 0 0 0 0 0 0 0 0 0 0 0 0 0 0 0 0 0 0 0 0 0 0 0 0 0 0 0 0 0 0 0 0 0 0 0 0 0 0 0 0 0 0 0 0 0 0 0 0 0 0 0 0 0 0 0 0 0 0 0 0 0 0 0 0 0 0 0 0 0 0 0 0 0 0 0 0 0
0.709813 1.23524e-05 4.47738e-06 7.87504e-06 0.63753 0.804835 0 0 0 0 0 0 0 0 0 0 0 0 0 0 0 0 0 0 0 0 0 0 0 0 0 0 0 0 0 0 0 0 0 0 0 0 0 0 0 0 0 0 0 0 0 0 0 0 0 0 0 0 0 0 0 0 0 0 0 0 0 0 0 0 0 0 0 0 0 0 0 0 0 0 0 0 0 0 0 0 0 0
0.746248 1.23705e-05 4.4782e-06 7.89228e-06 0.637993 0.803044 0 0 0 0 0 0 0 0 0 0 0 0 0 0 0 0 0 0 0 0 0 0 0 0 0 0 0 0 0 0 0 0 0 0 0 0 0 0 0 0 0 0 0 0 0 0 0 0 0 0 0 0 0 0 0 0 0 0 0 0 0 0 0 0 0 0 0 0 0 0 0 0 0 0 0 0 0 0 0 0 0 0
0.784553 1.23886e-05 4.48022e-06 7.90839e-06 0.63836 0.801367 0 0 0 0 0 0 0 0 0 0 0 0 0 0 0 0 0 0 0 0 0 0 0 0 0 0 0 0 0 0 0 0 0 0 0 0 0 0 0 0 0 0 0 0 0 0 0 0 0 0 0 0 0 0 0 0 0 0 0 0 0 0 0 0 0 0 0 0 0 0 0 0 0 0 0 0 0 0 0 0 0 0
0.824824 1.24065e-05 4.4863e-06 7.92018e-06 0.638391 0.800169 0 0 0 0 0 0 0 0 0 0 0 0 0 0 0 0 0 0 0 0 0 0 0 0 0 0 0 0 0 0 0 0 0 0 0 0 0 0 0 0 0 0 0 0 0 0 0 0 0 0 0 0 0 0 0 0 0 0 0 0 0 0 0 0 0 0 0 0 0 0 0 0 0 0 0 0 0 0 0 0 0 0
0.867162 1.24244e-05 4.49629e-06 7.92811e-06 0.638108 0.799485 0 0 0 0 0 0 0 0 0 0 0 0 0 0 0 0 0 0 0 0 0 0 0 0 0 0 0 0 0 0 0 0 0 0 0 0 0 0 0 0 0 0 0 0 0 0 0 0 0 0 0 0 0 0 0 0 0 0 0 0 0 0 0 0 0 0 0 0 0 0 0 0 0 0 0 0 0 0 0 0 0 0
0.911674 1.24428e-05 4.50674e-06 7.93611e-06 0.637805 0.798896 0 0 0 0 0 0 0 0 0 0 0 0 0 0 0 0 0 0 0 0 0 0 0 0 0 0 0 0 0 0 0 0 0 0 0 0 0 0 0 0 0 0 0 0 0 0 0 0 0 0 0 0 0 0 0 0 0 0 0 0 0 0 0 0 0 0 0 0 0 0 0 0 0 0 0 0 0 0 0 0 0 0
0.95847 1.24623e-05 4.51376e-06 7.94851e-06 0.637806 0.797916 0 0 0 0 0 0 0 0 0 0 0 0 0 0 0 0 0 0 0 0 0 0 0 0 0 0 0 0 0 0 0 0 0 0 0 0 0 0 0 0 0 0 0 0 0 0 0 0 0 0 0 0 0 0 0 0 0 0 0 0 0 0 0 0 0 0 0 0 0 0 0 0 0 0 0 0 0 0 0 0 0 0
1.00767 1.24822e-05 4.51879e-06 7.96341e-06 0.637981 0.796664 0 0 0 0 0 0 0 0 0 0 0 0 0 0 0 0 0 0 0 0 0 0 0 0 0 0 0 0 0 0 0 0 0 0 0 0 0 0 0 0 0 0 0 0 0 0 0 0 0 0 0 0 0 0 0 0 0 0 0 0 0 0 0 0 0 0 0 0 0 0 0 0 0 0 0 0 0 0 0 0 0 0
1.05939 1.25025e-05 4.52446e-06 7.97808e-06 0.638117 0.795466 0 0 0 0 0 0 0 0 0 0 0 0 0 0 0 0 0 0 0 0 0 0 0 0 0 0 0 0 0 0 0 0 0 0 0 0 0 0 0 0 0 0 0 0 0 0 0 0 0 0 0 0 0 0 0 0 0 0 0 0 0 0 0 0 0 0 0 0 0 0 0 0 0 0 0 0 0 0 0 0 0 0
1.11377 1.25233e-05 4.5305e-06 7.99276e-06 0.638233 0.794287 0 0 0 0 0 0 0 0 0 0 0 0 0 0 0 0 0 0 0 0 0 0 0 0 0 0 0 0 0 0 0 0 0 0 0 0 0 0 0 0 0 0 0 0 0 0 0 0 0 0 0 0 0 0 0 0 0 0 0 0 0 0 0 0 0 0 0 0 0 0 0 0 0 0 0 0 0 0 0 0 0 0
1.17094 1.25445e-05 4.53571e-06 8.00881e-06 0.638431 0.792984 0 0 0 0 0 0 0 0 0 0 0 0 0 0 0 0 0 0 0 0 0 0 0 0 0 0 0 0 0 0 0 0 0 0 0 0 0 0 0 0 0 0 0 0 0 0 0 0 0 0 0 0 0 0 0 0 0 0 0 0 0 0 0 0 0 0 0 0 0 0 0 0 0 0 0 0 0 0 0 0 0 0
1.23105 1.25663e-05 4.54105e-06 8.0252e-06 0.638631 0.791669 0 0 0 0 0 0 0 0 0 0 0 0 0 0 0 0 0 0 0 0 0 0 0 0 0 0 0 0 0 0 0 0 0 0 0 0 0 0 0 0 0 0 0 0 0 0 0 0 0 0 0 0 0 0 0 0 0 0 0 0 0 0 0 0 0 0 0 0 0 0 0 0 0 0 0 0 0 0 0 0 0 0
1.29424 1.25883e-05 4.5473e-06 8.04096e-06 0.638767 0.790426 0 0 0 0 0 0 0 0 0 0 0 0 0 0 0 0 0 0 0 0 0 0 0 0 0 0 0 0 0 0 0 0 0 0 0 0 0 0 0 0 0 0 0 0 0 0 0 0 0 0 0 0 0 0 0 0 0 0 0 0 0 0 0 0 0 0 0 0 0 0 0 0 0 0 0 0 0 0 0 0 0 0
1.36067 1.26105e-05 4.55667e-06 8.05381e-06 0.63866 0.789516 0 0 0 0 0 0 0 0 0 0 0 0 0 0 0 0 0 0 0 0 0 0 0 0 0 0 0 0 0 0 0 0 0 0 0 0 0 0 0 0 0 0 0 0 0 0 0 0 0 0 0 0 0 0 0 0 0 0 0 0 0 0 0 0 0 0 0 0 0 0 0 0 0 0 0 0 0 0 0 0 0 0
1.43051 1.26339e-05 4.56656e-06 8.06732e-06 0.638547 0.788642 0 0 0 0 0 0 0 0 0 0 0 0 0 0 0 0 0 0 0 0 0 0 0 0 0 0 0 0 0 0 0 0 0 0 0 0 0 0 0 0 0 0 0 0 0 0 0 0 0 0 0 0 0 0 0 0 0 0 0 0 0 0 0 0 0 0 0 0 0 0 0 0 0 0 0 0 0 0 0 0 0 0
1.50394 1.26583e-05 4.57309e-06 8.0852e-06 0.638728 0.787332 0 0 0 0 0 0 0 0 0 0 0 0 0 0 0 0 0 0 0 0 0 0 0 0 0 0 0 0 0 0 0 0 0 0 0 0 0 0 0 0 0 0 0 0 0 0 0 0 0 0 0 0 0 0 0 0 0 0 0 0 0 0 0 0 0 0 0 0 0 0 0 0 0 0 0 0 0 0 0 0 0 0
1.58114 1.26831e-05 4.57899e-06 8.1041e-06 0.638969 0.785899 0 0 0 0 0 0 0 0 0 0 0 0 0 0 0 0 0 0 0 0 0 0 0 0 0 0 0 0 0 0 0 0 0 0 0 0 0 0 0 0 0 0 0 0 0 0 0 0 0 0 0 0 0 0 0 0 0 0 0 0 0 0 0 0 0 0 0 0 0 0 0 0 0 0 0 0 0 0 0 0 0 0
1.6623 1.27082e-05 4.58593e-06 8.12231e-06 0.639137 0.78454 0 0 0 0 0 0 0 0 0 0 0 0 0 0 0 0 0 0 0 0 0 0 0 0 0 0 0 0 0 0 0 0 0 0 0 0 0 0 0 0 0 0 0 0 0 0 0 0 0 0 0 0 0 0 0 0 0 0 0 0 0 0 0 0 0 0 0 0 0 0 0 0 0 0 0 0 0 0 0 0 0 0
1.74763 1.27338e-05 4.59466e-06 8.13919e-06 0.639178 0.783336 0 0 0 0 0 0 0 0 0 0 0 0 0 0 0 0 0 0 0 0 0 0 0 0 0 0 0 0 0 0 0 0 0 0 0 0 0 0 0 0 0 0 0 0 0 0 0 0 0 0 0 0 0 0 0 0 0 0 0 0 0 0 0 0 0 0 0 0 0 0 0 0 0 0 0 0 0 0 0 0 0 0
1.83733 1.27608e-05 4.60369e-06 8.1571e-06 0.639231 0.782115 0 0 0 0 0 0 0 0 0 0 0 0 0 0 0 0 0 0 0 0 0 0 0 0 0 0 0 0 0 0 0 0 0 0 0 0 0 0 0 0 0 0 0 0 0 0 0 0 0 0 0 0 0 0 0 0 0 0 0 0 0 0 0 0 0 0 0 0 0 0 0 0 0 0 0 0 0 0 0 0 0 0
1.93164 1.27883e-05 4.60975e-06 8.17858e-06 0.639535 0.780502 0 0 0 0 0 0 0 0 0 0 0 0 0 0 0 0 0 0 0 0 0 0 0 0 0 0 0 0 0 0 0 0 0 0 0 0 0 0 0 0 0 0 0 0 0 0 0 0 0 0 0 0 0 0 0 0 0 0 0 0 0 0 0 0 0 0 0 0 0 0 0 0 0 0 0 0 0 0 0 0 0 0
2.03079 1.28159e-05 4.61797e-06 8.19792e-06 0.639669 0.779081 0 0 0 0 0 0 0 0 0 0 0 0 0 0 0 0 0 0 0 0 0 0 0 0 0 0 0 0 0 0 0 0 0 0 0 0 0 0 0 0 0 0 0 0 0 0 0 0 0 0 0 0 0 0 0 0 0 0 0 0 0 0 0 0 0 0 0 0 0 0 0 0 0 0 0 0 0 0 0 0 0 0
2.13503 1.28444e-05 4.62794e-06 8.21647e-06 0.639692 0.777794 0 0 0 0 0 0 0 0 0 0 0 0 0 0 0 0 0 0 0 0 0 0 0 0 0 0 0 0 0 0 0 0 0 0 0 0 0 0 0 0 0 0 0 0 0 0 0 0 0 0 0 0 0 0 0 0 0 0 0 0 0 0 0 0 0 0 0 0 0 0 0 0 0 0 0 0 0 0 0 0 0 0
2.24463 1.28738e-05 4.63831e-06 8.23545e-06 0.639708 0.776487 0 0 0 0 0 0 0 0 0 0 0 0 0 0 0 0 0 0 0 0 0 0 0 0 0 0 0 0 0 0 0 0 0 0 0 0 0 0 0 0 0 0 0 0 0 0 0 0 0 0 0 0 0 0 0 0 0 0 0 0 0 0 0 0 0 0 0 0 0 0 0 0 0 0 0 0 0 0 0 0 0 0
2.35984 1.29042e-05 4.64906e-06 8.25513e-06 0.639725 0.775151 0 0 0 0 0 0 0 0 0 0 0 0 0 0 0 0 0 0 0 0 0 0 0 0 0 0 0 0 0 0 0 0 0 0 0 0 0 0 0 0 0 0 0 0 0 0 0 0 0 0 0 0 0 0 0 0 0 0 0 0 0 0 0 0 0 0 0 0 0 0 0 0 0 0 0 0 0 0 0 0 0 0
2.48097 1.29351e-05 4.65852e-06 8.27659e-06 0.639855 0.773612 0 0 0 0 0 0 0 0 0 0 0 0 0 0 0 0 0 0 0 0 0 0 0 0 0 0 0 0 0 0 0 0 0 0 0 0 0 0 0 0 0 0 0 0 0 0 0 0 0 0 0 0 0 0 0 0 0 0 0 0 0 0 0 0 0 0 0 0 0 0 0 0 0 0 0 0 0 0 0 0 0 0
2.60832 1.29667e-05 4.67387e-06 8.29282e-06 0.639548 0.772631 0 0 0 0 0 0 0 0 0 0 0 0 0 0 0 0 0 0 0 0 0 0 0 0 0 0 0 0 0 0 0 0 0 0 0 0 0 0 0 0 0 0 0 0 0 0 0 0 0 0 0 0 0 0 0 0 0 0 0 0 0 0 0 0 0 0 0 0 0 0 0 0 0 0 0 0 0 0 0 0 0 0
2.74221 1.30012e-05 4.68467e-06 8.31649e-06 0.639673 0.771054 0 0 0 0 0 0 0 0 0 0 0 0 0 0 0 0 0 0 0 0 0 0 0 0 0 0 0 0 0 0 0 0 0 0 0 0 0 0 0 0 0 0 0 0 0 0 0 0 0 0 0 0 0 0 0 0 0 0 0 0 0 0 0 0 0 0 0 0 0 0 0 0 0 0 0 0 0 0 0 0 0 0
2.88297 1.30348e-05 4.69372e-06 8.34112e-06 0.63991 0.769253 0 0 0 0 0 0 0 0 0 0 0 0 0 0 0 0 0 0 0 0 0 0 0 0 0 0 0 0 0 0 0 0 0 0 0 0 0 0 0 0 0 0 0 0 0 0 0 0 0 0 0 0 0 0 0 0 0 0 0 0 0 0 0 0 0 0 0 0 0 0 0 0 0 0 0 0 0 0 0 0 0 0
3.03095 1.30702e-05 4.70722e-06 8.36299e-06 0.639851 0.767819 0 0 0 0 0 0 0 0 0 0 0 0 0 0 0 0 0 0 0 0 0 0 0 0 0 0 0 0 0 0 0 0 0 0 0 0 0 0 0 0 0 0 0 0 0 0 0 0 0 0 0 0 0 0 0 0 0 0 0 0 0 0 0 0 0 0 0 0 0 0 0 0 0 0 0 0 0 0 0 0 0 0
3.18653 1.31071e-05 4.7154e-06 8.3917e-06 0.640241 0.765751 0 0 0 0 0 0 0 0 0 0 0 0 0 0 0 0 0 0 0 0 0 0 0 0 0 0 0 0 0 0 0 0 0 0 0 0 0 0 0 0 0 0 0 0 0 0 0 0 0 0 0 0 0 0 0 0 0 0 0 0 0 0 0 0 0 0 0 0 0 0 0 0 0 0 0 0 0 0 0 0 0 0
3.35009 1.31419e-05 4.72265e-06 8.41924e-06 0.640642 0.763582 0 0 0 0 0 0 0 0 0 0 0 0 0 0 0 0 0 0 0 0 0 0 0 0 0 0 0 0 0 0 0 0 0 0 0 0 0 0 0 0 0 0 0 0 0 0 0 0 0 0 0 0 0 0 0 0 0 0 0 0 0 0 0 0 0 0 0 0 0 0 0 0 0 0 0 0 0 0 0 0 0 0
3.52205 1.31804e-05 4.73819e-06 8.44221e-06 0.640513 0.762099 0 0 0 0 0 0 0 0 0 0 0 0 0 0 0 0 0 0 0 0 0 0 0 0 0 0 0 0 0 0 0 0 0 0 0 0 0 0 0 0 0 0 0 0 0 0 0 0 0 0 0 0 0 0 0 0 0 0 0 0 0 0 0 0 0 0 0 0 0 0 0 0 0 0 0 0 0 0 0 0 0 0
3.70284 1.32191e-05 4.7488e-06 8.47028e-06 0.640762 0.760063 0 0 0 0 0 0 0 0 0 0 0 0 0 0 0 0 0 0 0 0 0 0 0 0 0 0 0 0 0 0 0 0 0 0 0 0 0 0 0 0 0 0 0 0 0 0 0 0 0 0 0 0 0 0 0 0 0 0 0 0 0 0 0 0 0 0 0 0 0 0 0 0 0 0 0 0 0 0 0 0 0 0
3.89291 1.32577e-05 4.75719e-06 8.50047e-06 0.641174 0.757756 0 0 0 0 0 0 0 0 0 0 0 0 0 0 0 0 0 0 0 0 0 0 0 0 0 0 0 0 0 0 0 0 0 0 0 0 0 0 0 0 0 0 0 0 0 0 0 0 0 0 0 0 0 0 0 0 0 0 0 0 0 0 0 0 0 0 0 0 0 0 0 0 0 0 0 0 0 0 0 0 0 0
4.09273 1.3298e-05 4.7687e-06 8.52934e-06 0.641398 0.755648 0 0 0 0 0 0 0 0 0 0 0 0 0 0 0 0 0 0 0 0 0 0 0 0 0 0 0 0 0 0 0 0 0 0 0 0 0 0 0 0 0 0 0 0 0 0 0 0 0 0 0 0 0 0 0 0 0 0 0 0 0 0 0 0 0 0 0 0 0 0 0 0 0 0 0 0 0 0 0 0 0 0
4.30281 1.33392e-05 4.78594e-06 8.55326e-06 0.641212 0.753994 0 0 0 0 0 0 0 0 0 0 0 0 0 0 0 0 0 0 0 0 0 0 0 0 0 0 0 0 0 0 0 0 0 0 0 0 0 0 0 0 0 0 0 0 0 0 0 0 0 0 0 0 0 0 0 0 0 0 0 0 0 0 0 0 0 0 0 0 0 0 0 0 0 0 0 0 0 0 0 0 0 0
4.52368 1.33802e-05 4.80261e-06 8.57755e-06 0.641065 0.752213 0 0 0 0 0 0 0 0 0 0 0 0 0 0 0 0 0 0 0 0 0 0 0 0 0 0 0 0 0 0 0 0 0 0 0 0 0 0 0 0 0 0 0 0 0 0 0 0 0 0 0 0 0 0 0 0 0 0 0 0 0 0 0 0 0 0 0 0 0 0 0 0 0 0 0 0 0 0 0 0 0 0
4.75588 1.34228e-05 4.81805e-06 8.6048e-06 0.641056 0.750201 0 0 0 0 0 0 0 0 0 0 0 0 0 0 0 0 0 0 0 0 0 0 0 0 0 0 0 0 0 0 0 0 0 0 0 0 0 0 0 0 0 0 0 0 0 0 0 0 0 0 0 0 0 0 0 0 0 0 0 0 0 0 0 0 0 0 0 0 0 0 0 0 0 0 0 0 0 0 0 0 0 0
5 1.34647e-05 4.83427e-06 8.63044e-06 0.640967 0.748198 0 0 0 0 0 0 0 0 0 0 0 0 0 0 0 0 0 0 0 0 0 0 0 0 0 0 0 0 0 0 0 0 0 0 0 0 0 0 0 0 0 0 0 0 0 0 0 0 0 0 0 0 0 0 0 0 0 0 0 0 0 0 0 0 0 0 0 0 0 0 0 0 0 0 0 0 0 0 0 0 0 0
5.25665 1.35099e-05 4.86104e-06 8.64885e-06 0.640187 0.74697 0 0 0 0 0 0 0 0 0 0 0 0 0 0 0 0 0 0 0 0 0 0 0 0 0 0 0 0 0 0 0 0 0 0 0 0 0 0 0 0 0 0 0 0 0 0 0 0 0 0 0 0 0 0 0 0 0 0 0 0 0 0 0 0 0 0 0 0 0 0 0 0 0 0 0 0 0 0 0 0 0 0
5.52648 1.35582e-05 4.89177e-06 8.66644e-06 0.639202 0.745908 0 0 0 0 0 0 0 0 0 0 0 0 0 0 0 0 0 0 0 0 0 0 0 0 0 0 0 0 0 0 0 0 0 0 0 0 0 0 0 0 0 0 0 0 0 0 0 0 0 0 0 0 0 0 0 0 0 0 0 0 0 0 0 0 0 0 0 0 0 0 0 0 0 0 0 0 0 0 0 0 0 0
5.81015 1.36146e-05 4.9371e-06 8.67754e-06 0.637368 0.74581 0 0 0 0 0 0 0 0 0 0 0 0 0 0 0 0 0 0 0 0 0 0 0 0 0 0 0 0 0 0 0 0 0 0 0 0 0 0 0 0 0 0 0 0 0 0 0 0 0 0 0 0 0 0 0 0 0 0 0 0 0 0 0 0 0 0 0 0 0 0 0 0 0 0 0 0 0 0 0 0 0 0
6.10839 1.36795e-05 4.96654e-06 8.71294e-06 0.636935 0.74403 0 0 0 0 0 0 0 0 0 0 0 0 0 0 0 0 0 0 0 0 0 0 0 0 0 0 0 0 0 0 0 0 0 0 0 0 0 0 0 0 0 0 0 0 0 0 0 0 0 0 0 0 0 0 0 0 0 0 0 0 0 0 0 0 0 0 0 0 0 0 0 0 0 0 0 0 0 0 0 0 0 0
6.42193 1.37354e-05 4.94653e-06 8.78887e-06 0.63987 0.738198 0 0 0 0 0 0 0 0 0 0 0 0 0 0 0 0 0 0 0 0 0 0 0 0 0 0 0 0 0 0 0 0 0 0 0 0 0 0 0 0 0 0 0 0 0 0 0 0 0 0 0 0 0 0 0 0 0 0 0 0 0 0 0 0 0 0 0 0 0 0 0 0 0 0 0 0 0 0 0 0 0 0
6.75157 1.3788e-05 4.9577e-06 8.83035e-06 0.640435 0.734991 0 0 0 0 0 0 0 0 0 0 0 0 0 0 0 0 0 0 0 0 0 0 0 0 0 0 0 0 0 0 0 0 0 0 0 0 0 0 0 0 0 0 0 0 0 0 0 0 0 0 0 0 0 0 0 0 0 0 0 0 0 0 0 0 0 0 0 0 0 0 0 0 0 0 0 0 0 0 0 0 0 0
7.09813 1.38512e-05 4.97423e-06 8.877e-06 0.640882 0.731939 0 0 0 0 0 0 0 0 0 0 0 0 0 0 0 0 0 0 0 0 0 0 0 0 0 0 0 0 0 0 0 0 0 0 0 0 0 0 0 0 0 0 0 0 0 0 0 0 0 0 0 0 0 0 0 0 0 0 0 0 0 0 0 0 0 0 0 0 0 0 0 0 0 0 0 0 0 0 0 0 0 0
7.46248 1.3909e-05 4.95925e-06 8.94975e-06 0.64345 0.726455 0 0 0 0 0 0 0 0 0 0 0 0 0 0 0 0 0 0 0 0 0 0 0 0 0 0 0 0 0 0 0 0 0 0 0 0 0 0 0 0 0 0 0 0 0 0 0 0 0 0 0 0 0 0 0 0 0 0 0 0 0 0 0 0 0 0 0 0 0 0 0 0 0 0 0 0 0 0 0 0 0 0
7.84553 1.39605e-05 4.94994e-06 9.01052e-06 0.645431 0.721495 0 0 0 0 0 0 0 0 0 0 0 0 0 0 0 0 0 0 0 0 0 0 0 0 0 0 0 0 0 0 0 0 0 0 0 0 0 0 0 0 0 0 0 0 0 0 0 0 0 0 0 0 0 0 0 0 0 0 0 0 0 0 0 0 0 0 0 0 0 0 0 0 0 0 0 0 0 0 0 0 0 0
8.24824 1.40102e-05 4.93069e-06 9.07951e-06 0.648065 0.715827 0 0 0 0 0 0 0 0 0 0 0 0 0 0 0 0 0 0 0 0 0 0 0 0 0 0 0 0 0 0 0 0 0 0 0 0 0 0 0 0 0 0 0 0 0 0 0 0 0 0 0 0 0 0 0 0 0 0 0 0 0 0 0 0 0 0 0 0 0 0 0 0 0 0 0 0 0 0 0 0 0 0
8.67162 1.40561e-05 4.92076e-06 9.13535e-06 0.64992 0.710844 0 0 0 0 0 0 0 0 0 0 0 0 0 0 0 0 0 0 0 0 0 0 0 0 0 0 0 0 0 0 0 0 0 0 0 0 0 0 0 0 0 0 0 0 0 0 0 0 0 0 0 0 0 0 0 0 0 0 0 0 0 0 0 0 0 0 0 0 0 0 0 0 0 0 0 0 0 0 0 0 0 0
9.11674 1.41e-05 4.91939e-06 9.18061e-06 0.651107 0.70645 0 0 0 0 0 0 0 0 0 0 0 0 0 0 0 0 0 0 0 0 0 0 0 0 0 0 0 0 0 0 0 0 0 0 0 0 0 0 0 0 0 0 0 0 0 0 0 0 0 0 0 0 0 0 0 0 0 0 0 0 0 0 0 0 0 0 0 0 0 0 0 0 0 0 0 0 0 0 0 0 0 0
9.5847 1.41431e-05 4.92684e-06 9.21624e-06 0.651643 0.702526 0 0 0 0 0 0 0 0 0 0 0 0 0 0 0 0 0 0 0 0 0 0 0 0 0 0 0 0 0 0 0 0 0 0 0 0 0 0 0 0 0 0 0 0 0 0 0 0 0 0 0 0 0 0 0 0 0 0 0 0 0 0 0 0 0 0 0 0 0 0 0 0 0 0 0 0 0 0 0 0 0 0
10.0767 1.41929e-05 4.95191e-06 9.24098e-06 0.651099 0.699598 0 0 0 0 0 0 0 0 0 0 0 0 0 0 0 0 0 0 0 0 0 0 0 0 0 0 0 0 0 0 0 0 0 0 0 0 0 0 0 0 0 0 0 0 0 0 0 0 0 0 0 0 0 0 0 0 0 0 0 0 0 0 0 0 0 0 0 0 0 0 0 0 0 0 0 0 0 0 0 0 0 0
10.5939 1.42521e-05 4.99596e-06 9.2561e-06 0.649457 0.697547 0 0 0 0 0 0 0 0 0 0 0 0 0 0 0 0 0 0 0 0 0 0 0 0 0 0 0 0 0 0 0 0 0 0 0 0 0 0 0 0 0 0 0 0 0 0 0 0 0 0 0 0 0 0 0 0 0 0 0 0 0 0 0 0 0 0 0 0 0 0 0 0 0 0 0 0 0 0 0 0 0 0
11.1377 1.43226e-05 5.0225e-06 9.30006e-06 0.649329 0.694079 0 0 0 0 0 0 0 0 0 0 0 0 0 0 0 0 0 0 0 0 0 0 0 0 0 0 0 0 0 0 0 0 0 0 0 0 0 0 0 0 0 0 0 0 0 0 0 0 0 0 0 0 0 0 0 0 0 0 0 0 0 0 0 0 0 0 0 0 0 0 0 0 0 0 0 0 0 0 0 0 0 0
11.7094 1.43803e-05 5.02487e-06 9.3554e-06 0.650572 0.688957 0 0 0 0 0 0 0 0 0 0 0 0 0 0 0 0 0 0 0 0 0 0 0 0 0 0 0 0 0 0 0 0 0 0 0 0 0 0 0 0 0 0 0 0 0 0 0 0 0 0 0 0 0 0 0 0 0 0 0 0 0 0 0 0 0 0 0 0 0 0 0 0 0 0 0 0 0 0 0 0 0 0
12.3105 1.44361e-05 5.03702e-06 9.39912e-06 0.651082 0.684316 0 0 0 0 0 0 0 0 0 0 0 0 0 0 0 0 0 0 0 0 0 0 0 0 0 0 0 0 0 0 0 0 0 0 0 0 0 0 0 0 0 0 0 0 0 0 0 0 0 0 0 0 0 0 0 0 0 0 0 0 0 0 0 0 0 0 0 0 0 0 0 0 0 0 0 0 0 0 0 0 0 0
12.9424 1.45174e-05 5.07556e-06 9.44186e-06 0.650381 0.680898 0 0 0 0 0 0 0 0 0 0 0 0 0 0 0 0 0 0 0 0 0 0 0 0 0 0 0 0 0 0 0 0 0 0 0 0 0 0 0 0 0 0 0 0 0 0 0 0 0 0 0 0 0 0 0 0 0 0 0 0 0 0 0 0 0 0 0 0 0 0 0 0 0 0 0 0 0 0 0 0 0 0
13.6067 1.45566e-05 5.04975e-06 9.50681e-06 0.653095 0.673658 0 0 0 0 0 0 0 0 0 0 0 0 0 0 0 0 0 0 0 0 0 0 0 0 0 0 0 0 0 0 0 0 0 0 0 0 0 0 0 0 0 0 0 0 0 0 0 0 0 0 0 0 0 0 0 0 0 0 0 0 0 0 0 0 0 0 0 0 0 0 0 0 0 0 0 0 0 0 0 0 0 0
14.3051 1.46203e-05 5.07787e-06 9.54245e-06 0.652684 0.669227 0 0 0 0 0 0 0 0 0 0 0 0 0 0 0 0 0 0 0 0 0 0 0 0 0 0 0 0 0 0 0 0 0 0 0 0 0 0 0 0 0 0 0 0 0 0 0 0 0 0 0 0 0 0 0 0 0 0 0 0 0 0 0 0 0 0 0 0 0 0 0 0 1.4013e-45 0 1.4013e-45 0 2.8026e-45 0 4.2039e-45 0 7.00649e-45 0
15.0394 1.46921e-05 5.11601e-06 9.57606e-06 0.651784 0.665133 0 0 0 0 0 0 0 0 0 0 0 0 0 0 0 0 0 0 0 0 0 0 0 0 0 0 0 0 0 0 0 0 0 0 0 0 0 0 0 0 0 0 0 0 0 0 0 0 0 0 0 0 0 0 0 0 1.4013e-45 0 2.8026e-45 0 5.60519e-45 0 9.80909e-45 0 1.82169e-44 0 3.08286e-44 0 5.60519e-44 0 9.66896e-44 0 1.63952e-43 0 2.73253e-43 0 4.56823e-43 0 7.31478e-43 0 1.20792e-42 0
15.8114 1.47556e-05 5.14203e-06 9.61359e-06 0.651521 0.659867 0 0 0 0 0 0 0 0 0 0 0 0 0 0 0 0 0 0 0 0 0 0 0 0 0 0 0 0 0 0 0 0 0 0 0 0 0 0 0 0 0 0 1.4013e-45 0 2.8026e-45 0 7.00649e-45 0 1.4013e-44 0 3.08286e-44 0 6.30584e-44 0 1.27518e-43 0 2.53635e-43 0 4.80645e-43 0 9.0664e-43 0 1.63812e-42 0 2.94133e-42 0 5.0727e-42 0 8.69786e-42 0 1.48299e-41 0 2.43364e-41 0 3.9745e-41 0 6.46083e-41 0 1.01255e-40 0 1.63143e-40 0
16.623 1.48222e-05 5.14833e-06 9.67392e-06 0.652662 0.653171 0 0 0 0 0 0 0 0 0 0 0 0 0 0 0 0 0 0 0 0 0 0 0 0 0 0 0 0 0 0 0 0 1.4013e-45 0 4.2039e-45 0 1.26117e-44 0 3.36312e-44 0 8.68805e-44 0 2.08793e-43 0 4.91856e-43 0 1.10422e-42 0 2.36399e-42 0 4.83028e-42 0 9.77266e-42 0 1.89203e-41 0 3.63245e-41 0 6.687e-41 0 1.2221e-40 0 2.14574e-40 0 3.74388e-40 0 6.28632e-40 0 1.04986e-39 0 1.74408e-39 0 2.79361e-39 0 4.45452e-39 0 7.07133e-39 0 1.08418e-38 0 1.70662e-38 0
17.4762 1.4899e-05 5.16894e-06 9.73003e-06 0.653067 0.647196 0 0 0 0 0 0 0 0 0 0 0 0 0 0 0 0 0 0 0 0 0 0 0 0 1.4013e-45 0 5.60519e-45 0 2.24208e-44 0 7.70714e-44 0 2.45227e-43 0 7.28675e-43 0 2.04029e-42 0 5.19742e-42 0 1.30237e-41 0 2.98869e-41 0 6.76757e-41 0 1.46101e-40 0 3.01265e-40 0 5.94397e-40 0 1.16196e-39 0 2.17823e-39 0 4.05075e-39 0 7.23827e-39 0 1.28447e-38 0 2.19411e-38 0 3.72563e-38 0 6.09937e-38 0 9.93451e-38 0 1.60997e-37 0 2.52016e-37 0 3.92798e-37 0 6.09637e-37 0 9.15394e-37 0 1.40937e-36 0
18.3733 1.49661e-05 5.18506e-06 9.78101e-06 0.653545 0.640664 0 0 0 0 0 0 0 0 0 0 0 0 0 0 0 0 0 0 1.4013e-45 0 8.40779e-45 0 5.04467e-44 0 2.36819e-43 0 9.80909e-43 0 3.48083e-42 0 1.15285e-41 0 3.44818e-41 0 9.71408e-41 0 2.58535e-40 0 6.29221e-40 0 1.50736e-39 0 3.32174e-39 0 7.22754e-39 0 1.50276e-38 0 2.99117e-38 0 5.70899e-38 0 1.08009e-37 0 1.96358e-37 0 3.54262e-37 0 6.15341e-37 0 1.0618e-36 0 1.76695e-36 0 2.92375e-36 0 4.67275e-36 0 7.43172e-36 0 1.17632e-35 0 1.80149e-35 0 2.74766e-35 0 4.17392e-35 0 6.14415e-35 0 9.26251e-35 0
19.3164 1.50234e-05 5.22101e-06 9.80243e-06 0.652476 0.634294 0 0 0 0 0 0 0 0 0 0 0 0 0 0 2.8026e-45 0 3.08286e-44 0 2.45227e-43 0 1.48117e-42 0 7.61325e-42 0 3.30805e-41 0 1.27787e-40 0 4.26093e-40 0 1.33124e-39 0 3.77425e-39 0 1.01086e-38 0 2.56479e-38 0 5.97687e-38 0 1.37203e-37 0 2.9091e-37 0 6.09395e-37 0 1.22258e-36 0 2.35306e-36 0 4.35156e-36 0 7.98042e-36 0 1.4091e-35 0 2.47004e-35 0 4.17627e-35 0 7.01694e-35 0 1.13902e-34 0 1.83894e-34 0 2.87248e-34 0 4.46617e-34 0 6.91247e-34 0 1.03682e-33 0 1.54911e-33 0 2.30568e-33 0 3.33057e-33 0 4.92131e-33 0
20.3079 1.50979e-05 5.255e-06 9.84294e-06 0.651939 0.627248 0 0 0 0 0 0 0 0 0 0 1.4013e-45 0 3.64338e-44 0 5.0727e-43 0 4.7518e-42 0 3.37769e-41 0 1.86741e-40 0 8.86128e-40 0 3.58395e-39 0 1.29603e-38 0 4.07472e-38 0 1.20419e-37 0 3.24468e-37 0 8.28211e-37 0 2.00798e-36 0 4.48997e-36 0 9.8972e-36 0 2.02289e-35 0 4.08727e-35 0 7.9259e-35 0 1.47748e-34 0 2.65153e-34 0 4.72082e-34 0 8.10731e-34 0 1.38274e-33 0 2.2787e-33 0 3.73288e-33 0 5.91772e-33 0 9.33327e-33 0 1.42649e-32 0 2.17064e-32 0 3.28869e-32 0 4.83612e-32 0 7.08538e-32 0 1.0343e-31 0 1.46746e-31 0 2.12741e-31 0
21.3503 1.51826e-05 5.25678e-06 9.92583e-06 0.653763 0.618766 0 0 0 0 0 0 0 0 5.60519e-45 0 2.50832e-43 0 5.36277e-42 0 6.61147e-41 0 5.55912e-40 0 3.59028e-39 0 1.82595e-38 0 8.03022e-38 0 3.03363e-37 0 1.03029e-36 0 3.06305e-36 0 8.58567e-36 0 2.20411e-35 0 5.37444e-35 0 1.24788e-34 0 2.68283e-34 0 5.68987e-34 0 1.12306e-33 0 2.19256e-33 0 4.11647e-33 0 7.44373e-33 0 1.29828e-32 0 2.24728e-32 0 3.7588e-32 0 6.24585e-32 0 1.00449e-31 0 1.60634e-31 0 2.48988e-31 0 3.84057e-31 0 5.74956e-31 0 8.57142e-31 0 1.27256e-30 0 1.83644e-30 0 2.64085e-30 0 3.78447e-30 0 5.27849e-30 0 7.51483e-30 0
22.4463 1.52708e-05 5.29804e-06 9.97276e-06 0.653061 0.611999 0 0 0 0 0 0 7.00649e-45 0 9.23456e-43 0 3.36648e-41 0 6.20648e-40 0 6.76873e-39 0 5.12945e-38 0 3.02441e-37 0 1.42073e-36 0 5.81227e-36 0 2.05778e-35 0 6.58371e-35 0 1.85593e-34 0 4.94682e-34 0 1.21281e-33 0 2.83135e-33 0 6.30918e-33 0 1.30666e-32 0 2.67135e-32 0 5.10052e-32 0 9.63776e-32 0 1.75466e-31 0 3.08246e-31 0 5.23213e-31 0 8.81727e-31 0 1.4382e-30 0 2.33128e-30 0 3.66331e-30 0 5.72546e-30 0 8.68676e-30 0 1.31186e-29 0 1.92561e-29 0 2.81527e-29 0 4.09984e-29 0 5.81147e-29 0 8.21015e-29 0 1.15607e-28 0 1.58647e-28 0 2.21999e-28 0
23.5984 1.53336e-05 5.31409e-06 1.00195e-05 0.653434 0.603031 0 0 0 0 1.4013e-45 0 1.1869e-42 0 1.14482e-40 0 3.50328e-39 0 5.60208e-38 0 5.43687e-37 0 3.73223e-36 0 2.01797e-35 0 8.78991e-35 0 3.35695e-34 0 1.11735e-33 0 3.37756e-33 0 9.05145e-33 0 2.29983e-32 0 5.39696e-32 0 1.20885e-31 0 2.59037e-31 0 5.17742e-31 0 1.02216e-30 0 1.89098e-30 0 3.46383e-30 0 6.12445e-30 0 1.04671e-29 0 1.73136e-29 0 2.84431e-29 0 4.52989e-29 0 7.17168e-29 0 1.10235e-28 0 1.68572e-28 0 2.50607e-28 0 3.7092e-28 0 5.34349e-28 0 7.66872e-28 0 1.09648e-27 0 1.52799e-27 0 2.12256e-27 0 2.93924e-27 0 3.97166e-27 0 5.46723e-27 0
24.8097 1.53771e-05 5.32396e-06 1.00531e-05 0.653773 0.592296 0 0 0 0 2.41023e-43 0 1.43524e-40 0 1.10748e-38 0 2.86768e-37 0 4.00523e-36 0 3.47886e-35 0 2.17375e-34 0 1.08236e-33 0 4.38772e-33 0 1.56959e-32 0 4.92644e-32 0 1.41088e-31 0 3.60332e-31 0 8.748e-31 0 1.96913e-30 0 4.24031e-30 0 8.7544e-30 0 1.69159e-29 0 3.23055e-29 0 5.79965e-29 0 1.03142e-28 0 1.77363e-28 0 2.95295e-28 0 4.76593e-28 0 7.64208e-28 0 1.18975e-27 0 1.84181e-27 0 2.77221e-27 0 4.15229e-27 0 6.05463e-27 0 8.79146e-27 0 1.24413e-26 0 1.75429e-26 0 2.46489e-26 0 3.37973e-26 0 4.62011e-26 0 6.29687e-26 0 8.38455e-26 0 1.13631e-25 0
26.0832 1.54413e-05 5.33406e-06 1.01072e-05 0.654559 0.580842 0 0 0 0 3.11242e-41 0 1.35668e-38 0 8.46713e-37 0 1.8704e-35 0 2.2968e-34 0 1.79513e-33 0 1.02569e-32 0 4.72215e-32 0 1.78784e-31 0 6.00965e-31 0 1.78379e-30 0 4.85277e-30 0 1.18392e-29 0 2.75245e-29 0 5.95499e-29 0 1.23521e-28 0 2.46149e-28 0 4.60574e-28 0 8.5224e-28 0 1.48689e-27 0 2.57103e-27 0 4.30565e-27 0 6.99235e-27 0 1.10246e-26 0 1.72749e-26 0 2.63192e-26 0 3.98839e-26 0 5.88449e-26 0 8.64177e-26 0 1.2371e-25 0 1.76389e-25 0 2.45421e-25 0 3.403e-25 0 4.70269e-25 0 6.34948e-25 0 8.54829e-25 0 1.14759e-24 0 1.50685e-24 0 2.01207e-24 0
27.4221 1.5537e-05 5.35493e-06 1.01821e-05 0.655345 0.570269 0 0 7.84727e-44 0 3.13808e-39 0 1.01667e-36 0 5.18548e-35 0 9.84825e-34 0 1.06996e-32 0 7.56386e-32 0 3.96924e-31 0 1.69611e-30 0 6.01746e-30 0 1.90646e-29 0 5.36602e-29 0 1.3902e-28 0 3.24711e-28 0 7.24447e-28 0 1.5094e-27 0 3.02129e-27 0 5.82143e-27 0 1.05644e-26 0 1.89697e-26 0 3.2209e-26 0 5.42241e-26 0 8.85504e-26 0 1.40441e-25 0 2.16561e-25 0 3.31977e-25 0 4.95493e-25 0 7.3578e-25 0 1.06515e-24 0 1.53518e-24 0 2.1595e-24 0 3.02619e-24 0 4.14319e-24 0 5.65399e-24 0 7.69095e-24 0 1.02331e-23 0 1.35782e-23 0 1.79682e-23 0 2.32815e-23 0 3.06516e-23 0
28.8297 1.56494e-05 5.40362e-06 1.02458e-05 0.654709 0.561386 0 0 1.05448e-41 0 2.50855e-37 0 6.12866e-35 0 2.57989e-33 0 4.24371e-32 0 4.10368e-31 0 2.63681e-30 0 1.27612e-29 0 5.07975e-29 0 1.69414e-28 0 5.07355e-28 0 1.35767e-27 0 3.35764e-27 0 7.52431e-27 0 1.61421e-26 0 3.24484e-26 0 6.27866e-26 0 1.17165e-25 0 2.06527e-25 0 3.60395e-25 0 5.96307e-25 0 9.7868e-25 0 1.56041e-24 0 2.41971e-24 0 3.65314e-24 0 5.48449e-24 0 8.02738e-24 0 1.16923e-23 0 1.66234e-23 0 2.35351e-23 0 3.25594e-23 0 4.48812e-23 0 6.05118e-23 0 8.13333e-23 0 1.08986e-22 0 1.43001e-22 0 1.87145e-22 0 2.44287e-22 0 3.12547e-22 0 4.06e-22 0
30.3095 1.57246e-05 5.43806e-06 1.02865e-05 0.654168 0.551231 3.22299e-44 0 1.09721e-39 0 1.59585e-35 0 2.98088e-33 0 1.04539e-31 0 1.49985e-30 0 1.29826e-29 0 7.61766e-29 0 3.41349e-28 0 1.27016e-27 0 3.99416e-27 0 1.13378e-26 0 2.89162e-26 0 6.84198e-26 0 1.47402e-25 0 3.04659e-25 0 5.9189e-25 0 1.10897e-24 0 2.00734e-24 0 3.44176e-24 0 5.8449e-24 0 9.43606e-24 0 1.51167e-23 0 2.35594e-23 0 3.57589e-23 0 5.29119e-23 0 7.78767e-23 0 1.11884e-22 0 1.6e-22 0 2.23604e-22 0 3.11245e-22 0 4.23818e-22 0 5.75125e-22 0 7.64192e-22 0 1.01242e-21 0 1.33738e-21 0 1.73167e-21 0 2.23666e-21 0 2.88185e-21 0 3.64303e-21 0 4.67224e-21 0
31.8653 1.57535e-05 5.46423e-06 1.02893e-05 0.653143 0.53831 4.41269e-42 0 8.97841e-38 0 8.17823e-34 0 1.18336e-31 0 3.48836e-30 0 4.39451e-29 0 3.42343e-28 0 1.84248e-27 0 7.6732e-27 0 2.67778e-26 0 7.96248e-26 0 2.14798e-25 0 5.23346e-25 0 1.18732e-24 0 2.46386e-24 0 4.91507e-24 0 9.24433e-24 0 1.67973e-23 0 2.95365e-23 0 4.93273e-23 0 8.16309e-23 0 1.2874e-22 0 2.01551e-22 0 3.07385e-22 0 4.57148e-22 0 6.63616e-22 0 9.58464e-22 0 1.35286e-21 0 1.90117e-21 0 2.61386e-21 0 3.58008e-21 0 4.80203e-21 0 6.41999e-21 0 8.41293e-21 0 1.09936e-20 0 1.43263e-20 0 1.83175e-20 0 2.33654e-20 0 2.97352e-20 0 3.71614e-20 0 4.70846e-20 0
33.5009 1.57659e-05 5.47887e-06 1.02871e-05 0.652487 0.521736 4.66056e-40 0 5.84225e-36 0 3.40976e-32 0 3.86989e-30 0 9.67065e-29 0 1.07653e-27 0 7.5866e-27 0 3.76097e-26 0 1.46091e-25 0 4.79645e-25 0 1.35235e-24 0 3.47558e-24 0 8.1078e-24 0 1.7673e-23 0 3.53899e-23 0 6.82576e-23 0 1.24481e-22 0 2.19686e-22 0 3.75798e-22 0 6.1208e-22 0 9.88312e-22 0 1.52437e-21 0 2.33485e-21 0 3.48826e-21 0 5.08822e-21 0 7.2531e-21 0 1.02893e-20 0 1.42809e-20 0 1.97383e-20 0 2.6719e-20 0 3.60381e-20 0 4.76504e-20 0 6.28086e-20 0 8.12268e-20 0 1.04766e-19 0 1.34772e-19 0 1.70263e-19 0 2.14618e-19 0 2.69931e-19 0 3.33692e-19 0 4.1794e-19 0
35.2205 1.58103e-05 5.48901e-06 1.03213e-05 0.65282 0.502745 3.87048e-38 0 3.06068e-34 0 1.16972e-30 0 1.05372e-28 0 2.25029e-27 0 2.22695e-26 0 1.42669e-25 0 6.54089e-25 0 2.37787e-24 0 7.36676e-24 0 1.97453e-23 0 4.84607e-23 0 1.08469e-22 0 2.27609e-22 0 4.40589e-22 0 8.22957e-22 0 1.45743e-21 0 2.50175e-21 0 4.16881e-21 0 6.63013e-21 0 1.0458e-20 0 1.57927e-20 0 2.36911e-20 0 3.47073e-20 0 4.97019e-20 0 6.96329e-20 0 9.71098e-20 0 1.32642e-19 0 1.80456e-19 0 2.40692e-19 0 3.19933e-19 0 4.17293e-19 0 5.42672e-19 0 6.93051e-19 0 8.82856e-19 0 1.12183e-18 0 1.40117e-18 0 1.74634e-18 0 2.17197e-18 0 2.65736e-18 0 3.29189e-18 0
37.0284 1.59059e-05 5.5063e-06 1.03996e-05 0.653819 0.483766 2.56257e-36 0 1.30741e-32 0 3.34022e-29 0 2.41537e-27 0 4.44207e-26 0 3.93055e-25 0 2.2998e-24 0 9.78836e-24 0 3.34112e-23 0 9.79498e-23 0 2.50199e-22 0 5.87724e-22 0 1.26475e-21 0 2.55961e-21 0 4.79748e-21 0 8.69177e-21 0 1.49692e-20 0 2.50264e-20 0 4.06762e-20 0 6.32428e-20 0 9.75605e-20 0 1.44392e-19 0 2.12359e-19 0 3.05359e-19 0 4.29684e-19 0 5.92161e-19 0 8.12524e-19 0 1.09306e-18 0 1.46489e-18 0 1.92659e-18 0 2.52552e-18 0 3.25162e-18 0 4.1747e-18 0 5.26826e-18 0 6.63222e-18 0 8.32947e-18 0 1.02912e-17 0 1.26892e-17 0 1.56147e-17 0 1.89171e-17 0 2.31905e-17 0
38.9291 1.60564e-05 5.56199e-06 1.04945e-05 0.653598 0.467665 1.37545e-34 0 4.62543e-31 0 8.05667e-28 0 4.72706e-26 0 7.54135e-25 0 5.99912e-24 0 3.22006e-23 0 1.27695e-22 0 4.1051e-22 0 1.1419e-21 0 2.78629e-21 0 6.27776e-21 0 1.30132e-20 0 2.54452e-20 0 4.62514e-20 0 8.1399e-20 0 1.36516e-19 0 2.22579e-19 0 3.53287e-19 0 5.37577e-19 0 8.11917e-19 0 1.17887e-18 0 1.70144e-18 0 2.40356e-18 0 3.32621e-18 0 4.51274e-18 0 6.09717e-18 0 8.08437e-18 0 1.06807e-17 0 1.38604e-17 0 1.79307e-17 0 2.28028e-17 0 2.8921e-17 0 3.60846e-17 0 4.49192e-17 0 5.57903e-17 0 6.82219e-17 0 8.32627e-17 0 1.01426e-16 0 1.21732e-16 0 1.47754e-16 0
40.9273 1.62171e-05 5.64431e-06 1.05728e-05 0.651953 0.454333 6.03499e-33 0 1.3652e-29 0 1.65182e-26 0 7.94429e-25 0 1.10709e-23 0 7.95885e-23 0 3.93547e-22 0 1.45913e-21 0 4.43081e-21 0 1.17245e-20 0 2.73891e-20 0 5.93107e-20 0 1.18647e-19 0 2.24522e-19 0 3.96376e-19 0 6.78602e-19 0 1.10973e-18 0 1.76665e-18 0 2.74156e-18 0 4.08705e-18 0 6.04975e-18 0 8.62553e-18 0 1.2228e-17 0 1.69851e-17 0 2.31353e-17 0 3.0924e-17 0 4.11721e-17 0 5.38442e-17 0 7.0176e-17 0 8.99159e-17 0 1.14868e-16 0 1.44375e-16 0 1.81e-16 0 2.23406e-16 0 2.75145e-16 0 3.38137e-16 0 4.09442e-16 0 4.94874e-16 0 5.9705e-16 0 7.10221e-16 0 8.53929e-16 0
43.0281 1.63362e-05 5.7255e-06 1.06107e-05 0.649521 0.441667 2.17548e-31 0 3.37516e-28 0 2.88766e-25 0 1.14951e-23 0 1.40858e-22 0 9.19648e-22 0 4.20607e-21 0 1.46281e-20 0 4.20751e-20 0 1.06171e-19 0 2.37956e-19 0 4.96213e-19 0 9.59598e-19 0 1.76022e-18 0 3.02248e-18 0 5.04046e-18 0 8.04715e-18 0 1.25233e-17 0 1.90216e-17 0 2.78094e-17 0 4.03835e-17 0 5.65889e-17 0 7.88678e-17 0 1.07807e-16 0 1.44644e-16 0 1.9062e-16 0 2.50268e-16 0 3.23037e-16 0 4.15608e-16 0 5.2611e-16 0 6.64119e-16 0 8.25453e-16 0 1.02349e-15 0 1.25037e-15 0 1.52436e-15 0 1.85458e-15 0 2.22479e-15 0 2.66424e-15 0 3.185e-15 0 3.75674e-15 0 4.47643e-15 0
45.2368 1.6373e-05 5.79324e-06 1.05798e-05 0.646172 0.426928 6.49115e-30 0 7.03521e-27 0 4.32877e-24 0 1.43951e-22 0 1.56081e-21 0 9.29833e-21 0 3.94842e-20 0 1.29213e-19 0 3.52973e-19 0 8.51322e-19 0 1.83431e-18 0 3.6903e-18 0 6.91033e-18 0 1.23059e-17 0 2.058e-17 0 3.34741e-17 0 5.22348e-17 0 7.95535e-17 0 1.18393e-16 0 1.69909e-16 0 2.4228e-16 0 3.33958e-16 0 4.57953e-16 0 6.16508e-16 0 8.1538e-16 0 1.06017e-15 0 1.37354e-15 0 1.75096e-15 0 2.22518e-15 0 2.78457e-15 0 3.47527e-15 0 4.27389e-15 0 5.24392e-15 0 6.344e-15 0 7.65969e-15 0 9.23025e-15 0 1.09748e-14 0 1.30274e-14 0 1.54386e-14 0 1.80638e-14 0 2.1341e-14 0
47.5588 1.63142e-05 5.81602e-06 1.04982e-05 0.6435 0.406241 1.60926e-28 0 1.23995e-25 0 5.5759e-23 0 1.56265e-21 0 1.5082e-20 0 8.23517e-20 0 3.25858e-19 0 1.0064e-18 0 2.61757e-18 0 6.0476e-18 0 1.25512e-17 0 2.44035e-17 0 4.43188e-17 0 7.67301e-17 0 1.25139e-16 0 1.98766e-16 0 3.035e-16 0 4.52833e-16 0 6.60956e-16 0 9.31976e-16 0 1.30612e-15 0 1.77236e-15 0 2.39323e-15 0 3.1754e-15 0 4.14278e-15 0 5.31792e-15 0 6.80324e-15 0 8.57042e-15 0 1.07649e-14 0 1.33244e-14 0 1.64505e-14 0 2.00275e-14 0 2.4329e-14 0 2.91603e-14 0 3.48855e-14 0 4.16574e-14 0 4.91139e-14 0 5.78136e-14 0 6.79485e-14 0 7.88953e-14 0 9.2453e-14 0
50 1.62044e-05 5.8104e-06 1.0394e-05 0.641431 0.377805 3.35353e-27 0 1.86782e-24 0 6.23335e-22 0 1.48455e-20 0 1.28268e-19 0 6.44671e-19 0 2.38522e-18 0 6.97207e-18 0 1.73069e-17 0 3.83838e-17 0 7.68721e-17 0 1.44689e-16 0 2.55223e-16 0 4.30189e-16 0 6.8504e-16 0 1.06378e-15 0 1.59109e-15 0 2.32803e-15 0 3.33584e-15 0 4.62542e-15 0 6.37636e-15 0 8.52449e-15 0 1.13432e-14 0 1.4844e-14 0 1.91164e-14 0 2.42416e-14 0 3.06417e-14 0 3.81683e-14 0 4.74106e-14 0 5.80752e-14 0 7.09665e-14 0 8.55717e-14 0 1.02968e-13 0 1.22329e-13 0 1.45071e-13 0 1.71737e-13 0 2.00856e-13 0 2.3456e-13 0 2.73513e-13 0 3.1527e-13 0 3.66598e-13 0
52.5665 1.60994e-05 5.78157e-06 1.03179e-05 0.640883 0.340915 5.92827e-26 0 2.42492e-23 0 6.0937e-21 0 1.24316e-19 0 9.66778e-19 0 4.49067e-18 0 1.55869e-17 0 4.32364e-17 0 1.02666e-16 0 2.19011e-16 0 4.23995e-16 0 7.73781e-16 0 1.3276e-15 0 2.1814e-15 0 3.39569e-15 0 5.16099e-15 0 7.56899e-15 0 1.08708e-14 0 1.53056e-14 0 2.08865e-14 0 2.83453e-14 0 3.73611e-14 0 4.90263e-14 0 6.33202e-14 0 8.0544e-14 0 1.0096e-13 0 1.26164e-13 0 1.55478e-13 0 1.91092e-13 0 2.31769e-13 0 2.80458e-13 0 3.35101e-13 0 3.99597e-13 0 4.70757e-13 0 5.53646e-13 0 6.5004e-13 0 7.54466e-13 0 8.74417e-13 0 1.01201e-12 0 1.15845e-12 0 1.33717e-12 0
55.2648 1.60532e-05 5.75173e-06 1.03015e-05 0.641708 0.297267 8.99375e-25 0 2.74279e-22 0 5.26248e-20 0 9.26607e-19 0 6.51931e-18 0 2.80945e-17 0 9.17664e-17 0 2.4218e-16 0 5.51291e-16 0 1.13333e-15 0 2.12442e-15 0 3.76481e-15 0 6.29137e-15 0 1.00898e-14 0 1.53707e-14 0 2.28887e-14 0 3.29463e-14 0 4.64894e-14 0 6.43707e-14 0 8.65191e-14 0 1.15678e-13 0 1.5043e-13 0 1.94797e-13 0 2.48468e-13 0 3.12363e-13 0 3.87246e-13 0 4.7868e-13 0 5.83913e-13 0 7.10477e-13 0 8.53632e-13 0 1.02339e-12 0 1.2122e-12 0 1.43314e-12 0 1.67489e-12 0 1.95427e-12 0 2.2766e-12 0 2.62318e-12 0 3.01841e-12 0 3.46854e-12 0 3.94433e-12 0 4.52105e-12 0
58.1015 1.6101e-05 5.73625e-06 1.03648e-05 0.643734 0.249847 1.18291e-23 0 2.72844e-21 0 4.04992e-19 0 6.19913e-18 0 3.96523e-17 0 1.59116e-16 0 4.90543e-16 0 1.23468e-15 0 2.69995e-15 0 5.35856e-15 0 9.74118e-15 0 1.67873e-14 0 2.73586e-14 0 4.28764e-14 0 6.39883e-14 0 9.34514e-14 0 1.32144e-13 0 1.83356e-13 0 2.49878e-13 0 3.31041e-13 0 4.36378e-13 0 5.60242e-13 0 7.16379e-13 0 9.02966e-13 0 1.12256e-12 0 1.37714e-12 0 1.68478e-12 0 2.03531e-12 0 2.45286e-12 0 2.9208e-12 0 3.47076e-12 0 4.07726e-12 0 4.78115e-12 0 5.54532e-12 0 6.42173e-12 0 7.42538e-12 0 8.49679e-12 0 9.71023e-12 0 1.10828e-11 0 1.25242e-11 0 1.42601e-11 0
61.0839 1.62594e-05 5.77089e-06 1.04886e-05 0.645075 0.202774 1.36694e-22 0 2.41737e-20 0 2.81094e-18 0 3.76605e-17 0 2.20026e-16 0 8.25005e-16 0 2.40739e-15 0 5.79232e-15 0 1.21917e-14 0 2.34003e-14 0 4.13153e-14 0 6.93329e-14 0 1.10331e-13 0 1.69159e-13 0 2.47564e-13 0 3.54929e-13 0 4.93467e-13 0 6.73844e-13 0 9.04544e-13 0 1.182e-12 0 1.53724e-12 0 1.94965e-12 0 2.46326e-12 0 3.06995e-12 0 3.77618e-12 0 4.58658e-12 0 5.55619e-12 0 6.65056e-12 0 7.94225e-12 0 9.37713e-12 0 1.10493e-11 0 1.28785e-11 0 1.49848e-11 0 1.72544e-11 0 1.98388e-11 0 2.27773e-11 0 2.58929e-11 0 2.93985e-11 0 3.33382e-11 0 3.74498e-11 0 4.23711e-11 0
64.2193 1.64961e-05 5.81727e-06 1.06789e-05 0.647355 0.157081 1.38785e-21 0 1.90633e-19 0 1.75736e-17 0 2.07429e-16 0 1.11181e-15 0 3.90829e-15 0 1.08236e-14 0 2.49493e-14 0 5.06393e-14 0 9.41502e-14 0 1.6168e-13 0 2.64551e-13 0 4.11544e-13 0 6.17947e-13 0 8.87706e-13 0 1.2505e-12 0 1.71086e-12 0 2.30096e-12 0 3.04464e-12 0 3.92692e-12 0 5.04201e-12 0 6.32091e-12 0 7.89542e-12 0 9.7348e-12 0 1.18538e-11 0 1.42617e-11 0 1.71157e-11 0 2.03078e-11 0 2.40427e-11 0 2.81572e-11 0 3.29135e-11 0 3.80763e-11 0 4.39774e-11 0 5.02909e-11 0 5.74307e-11 0 6.54942e-11 0 7.39883e-11 0 8.34861e-11 0 9.40947e-11 0 1.05101e-10 0 1.18198e-10 0
67.5157 1.67841e-05 5.9143e-06 1.08698e-05 0.647624 0.115677 1.25418e-20 0 1.35467e-18 0 1.00133e-16 0 1.04771e-15 0 5.17372e-15 0 1.71043e-14 0 4.50701e-14 0 9.97401e-14 0 1.95564e-13 0 3.52755e-13 0 5.89988e-13 0 9.42439e-13 0 1.4348e-12 0 2.11206e-12 0 2.98088e-12 0 4.12947e-12 0 5.56386e-12 0 7.37544e-12 0 9.62669e-12 0 1.2263e-11 0 1.55542e-11 0 1.92855e-11 0 2.38293e-11 0 2.90818e-11 0 3.50733e-11 0 4.18186e-11 0 4.9742e-11 0 5.85284e-11 0 6.87239e-11 0 7.98662e-11 0 9.26487e-11 0 1.06422e-10 0 1.22053e-10 0 1.38664e-10 0 1.57328e-10 0 1.7827e-10 0 2.00194e-10 0 2.24565e-10 0 2.51627e-10 0 2.79546e-10 0 3.12583e-10 0
70.9813 1.7076e-05 6.0468e-06 1.10292e-05 0.64589 0.0789822 1.012e-19 0 8.69706e-18 0 5.21043e-16 0 4.86135e-15 0 2.22052e-14 0 6.92472e-14 0 1.74037e-13 0 3.70493e-13 0 7.02946e-13 0 1.23196e-12 0 2.00938e-12 0 3.13719e-12 0 4.67915e-12 0 6.75903e-12 0 9.38027e-12 0 1.27895e-11 0 1.6983e-11 0 2.2205e-11 0 2.86082e-11 0 3.60146e-11 0 4.51532e-11 0 5.54003e-11 0 6.77494e-11 0 8.18828e-11 0 9.78533e-11 0 1.15675e-10 0 1.36431e-10 0 1.5926e-10 0 1.85543e-10 0 2.14049e-10 0 2.46514e-10 0 2.8125e-10 0 3.20411e-10 0 3.61757e-10 0 4.07923e-10 0 4.59411e-10 0 5.12999e-10 0 5.72231e-10 0 6.37636e-10 0 7.04755e-10 0 7.83758e-10 0
74.6248 1.72924e-05 6.17779e-06 1.11146e-05 0.642745 0.0460253 7.28743e-19 0 5.03887e-17 0 2.47201e-15 0 2.06814e-14 0 8.77137e-14 0 2.58761e-13 0 6.21723e-13 0 1.2756e-12 0 2.34572e-12 0 3.99995e-12 0 6.37009e-12 0 9.73146e-12 0 1.4234e-11 0 2.01951e-11 0 2.75821e-11 0 3.70419e-11 0 4.8511e-11 0 6.26024e-11 0 7.96634e-11 0 9.91665e-11 0 1.22965e-10 0 1.49371e-10 0 1.80881e-10 0 2.16602e-10 0 2.56606e-10 0 3.00873e-10 0 3.52013e-10 0 4.07823e-10 0 4.71595e-10 0 5.40266e-10 0 6.17933e-10 0 7.00484e-10 0 7.92954e-10 0 8.89988e-10 0 9.97699e-10 0 1.11713e-09 0 1.24073e-09 0 1.37662e-09 0 1.52589e-09 0 1.67828e-09 0 1.85676e-09 0
78.4553 1.73775e-05 6.29572e-06 1.10818e-05 0.637708 0.0168125 4.70066e-18 0 2.64298e-16 0 1.07217e-14 0 8.08631e-14 0 3.19596e-13 0 8.94322e-13 0 2.05876e-12 0 4.07834e-12 0 7.27995e-12 0 1.20946e-11 0 1.88285e-11 0 2.81749e-11 0 4.04527e-11 0 5.64221e-11 0 7.58965e-11 0 1.0047e-10 0 1.29856e-10 0 1.65503e-10 0 2.08143e-10 0 2.56345e-10 0 3.14543e-10 0 3.78478e-10 0 4.54056e-10 0 5.38961e-10 0 6.3324e-10 0 7.36731e-10 0 8.55374e-10 0 9.83895e-10 0 1.12971e-09 0 1.28565e-09 0 1.46086e-09 0 1.64591e-09 0 1.85194e-09 0 2.06688e-09 0 2.30413e-09 0 2.56574e-09 0 2.83506e-09 0 3.12966e-09 0 3.4516e-09 0 3.77873e-09 0 4.16e-09 0
82.4824 1.72619e-05 6.38594e-06 1.0876e-05 0.630057 -0.00922837 2.72444e-17 0 1.25827e-15 0 4.26015e-14 0 2.91119e-13 0 1.07592e-12 0 2.86322e-12 0 6.32828e-12 0 1.21246e-11 0 2.10391e-11 0 3.40978e-11 0 5.19476e-11 0 7.62194e-11 0 1.07518e-10 0 1.47546e-10 0 1.9562e-10 0 2.55434e-10 0 3.26037e-10 0 4.10644e-10 0 5.10696e-10 0 6.226e-10 0 7.56353e-10 0 9.01909e-10 0 1.07243e-09 0 1.26236e-09 0 1.47155e-09 0 1.69945e-09 0 1.95879e-09 0 2.23776e-09 0 2.55211e-09 0 2.88612e-09 0 3.25905e-09 0 3.65056e-09 0 4.08394e-09 0 4.53356e-09 0 5.02722e-09 0 5.56869e-09 0 6.12332e-09 0 6.72705e-09 0 7.38368e-09 0 8.0478e-09 0 8.81834e-09 0
86.7162 1.69109e-05 6.44481e-06 1.04661e-05 0.618896 -0.032205 1.4254e-16 0 5.45967e-15 0 1.55645e-13 0 9.68343e-13 0 3.35755e-12 0 8.51808e-12 0 1.81116e-11 0 3.36165e-11 0 5.67839e-11 0 8.98845e-11 0 1.34152e-10 0 1.93183e-10 0 2.67972e-10 0 3.62098e-10 0 4.73511e-10 0 6.10293e-10 0 7.69753e-10 0 9.58647e-10 0 1.17959e-09 0 1.42422e-09 0 1.71383e-09 0 2.02615e-09 0 2.38896e-09 0 2.78974e-09 0 3.22779e-09 0 3.70155e-09 0 4.23695e-09 0 4.80899e-09 0 5.44946e-09 0 6.12577e-09 0 6.87639e-09 0 7.65991e-09 0 8.52246e-09 0 9.41261e-09 0 1.0385e-08 0 1.14463e-08 0 1.25281e-08 0 1.37002e-08 0 1.49693e-08 0 1.62472e-08 0 1.77235e-08 0
91.1674 1.63015e-05 6.41897e-06 9.8825e-06 0.606233 -0.0533544 6.70919e-16 0 2.15079e-14 0 5.20629e-13 0 2.96253e-12 0 9.66699e-12 0 2.34353e-11 0 4.80275e-11 0 8.64911e-11 0 1.42406e-10 0 2.20419e-10 0 3.22605e-10 0 4.56362e-10 0 6.23005e-10 0 8.29555e-10 0 1.07068e-09 0 1.36298e-09 0 1.69973e-09 0 2.09427e-09 0 2.55099e-09 0 3.05182e-09 0 3.63934e-09 0 4.26755e-09 0 4.99139e-09 0 5.78481e-09 0 6.64566e-09 0 7.57029e-09 0 8.60829e-09 0 9.71031e-09 0 1.09366e-08 0 1.22238e-08 0 1.36445e-08 0 1.51193e-08 0 1.67344e-08 0 1.83929e-08 0 2.01958e-08 0 2.21541e-08 0 2.41413e-08 0 2.6285e-08 0 2.85958e-08 0 3.09131e-08 0 3.35792e-08 0
95.847 1.54731e-05 6.35035e-06 9.12279e-06 0.589589 -0.0717665 2.87237e-15 0 7.77397e-14 0 1.61066e-12 0 8.41917e-12 0 2.59311e-11 0 6.02036e-11 0 1.19132e-10 0 2.08466e-10 0 3.34981e-10 0 5.07549e-10 0 7.2916e-10 0 1.01416e-09 0 1.3636e-09 0 1.79048e-09 0 2.28232e-09 0 2.87135e-09 0 3.54238e-09 0 4.32039e-09 0 5.21213e-09 0 6.18107e-09 0 7.30793e-09 0 8.50304e-09 0 9.8695e-09 0 1.13562e-08 0 1.29581e-08 0 1.46674e-08 0 1.65743e-08 0 1.85864e-08 0 2.08124e-08 0 2.3136e-08 0 2.56866e-08 0 2.83208e-08 0 3.11912e-08 0 3.41246e-08 0 3.7299e-08 0 4.07312e-08 0 4.41989e-08 0 4.79242e-08 0 5.19234e-08 0 5.5918e-08 0 6.04957e-08 0
100.767 1.44553e-05 6.20768e-06 8.24759e-06 0.570559 -0.0887181 1.11748e-14 0 2.57459e-13 0 4.60043e-12 0 2.21817e-11 0 6.46686e-11 0 1.44091e-10 0 2.75784e-10 0 4.69583e-10 0 7.37291e-10 0 1.09468e-09 0 1.54507e-09 0 2.11465e-09 0 2.80247e-09 0 3.63118e-09 0 4.57412e-09 0 5.69048e-09 0 6.94872e-09 0 8.39311e-09 0 1.00331e-08 0 1.17997e-08 0 1.38372e-08 0 1.59815e-08 0 1.84153e-08 0 2.10447e-08 0 2.3859e-08 0 2.68433e-08 0 3.01526e-08 0 3.36246e-08 0 3.74443e-08 0 4.14102e-08 0 4.57412e-08 0 5.01923e-08 0 5.50194e-08 0 5.99302e-08 0 6.52212e-08 0 7.09174e-08 0 7.66486e-08 0 8.27813e-08 0 8.93389e-08 0 9.58645e-08 0 1.03315e-07 0
105.939 1.33115e-05 6.00265e-06 7.3089e-06 0.549064 -0.10449 3.97126e-14 0 7.85009e-13 0 1.21852e-11 0 5.44093e-11 0 1.50551e-10 0 3.2258e-10 0 5.98143e-10 0 9.92347e-10 0 1.52414e-09 0 2.21968e-09 0 3.08068e-09 0 4.15222e-09 0 5.42767e-09 0 6.94428e-09 0 8.64951e-09 0 1.06464e-08 0 1.28743e-08 0 1.54076e-08 0 1.82585e-08 0 2.13039e-08 0 2.47891e-08 0 2.84299e-08 0 3.25334e-08 0 3.69372e-08 0 4.16209e-08 0 4.65583e-08 0 5.20021e-08 0 5.76822e-08 0 6.38982e-08 0 7.03196e-08 0 7.72978e-08 0 8.44359e-08 0 9.21424e-08 0 9.99484e-08 0 1.08324e-07 0 1.17304e-07 0 1.26304e-07 0 1.35898e-07 0 1.46119e-07 0 1.56253e-07 0 1.67782e-07 0
111.377 1.21405e-05 5.77655e-06 6.36395e-06 0.524192 -0.118292 1.30202e-13 0 2.2248e-12 0 3.02067e-11 0 1.25376e-10 0 3.30099e-10 0 6.81459e-10 0 1.22607e-09 0 1.98444e-09 0 2.9847e-09 0 4.26772e-09 0 5.8291e-09 0 7.74295e-09 0 9.98985e-09 0 1.26284e-08 0 1.55617e-08 0 1.89611e-08 0 2.27171e-08 0 2.695e-08 0 3.16729e-08 0 3.66785e-08 0 4.23644e-08 0 4.82623e-08 0 5.48662e-08 0 6.1908e-08 0 6.93527e-08 0 7.71564e-08 0 8.57138e-08 0 9.45962e-08 0 1.04268e-07 0 1.14211e-07 0 1.24966e-07 0 1.35919e-07 0 1.47693e-07 0 1.5957e-07 0 1.72264e-07 0 1.85821e-07 0 1.99357e-07 0 2.13734e-07 0 2.28997e-07 0 2.44078e-07 0 2.61178e-07 0
117.094 1.098e-05 5.51788e-06 5.46211e-06 0.49746 -0.131121 3.94268e-13 0 5.86517e-12 0 7.01105e-11 0 2.71467e-10 0 6.8174e-10 0 1.35845e-09 0 2.37501e-09 0 3.75474e-09 0 5.53588e-09 0 7.77858e-09 0 1.04639e-08 0 1.37082e-08 0 1.74674e-08 0 2.18297e-08 0 2.66274e-08 0 3.21325e-08 0 3.81596e-08 0 4.48937e-08 0 5.23469e-08 0 6.0187e-08 0 6.90298e-08 0 7.81412e-08 0 8.82789e-08 0 9.90237e-08 0 1.10318e-07 0 1.22094e-07 0 1.34941e-07 0 1.48209e-07 0 1.62588e-07 0 1.77302e-07 0 1.93148e-07 0 2.09217e-07 0 2.2642e-07 0 2.43707e-07 0 2.62112e-07 0 2.81696e-07 0 3.0118e-07 0 3.21805e-07 0 3.43625e-07 0 3.65118e-07 0 3.89408e-07 0
123.105 9.88131e-06 5.24973e-06 4.63159e-06 0.468722 -0.142902 1.11032e-12 0 1.44775e-11 0 1.53316e-10 0 5.55669e-10 0 1.33412e-09 0 2.5704e-09 0 4.37297e-09 0 6.76049e-09 0 9.78032e-09 0 1.35162e-08 0 1.79209e-08 0 2.31696e-08 0 2.91763e-08 0 3.60681e-08 0 4.35702e-08 0 5.20981e-08 0 6.13529e-08 0 7.16096e-08 0 8.28743e-08 0 9.46395e-08 0 1.0782e-07 0 1.21315e-07 0 1.3624e-07 0 1.51968e-07 0 1.68411e-07 0 1.85467e-07 0 2.03983e-07 0 2.23017e-07 0 2.43549e-07 0 2.64469e-07 0 2.86904e-07 0 3.09562e-07 0 3.33727e-07 0 3.57918e-07 0 3.83584e-07 0 4.10795e-07 0 4.37777e-07 0 4.66246e-07 0 4.96268e-07 0 5.25748e-07 0 5.58964e-07 0
129.424 8.8855e-06 4.99276e-06 3.89273e-06 0.438099 -0.153265 2.92843e-12 0 3.36843e-11 0 3.17894e-10 0 1.08195e-09 0 2.48893e-09 0 4.64424e-09 0 7.69879e-09 0 1.16516e-08 0 1.65551e-08 0 2.25203e-08 0 2.94509e-08 0 3.76019e-08 0 4.68202e-08 0 5.72835e-08 0 6.8563e-08 0 8.12702e-08 0 9.49462e-08 0 1.09986e-07 0 1.26382e-07 0 1.43392e-07 0 1.62325e-07 0 1.81594e-07 0 2.02783e-07 0 2.24989e-07 0 2.48085e-07 0 2.71927e-07 0 2.97689e-07 0 3.24051e-07 0 3.52367e-07 0 3.81098e-07 0 4.11787e-07 0 4.42661e-07 0 4.75468e-07 0 5.08194e-07 0 5.42797e-07 0 5.79362e-07 0 6.155e-07 0 6.53513e-07 0 6.93477e-07 0 7.32606e-07 0 7.76565e-07 0
136.067 7.98589e-06 4.73853e-06 3.24736e-06 0.406637 -0.162994 7.24401e-12 0 7.3957e-11 0 6.25516e-10 0 2.00536e-09 0 4.42928e-09 0 8.01694e-09 0 1.29658e-08 0 1.92299e-08 0 2.6858e-08 0 3.59908e-08 0 4.64544e-08 0 5.86081e-08 0 7.21991e-08 0 8.74684e-08 0 1.03777e-07 0 1.21994e-07 0 1.41444e-07 0 1.62677e-07 0 1.85665e-07 0 2.09358e-07 0 2.35572e-07 0 2.62095e-07 0 2.91105e-07 0 3.21348e-07 0 3.5265e-07 0 3.84813e-07 0 4.19411e-07 0 4.54666e-07 0 4.92377e-07 0 5.3049e-07 0 5.71045e-07 0 6.11698e-07 0 6.54742e-07 0 6.97537e-07 0 7.42641e-07 0 7.90149e-07 0 8.36959e-07 0 8.86054e-07 0 9.37517e-07 0 9.87765e-07 0 1.04406e-06 0
143.051 7.19286e-06 4.49774e-06 2.69513e-06 0.374695 -0.171603 1.68949e-11 0 1.5399e-10 0 1.17349e-09 0 3.5541e-09 0 7.55211e-09 0 1.32789e-08 0 2.09778e-08 0 3.05196e-08 0 4.19365e-08 0 5.53991e-08 0 7.06199e-08 0 8.80907e-08 0 1.07419e-07 0 1.28924e-07 0 1.5169e-07 0 1.76915e-07 0 2.03646e-07 0 2.32622e-07 0 2.63787e-07 0 2.9571e-07 0 3.30825e-07 0 3.66161e-07 0 4.0461e-07 0 4.44495e-07 0 4.85584e-07 0 5.27618e-07 0 5.72643e-07 0 6.18337e-07 0 6.67024e-07 0 7.16045e-07 0 7.68018e-07 0 8.19936e-07 0 8.74725e-07 0 9.29022e-07 0 9.86072e-07 0 1.04598e-06 0 1.10484e-06 0 1.1664e-06 0 1.23075e-06 0 1.29341e-06 0 1.36343e-06 0
150.394 6.50308e-06 4.27569e-06 2.22739e-06 0.342513 -0.178934 3.73097e-11 0 3.05281e-10 0 2.10681e-09 0 6.04477e-09 0 1.23804e-08 0 2.1177e-08 0 3.27163e-08 0 4.67342e-08 0 6.32281e-08 0 8.23981e-08 0 1.03799e-07 0 1.28088e-07 0 1.54688e-07 0 1.84009e-07 0 2.1479e-07 0 2.48633e-07 0 2.84242e-07 0 3.22583e-07 0 3.63561e-07 0 4.05293e-07 0 4.50943e-07 0 4.96642e-07 0 5.46123e-07 0 5.97211e-07 0 6.49607e-07 0 7.02984e-07 0 7.59931e-07 0 8.17501e-07 0 8.78612e-07 0 9.39923e-07 0 1.0047e-06 0 1.0692e-06 0 1.13705e-06 0 1.20409e-06 0 1.27432e-06 0 1.34785e-06 0 1.4199e-06 0 1.49504e-06 0 1.5734e-06 0 1.6495e-06 0 1.73433e-06 0
158.114 5.90844e-06 4.07486e-06 1.83358e-06 0.310333 -0.185253 7.83077e-11 0 5.78246e-10 0 3.63143e-09 0 9.89652e-09 0 1.95721e-08 0 3.26124e-08 0 4.93243e-08 0 6.92421e-08 0 9.23072e-08 0 1.18748e-07 0 1.47914e-07 0 1.80662e-07 0 2.16178e-07 0 2.54984e-07 0 2.95399e-07 0 3.3951e-07 0 3.85605e-07 0 4.34925e-07 0 4.8732e-07 0 5.40384e-07 0 5.98125e-07 0 6.55642e-07 0 7.1763e-07 0 7.81344e-07 0 8.46412e-07 0 9.12437e-07 0 9.82607e-07 0 1.05328e-06 0 1.12804e-06 0 1.20279e-06 0 1.28152e-06 0 1.35965e-06 0 1.44159e-06 0 1.52232e-06 0 1.60666e-06 0 1.69473e-06 0 1.78078e-06 0 1.87031e-06 0 1.96343e-06 0 2.05366e-06 0 2.154e-06 0
166.23 5.40583e-06 3.90104e-06 1.50479e-06 0.278364 -0.190406 1.56927e-10 0 1.05102e-09 0 6.03418e-09 0 1.5659e-08 0 2.99544e-08 0 4.86833e-08 0 7.21582e-08 0 9.96329e-08 0 1.3097e-07 0 1.66427e-07 0 2.05092e-07 0 2.48065e-07 0 2.94242e-07 0 3.44276e-07 0 3.95989e-07 0 4.52039e-07 0 5.10231e-07 0 5.72118e-07 0 6.37492e-07 0 7.03349e-07 0 7.74655e-07 0 8.45351e-07 0 9.21204e-07 0 9.98836e-07 0 1.0778e-06 0 1.15762e-06 0 1.24215e-06 0 1.32699e-06 0 1.41642e-06 0 1.50556e-06 0 1.59914e-06 0 1.69175e-06 0 1.78859e-06 0 1.88373e-06 0 1.98287e-06 0 2.08612e-06 0 2.18675e-06 0 2.29121e-06 0 2.39959e-06 0 2.50436e-06 0 2.62061e-06 0
174.763 5.00257e-06 3.76971e-06 1.23285e-06 0.246444 -0.19396 3.02472e-10 0 1.84618e-09 0 9.73245e-09 0 2.41073e-08 0 4.46777e-08 0 7.09109e-08 0 1.03104e-07 0 1.40136e-07 0 1.8177e-07 0 2.28293e-07 0 2.78476e-07 0 3.33712e-07 0 3.92547e-07 0 4.55789e-07 0 5.20684e-07 0 5.90554e-07 0 6.62649e-07 0 7.38883e-07 0 8.18976e-07 0 8.99256e-07 0 9.85765e-07 0 1.07115e-06 0 1.16238e-06 0 1.25537e-06 0 1.34959e-06 0 1.4445e-06 0 1.54465e-06 0 1.64484e-06 0 1.75012e-06 0 1.85472e-06 0 1.96422e-06 0 2.07226e-06 0 2.18495e-06 0 2.29536e-06 0 2.41012e-06 0 2.52935e-06 0 2.64527e-06 0 2.76533e-06 0 2.88961e-06 0 3.0095e-06 0 3.14223e-06 0
183.733 4.66745e-06 3.66017e-06 1.00728e-06 0.215809 -0.193853 5.59484e-10 0 3.12623e-09 0 1.51957e-08 0 3.60093e-08 0 6.47553e-08 0 1.00485e-07 0 1.43459e-07 0 1.92086e-07 0 2.4601e-07 0 3.05557e-07 0 3.69126e-07 0 4.38452e-07 0 5.11682e-07 0 5.89801e-07 0 6.69412e-07 0 7.54588e-07 0 8.41962e-07 0 9.33849e-07 0 1.02989e-06 0 1.12569e-06 0 1.22847e-06 0 1.32948e-06 0 1.43696e-06 0 1.5461e-06 0 1.65629e-06 0 1.76689e-06 0 1.88322e-06 0 1.99923e-06 0 2.12077e-06 0 2.24117e-06 0 2.36685e-06 0 2.49053e-06 0 2.61918e-06 0 2.74493e-06 0 2.87532e-06 0 3.01045e-06 0 3.14156e-06 0 3.27704e-06 0 3.41698e-06 0 3.55171e-06 0 3.70056e-06 0
193.164 4.37045e-06 3.54944e-06 8.21007e-07 0.187854 -0.193475 9.89427e-10 0 5.08317e-09 0 2.28721e-08 0 5.19645e-08 0 9.08081e-08 0 1.37922e-07 0 1.93513e-07 0 2.55442e-07 0 3.23223e-07 0 3.97234e-07 0 4.75469e-07 0 5.60043e-07 0 6.48672e-07 0 7.42538e-07 0 8.37574e-07 0 9.38645e-07 0 1.04175e-06 0 1.14961e-06 0 1.2618e-06 0 1.3732e-06 0 1.4922e-06 0 1.60868e-06 0 1.73216e-06 0 1.85707e-06 0 1.98275e-06 0 2.10849e-06 0 2.24034e-06 0 2.37142e-06 0 2.50836e-06 0 2.64364e-06 0 2.78446e-06 0 2.9227e-06 0 3.06613e-06 0 3.206e-06 0 3.3507e-06 0 3.50034e-06 0 3.64519e-06 0 3.79457e-06 0 3.94856e-06 0 4.09652e-06 0 4.25967e-06 0
203.079 4.1607e-06 3.49141e-06 6.69285e-07 0.160859 -0.189749 1.7026e-09 0 8.07538e-09 0 3.37633e-08 0 7.36962e-08 0 1.25322e-07 0 1.86499e-07 0 2.57379e-07 0 3.35173e-07 0 4.19266e-07 0 5.10109e-07 0 6.05241e-07 0 7.07225e-07 0 8.13295e-07 0 9.24863e-07 0 1.03712e-06 0 1.15583e-06 0 1.27628e-06 0 1.40168e-06 0 1.53149e-06 0 1.65984e-06 0 1.79638e-06 0 1.92952e-06 0 2.07014e-06 0 2.21191e-06 0 2.35407e-06 0 2.49587e-06 0 2.64411e-06 0 2.79107e-06 0 2.94417e-06 0 3.09502e-06 0 3.25165e-06 0 3.40503e-06 0 3.56381e-06 0 3.71829e-06 0 3.87776e-06 0 4.04232e-06 0 4.2013e-06 0 4.36492e-06 0 4.53326e-06 0 4.69471e-06 0 4.87241e-06 0
213.503 3.98571e-06 3.44109e-06 5.44622e-07 0.136644 -0.182362 2.82184e-09 0 1.24044e-08 0 4.83643e-08 0 1.01619e-07 0 1.68384e-07 0 2.45766e-07 0 3.33879e-07 0 4.29226e-07 0 5.31083e-07 0 6.4e-07 0 7.53045e-07 0 8.73274e-07 0 9.97425e-07 0 1.12716e-06 0 1.25693e-06 0 1.39341e-06 0 1.5312e-06 0 1.67397e-06 0 1.82113e-06 0 1.96602e-06 0 2.11957e-06 0 2.26874e-06 0 2.42575e-06 0 2.58351e-06 0 2.74123e-06 0 2.89808e-06 0 3.06159e-06 0 3.22324e-06 0 3.39122e-06 0 3.5563e-06 0 3.72731e-06 0 3.89437e-06 0 4.06694e-06 0 4.23447e-06 0 4.40706e-06 0 4.5848e-06 0 4.75618e-06 0 4.93223e-06 0 5.11302e-06 0 5.28611e-06 0 5.47629e-06 0
224.463 3.83999e-06 3.39764e-06 4.42352e-07 0.115196 -0.169943 4.51242e-09 0 1.84525e-08 0 6.73216e-08 0 1.36415e-07 0 2.20538e-07 0 3.16001e-07 0 4.22924e-07 0 5.37076e-07 0 6.57657e-07 0 7.85351e-07 0 9.16768e-07 0 1.05548e-06 0 1.19775e-06 0 1.34549e-06 0 1.49245e-06 0 1.64621e-06 0 1.8007e-06 0 1.96007e-06 0 2.12363e-06 0 2.28406e-06 0 2.45344e-06 0 2.61742e-06 0 2.78946e-06 0 2.96178e-06 0 3.13353e-06 0 3.30386e-06 0 3.48095e-06 0 3.65559e-06 0 3.8366e-06 0 4.01407e-06 0 4.19749e-06 0 4.37628e-06 0 4.56057e-06 0 4.73913e-06 0 4.92272e-06 0 5.11142e-06 0 5.29303e-06 0 5.47926e-06 0 5.67018e-06 0 5.85266e-06 0 6.05281e-06 0
235.984 3.69859e-06 3.33989e-06 3.58698e-07 0.0969826 -0.153816 6.93157e-09 0 2.64616e-08 0 9.06301e-08 0 1.77423e-07 0 2.80186e-07 0 3.94484e-07 0 5.20507e-07 0 6.53337e-07 0 7.92155e-07 0 9.37813e-07 0 1.08651e-06 0 1.24235e-06 0 1.40114e-06 0 1.56508e-06 0 1.72727e-06 0 1.89614e-06 0 2.06505e-06 0 2.23855e-06 0 2.4159e-06 0 2.58921e-06 0 2.77155e-06 0 2.9475e-06 0 3.13152e-06 0 3.31529e-06 0 3.49794e-06 0 3.6786e-06 0 3.86595e-06 0 4.05025e-06 0 4.24083e-06 0 4.42726e-06 0 4.61953e-06 0 4.80655e-06 0 4.99893e-06 0 5.18497e-06 0 5.3759e-06 0 5.57179e-06 0 5.75999e-06 0 5.95266e-06 0 6.14985e-06 0 6.33801e-06 0 6.54409e-06 0
248.097 3.53553e-06 3.24545e-06 2.90077e-07 0.0820462 -0.134059 1.01734e-08 0 3.63788e-08 0 1.17329e-07 0 2.22281e-07 0 3.43286e-07 0 4.75323e-07 0 6.18748e-07 0 7.68088e-07 0 9.22581e-07 0 1.08327e-06 0 1.24607e-06 0 1.41551e-06 0 1.58711e-06 0 1.76328e-06 0 1.93669e-06 0 2.11641e-06 0 2.29539e-06 0 2.47849e-06 0 2.66496e-06 0 2.84653e-06 0 3.03693e-06 0 3.22008e-06 0 3.41106e-06 0 3.60124e-06 0 3.78976e-06 0 3.97576e-06 0 4.16819e-06 0 4.35704e-06 0 4.55188e-06 0 4.74209e-06 0 4.93783e-06 0 5.12786e-06 0 5.32297e-06 0 5.5113e-06 0 5.70425e-06 0 5.90186e-06 0 6.0914e-06 0 6.28514e-06 0 6.4831e-06 0 6.67173e-06 0 6.87799e-06 0
260.832 3.3848e-06 3.15015e-06 2.34649e-07 0.0693245 -0.110503 1.444e-08 0 4.85212e-08 0 1.47796e-07 0 2.71406e-07 0 4.1036e-07 0 5.5925e-07 0 7.18699e-07 0 8.8281e-07 0 1.05095e-06 0 1.22439e-06 0 1.39882e-06 0 1.57921e-06 0 1.76082e-06 0 1.94628e-06 0 2.12796e-06 0 2.31542e-06 0 2.50133e-06 0 2.69081e-06 0 2.88308e-06 0 3.06968e-06 0 3.26472e-06 0 3.45179e-06 0 3.64631e-06 0 3.83949e-06 0 4.0305e-06 0 4.21851e-06 0 4.41257e-06 0 4.60261e-06 0 4.79826e-06 0 4.98886e-06 0 5.18464e-06 0 5.37434e-06 0 5.56876e-06 0 5.75611e-06 0 5.94772e-06 0 6.14365e-06 0 6.33128e-06 0 6.52278e-06 0 6.71816e-06 0 6.90406e-06 0 7.10707e-06 0
274.221 3.18569e-06 2.9966e-06 1.89088e-07 0.0593555 -0.0838358 1.94781e-08 0 6.16899e-08 0 1.77966e-07 0 3.1726e-07 0 4.70115e-07 0 6.31091e-07 0 8.0117e-07 0 9.74305e-07 0 1.15007e-06 0 1.32994e-06 0 1.5096e-06 0 1.69426e-06 0 1.87913e-06 0 2.06697e-06 0 2.25015e-06 0 2.43836e-06 0 2.62429e-06 0 2.81311e-06 0 3.00404e-06 0 3.18877e-06 0 3.38127e-06 0 3.56539e-06 0 3.75633e-06 0 3.94548e-06 0 4.13204e-06 0 4.31527e-06 0 4.50398e-06 0 4.68839e-06 0 4.87788e-06 0 5.06212e-06 0 5.251e-06 0 5.43371e-06 0 5.62064e-06 0 5.80047e-06 0 5.98411e-06 0 6.1716e-06 0 6.35088e-06 0 6.53359e-06 0 6.71975e-06 0 6.89663e-06 0 7.08953e-06 0
288.297 2.95597e-06 2.80387e-06 1.52104e-07 0.0514564 -0.0563221 2.50981e-08 0 7.51399e-08 0 2.05846e-07 0 3.56759e-07 0 5.18609e-07 0 6.86275e-07 0 8.61165e-07 0 1.03734e-06 0 1.21465e-06 0 1.39473e-06 0 1.57343e-06 0 1.75603e-06 0 1.93788e-06 0 2.12177e-06 0 2.30032e-06 0 2.48305e-06 0 2.6629e-06 0 2.84491e-06 0 3.02837e-06 0 3.20533e-06 0 3.38923e-06 0 3.56464e-06 0 3.7461e-06 0 3.92541e-06 0 4.10188e-06 0 4.27483e-06 0 4.45258e-06 0 4.62594e-06 0 4.80373e-06 0 4.97628e-06 0 5.15288e-06 0 5.32341e-06 0 5.49761e-06 0 5.66493e-06 0 5.83555e-06 0 6.00948e-06 0 6.17556e-06 0 6.3446e-06 0 6.51659e-06 0 6.67981e-06 0 6.85758e-06 0
303.095 2.70727e-06 2.58502e-06 1.22242e-07 0.0451533 -0.0288452 3.09903e-08 0 8.79452e-08 0 2.29368e-07 0 3.87013e-07 0 5.52431e-07 0 7.21134e-07 0 8.94973e-07 0 1.06836e-06 0 1.24142e-06 0 1.41595e-06 0 1.58806e-06 0 1.76295e-06 0 1.93626e-06 0 2.11072e-06 0 2.27941e-06 0 2.45141e-06 0 2.62011e-06 0 2.79028e-06 0 2.96128e-06 0 3.12576e-06 0 3.29622e-06 0 3.45841e-06 0 3.62579e-06 0 3.79082e-06 0 3.95288e-06 0 4.11138e-06 0 4.27397e-06 0 4.43225e-06 0 4.59428e-06 0 4.75127e-06 0 4.91168e-06 0 5.06632e-06 0 5.22406e-06 0 5.37534e-06 0 5.52939e-06 0 5.68621e-06 0 5.83577e-06 0 5.98778e-06 0 6.14227e-06 0 6.28869e-06 0 6.44798e-06 0
318.653 2.43549e-06 2.33737e-06 9.81254e-08 0.0402897 -0.00486184 3.65483e-08 0 9.85709e-08 0 2.45341e-07 0 4.0355e-07 0 5.66149e-07 0 7.2953e-07 0 8.95949e-07 0 1.06038e-06 0 1.22321e-06 0 1.38633e-06 0 1.54623e-06 0 1.70787e-06 0 1.8673e-06 0 2.02709e-06 0 2.181e-06 0 2.33737e-06 0 2.49024e-06 0 2.64396e-06 0 2.79799e-06 0 2.94574e-06 0 3.09848e-06 0 3.24346e-06 0 3.39275e-06 0 3.53962e-06 0 3.68356e-06 0 3.82407e-06 0 3.96794e-06 0 4.10775e-06 0 4.25063e-06 0 4.38884e-06 0 4.52984e-06 0 4.66558e-06 0 4.80382e-06 0 4.93623e-06 0 5.07088e-06 0 5.20778e-06 0 5.33817e-06 0 5.47054e-06 0 5.60491e-06 0 5.73212e-06 0 5.87036e-06 0
335.009 2.18373e-06 2.10478e-06 7.89517e-08 0.0361545 0.0150641 4.18592e-08 0 1.0756e-07 0 2.5608e-07 0 4.11137e-07 0 5.67383e-07 0 7.22181e-07 0 8.78136e-07 0 1.03086e-06 0 1.18097e-06 0 1.33039e-06 0 1.47605e-06 0 1.62257e-06 0 1.76643e-06 0 1.91003e-06 0 2.04785e-06 0 2.18739e-06 0 2.32338e-06 0 2.45975e-06 0 2.596e-06 0 2.72637e-06 0 2.86083e-06 0 2.98816e-06 0 3.119e-06 0 3.24746e-06 0 3.37311e-06 0 3.49555e-06 0 3.6207e-06 0 3.74212e-06 0 3.86602e-06 0 3.98567e-06 0 4.10756e-06 0 4.22474e-06 0 4.34392e-06 0 4.45792e-06 0 4.57371e-06 0 4.69128e-06 0 4.80313e-06 0 4.91656e-06 0 5.03157e-06 0 5.14034e-06 0 5.25841e-06 0
352.205 1.9375e-06 1.87397e-06 6.35327e-08 0.032791 0.0349234 4.62797e-08 0 1.13571e-07 0 2.59207e-07 0 4.06693e-07 0 5.5255e-07 0 6.95134e-07 0 8.37298e-07 0 9.75341e-07 0 1.11008e-06 0 1.24337e-06 0 1.37264e-06 0 1.50205e-06 0 1.62858e-06 0 1.75441e-06 0 1.87474e-06 0 1.9962e-06 0 2.11421e-06 0 2.23222e-06 0 2.34984e-06 0 2.4621e-06 0 2.57763e-06 0 2.6868e-06 0 2.79876e-06 0 2.90846e-06 0 3.01558e-06 0 3.11978e-06 0 3.22612e-06 0 3.32912e-06 0 3.43407e-06 0 3.53528e-06 0 3.63824e-06 0 3.73708e-06 0 3.83749e-06 0 3.93342e-06 0 4.03073e-06 0 4.12944e-06 0 4.22324e-06 0 4.31826e-06 0 4.4145e-06 0 4.50542e-06 0 4.60403e-06 0
370.284 1.70549e-06 1.6543e-06 5.11885e-08 0.030014 0.0519817 4.95904e-08 0 1.16486e-07 0 2.55401e-07 0 3.92061e-07 0 5.24828e-07 0 6.5298e-07 0 7.79502e-07 0 9.01375e-07 0 1.01954e-06 0 1.13578e-06 0 1.24794e-06 0 1.35973e-06 0 1.46859e-06 0 1.57646e-06 0 1.67928e-06 0 1.78275e-06 0 1.88301e-06 0 1.98301e-06 0 2.08243e-06 0 2.17712e-06 0 2.27435e-06 0 2.36605e-06 0 2.45991e-06 0 2.55172e-06 0 2.64121e-06 0 2.72812e-06 0 2.81668e-06 0 2.90234e-06 0 2.98949e-06 0 3.07343e-06 0 3.1587e-06 0 3.24047e-06 0 3.32342e-06 0 3.40259e-06 0 3.48282e-06 0 3.5641e-06 0 3.64126e-06 0 3.71935e-06 0 3.79836e-06 0 3.87294e-06 0 3.95375e-06 0
389.291 1.45852e-06 1.41736e-06 4.11554e-08 0.0282173 0.0684851 5.04683e-08 0 1.1372e-07 0 2.40008e-07 0 3.60867e-07 0 4.76318e-07 0 5.86427e-07 0 6.94126e-07 0 7.97086e-07 0 8.96288e-07 0 9.93345e-07 0 1.08656e-06 0 1.17908e-06 0 1.26884e-06 0 1.35747e-06 0 1.4417e-06 0 1.52622e-06 0 1.6079e-06 0 1.68918e-06 0 1.76979e-06 0 1.84641e-06 0 1.92493e-06 0 1.99884e-06 0 2.07436e-06 0 2.14811e-06 0 2.21988e-06 0 2.28948e-06 0 2.3603e-06 0 2.4287e-06 0 2.4982e-06 0 2.56505e-06 0 2.63289e-06 0 2.69785e-06 0 2.7637e-06 0 2.82646e-06 0 2.89e-06 0 2.95432e-06 0 3.01531e-06 0 3.07697e-06 0 3.13931e-06 0 3.19811e-06 0 3.26175e-06 0
409.273 1.24153e-06 1.20837e-06 3.3154e-08 0.0267042 0.0729646 5.00675e-08 0 1.08445e-07 0 2.20737e-07 0 3.25421e-07 0 4.23837e-07 0 5.16637e-07 0 6.06612e-07 0 6.92014e-07 0 7.73812e-07 0 8.53436e-07 0 9.29568e-07 0 1.00484e-06 0 1.0776e-06 0 1.14922e-06 0 1.21709e-06 0 1.28501e-06 0 1.35049e-06 0 1.41549e-06 0 1.47983e-06 0 1.54086e-06 0 1.60328e-06 0 1.66193e-06 0 1.72177e-06 0 1.78011e-06 0 1.83679e-06 0 1.89169e-06 0 1.94747e-06 0 2.00128e-06 0 2.05589e-06 0 2.10835e-06 0 2.16152e-06 0 2.2124e-06 0 2.2639e-06 0 2.31294e-06 0 2.36255e-06 0 2.41271e-06 0 2.46023e-06 0 2.50824e-06 0 2.55673e-06 0 2.60243e-06 0 2.65185e-06 0
430.281 1.06533e-06 1.03853e-06 2.67991e-08 0.0251556 0.0757899 4.91017e-08 0 1.02435e-07 0 2.01458e-07 0 2.91505e-07 0 3.74889e-07 0 4.52676e-07 0 5.2747e-07 0 5.97987e-07 0 6.65152e-07 0 7.30218e-07 0 7.92173e-07 0 8.53198e-07 0 9.11997e-07 0 9.69698e-07 0 1.02422e-06 0 1.07866e-06 0 1.13102e-06 0 1.18288e-06 0 1.23412e-06 0 1.28262e-06 0 1.33215e-06 0 1.37861e-06 0 1.42593e-06 0 1.472e-06 0 1.5167e-06 0 1.55994e-06 0 1.60382e-06 0 1.64609e-06 0 1.68894e-06 0 1.73007e-06 0 1.7717e-06 0 1.8115e-06 0 1.85174e-06 0 1.89003e-06 0 1.92873e-06 0 1.96782e-06 0 2.00482e-06 0 2.04218e-06 0 2.07988e-06 0 2.11537e-06 0 2.15374e-06 0
452.368 9.19026e-07 8.97314e-07 2.17119e-08 0.0236249 0.0766744 4.75196e-08 0 9.56617e-08 0 1.821e-07 0 2.58871e-07 0 3.28953e-07 0 3.93672e-07 0 4.55416e-07 0 5.13261e-07 0 5.68067e-07 0 6.20922e-07 0 6.71053e-07 0 7.20261e-07 0 7.67525e-07 0 8.13777e-07 0 8.57372e-07 0 9.00792e-07 0 9.42465e-07 0 9.83665e-07 0 1.02428e-06 0 1.06267e-06 0 1.10181e-06 0 1.13847e-06 0 1.17575e-06 0 1.21199e-06 0 1.24711e-06 0 1.28104e-06 0 1.31543e-06 0 1.34853e-06 0 1.38204e-06 0 1.41417e-06 0 1.44667e-06 0 1.4777e-06 0 1.50905e-06 0 1.53886e-06 0 1.56895e-06 0 1.59932e-06 0 1.62805e-06 0 1.65704e-06 0 1.68626e-06 0 1.71376e-06 0 1.74347e-06 0
475.588 7.94122e-07 7.76504e-07 1.76182e-08 0.0221857 0.0772627 4.52539e-08 0 8.80688e-08 0 1.6254e-07 0 2.27222e-07 0 2.85478e-07 0 3.38764e-07 0 3.89228e-07 0 4.36224e-07 0 4.80532e-07 0 5.23083e-07 0 5.63292e-07 0 6.02633e-07 0 6.4031e-07 0 6.77082e-07 0 7.11659e-07 0 7.46022e-07 0 7.78937e-07 0 8.11416e-07 0 8.43382e-07 0 8.73544e-07 0 9.04243e-07 0 9.32959e-07 0 9.62124e-07 0 9.90439e-07 0 1.01785e-06 0 1.04429e-06 0 1.07107e-06 0 1.09681e-06 0 1.12285e-06 0 1.14779e-06 0 1.17299e-06 0 1.19703e-06 0 1.2213e-06 0 1.24436e-06 0 1.26762e-06 0 1.29108e-06 0 1.31325e-06 0 1.3356e-06 0 1.35813e-06 0 1.37931e-06 0 1.40217e-06 0
500 6.83579e-07 6.6927e-07 1.43086e-08 0.0209319 0.0773114 4.22104e-08 0 7.95493e-08 0 1.42575e-07 0 1.96172e-07 0 2.43834e-07 0 2.87041e-07 0 3.27678e-07 0 3.65311e-07 0 4.00627e-07 0 4.34409e-07 0 4.66223e-07 0 4.97255e-07 0 5.26892e-07 0 5.55747e-07 0 5.82819e-07 0 6.09669e-07 0 6.35338e-07 0 6.60623e-07 0 6.85469e-07 0 7.08876e-07 0 7.32666e-07 0 7.5489e-07 0 7.77432e-07 0 7.99292e-07 0 8.20426e-07 0 8.40797e-07 0 8.61401e-07 0 8.81192e-07 0 9.01191e-07 0 9.20328e-07 0 9.39651e-07 0 9.58068e-07 0 9.76648e-07 0 9.94283e-07 0 1.01206e-06 0 1.02998e-06 0 1.04691e-06 0 1.06395e-06 0 1.08112e-06 0 1.09726e-06 0 1.11467e-06 0
525.665 5.8572e-07 5.74091e-07 1.16287e-08 0.0198536 0.0762663 3.85651e-08 0 7.04989e-08 0 1.22894e-07 0 1.66571e-07 0 2.04949e-07 0 2.39449e-07 0 2.71686e-07 0 3.01384e-07 0 3.29134e-07 0 3.5558e-07 0 3.80405e-07 0 4.04552e-07 0 4.27554e-07 0 4.49898e-07 0 4.70817e-07 0 4.91525e-07 0 5.11288e-07 0 5.30725e-07 0 5.49793e-07 0 5.67732e-07 0 5.85941e-07 0 6.02929e-07 0 6.20142e-07 0 6.36813e-07 0 6.52915e-07 0 6.68419e-07 0 6.84087e-07 0 6.99122e-07 0 7.14303e-07 0 7.28817e-07 0 7.4346e-07 0 7.57406e-07 0 7.71466e-07 0 7.848e-07 0 7.98234e-07 0 8.11765e-07 0 8.24538e-07 0 8.37397e-07 0 8.5034e-07 0 8.62495e-07 0 8.75599e-07 0
552.648 5.01519e-07 4.9206e-07 9.45897e-09 0.0188606 0.0741989 3.46794e-08 0 6.15915e-08 0 1.04581e-07 0 1.3975e-07 0 1.70307e-07 0 1.9756e-07 0 2.22872e-07 0 2.46076e-07 0 2.6767e-07 0 2.88179e-07 0 3.07373e-07 0 3.25992e-07 0 3.43688e-07 0 3.60839e-07 0 3.76867e-07 0 3.92704e-07 0 4.07794e-07 0 4.22612e-07 0 4.37129e-07 0 4.50769e-07 0 4.64596e-07 0 4.77481e-07 0 4.90523e-07 0 5.03141e-07 0 5.15316e-07 0 5.27029e-07 0 5.38855e-07 0 5.50193e-07 0 5.61632e-07 0 5.72561e-07 0 5.83579e-07 0 5.94065e-07 0 6.04628e-07 0 6.14641e-07 0 6.24721e-07 0 6.34869e-07 0 6.44443e-07 0 6.54075e-07 0 6.63765e-07 0 6.7286e-07 0 6.82661e-07 0
581.015 4.29442e-07 4.21741e-07 7.70008e-09 0.0179305 0.0711504 3.07416e-08 0 5.31247e-08 0 8.79888e-08 0 1.16011e-07 0 1.40103e-07 0 1.61432e-07 0 1.8113e-07 0 1.99105e-07 0 2.15769e-07 0 2.31546e-07 0 2.46269e-07 0 2.60517e-07 0 2.74028e-07 0 2.87097e-07 0 2.99287e-07 0 3.11314e-07 0 3.22756e-07 0 3.33975e-07 0 3.44952e-07 0 3.55253e-07 0 3.65684e-07 0 3.75394e-07 0 3.85212e-07 0 3.94702e-07 0 4.0385e-07 0 4.12643e-07 0 4.21515e-07 0 4.30014e-07 0 4.38582e-07 0 4.46761e-07 0 4.55002e-07 0 4.6284e-07 0 4.70731e-07 0 4.78206e-07 0 4.85727e-07 0 4.93294e-07 0 5.00429e-07 0 5.07604e-07 0 5.14819e-07 0 5.21587e-07 0 5.28877e-07 0
610.839 3.68853e-07 3.6258e-07 6.27352e-09 0.0170082 0.0675649 2.69662e-08 0 4.54093e-08 0 7.34628e-08 0 9.56393e-08 0 1.14519e-07 0 1.31118e-07 0 1.46366e-07 0 1.60221e-07 0 1.73022e-07 0 1.85104e-07 0 1.9635e-07 0 2.07209e-07 0 2.17484e-07 0 2.27405e-07 0 2.36643e-07 0 2.45744e-07 0 2.5439e-07 0 2.62856e-07 0 2.7113e-07 0 2.78885e-07 0 2.8673e-07 0 2.94026e-07 0 3.01395e-07 0 3.08512e-07 0 3.15367e-07 0 3.21951e-07 0 3.28589e-07 0 3.34943e-07 0 3.41344e-07 0 3.47452e-07 0 3.536e-07 0 3.59445e-07 0 3.65326e-07 0 3.70894e-07 0 3.76493e-07 0 3.82124e-07 0 3.87431e-07 0 3.92764e-07 0 3.98125e-07 0 4.03151e-07 0 4.08563e-07 0
642.193 3.17798e-07 3.12683e-07 5.11485e-09 0.0160947 0.063671 2.3425e-08 0 3.84916e-08 0 6.09041e-08 0 7.83474e-08 0 9.30612e-08 0 1.05914e-07 0 1.17664e-07 0 1.28298e-07 0 1.3809e-07 0 1.47307e-07 0 1.55865e-07 0 1.64111e-07 0 1.71899e-07 0 1.79406e-07 0 1.86386e-07 0 1.93251e-07 0 1.99765e-07 0 2.06137e-07 0 2.12356e-07 0 2.1818e-07 0 2.24065e-07 0 2.29532e-07 0 2.35051e-07 0 2.40376e-07 0 2.45501e-07 0 2.5042e-07 0 2.55375e-07 0 2.60116e-07 0 2.64889e-07 0 2.69439e-07 0 2.74019e-07 0 2.78369e-07 0 2.82744e-07 0 2.86884e-07 0 2.91045e-07 0 2.95227e-07 0 2.99167e-07 0 3.03125e-07 0 3.07102e-07 0 3.10829e-07 0 3.1484e-07 0
675.157 2.74931e-07 2.70758e-07 4.17289e-09 0.0151779 0.0596777 2.01854e-08 0 3.24092e-08 0 5.02166e-08 0 6.38752e-08 0 7.52979e-08 0 8.52165e-08 0 9.42417e-08 0 1.0238e-07 0 1.09852e-07 0 1.16866e-07 0 1.23365e-07 0 1.29614e-07 0 1.35506e-07 0 1.41176e-07 0 1.4644e-07 0 1.51612e-07 0 1.56512e-07 0 1.61301e-07 0 1.6597e-07 0 1.70337e-07 0 1.74747e-07 0 1.78841e-07 0 1.82969e-07 0 1.86949e-07 0 1.90778e-07 0 1.9445e-07 0 1.98146e-07 0 2.01681e-07 0 2.05237e-07 0 2.08626e-07 0 2.12035e-07 0 2.15271e-07 0 2.18524e-07 0 2.21601e-07 0 2.24692e-07 0 2.27797e-07 0 2.30722e-07 0 2.33658e-07 0 2.36607e-07 0 2.39371e-07 0 2.42343e-07 0
709.813 2.38786e-07 2.35379e-07 3.40679e-09 0.0142671 0.055816 1.72628e-08 0 2.71171e-08 0 4.11944e-08 0 5.18458e-08 0 6.06826e-08 0 6.83131e-08 0 7.52268e-08 0 8.144e-08 0 8.71281e-08 0 9.24552e-08 0 9.73809e-08 0 1.02108e-07 0 1.06559e-07 0 1.10835e-07 0 1.148e-07 0 1.1869e-07 0 1.22373e-07 0 1.25967e-07 0 1.29469e-07 0 1.32741e-07 0 1.36043e-07 0 1.39105e-07 0 1.42191e-07 0 1.45165e-07 0 1.48023e-07 0 1.50762e-07 0 1.53519e-07 0 1.56153e-07 0 1.58801e-07 0 1.61324e-07 0 1.6386e-07 0 1.66267e-07 0 1.68685e-07 0 1.70971e-07 0 1.73267e-07 0 1.75573e-07 0 1.77743e-07 0 1.79922e-07 0 1.82109e-07 0 1.84157e-07 0 1.8636e-07 0
746.248 2.08144e-07 2.05361e-07 2.78274e-09 0.0133693 0.0523164 1.46566e-08 0 2.25527e-08 0 3.36282e-08 0 4.19024e-08 0 4.87161e-08 0 5.45693e-08 0 5.98519e-08 0 6.45841e-08 0 6.89052e-08 0 7.29432e-08 0 7.66698e-08 0 8.02404e-08 0 8.35965e-08 0 8.6817e-08 0 8.97995e-08 0 9.27227e-08 0 9.54869e-08 0 9.81824e-08 0 1.00806e-07 0 1.03256e-07 0 1.05725e-07 0 1.08015e-07 0 1.1032e-07 0 1.1254e-07 0 1.14672e-07 0 1.16715e-07 0 1.18769e-07 0 1.20731e-07 0 1.22703e-07 0 1.2458e-07 0 1.26466e-07 0 1.28256e-07 0 1.30053e-07 0 1.31751e-07 0 1.33456e-07 0 1.35168e-07 0 1.36778e-07 0 1.38394e-07 0 1.40016e-07 0 1.41535e-07 0 1.43167e-07 0
784.553 1.81635e-07 1.79361e-07 2.2737e-09 0.0125179 0.0490108 1.233e-08 0 1.86067e-08 0 2.72618e-08 0 3.36517e-08 0 3.88775e-08 0 4.33452e-08 0 4.73627e-08 0 5.09511e-08 0 5.42199e-08 0 5.72683e-08 0 6.00766e-08 0 6.27633e-08 0 6.52851e-08 0 6.77019e-08 0 6.99376e-08 0 7.21267e-08 0 7.41947e-08 0 7.62096e-08 0 7.8169e-08 0 7.99974e-08 0 8.18393e-08 0 8.35454e-08 0 8.52625e-08 0 8.6915e-08 0 8.85014e-08 0 9.00203e-08 0 9.15471e-08 0 9.30045e-08 0 9.44689e-08 0 9.58623e-08 0 9.72617e-08 0 9.85888e-08 0 9.9921e-08 0 1.0118e-07 0 1.02443e-07 0 1.0371e-07 0 1.04902e-07 0 1.06098e-07 0 1.07298e-07 0 1.08421e-07 0 1.09628e-07 0
824.824 1.58693e-07 1.56835e-07 1.85831e-09 0.0117101 0.046026 1.02847e-08 0 1.52379e-08 0 2.19603e-08 0 2.68691e-08 0 3.08579e-08 0 3.42531e-08 0 3.72958e-08 0 4.00062e-08 0 4.24698e-08 0 4.4763e-08 0 4.68721e-08 0 4.8887e-08 0 5.07758e-08 0 5.25839e-08 0 5.42549e-08 0 5.58894e-08 0 5.74322e-08 0 5.89341e-08 0 6.03936e-08 0 6.17547e-08 0 6.31248e-08 0 6.43931e-08 0 6.56689e-08 0 6.68961e-08 0 6.80735e-08 0 6.92004e-08 0 7.03325e-08 0 7.14128e-08 0 7.24977e-08 0 7.35297e-08 0 7.45657e-08 0 7.55478e-08 0 7.65334e-08 0 7.74642e-08 0 7.83979e-08 0 7.93347e-08 0 8.02156e-08 0 8.10991e-08 0 8.1985e-08 0 8.28142e-08 0 8.37051e-08 0
867.163 1.38477e-07 1.36958e-07 1.51901e-09 0.0109695 0.0431672 8.48957e-09 0 1.23626e-08 0 1.7542e-08 0 2.12856e-08 0 2.43097e-08 0 2.68732e-08 0 2.91634e-08 0 3.11985e-08 0 3.30445e-08 0 3.47598e-08 0 3.63351e-08 0 3.78381e-08 0 3.92453e-08 0 4.0591e-08 0 4.18334e-08 0 4.30477e-08 0 4.41929e-08 0 4.5307e-08 0 4.63889e-08 0 4.73972e-08 0 4.84115e-08 0 4.93501e-08 0 5.02936e-08 0 5.12007e-08 0 5.20706e-08 0 5.29029e-08 0 5.37386e-08 0 5.45358e-08 0 5.53361e-08 0 5.6097e-08 0 5.68607e-08 0 5.75844e-08 0 5.83104e-08 0 5.89958e-08 0 5.96832e-08 0 6.03727e-08 0 6.10208e-08 0 6.16707e-08 0 6.23222e-08 0 6.29319e-08 0 6.35866e-08 0
911.674 1.20799e-07 1.19558e-07 1.24186e-09 0.0102803 0.0404795 6.94535e-09 0 9.95065e-09 0 1.39148e-08 0 1.67531e-08 0 1.90335e-08 0 2.09592e-08 0 2.26747e-08 0 2.41956e-08 0 2.55726e-08 0 2.68501e-08 0 2.80217e-08 0 2.91382e-08 0 3.01824e-08 0 3.118e-08 0 3.21003e-08 0 3.2999e-08 0 3.3846e-08 0 3.46694e-08 0 3.54684e-08 0 3.62127e-08 0 3.69611e-08 0 3.76532e-08 0 3.83486e-08 0 3.90168e-08 0 3.96575e-08 0 4.02701e-08 0 4.0885e-08 0 4.14714e-08 0 4.20598e-08 0 4.26192e-08 0 4.31803e-08 0 4.37119e-08 0 4.42451e-08 0 4.47483e-08 0 4.52529e-08 0 4.57588e-08 0 4.62343e-08 0 4.67109e-08 0 4.71886e-08 0 4.76355e-08 0 4.81154e-08 0
958.471 1.05389e-07 1.04373e-07 1.0154e-09 0.00963476 0.0378081 5.63648e-09 0 7.95274e-09 0 1.09694e-08 0 1.31106e-08 0 1.48221e-08 0 1.62625e-08 0 1.75423e-08 0 1.86745e-08 0 1.96978e-08 0 2.06458e-08 0 2.15142e-08 0 2.23407e-08 0 2.3113e-08 0 2.38502e-08 0 2.45296e-08 0 2.51927e-08 0 2.58172e-08 0 2.6424e-08 0 2.70124e-08 0 2.75603e-08 0 2.81108e-08 0 2.86197e-08 0 2.91309e-08 0 2.96219e-08 0 3.00924e-08 0 3.05421e-08 0 3.09935e-08 0 3.14237e-08 0 3.18552e-08 0 3.22653e-08 0 3.26767e-08 0 3.30662e-08 0 3.34568e-08 0 3.38254e-08 0 3.41948e-08 0 3.45652e-08 0 3.49132e-08 0 3.52619e-08 0 3.56114e-08 0 3.59383e-08 0 3.62892e-08 0
1007.67 9.20661e-08 9.12358e-08 8.30344e-10 0.009019 0.0352532 4.54544e-09 0 6.3217e-09 0 8.60804e-09 0 1.02178e-08 0 1.14986e-08 0 1.2573e-08 0 1.35253e-08 0 1.43662e-08 0 1.51251e-08 0 1.58271e-08 0 1.64694e-08 0 1.70802e-08 0 1.76503e-08 0 1.81941e-08 0 1.8695e-08 0 1.91835e-08 0 1.96432e-08 0 2.00896e-08 0 2.05224e-08 0 2.09251e-08 0 2.13296e-08 0 2.17033e-08 0 2.20786e-08 0 2.24389e-08 0 2.2784e-08 0 2.31138e-08 0 2.34447e-08 0 2.37599e-08 0 2.40761e-08 0 2.43765e-08 0 2.46777e-08 0 2.49629e-08 0 2.52487e-08 0 2.55184e-08 0 2.57887e-08 0 2.60596e-08 0 2.6314e-08 0 2.6569e-08 0 2.68245e-08 0 2.70633e-08 0 2.73198e-08 0
1059.39 8.06069e-08 7.99278e-08 6.79121e-10 0.0084251 0.0327885 3.64745e-09 0 5.00465e-09 0 6.73271e-09 0 7.94036e-09 0 8.89716e-09 0 9.69743e-09 0 1.04052e-08 0 1.1029e-08 0 1.15912e-08 0 1.21106e-08 0 1.25853e-08 0 1.30363e-08 0 1.3457e-08 0 1.38579e-08 0 1.4227e-08 0 1.45866e-08 0 1.4925e-08 0 1.52533e-08 0 1.55715e-08 0 1.58674e-08 0 1.61646e-08 0 1.6439e-08 0 1.67144e-08 0 1.69788e-08 0 1.72319e-08 0 1.74738e-08 0 1.77163e-08 0 1.79474e-08 0 1.8179e-08 0 1.83991e-08 0 1.86196e-08 0 1.88284e-08 0 1.90377e-08 0 1.9235e-08 0 1.94328e-08 0 1.96309e-08 0 1.9817e-08 0 2.00035e-08 0 2.01903e-08 0 2.03649e-08 0 2.05523e-08 0
1113.77 7.0739e-08 7.01834e-08 5.55529e-10 0.00785323 0.0304634 2.91396e-09 0 3.94776e-09 0 5.25094e-09 0 6.15544e-09 0 6.86925e-09 0 7.46469e-09 0 7.99022e-09 0 8.45269e-09 0 8.86887e-09 0 9.253e-09 0 9.60373e-09 0 9.93666e-09 0 1.0247e-08 0 1.05425e-08 0 1.08143e-08 0 1.10791e-08 0 1.13281e-08 0 1.15697e-08 0 1.18036e-08 0 1.2021e-08 0 1.22393e-08 0 1.24409e-08 0 1.26431e-08 0 1.28371e-08 0 1.30228e-08 0 1.32002e-08 0 1.33781e-08 0 1.35475e-08 0 1.37173e-08 0 1.38785e-08 0 1.40401e-08 0 1.4193e-08 0 1.43462e-08 0 1.44907e-08 0 1.46355e-08 0 1.47805e-08 0 1.49167e-08 0 1.50531e-08 0 1.51897e-08 0 1.53174e-08 0 1.54545e-08 0
1170.94 6.21889e-08 6.17344e-08 4.54466e-10 0.00730783 0.0282685 2.31732e-09 0 3.10223e-09 0 4.08257e-09 0 4.75873e-09 0 5.29042e-09 0 5.73285e-09 0 6.12261e-09 0 6.46509e-09 0 6.77292e-09 0 7.05675e-09 0 7.31568e-09 0 7.56127e-09 0 7.79001e-09 0 8.00773e-09 0 8.20789e-09 0 8.40277e-09 0 8.58592e-09 0 8.76351e-09 0 8.93543e-09 0 9.09521e-09 0 9.25553e-09 0 9.4035e-09 0 9.55191e-09 0 9.69428e-09 0 9.83054e-09 0 9.96064e-09 0 1.0091e-08 0 1.02152e-08 0 1.03397e-08 0 1.04578e-08 0 1.05762e-08 0 1.06882e-08 0 1.08004e-08 0 1.09062e-08 0 1.10121e-08 0 1.11183e-08 0 1.1218e-08 0 1.13178e-08 0 1.14177e-08 0 1.15111e-08 0 1.16114e-08 0
1231.05 5.47645e-08 5.43927e-08 3.71818e-10 0.0067894 0.02622 1.83497e-09 0 2.42916e-09 0 3.16502e-09 0 3.66963e-09 0 4.06512e-09 0 4.39348e-09 0 4.68225e-09 0 4.93565e-09 0 5.16315e-09 0 5.37273e-09 0 5.56376e-09 0 5.74483e-09 0 5.91337e-09 0 6.07369e-09 0 6.22101e-09 0 6.36438e-09 0 6.49906e-09 0 6.6296e-09 0 6.75594e-09 0 6.8733e-09 0 6.99103e-09 0 7.09966e-09 0 7.20858e-09 0 7.31304e-09 0 7.41299e-09 0 7.50839e-09 0 7.60401e-09 0 7.69503e-09 0 7.78623e-09 0 7.8728e-09 0 7.95952e-09 0 8.04157e-09 0 8.12375e-09 0 8.20122e-09 0 8.2788e-09 0 8.3565e-09 0 8.42945e-09 0 8.50249e-09 0 8.57564e-09 0 8.64399e-09 0 8.71731e-09 0
1294.24 4.83035e-08 4.79992e-08 3.04241e-10 0.00629854 0.0243306 1.44721e-09 0 1.89582e-09 0 2.44708e-09 0 2.8231e-09 0 3.11693e-09 0 3.36037e-09 0 3.57413e-09 0 3.76147e-09 0 3.92951e-09 0 4.08416e-09 0 4.22503e-09 0 4.35847e-09 0 4.4826e-09 0 4.60062e-09 0 4.70901e-09 0 4.81446e-09 0 4.91347e-09 0 5.00941e-09 0 5.10223e-09 0 5.18843e-09 0 5.27487e-09 0 5.35461e-09 0 5.43455e-09 0 5.51119e-09 0 5.58451e-09 0 5.65448e-09 0 5.72458e-09 0 5.79131e-09 0 5.85816e-09 0 5.9216e-09 0 5.98514e-09 0 6.04524e-09 0 6.10544e-09 0 6.16218e-09 0 6.21899e-09 0 6.27588e-09 0 6.32928e-09 0 6.38275e-09 0 6.43628e-09 0 6.4863e-09 0 6.53996e-09 0
1360.67 4.26615e-08 4.24125e-08 2.4899e-10 0.00583641 0.0225825 1.13691e-09 0 1.47474e-09 0 1.8869e-09 0 2.16669e-09 0 2.3847e-09 0 2.565e-09 0 2.72308e-09 0 2.86148e-09 0 2.9855e-09 0 3.09955e-09 0 3.20337e-09 0 3.30165e-09 0 3.39302e-09 0 3.47987e-09 0 3.55959e-09 0 3.63712e-09 0 3.70989e-09 0 3.78038e-09 0 3.84855e-09 0 3.91185e-09 0 3.97531e-09 0 4.03383e-09 0 4.09248e-09 0 4.1487e-09 0 4.20248e-09 0 4.25379e-09 0 4.30519e-09 0 4.3541e-09 0 4.4031e-09 0 4.44958e-09 0 4.49614e-09 0 4.54017e-09 0 4.58427e-09 0 4.62582e-09 0 4.66742e-09 0 4.70908e-09 0 4.74817e-09 0 4.78731e-09 0 4.8265e-09 0 4.86311e-09 0 4.90237e-09 0
1430.51 3.7703e-08 3.74992e-08 2.03784e-10 0.00540499 0.0209676 8.89321e-10 0 1.14297e-09 0 1.45041e-09 0 1.65818e-09 0 1.81967e-09 0 1.95299e-09 0 2.06974e-09 0 2.17185e-09 0 2.26326e-09 0 2.34727e-09 0 2.4237e-09 0 2.49601e-09 0 2.56321e-09 0 2.62704e-09 0 2.68563e-09 0 2.74257e-09 0 2.79601e-09 0 2.84776e-09 0 2.89779e-09 0 2.94423e-09 0 2.99078e-09 0 3.0337e-09 0 3.07671e-09 0 3.11792e-09 0 3.15734e-09 0 3.19494e-09 0 3.2326e-09 0 3.26843e-09 0 3.30432e-09 0 3.33837e-09 0 3.37246e-09 0 3.4047e-09 0 3.43698e-09 0 3.46739e-09 0 3.49784e-09 0 3.52832e-09 0 3.55693e-09 0 3.58557e-09 0 3.61424e-09 0 3.64102e-09 0 3.66974e-09 0
1503.94 3.32846e-08 3.31178e-08 1.6679e-10 0.00501104 0.0195051 6.91677e-10 0 8.81289e-10 0 1.10973e-09 0 1.26349e-09 0 1.38272e-09 0 1.48101e-09 0 1.56697e-09 0 1.64208e-09 0 1.70927e-09 0 1.77098e-09 0 1.82709e-09 0 1.88016e-09 0 1.92945e-09 0 1.97625e-09 0 2.01919e-09 0 2.06092e-09 0 2.10006e-09 0 2.13796e-09 0 2.17459e-09 0 2.20858e-09 0 2.24265e-09 0 2.27405e-09 0 2.30551e-09 0 2.33565e-09 0 2.36447e-09 0 2.39196e-09 0 2.4195e-09 0 2.44569e-09 0 2.47192e-09 0 2.49679e-09 0 2.5217e-09 0 2.54525e-09 0 2.56883e-09 0 2.59105e-09 0 2.61329e-09 0 2.63555e-09 0 2.65644e-09 0 2.67734e-09 0 2.69827e-09 0 2.71782e-09 0 2.73878e-09 0
1581.14 2.92286e-08 2.90921e-08 1.36495e-10 0.00466991 0.0181302 5.32779e-10 0 6.73339e-10 0 8.41757e-10 0 9.54692e-10 0 1.04209e-09 0 1.11402e-09 0 1.17687e-09 0 1.23174e-09 0 1.28079e-09 0 1.32582e-09 0 1.36673e-09 0 1.40541e-09 0 1.44132e-09 0 1.47541e-09 0 1.50668e-09 0 1.53705e-09 0 1.56553e-09 0 1.5931e-09 0 1.61975e-09 0 1.64447e-09 0 1.66923e-09 0 1.69206e-09 0 1.71493e-09 0 1.73683e-09 0 1.75777e-09 0 1.77774e-09 0 1.79774e-09 0 1.81676e-09 0 1.83581e-09 0 1.85387e-09 0 1.87196e-09 0 1.88906e-09 0 1.90617e-09 0 1.92229e-09 0 1.93843e-09 0 1.95459e-09 0 1.96974e-09 0 1.98491e-09 0 2.00009e-09 0 2.01427e-09 0 2.02948e-09 0
1662.3 2.57516e-08 2.56399e-08 1.1169e-10 0.00433721 0.0166303 4.10072e-10 0 5.14327e-10 0 6.38617e-10 0 7.21681e-10 0 7.85838e-10 0 8.38575e-10 0 8.84607e-10 0 9.24761e-10 0 9.60637e-10 0 9.93549e-10 0 1.02344e-09 0 1.05169e-09 0 1.07791e-09 0 1.10279e-09 0 1.1256e-09 0 1.14776e-09 0 1.16853e-09 0 1.18864e-09 0 1.20806e-09 0 1.22607e-09 0 1.24412e-09 0 1.26075e-09 0 1.27741e-09 0 1.29337e-09 0 1.30862e-09 0 1.32316e-09 0 1.33772e-09 0 1.35157e-09 0 1.36543e-09 0 1.37858e-09 0 1.39174e-09 0 1.40418e-09 0 1.41663e-09 0 1.42836e-09 0 1.4401e-09 0 1.45185e-09 0 1.46288e-09 0 1.47391e-09 0 1.48495e-09 0 1.49526e-09 0 1.50632e-09 0
1747.63 2.31632e-08 2.30718e-08 9.14178e-11 0.00394668 0.0150949 3.21031e-10 0 3.99783e-10 0 4.9324e-10 0 5.55504e-10 0 6.03512e-10 0 6.42928e-10 0 6.77303e-10 0 7.07266e-10 0 7.34021e-10 0 7.58555e-10 0 7.8083e-10 0 8.01869e-10 0 8.21393e-10 0 8.39913e-10 0 8.56889e-10 0 8.73373e-10 0 8.88826e-10 0 9.03775e-10 0 9.18216e-10 0 9.3161e-10 0 9.45026e-10 0 9.57386e-10 0 9.69763e-10 0 9.81617e-10 0 9.92947e-10 0 1.00375e-09 0 1.01456e-09 0 1.02485e-09 0 1.03514e-09 0 1.0449e-09 0 1.05467e-09 0 1.06391e-09 0 1.07315e-09 0 1.08186e-09 0 1.09057e-09 0 1.09929e-09 0 1.10747e-09 0 1.11566e-09 0 1.12385e-09 0 1.1315e-09 0 1.1397e-09 0
1837.33 2.10041e-08 2.09293e-08 7.48531e-11 0.00356373 0.0138732 2.52463e-10 0 3.12295e-10 0 3.83003e-10 0 4.29979e-10 0 4.66142e-10 0 4.958e-10 0 5.21644e-10 0 5.44157e-10 0 5.64249e-10 0 5.82665e-10 0 5.99379e-10 0 6.15161e-10 0 6.29801e-10 0 6.43685e-10 0 6.56408e-10 0 6.6876e-10 0 6.80337e-10 0 6.91535e-10 0 7.0235e-10 0 7.1238e-10 0 7.22424e-10 0 7.31676e-10 0 7.4094e-10 0 7.49812e-10 0 7.5829e-10 0 7.66373e-10 0 7.74464e-10 0 7.82157e-10 0 7.89857e-10 0 7.97159e-10 0 8.04466e-10 0 8.11373e-10 0 8.18285e-10 0 8.24795e-10 0 8.3131e-10 0 8.37829e-10 0 8.43944e-10 0 8.50063e-10 0 8.56186e-10 0 8.61904e-10 0 8.68034e-10 0
1931.64 1.88437e-08 1.87824e-08 6.12861e-11 0.00325233 0.012905 1.95759e-10 0 2.40636e-10 0 2.93469e-10 0 3.28479e-10 0 3.55391e-10 0 3.77442e-10 0 3.96642e-10 0 4.13357e-10 0 4.28269e-10 0 4.4193e-10 0 4.54325e-10 0 4.66025e-10 0 4.76875e-10 0 4.87163e-10 0 4.96589e-10 0 5.05738e-10 0 5.14311e-10 0 5.22602e-10 0 5.30609e-10 0 5.38032e-10 0 5.45466e-10 0 5.52313e-10 0 5.59168e-10 0 5.65731e-10 0 5.72003e-10 0 5.77982e-10 0 5.83966e-10 0 5.89655e-10 0 5.9535e-10 0 6.00749e-10 0 6.06152e-10 0 6.11258e-10 0 6.16368e-10 0 6.2118e-10 0 6.25996e-10 0 6.30814e-10 0 6.35334e-10 0 6.39856e-10 0 6.44381e-10 0 6.48606e-10 0 6.53136e-10 0
2030.79 1.68508e-08 1.68006e-08 5.01675e-11 0.00297717 0.0119236 1.50821e-10 0 1.84307e-10 0 2.23592e-10 0 2.49564e-10 0 2.69503e-10 0 2.85824e-10 0 3.00027e-10 0 3.12385e-10 0 3.23404e-10 0 3.33497e-10 0 3.4265e-10 0 3.51288e-10 0 3.59297e-10 0 3.66889e-10 0 3.73844e-10 0 3.80592e-10 0 3.86915e-10 0 3.9303e-10 0 3.98933e-10 0 4.04407e-10 0 4.09886e-10 0 4.14933e-10 0 4.19985e-10 0 4.24822e-10 0 4.29443e-10 0 4.33848e-10 0 4.38257e-10 0 4.42448e-10 0 4.46643e-10 0 4.50619e-10 0 4.54598e-10 0 4.58359e-10 0 4.62122e-10 0 4.65666e-10 0 4.69211e-10 0 4.72759e-10 0 4.76087e-10 0 4.79416e-10 0 4.82747e-10 0 4.85857e-10 0 4.89191e-10 0
2135.03 1.5096e-08 1.50549e-08 4.10651e-11 0.00272027 0.0109847 1.16067e-10 0 1.41054e-10 0 1.70276e-10 0 1.89555e-10 0 2.04337e-10 0 2.16428e-10 0 2.26942e-10 0 2.36087e-10 0 2.44238e-10 0 2.51701e-10 0 2.58467e-10 0 2.64851e-10 0 2.70769e-10 0 2.76377e-10 0 2.81514e-10 0 2.86498e-10 0 2.91167e-10 0 2.95681e-10 0 3.00039e-10 0 3.04078e-10 0 3.08122e-10 0 3.11847e-10 0 3.15574e-10 0 3.19143e-10 0 3.22552e-10 0 3.25802e-10 0 3.29054e-10 0 3.32145e-10 0 3.35239e-10 0 3.38171e-10 0 3.41105e-10 0 3.43878e-10 0 3.46653e-10 0 3.49266e-10 0 3.5188e-10 0 3.54495e-10 0 3.56948e-10 0 3.59402e-10 0 3.61858e-10 0 3.6415e-10 0 3.66608e-10 0
2244.63 1.35511e-08 1.35175e-08 3.36138e-11 0.00248051 0.010102 8.92529e-11 0 1.07906e-10 0 1.29658e-10 0 1.4398e-10 0 1.5495e-10 0 1.63917e-10 0 1.7171e-10 0 1.78485e-10 0 1.84521e-10 0 1.90046e-10 0 1.95054e-10 0 1.99778e-10 0 2.04156e-10 0 2.08305e-10 0 2.12104e-10 0 2.1579e-10 0 2.19242e-10 0 2.22579e-10 0 2.258e-10 0 2.28786e-10 0 2.31775e-10 0 2.34527e-10 0 2.37282e-10 0 2.39918e-10 0 2.42437e-10 0 2.44838e-10 0 2.4724e-10 0 2.49523e-10 0 2.51808e-10 0 2.53974e-10 0 2.56141e-10 0 2.58189e-10 0 2.60238e-10 0 2.62167e-10 0 2.64097e-10 0 2.66028e-10 0 2.67839e-10 0 2.69651e-10 0 2.71464e-10 0 2.73156e-10 0 2.7497e-10 0
2359.84 1.2185e-08 1.21575e-08 2.75145e-11 0.00225807 0.00928662 6.85711e-11 0 8.24992e-11 0 9.86985e-11 0 1.09346e-10 0 1.17493e-10 0 1.24148e-10 0 1.29929e-10 0 1.34953e-10 0 1.39428e-10 0 1.43522e-10 0 1.47233e-10 0 1.50732e-10 0 1.53975e-10 0 1.57047e-10 0 1.5986e-10 0 1.62588e-10 0 1.65143e-10 0 1.67613e-10 0 1.69997e-10 0 1.72207e-10 0 1.74418e-10 0 1.76454e-10 0 1.78492e-10 0 1.80443e-10 0 1.82306e-10 0 1.84081e-10 0 1.85858e-10 0 1.87546e-10 0 1.89236e-10 0 1.90838e-10 0 1.9244e-10 0 1.93954e-10 0 1.95469e-10 0 1.96895e-10 0 1.98322e-10 0 1.9975e-10 0 2.01088e-10 0 2.02428e-10 0 2.03767e-10 0 2.05018e-10 0 2.06359e-10 0
2480.97 1.09754e-08 1.09529e-08 2.25241e-11 0.00205224 0.00853434 5.26436e-11 0 6.30475e-11 0 7.51191e-11 0 8.30409e-11 0 8.90973e-11 0 9.4041e-11 0 9.83338e-11 0 1.02063e-10 0 1.05383e-10 0 1.08421e-10 0 1.11173e-10 0 1.13768e-10 0 1.16173e-10 0 1.1845e-10 0 1.20535e-10 0 1.22557e-10 0 1.24451e-10 0 1.26281e-10 0 1.28048e-10 0 1.29685e-10 0 1.31323e-10 0 1.32831e-10 0 1.34341e-10 0 1.35785e-10 0 1.37165e-10 0 1.3848e-10 0 1.39795e-10 0 1.41046e-10 0 1.42297e-10 0 1.43483e-10 0 1.44669e-10 0 1.4579e-10 0 1.46912e-10 0 1.47967e-10 0 1.49024e-10 0 1.5008e-10 0 1.51071e-10 0 1.52063e-10 0 1.53054e-10 0 1.5398e-10 0 1.54972e-10 0
2608.32 9.90224e-09 9.8838e-09 1.844e-11 0.0018622 0.00784147 4.03898e-11 0 4.81646e-11 0 5.71663e-11 0 6.3065e-11 0 6.75709e-11 0 7.12471e-11 0 7.44378e-11 0 7.72087e-11 0 7.96753e-11 0 8.19312e-11 0 8.39749e-11 0 8.59016e-11 0 8.76863e-11 0 8.93767e-11 0 9.09239e-11 0 9.24245e-11 0 9.38295e-11 0 9.51873e-11 0 9.64977e-11 0 9.77119e-11 0 9.8927e-11 0 1.00046e-10 0 1.01165e-10 0 1.02236e-10 0 1.0326e-10 0 1.04234e-10 0 1.0521e-10 0 1.06137e-10 0 1.07065e-10 0 1.07944e-10 0 1.08823e-10 0 1.09654e-10 0 1.10485e-10 0 1.11268e-10 0 1.12051e-10 0 1.12834e-10 0 1.13568e-10 0 1.14303e-10 0 1.15038e-10 0 1.15724e-10 0 1.16459e-10 0
2742.21 8.94801e-09 8.93291e-09 1.50964e-11 0.00168713 0.00720426 3.09701e-11 0 3.67829e-11 0 4.34998e-11 0 4.78954e-11 0 5.12508e-11 0 5.39869e-11 0 5.63608e-11 0 5.84217e-11 0 6.02559e-11 0 6.1933e-11 0 6.34522e-11 0 6.48841e-11 0 6.62103e-11 0 6.74663e-11 0 6.86158e-11 0 6.97305e-11 0 7.07741e-11 0 7.17826e-11 0 7.27558e-11 0 7.36575e-11 0 7.45598e-11 0 7.53904e-11 0 7.62215e-11 0 7.70169e-11 0 7.77765e-11 0 7.85003e-11 0 7.92244e-11 0 7.99126e-11 0 8.0601e-11 0 8.12535e-11 0 8.19062e-11 0 8.25229e-11 0 8.31398e-11 0 8.37206e-11 0 8.43016e-11 0 8.48827e-11 0 8.54277e-11 0 8.59729e-11 0 8.65182e-11 0 8.70272e-11 0 8.75728e-11 0
2882.97 8.0983e-09 8.08594e-09 1.23591e-11 0.00152613 0.00661816 2.37361e-11 0 2.80844e-11 0 3.31001e-11 0 3.63786e-11 0 3.88795e-11 0 4.09179e-11 0 4.26858e-11 0 4.42203e-11 0 4.55856e-11 0 4.68339e-11 0 4.79643e-11 0 4.90297e-11 0 5.00163e-11 0 5.09505e-11 0 5.18055e-11 0 5.26345e-11 0 5.34107e-11 0 5.41606e-11 0 5.48842e-11 0 5.55546e-11 0 5.62254e-11 0 5.68429e-11 0 5.74607e-11 0 5.80519e-11 0 5.86165e-11 0 5.91545e-11 0 5.96927e-11 0 6.02041e-11 0 6.07158e-11 0 6.12007e-11 0 6.16857e-11 0 6.2144e-11 0 6.26024e-11 0 6.30339e-11 0 6.34656e-11 0 6.38974e-11 0 6.43023e-11 0 6.47074e-11 0 6.51125e-11 0 6.54907e-11 0 6.5896e-11 0
3030.95 7.34031e-09 7.3302e-09 1.01181e-11 0.00137843 0.00607934 1.81845e-11 0 2.14393e-11 0 2.51875e-11 0 2.76348e-11 0 2.95006e-11 0 3.10207e-11 0 3.23387e-11 0 3.34823e-11 0 3.44997e-11 0 3.54297e-11 0 3.62718e-11 0 3.70654e-11 0 3.78002e-11 0 3.84959e-11 0 3.91326e-11 0 3.97498e-11 0 4.03276e-11 0 4.08859e-11 0 4.14245e-11 0 4.19236e-11 0 4.24229e-11 0 4.28825e-11 0 4.33423e-11 0 4.37823e-11 0 4.42024e-11 0 4.46028e-11 0 4.50032e-11 0 4.53838e-11 0 4.57645e-11 0 4.61253e-11 0 4.64862e-11 0 4.68271e-11 0 4.71681e-11 0 4.74892e-11 0 4.78103e-11 0 4.81316e-11 0 4.84328e-11 0 4.87341e-11 0 4.90354e-11 0 4.93167e-11 0 4.96182e-11 0
3186.53 6.66331e-09 6.65502e-09 8.28339e-12 0.00124314 0.00558364 1.39276e-11 0 1.63655e-11 0 1.91688e-11 0 2.09974e-11 0 2.23907e-11 0 2.35254e-11 0 2.45091e-11 0 2.53624e-11 0 2.61213e-11 0 2.6815e-11 0 2.7443e-11 0 2.80347e-11 0 2.85826e-11 0 2.91013e-11 0 2.95759e-11 0 3.0036e-11 0 3.04667e-11 0 3.08828e-11 0 3.12843e-11 0 3.16562e-11 0 3.20283e-11 0 3.23708e-11 0 3.27134e-11 0 3.30413e-11 0 3.33543e-11 0 3.36526e-11 0 3.39509e-11 0 3.42345e-11 0 3.45181e-11 0 3.47869e-11 0 3.50557e-11 0 3.53097e-11 0 3.55637e-11 0 3.58029e-11 0 3.60421e-11 0 3.62813e-11 0 3.65057e-11 0 3.67301e-11 0 3.69546e-11 0 3.71641e-11 0 3.73886e-11 0
3350.09 6.05734e-09 6.05056e-09 6.78128e-12 0.00111951 0.00512826 1.06644e-11 0 1.24916e-11 0 1.459e-11 0 1.59575e-11 0 1.6999e-11 0 1.78469e-11 0 1.85817e-11 0 1.9219e-11 0 1.97858e-11 0 2.03037e-11 0 2.07726e-11 0 2.12143e-11 0 2.16233e-11 0 2.20104e-11 0 2.23646e-11 0 2.2708e-11 0 2.30294e-11 0 2.33399e-11 0 2.36394e-11 0 2.39169e-11 0 2.41945e-11 0 2.445e-11 0 2.47056e-11 0 2.49502e-11 0 2.51837e-11 0 2.54062e-11 0 2.56287e-11 0 2.58402e-11 0 2.60518e-11 0 2.62522e-11 0 2.64527e-11 0 2.66422e-11 0 2.68316e-11 0 2.701e-11 0 2.71884e-11 0 2.73668e-11 0 2.75341e-11 0 2.77014e-11 0 2.78688e-11 0 2.8025e-11 0 2.81925e-11 0
3522.05 5.51438e-09 5.50883e-09 5.55161e-12 0.00100675 0.00470957 8.16454e-12 0 9.53513e-12 0 1.11072e-11 0 1.21309e-11 0 1.29101e-11 0 1.35444e-11 0 1.40939e-11 0 1.45704e-11 0 1.49941e-11 0 1.53813e-11 0 1.57317e-11 0 1.60618e-11 0 1.63674e-11 0 1.66567e-11 0 1.69214e-11 0 1.71779e-11 0 1.74181e-11 0 1.765e-11 0 1.78738e-11 0 1.8081e-11 0 1.82884e-11 0 1.84792e-11 0 1.86702e-11 0 1.88528e-11 0 1.90272e-11 0 1.91934e-11 0 1.93596e-11 0 1.95175e-11 0 1.96755e-11 0 1.98252e-11 0 1.99749e-11 0 2.01164e-11 0 2.02578e-11 0 2.0391e-11 0 2.05242e-11 0 2.06574e-11 0 2.07823e-11 0 2.09073e-11 0 2.10322e-11 0 2.11489e-11 0 2.12739e-11 0
3702.84 5.02693e-09 5.02238e-09 4.54483e-12 0.000904097 0.00432484 6.24991e-12 0 7.27874e-12 0 8.45749e-12 0 9.22451e-12 0 9.80815e-12 0 1.0283e-11 0 1.06944e-11 0 1.10511e-11 0 1.13682e-11 0 1.16579e-11 0 1.19201e-11 0 1.21671e-11 0 1.23957e-11 0 1.26121e-11 0 1.28101e-11 0 1.30019e-11 0 1.31815e-11 0 1.3355e-11 0 1.35224e-11 0 1.36774e-11 0 1.38324e-11 0 1.39751e-11 0 1.41179e-11 0 1.42545e-11 0 1.43849e-11 0 1.45091e-11 0 1.46334e-11 0 1.47515e-11 0 1.48696e-11 0 1.49815e-11 0 1.50934e-11 0 1.51992e-11 0 1.53049e-11 0 1.54045e-11 0 1.5504e-11 0 1.56036e-11 0 1.5697e-11 0 1.57904e-11 0 1.58838e-11 0 1.5971e-11 0 1.60644e-11 0
3892.91 4.58866e-09 4.58494e-09 3.7206e-12 0.000810825 0.00397136 4.78396e-12 0 5.55683e-12 0 6.44146e-12 0 7.01671e-12 0 7.45426e-12 0 7.81019e-12 0 8.11846e-12 0 8.38569e-12 0 8.62325e-12 0 8.84027e-12 0 9.03667e-12 0 9.22165e-12 0 9.39287e-12 0 9.55493e-12 0 9.70318e-12 0 9.84686e-12 0 9.98133e-12 0 1.01112e-11 0 1.02365e-11 0 1.03526e-11 0 1.04686e-11 0 1.05755e-11 0 1.06823e-11 0 1.07846e-11 0 1.08822e-11 0 1.09752e-11 0 1.10682e-11 0 1.11566e-11 0 1.1245e-11 0 1.13288e-11 0 1.14125e-11 0 1.14917e-11 0 1.15708e-11 0 1.16453e-11 0 1.17199e-11 0 1.17944e-11 0 1.18643e-11 0 1.19342e-11 0 1.20041e-11 0 1.20693e-11 0 1.21392e-11 0
4092.73 4.19406e-09 4.19102e-09 3.04581e-12 0.00072622 0.00364652 3.66179e-12 0 4.24285e-12 0 4.90732e-12 0 5.33915e-12 0 5.66751e-12 0 5.93455e-12 0 6.16579e-12 0 6.36623e-12 0 6.54439e-12 0 6.70713e-12 0 6.85439e-12 0 6.99309e-12 0 7.12145e-12 0 7.24295e-12 0 7.35408e-12 0 7.46178e-12 0 7.56258e-12 0 7.65994e-12 0 7.75385e-12 0 7.84083e-12 0 7.92783e-12 0 8.0079e-12 0 8.08799e-12 0 8.16461e-12 0 8.23777e-12 0 8.30746e-12 0 8.37716e-12 0 8.44339e-12 0 8.50963e-12 0 8.5724e-12 0 8.63518e-12 0 8.69448e-12 0 8.75378e-12 0 8.80961e-12 0 8.86545e-12 0 8.92129e-12 0 8.97365e-12 0 9.02602e-12 0 9.07839e-12 0 9.12728e-12 0 9.17966e-12 0
4302.81 3.83823e-09 3.83574e-09 2.49339e-12 0.000649618 0.00334806 2.80291e-12 0 3.24011e-12 0 3.73967e-12 0 4.06414e-12 0 4.31079e-12 0 4.51135e-12 0 4.68499e-12 0 4.83547e-12 0 4.96922e-12 0 5.09138e-12 0 5.20192e-12 0 5.30602e-12 0 5.40237e-12 0 5.49355e-12 0 5.57695e-12 0 5.65777e-12 0 5.73341e-12 0 5.80646e-12 0 5.87692e-12 0 5.94219e-12 0 6.00747e-12 0 6.06754e-12 0 6.12763e-12 0 6.18512e-12 0 6.24e-12 0 6.29228e-12 0 6.34457e-12 0 6.39426e-12 0 6.44395e-12 0 6.49104e-12 0 6.53813e-12 0 6.58261e-12 0 6.6271e-12 0 6.66898e-12 0 6.71086e-12 0 6.75275e-12 0 6.79203e-12 0 6.8313e-12 0 6.87059e-12 0 6.90726e-12 0 6.94655e-12 0
4523.68 3.51688e-09 3.51484e-09 2.04114e-12 0.000580383 0.00307386 2.14559e-12 0 2.47481e-12 0 2.85071e-12 0 3.09475e-12 0 3.2802e-12 0 3.43096e-12 0 3.56148e-12 0 3.67458e-12 0 3.77509e-12 0 3.86688e-12 0 3.94994e-12 0 4.02816e-12 0 4.10054e-12 0 4.16904e-12 0 4.23169e-12 0 4.29241e-12 0 4.34922e-12 0 4.4041e-12 0 4.45703e-12 0 4.50605e-12 0 4.55508e-12 0 4.6002e-12 0 4.64533e-12 0 4.68851e-12 0 4.72973e-12 0 4.76899e-12 0 4.80826e-12 0 4.84558e-12 0 4.8829e-12 0 4.91826e-12 0 4.95362e-12 0 4.98703e-12 0 5.02043e-12 0 5.05188e-12 0 5.08333e-12 0 5.11479e-12 0 5.14428e-12 0 5.17377e-12 0 5.20327e-12 0 5.2308e-12 0 5.26031e-12 0
4755.88 3.22633e-09 3.22466e-09 1.67113e-12 0.000517966 0.00282208 1.64261e-12 0 1.89072e-12 0 2.17383e-12 0 2.35754e-12 0 2.49712e-12 0 2.61057e-12 0 2.70876e-12 0 2.79385e-12 0 2.86946e-12 0 2.93851e-12 0 3.00098e-12 0 3.05981e-12 0 3.11425e-12 0 3.16577e-12 0 3.21288e-12 0 3.25854e-12 0 3.30127e-12 0 3.34253e-12 0 3.38233e-12 0 3.41919e-12 0 3.45606e-12 0 3.48999e-12 0 3.52392e-12 0 3.55638e-12 0 3.58737e-12 0 3.61689e-12 0 3.64642e-12 0 3.67447e-12 0 3.70253e-12 0 3.72911e-12 0 3.7557e-12 0 3.78081e-12 0 3.80593e-12 0 3.82957e-12 0 3.85321e-12 0 3.87686e-12 0 3.89902e-12 0 3.9212e-12 0 3.94337e-12 0 3.96407e-12 0 3.98625e-12 0
5000 2.96324e-09 2.96187e-09 1.36821e-12 0.000461727 0.00259072 1.25769e-12 0 1.44484e-12 0 1.65825e-12 0 1.79668e-12 0 1.90182e-12 0 1.98728e-12 0 2.06123e-12 0 2.12531e-12 0 2.18225e-12 0 2.23424e-12 0 2.28127e-12 0 2.32556e-12 0 2.36655e-12 0 2.40533e-12 0 2.4408e-12 0 2.47517e-12 0 2.50734e-12 0 2.5384e-12 0 2.56835e-12 0 2.5961e-12 0 2.62385e-12 0 2.64938e-12 0 2.67492e-12 0 2.69936e-12 0 2.72268e-12 0 2.7449e-12 0 2.76712e-12 0 2.78823e-12 0 2.80935e-12 0 2.82936e-12 0 2.84936e-12 0 2.86826e-12 0 2.88716e-12 0 2.90496e-12 0 2.92275e-12 0 2.94054e-12 0 2.95723e-12 0 2.97391e-12 0 2.9906e-12 0 3.00617e-12 0 3.02286e-12 0
