# 0.00730728 2 117 : grain size, compostion index, size index
# Heating and cooling timescale: 2.49508e-08 inf
# Ratio of heating to cooling to determine stochastic cutoff: 100
# Equilibrium emission is recorded even for those grains in the stochastic regime.
# Emission spectrum was computed for: 
# Type: ISRF
# Scales: 0.25 0.5 1 1.5 2 2.5 3 3.5 4 4.5 5 5.5 6 6.5 7 7.5 8 8.5 9 9.5 10 10.5 11 11.5 12 12.5 13 13.5 14 14.5 15 15.5 16 16.5 17 17.5 18 18.5 19 19.5 20
# StochasticallyHeated: 0 0 0 0 0 0 0 0 0 0 0 0 0 0 0 0 0 0 0 0 0 0 0 0 0 0 0 0 0 0 0 0 0 0 0 0 0 0 0 0 0
# Temperature: -1
# Wavelength  CExt  CAbs  CSca  Albedo G EqEm1 StEm1 EqEm2 StEm2 EqEm3 StEm3 EqEm4 StEm4 EqEm5 StEm5 EqEm6 StEm6 EqEm7 StEm7 EqEm8 StEm8 EqEm9 StEm9 EqEm10 StEm10 EqEm11 StEm11 EqEm12 StEm12 EqEm13 StEm13 EqEm14 StEm14 EqEm15 StEm15 EqEm16 StEm16 EqEm17 StEm17 EqEm18 StEm18 EqEm19 StEm19 EqEm20 StEm20 EqEm21 StEm21 EqEm22 StEm22 EqEm23 StEm23 EqEm24 StEm24 EqEm25 StEm25 EqEm26 StEm26 EqEm27 StEm27 EqEm28 StEm28 EqEm29 StEm29 EqEm30 StEm30 EqEm31 StEm31 EqEm32 StEm32 EqEm33 StEm33 EqEm34 StEm34 EqEm35 StEm35 EqEm36 StEm36 EqEm37 StEm37 EqEm38 StEm38 EqEm39 StEm39 EqEm40 StEm40 EqEm41 StEm41
0.05 0.000336214 0.000142395 0.000193819 0.576475 0.931542 0 0 0 0 0 0 0 0 0 0 0 0 0 0 0 0 0 0 0 0 0 0 0 0 0 0 0 0 0 0 0 0 0 0 0 0 0 0 0 0 0 0 0 0 0 0 0 0 0 0 0 0 0 0 0 0 0 0 0 0 0 0 0 0 0 0 0 0 0 0 0 0 0 0 0 0 0 0 0 0 0 0
0.0525665 0.000336242 0.000141148 0.000195094 0.580218 0.925707 0 0 0 0 0 0 0 0 0 0 0 0 0 0 0 0 0 0 0 0 0 0 0 0 0 0 0 0 0 0 0 0 0 0 0 0 0 0 0 0 0 0 0 0 0 0 0 0 0 0 0 0 0 0 0 0 0 0 0 0 0 0 0 0 0 0 0 0 0 0 0 0 0 0 0 0 0 0 0 0 0 0
0.0552647 0.00033627 0.000139082 0.000197188 0.586397 0.916781 0 0 0 0 0 0 0 0 0 0 0 0 0 0 0 0 0 0 0 0 0 0 0 0 0 0 0 0 0 0 0 0 0 0 0 0 0 0 0 0 0 0 0 0 0 0 0 0 0 0 0 0 0 0 0 0 0 0 0 0 0 0 0 0 0 0 0 0 0 0 0 0 0 0 0 0 0 0 0 0 0 0
0.0581015 0.000336303 0.000135951 0.000200352 0.595748 0.902902 0 0 0 0 0 0 0 0 0 0 0 0 0 0 0 0 0 0 0 0 0 0 0 0 0 0 0 0 0 0 0 0 0 0 0 0 0 0 0 0 0 0 0 0 0 0 0 0 0 0 0 0 0 0 0 0 0 0 0 0 0 0 0 0 0 0 0 0 0 0 0 0 0 0 0 0 0 0 0 0 0 0
0.0610839 0.000336339 0.000132789 0.00020355 0.605193 0.88734 0 0 0 0 0 0 0 0 0 0 0 0 0 0 0 0 0 0 0 0 0 0 0 0 0 0 0 0 0 0 0 0 0 0 0 0 0 0 0 0 0 0 0 0 0 0 0 0 0 0 0 0 0 0 0 0 0 0 0 0 0 0 0 0 0 0 0 0 0 0 0 0 0 0 0 0 0 0 0 0 0 0
0.0642193 0.000336375 0.000130568 0.000205807 0.611838 0.87468 0 0 0 0 0 0 0 0 0 0 0 0 0 0 0 0 0 0 0 0 0 0 0 0 0 0 0 0 0 0 0 0 0 0 0 0 0 0 0 0 0 0 0 0 0 0 0 0 0 0 0 0 0 0 0 0 0 0 0 0 0 0 0 0 0 0 0 0 0 0 0 0 0 0 0 0 0 0 0 0 0 0
0.0675157 0.000336413 0.000129301 0.000207112 0.615649 0.865743 0 0 0 0 0 0 0 0 0 0 0 0 0 0 0 0 0 0 0 0 0 0 0 0 0 0 0 0 0 0 0 0 0 0 0 0 0 0 0 0 0 0 0 0 0 0 0 0 0 0 0 0 0 0 0 0 0 0 0 0 0 0 0 0 0 0 0 0 0 0 0 0 0 0 0 0 0 0 0 0 0 0
0.0709813 0.000336452 0.00012881 0.000207642 0.617152 0.860102 0 0 0 0 0 0 0 0 0 0 0 0 0 0 0 0 0 0 0 0 0 0 0 0 0 0 0 0 0 0 0 0 0 0 0 0 0 0 0 0 0 0 0 0 0 0 0 0 0 0 0 0 0 0 0 0 0 0 0 0 0 0 0 0 0 0 0 0 0 0 0 0 0 0 0 0 0 0 0 0 0 0
0.0746248 0.000336492 0.000128966 0.000207526 0.616734 0.857347 0 0 0 0 0 0 0 0 0 0 0 0 0 0 0 0 0 0 0 0 0 0 0 0 0 0 0 0 0 0 0 0 0 0 0 0 0 0 0 0 0 0 0 0 0 0 0 0 0 0 0 0 0 0 0 0 0 0 0 0 0 0 0 0 0 0 0 0 0 0 0 0 0 0 0 0 0 0 0 0 0 0
0.0784553 0.000336532 0.000129854 0.000206678 0.61414 0.857982 0 0 0 0 0 0 0 0 0 0 0 0 0 0 0 0 0 0 0 0 0 0 0 0 0 0 0 0 0 0 0 0 0 0 0 0 0 0 0 0 0 0 0 0 0 0 0 0 0 0 0 0 0 0 0 0 0 0 0 0 0 0 0 0 0 0 0 0 0 0 0 0 0 0 0 0 0 0 0 0 0 0
0.0824824 0.000336571 0.000131784 0.000204788 0.608453 0.863551 0 0 0 0 0 0 0 0 0 0 0 0 0 0 0 0 0 0 0 0 0 0 0 0 0 0 0 0 0 0 0 0 0 0 0 0 0 0 0 0 0 0 0 0 0 0 0 0 0 0 0 0 0 0 0 0 0 0 0 0 0 0 0 0 0 0 0 0 0 0 0 0 0 0 0 0 0 0 0 0 0 0
0.0867162 0.000336607 0.000132587 0.00020402 0.606106 0.866534 0 0 0 0 0 0 0 0 0 0 0 0 0 0 0 0 0 0 0 0 0 0 0 0 0 0 0 0 0 0 0 0 0 0 0 0 0 0 0 0 0 0 0 0 0 0 0 0 0 0 0 0 0 0 0 0 0 0 0 0 0 0 0 0 0 0 0 0 0 0 0 0 0 0 0 0 0 0 0 0 0 0
0.0911674 0.00033665 0.000131373 0.000205277 0.609764 0.85996 0 0 0 0 0 0 0 0 0 0 0 0 0 0 0 0 0 0 0 0 0 0 0 0 0 0 0 0 0 0 0 0 0 0 0 0 0 0 0 0 0 0 0 0 0 0 0 0 0 0 0 0 0 0 0 0 0 0 0 0 0 0 0 0 0 0 0 0 0 0 0 0 0 0 0 0 0 0 0 0 0 0
0.095847 0.000336696 0.000131173 0.000205524 0.610413 0.856635 0 0 0 0 0 0 0 0 0 0 0 0 0 0 0 0 0 0 0 0 0 0 0 0 0 0 0 0 0 0 0 0 0 0 0 0 0 0 0 0 0 0 0 0 0 0 0 0 0 0 0 0 0 0 0 0 0 0 0 0 0 0 0 0 0 0 0 0 0 0 0 0 0 0 0 0 0 0 0 0 0 0
0.100767 0.000336741 0.000131534 0.000205207 0.609391 0.856155 0 0 0 0 0 0 0 0 0 0 0 0 0 0 0 0 0 0 0 0 0 0 0 0 0 0 0 0 0 0 0 0 0 0 0 0 0 0 0 0 0 0 0 0 0 0 0 0 0 0 0 0 0 0 0 0 0 0 0 0 0 0 0 0 0 0 0 0 0 0 0 0 0 0 0 0 0 0 0 0 0 0
0.105939 0.000336783 0.000132837 0.000203946 0.605571 0.860097 0 0 0 0 0 0 0 0 0 0 0 0 0 0 0 0 0 0 0 0 0 0 0 0 0 0 0 0 0 0 0 0 0 0 0 0 0 0 0 0 0 0 0 0 0 0 0 0 0 0 0 0 0 0 0 0 0 0 0 0 0 0 0 0 0 0 0 0 0 0 0 0 0 0 0 0 0 0 0 0 0 0
0.111377 0.000336824 0.00013419 0.000202634 0.601603 0.865196 0 0 0 0 0 0 0 0 0 0 0 0 0 0 0 0 0 0 0 0 0 0 0 0 0 0 0 0 0 0 0 0 0 0 0 0 0 0 0 0 0 0 0 0 0 0 0 0 0 0 0 0 0 0 0 0 0 0 0 0 0 0 0 0 0 0 0 0 0 0 0 0 0 0 0 0 0 0 0 0 0 0
0.117094 0.000336868 0.000135065 0.000201803 0.599055 0.86839 0 0 0 0 0 0 0 0 0 0 0 0 0 0 0 0 0 0 0 0 0 0 0 0 0 0 0 0 0 0 0 0 0 0 0 0 0 0 0 0 0 0 0 0 0 0 0 0 0 0 0 0 0 0 0 0 0 0 0 0 0 0 0 0 0 0 0 0 0 0 0 0 0 0 0 0 0 0 0 0 0 0
0.123105 0.000336913 0.000135655 0.000201258 0.597358 0.870399 0 0 0 0 0 0 0 0 0 0 0 0 0 0 0 0 0 0 0 0 0 0 0 0 0 0 0 0 0 0 0 0 0 0 0 0 0 0 0 0 0 0 0 0 0 0 0 0 0 0 0 0 0 0 0 0 0 0 0 0 0 0 0 0 0 0 0 0 0 0 0 0 0 0 0 0 0 0 0 0 0 0
0.129424 0.000336959 0.00013601 0.00020095 0.596362 0.871372 0 0 0 0 0 0 0 0 0 0 0 0 0 0 0 0 0 0 0 0 0 0 0 0 0 0 0 0 0 0 0 0 0 0 0 0 0 0 0 0 0 0 0 0 0 0 0 0 0 0 0 0 0 0 0 0 0 0 0 0 0 0 0 0 0 0 0 0 0 0 0 0 0 0 0 0 0 0 0 0 0 0
0.136067 0.000337009 0.000136102 0.000200907 0.596148 0.87112 0 0 0 0 0 0 0 0 0 0 0 0 0 0 0 0 0 0 0 0 0 0 0 0 0 0 0 0 0 0 0 0 0 0 0 0 0 0 0 0 0 0 0 0 0 0 0 0 0 0 0 0 0 0 0 0 0 0 0 0 0 0 0 0 0 0 0 0 0 0 0 0 0 0 0 0 0 0 0 0 0 0
0.143051 0.00033706 0.000135781 0.000201279 0.597162 0.868767 0 0 0 0 0 0 0 0 0 0 0 0 0 0 0 0 0 0 0 0 0 0 0 0 0 0 0 0 0 0 0 0 0 0 0 0 0 0 0 0 0 0 0 0 0 0 0 0 0 0 0 0 0 0 0 0 0 0 0 0 0 0 0 0 0 0 0 0 0 0 0 0 0 0 0 0 0 0 0 0 0 0
0.150394 0.000337107 0.000136235 0.000200873 0.595872 0.87001 0 0 0 0 0 0 0 0 0 0 0 0 0 0 0 0 0 0 0 0 0 0 0 0 0 0 0 0 0 0 0 0 0 0 0 0 0 0 0 0 0 0 0 0 0 0 0 0 0 0 0 0 0 0 0 0 0 0 0 0 0 0 0 0 0 0 0 0 0 0 0 0 0 0 0 0 0 0 0 0 0 0
0.158114 0.000337152 0.000137676 0.000199476 0.591649 0.876511 0 0 0 0 0 0 0 0 0 0 0 0 0 0 0 0 0 0 0 0 0 0 0 0 0 0 0 0 0 0 0 0 0 0 0 0 0 0 0 0 0 0 0 0 0 0 0 0 0 0 0 0 0 0 0 0 0 0 0 0 0 0 0 0 0 0 0 0 0 0 0 0 0 0 0 0 0 0 0 0 0 0
0.16623 0.000337202 0.000139317 0.000197885 0.586843 0.884408 0 0 0 0 0 0 0 0 0 0 0 0 0 0 0 0 0 0 0 0 0 0 0 0 0 0 0 0 0 0 0 0 0 0 0 0 0 0 0 0 0 0 0 0 0 0 0 0 0 0 0 0 0 0 0 0 0 0 0 0 0 0 0 0 0 0 0 0 0 0 0 0 0 0 0 0 0 0 0 0 0 0
0.174762 0.000337255 0.00014077 0.000196485 0.5826 0.891578 0 0 0 0 0 0 0 0 0 0 0 0 0 0 0 0 0 0 0 0 0 0 0 0 0 0 0 0 0 0 0 0 0 0 0 0 0 0 0 0 0 0 0 0 0 0 0 0 0 0 0 0 0 0 0 0 0 0 0 0 0 0 0 0 0 0 0 0 0 0 0 0 0 0 0 0 0 0 0 0 0 0
0.183733 0.000337312 0.000142057 0.000195255 0.578855 0.89799 0 0 0 0 0 0 0 0 0 0 0 0 0 0 0 0 0 0 0 0 0 0 0 0 0 0 0 0 0 0 0 0 0 0 0 0 0 0 0 0 0 0 0 0 0 0 0 0 0 0 0 0 0 0 0 0 0 0 0 0 0 0 0 0 0 0 0 0 0 0 0 0 0 0 0 0 0 0 0 0 0 0
0.193164 0.000337373 0.000143146 0.000194227 0.575704 0.903434 0 0 0 0 0 0 0 0 0 0 0 0 0 0 0 0 0 0 0 0 0 0 0 0 0 0 0 0 0 0 0 0 0 0 0 0 0 0 0 0 0 0 0 0 0 0 0 0 0 0 0 0 0 0 0 0 0 0 0 0 0 0 0 0 0 0 0 0 0 0 0 0 0 0 0 0 0 0 0 0 0 0
0.203079 0.000337436 0.000144073 0.000193363 0.573036 0.908063 0 0 0 0 0 0 0 0 0 0 0 0 0 0 0 0 0 0 0 0 0 0 0 0 0 0 0 0 0 0 0 0 0 0 0 0 0 0 0 0 0 0 0 0 0 0 0 0 0 0 0 0 0 0 0 0 0 0 0 0 0 0 0 0 0 0 0 0 0 0 0 0 0 0 0 0 0 0 0 0 0 0
0.213503 0.000337501 0.000144891 0.00019261 0.570696 0.912135 0 0 0 0 0 0 0 0 0 0 0 0 0 0 0 0 0 0 0 0 0 0 0 0 0 0 0 0 0 0 0 0 0 0 0 0 0 0 0 0 0 0 0 0 0 0 0 0 0 0 0 0 0 0 0 0 0 0 0 0 0 0 0 0 0 0 0 0 0 0 0 0 0 0 0 0 0 0 0 0 0 0
0.224463 0.000337568 0.000145573 0.000191995 0.56876 0.915509 0 0 0 0 0 0 0 0 0 0 0 0 0 0 0 0 0 0 0 0 0 0 0 0 0 0 0 0 0 0 0 0 0 0 0 0 0 0 0 0 0 0 0 0 0 0 0 0 0 0 0 0 0 0 0 0 0 0 0 0 0 0 0 0 0 0 0 0 0 0 0 0 0 0 0 0 0 0 0 0 0 0
0.235984 0.000337638 0.000146111 0.000191527 0.567257 0.918134 0 0 0 0 0 0 0 0 0 0 0 0 0 0 0 0 0 0 0 0 0 0 0 0 0 0 0 0 0 0 0 0 0 0 0 0 0 0 0 0 0 0 0 0 0 0 0 0 0 0 0 0 0 0 0 0 0 0 0 0 0 0 0 0 0 0 0 0 0 0 0 0 0 0 0 0 0 0 0 0 0 0
0.248097 0.00033771 0.000146523 0.000191187 0.566128 0.920112 0 0 0 0 0 0 0 0 0 0 0 0 0 0 0 0 0 0 0 0 0 0 0 0 0 0 0 0 0 0 0 0 0 0 0 0 0 0 0 0 0 0 0 0 0 0 0 0 0 0 0 0 0 0 0 0 0 0 0 0 0 0 0 0 0 0 0 0 0 0 0 0 0 0 0 0 0 0 0 0 0 0
0.260832 0.000337785 0.00014686 0.000190925 0.565226 0.921696 0 0 0 0 0 0 0 0 0 0 0 0 0 0 0 0 0 0 0 0 0 0 0 0 0 0 0 0 0 0 0 0 0 0 0 0 0 0 0 0 0 0 0 0 0 0 0 0 0 0 0 0 0 0 0 0 0 0 0 0 0 0 0 0 0 0 0 0 0 0 0 0 0 0 0 0 0 0 0 0 0 0
0.274221 0.000337862 0.000147148 0.000190713 0.564472 0.923022 0 0 0 0 0 0 0 0 0 0 0 0 0 0 0 0 0 0 0 0 0 0 0 0 0 0 0 0 0 0 0 0 0 0 0 0 0 0 0 0 0 0 0 0 0 0 0 0 0 0 0 0 0 0 0 0 0 0 0 0 0 0 0 0 0 0 0 0 0 0 0 0 0 0 0 0 0 0 0 0 0 0
0.288297 0.000337942 0.000147395 0.000190548 0.563847 0.924124 0 0 0 0 0 0 0 0 0 0 0 0 0 0 0 0 0 0 0 0 0 0 0 0 0 0 0 0 0 0 0 0 0 0 0 0 0 0 0 0 0 0 0 0 0 0 0 0 0 0 0 0 0 0 0 0 0 0 0 0 0 0 0 0 0 0 0 0 0 0 0 0 0 0 0 0 0 0 0 0 0 0
0.303095 0.000338025 0.000147606 0.000190419 0.563327 0.925043 0 0 0 0 0 0 0 0 0 0 0 0 0 0 0 0 0 0 0 0 0 0 0 0 0 0 0 0 0 0 0 0 0 0 0 0 0 0 0 0 0 0 0 0 0 0 0 0 0 0 0 0 0 0 0 0 0 0 0 0 0 0 0 0 0 0 0 0 0 0 0 0 0 0 0 0 0 0 0 0 0 0
0.318653 0.00033811 0.000147795 0.000190315 0.562878 0.925837 0 0 0 0 0 0 0 0 0 0 0 0 0 0 0 0 0 0 0 0 0 0 0 0 0 0 0 0 0 0 0 0 0 0 0 0 0 0 0 0 0 0 0 0 0 0 0 0 0 0 0 0 0 0 0 0 0 0 0 0 0 0 0 0 0 0 0 0 0 0 0 0 0 0 0 0 0 0 0 0 0 0
0.335009 0.000338198 0.000147962 0.000190235 0.562497 0.92651 0 0 0 0 0 0 0 0 0 0 0 0 0 0 0 0 0 0 0 0 0 0 0 0 0 0 0 0 0 0 0 0 0 0 0 0 0 0 0 0 0 0 0 0 0 0 0 0 0 0 0 0 0 0 0 0 0 0 0 0 0 0 0 0 0 0 0 0 0 0 0 0 0 0 0 0 0 0 0 0 0 0
0.352205 0.00033829 0.000148115 0.000190175 0.562165 0.927102 0 0 0 0 0 0 0 0 0 0 0 0 0 0 0 0 0 0 0 0 0 0 0 0 0 0 0 0 0 0 0 0 0 0 0 0 0 0 0 0 0 0 0 0 0 0 0 0 0 0 0 0 0 0 0 0 0 0 0 0 0 0 0 0 0 0 0 0 0 0 0 0 0 0 0 0 0 0 0 0 0 0
0.370284 0.000338383 0.000148255 0.000190128 0.561872 0.927622 0 0 0 0 0 0 0 0 0 0 0 0 0 0 0 0 0 0 0 0 0 0 0 0 0 0 0 0 0 0 0 0 0 0 0 0 0 0 0 0 0 0 0 0 0 0 0 0 0 0 0 0 0 0 0 0 0 0 0 0 0 0 0 0 0 0 0 0 0 0 0 0 0 0 0 0 0 0 0 0 0 0
0.389291 0.000338481 0.000148379 0.000190102 0.561632 0.928048 0 0 0 0 0 0 0 0 0 0 0 0 0 0 0 0 0 0 0 0 0 0 0 0 0 0 0 0 0 0 0 0 0 0 0 0 0 0 0 0 0 0 0 0 0 0 0 0 0 0 0 0 0 0 0 0 0 0 0 0 0 0 0 0 0 0 0 0 0 0 0 0 0 0 0 0 0 0 0 0 0 0
0.409273 0.000338581 0.000148492 0.000190089 0.561428 0.928411 0 0 0 0 0 0 0 0 0 0 0 0 0 0 0 0 0 0 0 0 0 0 0 0 0 0 0 0 0 0 0 0 0 0 0 0 0 0 0 0 0 0 0 0 0 0 0 0 0 0 0 0 0 0 0 0 0 0 0 0 0 0 0 0 0 0 0 0 0 0 0 0 0 0 0 0 0 0 0 0 0 0
0.430281 0.000338686 0.000148603 0.000190083 0.561236 0.928752 0 0 0 0 0 0 0 0 0 0 0 0 0 0 0 0 0 0 0 0 0 0 0 0 0 0 0 0 0 0 0 0 0 0 0 0 0 0 0 0 0 0 0 0 0 0 0 0 0 0 0 0 0 0 0 0 0 0 0 0 0 0 0 0 0 0 0 0 0 0 0 0 0 0 0 0 0 0 0 0 0 0
0.452368 0.000338793 0.0001487 0.000190093 0.561089 0.929012 0 0 0 0 0 0 0 0 0 0 0 0 0 0 0 0 0 0 0 0 0 0 0 0 0 0 0 0 0 0 0 0 0 0 0 0 0 0 0 0 0 0 0 0 0 0 0 0 0 0 0 0 0 0 0 0 0 0 0 0 0 0 0 0 0 0 0 0 0 0 0 0 0 0 0 0 0 0 0 0 0 0
0.475588 0.000338905 0.000148794 0.00019011 0.560955 0.929245 0 0 0 0 0 0 0 0 0 0 0 0 0 0 0 0 0 0 0 0 0 0 0 0 0 0 0 0 0 0 0 0 0 0 0 0 0 0 0 0 0 0 0 0 0 0 0 0 0 0 0 0 0 0 0 0 0 0 0 0 0 0 0 0 0 0 0 0 0 0 0 0 0 0 0 0 0 0 0 0 0 0
0.5 0.00033902 0.000148885 0.000190135 0.560837 0.929451 0 0 0 0 0 0 0 0 0 0 0 0 0 0 0 0 0 0 0 0 0 0 0 0 0 0 0 0 0 0 0 0 0 0 0 0 0 0 0 0 0 0 0 0 0 0 0 0 0 0 0 0 0 0 0 0 0 0 0 0 0 0 0 0 0 0 0 0 0 0 0 0 0 0 0 0 0 0 0 0 0 0
0.525665 0.000339139 0.000148974 0.000190165 0.560729 0.929634 0 0 0 0 0 0 0 0 0 0 0 0 0 0 0 0 0 0 0 0 0 0 0 0 0 0 0 0 0 0 0 0 0 0 0 0 0 0 0 0 0 0 0 0 0 0 0 0 0 0 0 0 0 0 0 0 0 0 0 0 0 0 0 0 0 0 0 0 0 0 0 0 0 0 0 0 0 0 0 0 0 0
0.552648 0.000339261 0.000149065 0.000190196 0.560618 0.929817 0 0 0 0 0 0 0 0 0 0 0 0 0 0 0 0 0 0 0 0 0 0 0 0 0 0 0 0 0 0 0 0 0 0 0 0 0 0 0 0 0 0 0 0 0 0 0 0 0 0 0 0 0 0 0 0 0 0 0 0 0 0 0 0 0 0 0 0 0 0 0 0 0 0 0 0 0 0 0 0 0 0
0.581015 0.00033939 0.000149142 0.000190248 0.560558 0.929912 0 0 0 0 0 0 0 0 0 0 0 0 0 0 0 0 0 0 0 0 0 0 0 0 0 0 0 0 0 0 0 0 0 0 0 0 0 0 0 0 0 0 0 0 0 0 0 0 0 0 0 0 0 0 0 0 0 0 0 0 0 0 0 0 0 0 0 0 0 0 0 0 0 0 0 0 0 0 0 0 0 0
0.610839 0.00033952 0.000149222 0.000190298 0.560491 0.930012 0 0 0 0 0 0 0 0 0 0 0 0 0 0 0 0 0 0 0 0 0 0 0 0 0 0 0 0 0 0 0 0 0 0 0 0 0 0 0 0 0 0 0 0 0 0 0 0 0 0 0 0 0 0 0 0 0 0 0 0 0 0 0 0 0 0 0 0 0 0 0 0 0 0 0 0 0 0 0 0 0 0
0.642193 0.000339656 0.000149306 0.00019035 0.560421 0.930116 0 0 0 0 0 0 0 0 0 0 0 0 0 0 0 0 0 0 0 0 0 0 0 0 0 0 0 0 0 0 0 0 0 0 0 0 0 0 0 0 0 0 0 0 0 0 0 0 0 0 0 0 0 0 0 0 0 0 0 0 0 0 0 0 0 0 0 0 0 0 0 0 0 0 0 0 0 0 0 0 0 0
0.675157 0.000339796 0.000149388 0.000190408 0.560361 0.930196 0 0 0 0 0 0 0 0 0 0 0 0 0 0 0 0 0 0 0 0 0 0 0 0 0 0 0 0 0 0 0 0 0 0 0 0 0 0 0 0 0 0 0 0 0 0 0 0 0 0 0 0 0 0 0 0 0 0 0 0 0 0 0 0 0 0 0 0 0 0 0 0 0 0 0 0 0 0 0 0 0 0
0.709813 0.000339941 0.000149468 0.000190472 0.56031 0.930254 0 0 0 0 0 0 0 0 0 0 0 0 0 0 0 0 0 0 0 0 0 0 0 0 0 0 0 0 0 0 0 0 0 0 0 0 0 0 0 0 0 0 0 0 0 0 0 0 0 0 0 0 0 0 0 0 0 0 0 0 0 0 0 0 0 0 0 0 0 0 0 0 0 0 0 0 0 0 0 0 0 0
0.746248 0.000340091 0.000149552 0.000190539 0.560259 0.930309 0 0 0 0 0 0 0 0 0 0 0 0 0 0 0 0 0 0 0 0 0 0 0 0 0 0 0 0 0 0 0 0 0 0 0 0 0 0 0 0 0 0 0 0 0 0 0 0 0 0 0 0 0 0 0 0 0 0 0 0 0 0 0 0 0 0 0 0 0 0 0 0 0 0 0 0 0 0 0 0 0 0
0.784553 0.000340246 0.00014964 0.000190606 0.560201 0.930367 0 0 0 0 0 0 0 0 0 0 0 0 0 0 0 0 0 0 0 0 0 0 0 0 0 0 0 0 0 0 0 0 0 0 0 0 0 0 0 0 0 0 0 0 0 0 0 0 0 0 0 0 0 0 0 0 0 0 0 0 0 0 0 0 0 0 0 0 0 0 0 0 0 0 0 0 0 0 0 0 0 0
0.824824 0.000340406 0.000149726 0.00019068 0.560155 0.930401 0 0 0 0 0 0 0 0 0 0 0 0 0 0 0 0 0 0 0 0 0 0 0 0 0 0 0 0 0 0 0 0 0 0 0 0 0 0 0 0 0 0 0 0 0 0 0 0 0 0 0 0 0 0 0 0 0 0 0 0 0 0 0 0 0 0 0 0 0 0 0 0 0 0 0 0 0 0 0 0 0 0
0.867162 0.000340572 0.000149812 0.000190759 0.560115 0.930418 0 0 0 0 0 0 0 0 0 0 0 0 0 0 0 0 0 0 0 0 0 0 0 0 0 0 0 0 0 0 0 0 0 0 0 0 0 0 0 0 0 0 0 0 0 0 0 0 0 0 0 0 0 0 0 0 0 0 0 0 0 0 0 0 0 0 0 0 0 0 0 0 0 0 0 0 0 0 0 0 0 0
0.911674 0.000340743 0.000149902 0.000190841 0.560072 0.930432 0 0 0 0 0 0 0 0 0 0 0 0 0 0 0 0 0 0 0 0 0 0 0 0 0 0 0 0 0 0 0 0 0 0 0 0 0 0 0 0 0 0 0 0 0 0 0 0 0 0 0 0 0 0 0 0 0 0 0 0 0 0 0 0 0 0 0 0 0 0 0 0 0 0 0 0 0 0 0 0 0 0
0.95847 0.00034092 0.000149994 0.000190925 0.56003 0.930438 0 0 0 0 0 0 0 0 0 0 0 0 0 0 0 0 0 0 0 0 0 0 0 0 0 0 0 0 0 0 0 0 0 0 0 0 0 0 0 0 0 0 0 0 0 0 0 0 0 0 0 0 0 0 0 0 0 0 0 0 0 0 0 0 0 0 0 0 0 0 0 0 0 0 0 0 0 0 0 0 0 0
1.00767 0.000341102 0.000150091 0.000191011 0.559982 0.930445 0 0 0 0 0 0 0 0 0 0 0 0 0 0 0 0 0 0 0 0 0 0 0 0 0 0 0 0 0 0 0 0 0 0 0 0 0 0 0 0 0 0 0 0 0 0 0 0 0 0 0 0 0 0 0 0 0 0 0 0 0 0 0 0 0 0 0 0 0 0 0 0 0 0 0 0 0 0 0 0 0 0
1.05939 0.00034129 0.000150193 0.000191097 0.559926 0.930456 0 0 0 0 0 0 0 0 0 0 0 0 0 0 0 0 0 0 0 0 0 0 0 0 0 0 0 0 0 0 0 0 0 0 0 0 0 0 0 0 0 0 0 0 0 0 0 0 0 0 0 0 0 0 0 0 0 0 0 0 0 0 0 0 0 0 0 0 0 0 0 0 0 0 0 0 0 0 0 0 0 0
1.11377 0.000341486 0.000150299 0.000191186 0.559866 0.930466 0 0 0 0 0 0 0 0 0 0 0 0 0 0 0 0 0 0 0 0 0 0 0 0 0 0 0 0 0 0 0 0 0 0 0 0 0 0 0 0 0 0 0 0 0 0 0 0 0 0 0 0 0 0 0 0 0 0 0 0 0 0 0 0 0 0 0 0 0 0 0 0 0 0 0 0 0 0 0 0 0 0
1.17094 0.000341688 0.000150412 0.000191276 0.559796 0.930484 0 0 0 0 0 0 0 0 0 0 0 0 0 0 0 0 0 0 0 0 0 0 0 0 0 0 0 0 0 0 0 0 0 0 0 0 0 0 0 0 0 0 0 0 0 0 0 0 0 0 0 0 0 0 0 0 0 0 0 0 0 0 0 0 0 0 0 0 0 0 0 0 0 0 0 0 0 0 0 0 0 0
1.23105 0.000341895 0.000150531 0.000191365 0.559717 0.930506 0 0 0 0 0 0 0 0 0 0 0 0 0 0 0 0 0 0 0 0 0 0 0 0 0 0 0 0 0 0 0 0 0 0 0 0 0 0 0 0 0 0 0 0 0 0 0 0 0 0 0 0 0 0 0 0 0 0 0 0 0 0 0 0 0 0 0 0 0 0 0 0 0 0 0 0 0 0 0 0 0 0
1.29424 0.000342111 0.000150657 0.000191455 0.559627 0.930539 0 0 0 0 0 0 0 0 0 0 0 0 0 0 0 0 0 0 0 0 0 0 0 0 0 0 0 0 0 0 0 0 0 0 0 0 0 0 0 0 0 0 0 0 0 0 0 0 0 0 0 0 0 0 0 0 0 0 0 0 0 0 0 0 0 0 0 0 0 0 0 0 0 0 0 0 0 0 0 0 0 0
1.36067 0.000342333 0.000150781 0.000191552 0.559549 0.930537 0 0 0 0 0 0 0 0 0 0 0 0 0 0 0 0 0 0 0 0 0 0 0 0 0 0 0 0 0 0 0 0 0 0 0 0 0 0 0 0 0 0 0 0 0 0 0 0 0 0 0 0 0 0 0 0 0 0 0 0 0 0 0 0 0 0 0 0 0 0 0 0 0 0 0 0 0 0 0 0 0 0
1.43051 0.000342563 0.000150919 0.000191644 0.559442 0.93057 0 0 0 0 0 0 0 0 0 0 0 0 0 0 0 0 0 0 0 0 0 0 0 0 0 0 0 0 0 0 0 0 0 0 0 0 0 0 0 0 0 0 0 0 0 0 0 0 0 0 0 0 0 0 0 0 0 0 0 0 0 0 0 0 0 0 0 0 0 0 0 0 0 0 0 0 0 0 0 0 0 0
1.50394 0.000342801 0.00015106 0.000191742 0.559338 0.930592 0 0 0 0 0 0 0 0 0 0 0 0 0 0 0 0 0 0 0 0 0 0 0 0 0 0 0 0 0 0 0 0 0 0 0 0 0 0 0 0 0 0 0 0 0 0 0 0 0 0 0 0 0 0 0 0 0 0 0 0 0 0 0 0 0 0 0 0 0 0 0 0 0 0 0 0 0 0 0 0 0 0
1.58114 0.000343047 0.000151207 0.00019184 0.559224 0.930613 0 0 0 0 0 0 0 0 0 0 0 0 0 0 0 0 0 0 0 0 0 0 0 0 0 0 0 0 0 0 0 0 0 0 0 0 0 0 0 0 0 0 0 0 0 0 0 0 0 0 0 0 0 0 0 0 0 0 0 0 0 0 0 0 0 0 0 0 0 0 0 0 0 0 0 0 0 0 0 0 0 0
1.6623 0.0003433 0.000151366 0.000191934 0.559084 0.930664 0 0 0 0 0 0 0 0 0 0 0 0 0 0 0 0 0 0 0 0 0 0 0 0 0 0 0 0 0 0 0 0 0 0 0 0 0 0 0 0 0 0 0 0 0 0 0 0 0 0 0 0 0 0 0 0 0 0 0 0 0 0 0 0 0 0 0 0 0 0 0 0 0 0 0 0 0 0 0 0 0 0
1.74763 0.000343562 0.000151533 0.000192029 0.558936 0.930714 0 0 0 0 0 0 0 0 0 0 0 0 0 0 0 0 0 0 0 0 0 0 0 0 0 0 0 0 0 0 0 0 0 0 0 0 0 0 0 0 0 0 0 0 0 0 0 0 0 0 0 0 0 0 0 0 0 0 0 0 0 0 0 0 0 0 0 0 0 0 0 0 0 0 0 0 0 0 0 0 0 0
1.83733 0.000343833 0.00015171 0.000192123 0.558768 0.930784 0 0 0 0 0 0 0 0 0 0 0 0 0 0 0 0 0 0 0 0 0 0 0 0 0 0 0 0 0 0 0 0 0 0 0 0 0 0 0 0 0 0 0 0 0 0 0 0 0 0 0 0 0 0 0 0 0 0 0 0 0 0 0 0 0 0 0 0 0 0 0 0 0 0 0 0 0 0 0 0 0 0
1.93164 0.000344113 0.000151897 0.000192217 0.558585 0.930859 0 0 0 0 0 0 0 0 0 0 0 0 0 0 0 0 0 0 0 0 0 0 0 0 0 0 0 0 0 0 0 0 0 0 0 0 0 0 0 0 0 0 0 0 0 0 0 0 0 0 0 0 0 0 0 0 0 0 0 0 0 0 0 0 0 0 0 0 0 0 0 0 0 0 0 0 0 0 0 0 0 0
2.03079 0.000344403 0.000152089 0.000192314 0.558398 0.930929 0 0 0 0 0 0 0 0 0 0 0 0 0 0 0 0 0 0 0 0 0 0 0 0 0 0 0 0 0 0 0 0 0 0 0 0 0 0 0 0 0 0 0 0 0 0 0 0 0 0 0 0 0 0 0 0 0 0 0 0 0 0 0 0 0 0 0 0 0 0 0 0 0 0 0 0 0 0 0 0 0 0
2.13503 0.000344702 0.000152295 0.000192406 0.558182 0.931025 0 0 0 0 0 0 0 0 0 0 0 0 0 0 0 0 0 0 0 0 0 0 0 0 0 0 0 0 0 0 0 0 0 0 0 0 0 0 0 0 0 0 0 0 0 0 0 0 0 0 0 0 0 0 0 0 0 0 0 0 0 0 0 0 0 0 0 0 0 0 0 0 0 0 0 0 0 0 0 0 0 0
2.24463 0.000345011 0.000152515 0.000192496 0.557943 0.931143 0 0 0 0 0 0 0 0 0 0 0 0 0 0 0 0 0 0 0 0 0 0 0 0 0 0 0 0 0 0 0 0 0 0 0 0 0 0 0 0 0 0 0 0 0 0 0 0 0 0 0 0 0 0 0 0 0 0 0 0 0 0 0 0 0 0 0 0 0 0 0 0 0 0 0 0 0 0 0 0 0 0
2.35984 0.00034533 0.000152745 0.000192585 0.557684 0.93127 0 0 0 0 0 0 0 0 0 0 0 0 0 0 0 0 0 0 0 0 0 0 0 0 0 0 0 0 0 0 0 0 0 0 0 0 0 0 0 0 0 0 0 0 0 0 0 0 0 0 0 0 0 0 0 0 0 0 0 0 0 0 0 0 0 0 0 0 0 0 0 0 0 0 0 0 0 0 0 0 0 0
2.48097 0.000345659 0.000152993 0.000192666 0.557386 0.931443 0 0 0 0 0 0 0 0 0 0 0 0 0 0 0 0 0 0 0 0 0 0 0 0 0 0 0 0 0 0 0 0 0 0 0 0 0 0 0 0 0 0 0 0 0 0 0 0 0 0 0 0 0 0 0 0 0 0 0 0 0 0 0 0 0 0 0 0 0 0 0 0 0 0 0 0 0 0 0 0 0 0
2.60832 0.000346 0.000153253 0.000192747 0.557072 0.931622 0 0 0 0 0 0 0 0 0 0 0 0 0 0 0 0 0 0 0 0 0 0 0 0 0 0 0 0 0 0 0 0 0 0 0 0 0 0 0 0 0 0 0 0 0 0 0 0 0 0 0 0 0 0 0 0 0 0 0 0 0 0 0 0 0 0 0 0 0 0 0 0 0 0 0 0 0 0 0 0 0 0
2.74221 0.000346352 0.000153525 0.000192828 0.556738 0.93181 0 0 0 0 0 0 0 0 0 0 0 0 0 0 0 0 0 0 0 0 0 0 0 0 0 0 0 0 0 0 0 0 0 0 0 0 0 0 0 0 0 0 0 0 0 0 0 0 0 0 0 0 0 0 0 0 0 0 0 0 0 0 0 0 0 0 0 0 0 0 0 0 0 0 0 0 0 0 0 0 0 0
2.88297 0.000346716 0.000153821 0.000192895 0.556349 0.932064 0 0 0 0 0 0 0 0 0 0 0 0 0 0 0 0 0 0 0 0 0 0 0 0 0 0 0 0 0 0 0 0 0 0 0 0 0 0 0 0 0 0 0 0 0 0 0 0 0 0 0 0 0 0 0 0 0 0 0 0 0 0 0 0 0 0 0 0 0 0 0 0 0 0 0 0 0 0 0 0 0 0
3.03095 0.000347092 0.000154133 0.00019296 0.555932 0.93234 0 0 0 0 0 0 0 0 0 0 0 0 0 0 0 0 0 0 0 0 0 0 0 0 0 0 0 0 0 0 0 0 0 0 0 0 0 0 0 0 0 0 0 0 0 0 0 0 0 0 0 0 0 0 0 0 0 0 0 0 0 0 0 0 0 0 0 0 0 0 0 0 0 0 0 0 0 0 0 0 0 0
3.18653 0.000347481 0.000154462 0.00019302 0.555482 0.932642 0 0 0 0 0 0 0 0 0 0 0 0 0 0 0 0 0 0 0 0 0 0 0 0 0 0 0 0 0 0 0 0 0 0 0 0 0 0 0 0 0 0 0 0 0 0 0 0 0 0 0 0 0 0 0 0 0 0 0 0 0 0 0 0 0 0 0 0 0 0 0 0 0 0 0 0 0 0 0 0 0 0
3.35009 0.000347882 0.000154812 0.00019307 0.554986 0.932989 0 0 0 0 0 0 0 0 0 0 0 0 0 0 0 0 0 0 0 0 0 0 0 0 0 0 0 0 0 0 0 0 0 0 0 0 0 0 0 0 0 0 0 0 0 0 0 0 0 0 0 0 0 0 0 0 0 0 0 0 0 0 0 0 0 0 0 0 0 0 0 0 0 0 0 0 0 0 0 0 0 0
3.52205 0.000348297 0.00015519 0.000193107 0.554431 0.933405 0 0 0 0 0 0 0 0 0 0 0 0 0 0 0 0 0 0 0 0 0 0 0 0 0 0 0 0 0 0 0 0 0 0 0 0 0 0 0 0 0 0 0 0 0 0 0 0 0 0 0 0 0 0 0 0 0 0 0 0 0 0 0 0 0 0 0 0 0 0 0 0 0 0 0 0 0 0 0 0 0 0
3.70284 0.000348727 0.000155593 0.000193134 0.553825 0.933873 0 0 0 0 0 0 0 0 0 0 0 0 0 0 0 0 0 0 0 0 0 0 0 0 0 0 0 0 0 0 0 0 0 0 0 0 0 0 0 0 0 0 0 0 0 0 0 0 0 0 0 0 0 0 0 0 0 0 0 0 0 0 0 0 0 0 0 0 0 0 0 0 0 0 0 0 0 0 0 0 0 0
3.89291 0.00034917 0.000156027 0.000193143 0.553148 0.93442 0 0 0 0 0 0 0 0 0 0 0 0 0 0 0 0 0 0 0 0 0 0 0 0 0 0 0 0 0 0 0 0 0 0 0 0 0 0 0 0 0 0 0 0 0 0 0 0 0 0 0 0 0 0 0 0 0 0 0 0 0 0 0 0 0 0 0 0 0 0 0 0 0 0 0 0 0 0 0 0 0 0
4.09273 0.000349628 0.000156498 0.000193129 0.552386 0.935071 0 0 0 0 0 0 0 0 0 0 0 0 0 0 0 0 0 0 0 0 0 0 0 0 0 0 0 0 0 0 0 0 0 0 0 0 0 0 0 0 0 0 0 0 0 0 0 0 0 0 0 0 0 0 0 0 0 0 0 0 0 0 0 0 0 0 0 0 0 0 0 0 0 0 0 0 0 0 0 0 0 0
4.30281 0.000350102 0.000157011 0.000193091 0.551527 0.93584 0 0 0 0 0 0 0 0 0 0 0 0 0 0 0 0 0 0 0 0 0 0 0 0 0 0 0 0 0 0 0 0 0 0 0 0 0 0 0 0 0 0 0 0 0 0 0 0 0 0 0 0 0 0 0 0 0 0 0 0 0 0 0 0 0 0 0 0 0 0 0 0 0 0 0 0 0 0 0 0 0 0
4.52368 0.000350591 0.000157569 0.000193022 0.550561 0.936738 0 0 0 0 0 0 0 0 0 0 0 0 0 0 0 0 0 0 0 0 0 0 0 0 0 0 0 0 0 0 0 0 0 0 0 0 0 0 0 0 0 0 0 0 0 0 0 0 0 0 0 0 0 0 0 0 0 0 0 0 0 0 0 0 0 0 0 0 0 0 0 0 0 0 0 0 0 0 0 0 0 0
4.75588 0.000351098 0.000158179 0.000192919 0.549473 0.937788 0 0 0 0 0 0 0 0 0 0 0 0 0 0 0 0 0 0 0 0 0 0 0 0 0 0 0 0 0 0 0 0 0 0 0 0 0 0 0 0 0 0 0 0 0 0 0 0 0 0 0 0 0 0 0 0 0 0 0 0 0 0 0 0 0 0 0 0 0 0 0 0 0 0 0 0 0 0 0 0 0 0
5 0.000351623 0.000158859 0.000192763 0.548211 0.93907 0 0 0 0 0 0 0 0 0 0 0 0 0 0 0 0 0 0 0 0 0 0 0 0 0 0 0 0 0 0 0 0 0 0 0 0 0 0 0 0 0 0 0 0 0 0 0 0 0 0 0 0 0 0 0 0 0 0 0 0 0 0 0 0 0 0 0 0 0 0 0 0 0 0 0 0 0 0 0 0 0 0
5.25665 0.000352161 0.000159617 0.000192543 0.546749 0.940602 0 0 0 0 0 0 0 0 0 0 0 0 0 0 0 0 0 0 0 0 0 0 0 0 0 0 0 0 0 0 0 0 0 0 0 0 0 0 0 0 0 0 0 0 0 0 0 0 0 0 0 0 0 0 0 0 0 0 0 0 0 0 0 0 0 0 0 0 0 0 0 0 0 0 0 0 0 0 0 0 0 0
5.52648 0.000352716 0.00016045 0.000192265 0.5451 0.942364 0 0 0 0 0 0 0 0 0 0 0 0 0 0 0 0 0 0 0 0 0 0 0 0 0 0 0 0 0 0 0 0 0 0 0 0 0 0 0 0 0 0 0 0 0 0 0 0 0 0 0 0 0 0 0 0 0 0 0 0 0 0 0 0 0 0 0 0 0 0 0 0 0 0 0 0 0 0 0 0 0 0
5.81015 0.000353291 0.000161398 0.000191892 0.543157 0.944516 0 0 0 0 0 0 0 0 0 0 0 0 0 0 0 0 0 0 0 0 0 0 0 0 0 0 0 0 0 0 0 0 0 0 0 0 0 0 0 0 0 0 0 0 0 0 0 0 0 0 0 0 0 0 0 0 0 0 0 0 0 0 0 0 0 0 0 0 0 0 0 0 0 0 0 0 0 0 0 0 0 0
6.10839 0.000353884 0.00016246 0.000191423 0.540922 0.947031 0 0 0 0 0 0 0 0 0 0 0 0 0 0 0 0 0 0 0 0 0 0 0 0 0 0 0 0 0 0 0 0 0 0 0 0 0 0 0 0 0 0 0 0 0 0 0 0 0 0 0 0 0 0 0 0 0 0 0 0 0 0 0 0 0 0 0 0 0 0 0 0 0 0 0 0 0 0 0 0 0 0
6.42193 0.000354484 0.000163686 0.000190798 0.538241 0.950081 0 0 0 0 0 0 0 0 0 0 0 0 0 0 0 0 0 0 0 0 0 0 0 0 0 0 0 0 0 0 0 0 0 0 0 0 0 0 0 0 0 0 0 0 0 0 0 0 0 0 0 0 0 0 0 0 0 0 0 0 0 0 0 0 0 0 0 0 0 0 0 0 0 0 0 0 0 0 0 0 0 0
6.75157 0.0003551 0.000165204 0.000189896 0.534769 0.954125 0 0 0 0 0 0 0 0 0 0 0 0 0 0 0 0 0 0 0 0 0 0 0 0 0 0 0 0 0 0 0 0 0 0 0 0 0 0 0 0 0 0 0 0 0 0 0 0 0 0 0 0 0 0 0 0 0 0 0 0 0 0 0 0 0 0 0 0 0 0 0 0 0 0 0 0 0 0 0 0 0 0
7.09813 0.00035572 0.000167237 0.000188484 0.529865 0.959909 0 0 0 0 0 0 0 0 0 0 0 0 0 0 0 0 0 0 0 0 0 0 0 0 0 0 0 0 0 0 0 0 0 0 0 0 0 0 0 0 0 0 0 0 0 0 0 0 0 0 0 0 0 0 0 0 0 0 0 0 0 0 0 0 0 0 0 0 0 0 0 0 0 0 0 0 0 0 0 0 0 0
7.46248 0.000356079 0.000170148 0.000185931 0.522163 0.968652 0 0 0 0 0 0 0 0 0 0 0 0 0 0 0 0 0 0 0 0 0 0 0 0 0 0 0 0 0 0 0 0 0 0 0 0 0 0 0 0 0 0 0 0 0 0 0 0 0 0 0 0 0 0 0 0 0 0 0 0 0 0 0 0 0 0 0 0 0 0 0 0 0 0 0 0 0 0 0 0 0 0
7.84553 0.00035432 0.000172005 0.000182316 0.51455 0.976646 0 0 0 0 0 0 0 0 0 0 0 0 0 0 0 0 0 0 0 0 0 0 0 0 0 0 0 0 0 0 0 0 0 0 0 0 0 0 0 0 0 0 0 0 0 0 0 0 0 0 0 0 0 0 0 0 0 0 0 0 0 0 0 0 0 0 0 0 0 0 0 0 0 0 0 0 0 0 0 0 0 0
8.24824 0.00035163 0.000166276 0.000185354 0.527128 0.966525 0 0 0 0 0 0 0 0 0 0 0 0 0 0 0 0 0 0 0 0 0 0 0 0 0 0 0 0 0 0 0 0 0 0 0 0 0 0 0 0 0 0 0 0 0 0 0 0 0 0 0 0 0 0 0 0 0 0 0 0 0 0 0 0 0 0 0 0 0 0 0 0 0 0 0 0 0 0 0 0 0 0
8.67162 0.00035337 0.000159247 0.000194123 0.549348 0.942337 0 0 0 0 0 0 0 0 0 0 0 0 0 0 0 0 0 0 0 0 0 0 0 0 0 0 0 0 0 0 0 0 0 0 0 0 0 0 0 0 0 0 0 0 0 0 0 0 0 0 0 0 0 0 0 0 0 0 0 0 0 0 0 0 0 0 0 0 0 0 0 0 0 0 0 0 0 0 0 0 0 0
9.11674 0.000356586 0.000150223 0.000206363 0.578719 0.902567 0 0 0 0 0 0 0 0 0 0 0 0 0 0 0 0 0 0 0 0 0 0 0 0 0 0 0 0 0 0 0 0 0 0 0 0 0 0 0 0 0 0 0 0 0 0 0 0 0 0 0 0 0 0 0 0 0 0 0 0 0 0 0 0 0 0 0 0 0 0 0 0 0 0 0 0 0 0 0 0 0 0
9.5847 0.000360166 0.000145451 0.000214715 0.596156 0.870363 0 0 0 0 0 0 0 0 0 0 0 0 0 0 0 0 0 0 0 0 0 0 0 0 0 0 0 0 0 0 0 0 0 0 0 0 0 0 0 0 0 0 0 0 0 0 0 0 0 0 0 0 0 0 0 0 0 0 0 0 0 0 0 0 0 0 0 0 0 0 0 0 0 0 0 0 0 0 0 0 0 0
10.0767 0.000362374 0.000144776 0.000217598 0.600478 0.85728 0 0 0 0 0 0 0 0 0 0 0 0 0 0 0 0 0 0 0 0 0 0 0 0 0 0 0 0 0 0 0 0 0 0 0 0 0 0 0 0 0 0 0 0 0 0 0 0 0 0 0 0 0 0 0 0 0 0 0 0 0 0 0 0 0 0 0 0 0 0 0 0 0 0 0 0 0 0 0 0 0 0
10.5939 0.000364272 0.000144075 0.000220197 0.604485 0.844987 0 0 0 0 0 0 0 0 0 0 0 0 0 0 0 0 0 0 0 0 0 0 0 0 0 0 0 0 0 0 0 0 0 0 0 0 0 0 0 0 0 0 0 0 0 0 0 0 0 0 0 0 0 0 0 0 0 0 0 0 0 0 0 0 0 0 0 0 0 0 0 0 0 0 0 0 0 0 0 0 0 0
11.1377 0.000365197 0.000145638 0.000219559 0.601207 0.844293 0 0 0 0 0 0 0 0 0 0 0 0 0 0 0 0 0 0 0 0 0 0 0 0 0 0 0 0 0 0 0 0 0 0 0 0 0 0 0 0 0 0 0 0 0 0 0 0 0 0 0 0 0 0 0 0 0 0 0 0 0 0 0 0 0 0 0 0 0 0 0 0 0 0 0 0 0 0 0 0 0 0
11.7094 0.000365862 0.000147169 0.000218693 0.597748 0.845262 0 0 0 0 0 0 0 0 0 0 0 0 0 0 0 0 0 0 0 0 0 0 0 0 0 0 0 0 0 0 0 0 0 0 0 0 0 0 0 0 0 0 0 0 0 0 0 0 0 0 0 0 0 0 0 0 0 0 0 0 0 0 0 0 0 0 0 0 0 0 0 0 0 0 0 0 0 0 0 0 0 0
12.3105 0.000366288 0.000149215 0.000217073 0.592629 0.849379 0 0 0 0 0 0 0 0 0 0 0 0 0 0 0 0 0 0 0 0 0 0 0 0 0 0 0 0 0 0 0 0 0 0 0 0 0 0 0 0 0 0 0 0 0 0 0 0 0 0 0 0 0 0 0 0 0 0 0 0 0 0 0 0 0 0 0 0 0 0 0 0 0 0 0 0 0 0 0 0 0 0
12.9424 0.000366639 0.000151939 0.0002147 0.58559 0.85734 0 0 0 0 0 0 0 0 0 0 0 0 0 0 0 0 0 0 0 0 0 0 0 0 0 0 0 0 0 0 0 0 0 0 0 0 0 0 0 0 0 0 0 0 0 0 0 0 0 0 0 0 0 0 0 0 0 0 0 0 0 0 0 0 0 0 0 0 0 0 0 0 0 0 0 0 0 0 0 0 0 0
13.6067 0.000367069 0.000155537 0.000211532 0.576272 0.869709 0 0 0 0 0 0 0 0 0 0 0 0 0 0 0 0 0 0 0 0 0 0 0 0 0 0 0 0 0 0 0 0 0 0 0 0 0 0 0 0 0 0 0 0 0 0 0 0 0 0 0 0 0 0 0 0 0 0 0 0 0 0 0 0 0 0 0 0 0 0 0 0 0 0 0 0 0 0 0 0 0 0
14.3051 0.000367705 0.000159757 0.000207948 0.565529 0.885243 0 0 0 0 0 0 0 0 0 0 0 0 0 0 0 0 0 0 0 0 0 0 0 0 0 0 0 0 0 0 0 0 0 0 0 0 0 0 0 0 0 0 0 0 0 0 0 0 0 0 0 0 0 0 0 0 0 0 0 0 0 0 0 0 0 0 0 0 0 0 0 0 0 0 0 0 0 0 0 0 0 0
15.0394 0.000368556 0.000162146 0.000206409 0.560049 0.893006 0 0 0 0 0 0 0 0 0 0 0 0 0 0 0 0 0 0 0 0 0 0 0 0 0 0 0 0 0 0 0 0 0 0 0 0 0 0 0 0 0 0 0 0 0 0 0 0 0 0 0 0 0 0 0 0 0 0 0 0 0 0 0 0 0 0 0 0 0 0 0 0 0 0 0 0 0 0 0 0 0 0
15.8114 0.000369587 0.000162622 0.000206965 0.55999 0.892479 0 0 0 0 0 0 0 0 0 0 0 0 0 0 0 0 0 0 0 0 0 0 0 0 0 0 0 0 0 0 0 0 0 0 0 0 0 0 0 0 0 0 0 0 0 0 0 0 0 0 0 0 0 0 0 0 0 0 0 0 0 0 0 0 0 0 0 0 0 0 0 0 0 0 0 0 0 0 0 0 0 0
16.623 0.000371017 0.000161499 0.000209518 0.564713 0.884699 0 0 0 0 0 0 0 0 0 0 0 0 0 0 0 0 0 0 0 0 0 0 0 0 0 0 0 0 0 0 0 0 0 0 0 0 0 0 0 0 0 0 0 0 0 0 0 0 0 0 0 0 0 0 0 0 0 0 0 0 0 0 0 0 0 0 0 0 0 0 0 0 0 0 0 0 0 0 0 0 0 0
17.4762 0.000373016 0.000159254 0.000213762 0.573063 0.871016 0 0 0 0 0 0 0 0 0 0 0 0 0 0 0 0 0 0 0 0 0 0 0 0 0 0 0 0 0 0 0 0 0 0 0 0 0 0 0 0 0 0 0 0 0 0 0 0 0 0 0 0 0 0 0 0 0 0 0 0 0 0 0 0 0 0 0 0 0 0 0 0 0 0 0 0 1.4013e-45 0 1.4013e-45 0 2.8026e-45 0
18.3733 0.000375437 0.000156648 0.000218789 0.582759 0.854504 0 0 0 0 0 0 0 0 0 0 0 0 0 0 0 0 0 0 0 0 0 0 0 0 0 0 0 0 0 0 0 0 0 0 0 0 0 0 0 0 0 0 0 0 0 0 0 0 0 0 0 0 0 0 0 0 0 0 1.4013e-45 0 1.4013e-45 0 2.8026e-45 0 5.60519e-45 0 1.12104e-44 0 2.10195e-44 0 3.92364e-44 0 6.86636e-44 0 1.23314e-43 0 2.14399e-43 0 3.71344e-43 0 6.23578e-43 0
19.3164 0.000377838 0.000154488 0.00022335 0.591126 0.839097 0 0 0 0 0 0 0 0 0 0 0 0 0 0 0 0 0 0 0 0 0 0 0 0 0 0 0 0 0 0 0 0 0 0 0 0 0 0 0 0 0 0 0 0 0 0 1.4013e-45 0 4.2039e-45 0 8.40779e-45 0 1.82169e-44 0 3.92364e-44 0 8.12753e-44 0 1.68156e-43 0 3.26503e-43 0 6.30584e-43 0 1.18129e-42 0 2.19443e-42 0 3.87599e-42 0 6.95464e-42 0 1.1883e-41 0 2.06215e-41 0 3.48489e-41 0 5.85855e-41 0 9.59974e-41 0
20.3079 0.000379718 0.000153498 0.00022622 0.595759 0.828661 0 0 0 0 0 0 0 0 0 0 0 0 0 0 0 0 0 0 0 0 0 0 0 0 0 0 0 0 0 0 0 0 0 0 1.4013e-45 0 2.8026e-45 0 7.00649e-45 0 1.96182e-44 0 5.1848e-44 0 1.30321e-43 0 3.09687e-43 0 6.92241e-43 0 1.53162e-42 0 3.3477e-42 0 6.91821e-42 0 1.38462e-41 0 2.74612e-41 0 5.16953e-41 0 9.65733e-41 0 1.75316e-40 0 3.16087e-40 0 5.43104e-40 0 9.47041e-40 0 1.57621e-39 0 2.66287e-39 0 4.38621e-39 0 7.18902e-39 0 1.14991e-38 0
21.3503 0.000381264 0.000153298 0.000227967 0.597923 0.822148 0 0 0 0 0 0 0 0 0 0 0 0 0 0 0 0 0 0 0 0 0 0 0 0 0 0 1.4013e-45 0 4.2039e-45 0 1.4013e-44 0 5.04467e-44 0 1.62551e-43 0 4.76441e-43 0 1.33544e-42 0 3.58592e-42 0 8.81557e-42 0 2.13418e-41 0 4.86531e-41 0 1.04704e-40 0 2.22798e-40 0 4.68894e-40 0 9.35292e-40 0 1.80956e-39 0 3.47101e-39 0 6.33532e-39 0 1.14797e-38 0 2.02418e-38 0 3.54598e-38 0 5.93382e-38 0 1.007e-37 0 1.63484e-37 0 2.69209e-37 0 4.32761e-37 0 6.92391e-37 0 1.0824e-36 0
22.4463 0.000382731 0.000153197 0.000229534 0.599728 0.816302 0 0 0 0 0 0 0 0 0 0 0 0 0 0 0 0 0 0 0 0 1.4013e-45 0 8.40779e-45 0 4.06377e-44 0 1.86373e-43 0 7.24471e-43 0 2.58399e-42 0 8.51709e-42 0 2.60543e-41 0 7.25326e-41 0 1.93404e-40 0 4.94873e-40 0 1.16412e-39 0 2.69932e-39 0 5.91107e-39 0 1.22535e-38 0 2.51305e-38 0 5.10019e-38 0 9.83598e-38 0 1.84267e-37 0 3.4239e-37 0 6.0684e-37 0 1.06815e-36 0 1.832e-36 0 3.12265e-36 0 5.09571e-36 0 8.42725e-36 0 1.33615e-35 0 2.14731e-35 0 3.37277e-35 0 5.27382e-35 0 8.06655e-35 0
23.5984 0.000384082 0.000153443 0.000230639 0.600494 0.812049 0 0 0 0 0 0 0 0 0 0 0 0 0 0 0 0 4.2039e-45 0 3.78351e-44 0 2.62043e-43 0 1.47417e-42 0 6.9112e-42 0 2.94889e-41 0 1.07019e-40 0 3.58706e-40 0 1.11542e-39 0 3.23091e-39 0 8.55611e-39 0 2.17478e-38 0 5.31521e-38 0 1.19919e-37 0 2.66876e-37 0 5.62473e-37 0 1.12523e-36 0 2.22818e-36 0 4.36844e-36 0 8.15891e-36 0 1.48235e-35 0 2.67231e-35 0 4.6058e-35 0 7.88628e-35 0 1.31743e-34 0 2.18785e-34 0 3.48591e-34 0 5.62509e-34 0 8.72019e-34 0 1.36932e-33 0 2.1039e-33 0 3.21873e-33 0 4.82209e-33 0
24.8097 0.000385449 0.000153624 0.000231824 0.60144 0.807613 0 0 0 0 0 0 0 0 0 0 0 0 4.2039e-45 0 7.70714e-44 0 8.09951e-43 0 6.41374e-42 0 4.01178e-41 0 2.07665e-40 0 9.03009e-40 0 3.58942e-39 0 1.22321e-38 0 3.86486e-38 0 1.13704e-37 0 3.12689e-37 0 7.89613e-37 0 1.91766e-36 0 4.48672e-36 0 9.72842e-36 0 2.08211e-35 0 4.23142e-35 0 8.18317e-35 0 1.56727e-34 0 2.97335e-34 0 5.38649e-34 0 9.50526e-34 0 1.66496e-33 0 2.79434e-33 0 4.66061e-33 0 7.59307e-33 0 1.23013e-32 0 1.9159e-32 0 3.02024e-32 0 4.58291e-32 0 7.03968e-32 0 1.05917e-31 0 1.58711e-31 0 2.33125e-31 0
26.0832 0.000386735 0.000154048 0.000232687 0.601671 0.804168 0 0 0 0 0 0 0 0 1.4013e-45 0 3.78351e-44 0 8.85621e-43 0 1.23609e-41 0 1.16344e-40 0 8.3215e-40 0 4.75971e-39 0 2.27379e-38 0 9.20264e-38 0 3.41965e-37 0 1.09765e-36 0 3.27869e-36 0 9.15085e-36 0 2.39523e-35 0 5.78106e-35 0 1.34447e-34 0 3.01775e-34 0 6.30067e-34 0 1.29931e-33 0 2.5507e-33 0 4.7765e-33 0 8.86244e-33 0 1.62959e-32 0 2.86772e-32 0 4.92212e-32 0 8.38893e-32 0 1.37278e-31 0 2.23316e-31 0 3.55259e-31 0 5.62146e-31 0 8.56791e-31 0 1.32097e-30 0 1.96404e-30 0 2.95434e-30 0 4.35722e-30 0 6.40145e-30 0 9.22796e-30 0
27.4221 0.000387999 0.00015446 0.000233539 0.601906 0.800692 0 0 0 0 0 0 1.4013e-45 0 1.52742e-43 0 6.27221e-42 0 1.25025e-40 0 1.53457e-39 0 1.29459e-38 0 8.41148e-38 0 4.41849e-37 0 1.95562e-36 0 7.39267e-36 0 2.57654e-35 0 7.81249e-35 0 2.2122e-34 0 5.87248e-34 0 1.46658e-33 0 3.39064e-33 0 7.5671e-33 0 1.63275e-32 0 3.28861e-32 0 6.54624e-32 0 1.24347e-31 0 2.25831e-31 0 4.06556e-31 0 7.25654e-31 0 1.24224e-30 0 2.07666e-30 0 3.44837e-30 0 5.50892e-30 0 8.75116e-30 0 1.36097e-29 0 2.10582e-29 0 3.1442e-29 0 4.74622e-29 0 6.92143e-29 0 1.02058e-28 0 1.47693e-28 0 2.12947e-28 0 3.01539e-28 0
28.8297 0.000389287 0.000154903 0.000234384 0.602084 0.797306 0 0 0 0 0 0 2.24208e-43 0 2.32882e-41 0 7.95336e-40 0 1.36991e-38 0 1.48769e-37 0 1.13094e-36 0 6.70654e-36 0 3.24883e-35 0 1.3372e-34 0 4.73715e-34 0 1.55339e-33 0 4.4618e-33 0 1.20081e-32 0 3.03928e-32 0 7.25851e-32 0 1.61084e-31 0 3.45684e-31 0 7.18391e-31 0 1.39832e-30 0 2.69147e-30 0 4.95483e-30 0 8.74026e-30 0 1.52896e-29 0 2.65289e-29 0 4.4238e-29 0 7.21208e-29 0 1.1683e-28 0 1.82421e-28 0 2.83309e-28 0 4.312e-28 0 6.53125e-28 0 9.56283e-28 0 1.41479e-27 0 2.02554e-27 0 2.93062e-27 0 4.16517e-27 0 5.8991e-27 0 8.21263e-27 0
30.3095 0.000390572 0.000155352 0.00023522 0.602244 0.793907 0 0 0 0 5.60519e-44 0 3.3051e-41 0 2.73665e-39 0 7.8664e-38 0 1.17914e-36 0 1.13976e-35 0 7.84746e-35 0 4.26622e-34 0 1.91345e-33 0 7.34996e-33 0 2.44785e-32 0 7.57471e-32 0 2.06645e-31 0 5.29903e-31 0 1.28175e-30 0 2.93373e-30 0 6.26213e-30 0 1.29466e-29 0 2.59614e-29 0 4.89162e-29 0 9.11907e-29 0 1.62948e-28 0 2.79582e-28 0 4.75907e-28 0 8.03825e-28 0 1.30736e-27 0 2.08112e-27 0 3.29278e-27 0 5.03077e-27 0 7.6469e-27 0 1.14024e-26 0 1.69243e-26 0 2.4323e-26 0 3.53034e-26 0 4.96656e-26 0 7.05736e-26 0 9.85966e-26 0 1.37289e-25 0 1.88068e-25 0
31.8653 0.000391856 0.000155993 0.000235864 0.601914 0.791126 0 0 0 0 8.80856e-42 0 3.77702e-39 0 2.52076e-37 0 6.15001e-36 0 8.07712e-35 0 6.98877e-34 0 4.37933e-33 0 2.1919e-32 0 9.13632e-32 0 3.28627e-31 0 1.03203e-30 0 3.02219e-30 0 7.85055e-30 0 1.92267e-29 0 4.45432e-29 0 9.79131e-29 0 2.01403e-28 0 4.01882e-28 0 7.78964e-28 0 1.42301e-27 0 2.57336e-27 0 4.46982e-27 0 7.4697e-27 0 1.2389e-26 0 2.03968e-26 0 3.23953e-26 0 5.04111e-26 0 7.79945e-26 0 1.16721e-25 0 1.73828e-25 0 2.54191e-25 0 3.70084e-25 0 5.22535e-25 0 7.4476e-25 0 1.03043e-24 0 1.43931e-24 0 1.97826e-24 0 2.71042e-24 0 3.65632e-24 0
33.5009 0.000393143 0.000156588 0.000236555 0.601702 0.788109 0 0 3.78351e-44 0 1.06053e-39 0 3.38278e-37 0 1.839e-35 0 3.83876e-34 0 4.44598e-33 0 3.46224e-32 0 1.98358e-31 0 9.17732e-31 0 3.56778e-30 0 1.20556e-29 0 3.58024e-29 0 9.94852e-29 0 2.46658e-28 0 5.78238e-28 0 1.28578e-27 0 2.71974e-27 0 5.40081e-27 0 1.04194e-26 0 1.95537e-26 0 3.46852e-26 0 6.09359e-26 0 1.03028e-25 0 1.67912e-25 0 2.71698e-25 0 4.36556e-25 0 6.77876e-25 0 1.03233e-24 0 1.56351e-24 0 2.29423e-24 0 3.35092e-24 0 4.81001e-24 0 6.87577e-24 0 9.54601e-24 0 1.33724e-23 0 1.82107e-23 0 2.50251e-23 0 3.38658e-23 0 4.56918e-23 0 6.07433e-23 0
35.2205 0.000394509 0.000157372 0.000237137 0.601094 0.785582 0 0 5.92049e-42 0 9.99709e-38 0 2.40646e-35 0 1.07637e-33 0 1.93706e-32 0 1.99059e-31 0 1.40233e-30 0 7.37786e-30 0 3.16749e-29 0 1.15241e-28 0 3.66926e-28 0 1.03329e-27 0 2.73148e-27 0 6.4786e-27 0 1.45689e-26 0 3.11562e-26 0 6.35357e-26 0 1.22012e-25 0 2.27958e-25 0 4.14851e-25 0 7.15573e-25 0 1.22302e-24 0 2.01549e-24 0 3.20737e-24 0 5.06933e-24 0 7.95881e-24 0 1.20956e-23 0 1.80458e-23 0 2.67829e-23 0 3.85712e-23 0 5.53041e-23 0 7.79965e-23 0 1.09565e-22 0 1.49698e-22 0 2.0628e-22 0 2.7671e-22 0 3.744e-22 0 4.99236e-22 0 6.63792e-22 0 8.70271e-22 0
37.0284 0.000395885 0.000158137 0.000237748 0.600548 0.782868 4.48416e-44 0 7.10243e-40 0 7.45695e-36 0 1.37338e-33 0 5.10255e-32 0 7.97416e-31 0 7.31344e-30 0 4.68375e-29 0 2.27231e-28 0 9.08567e-28 0 3.10358e-27 0 9.33853e-27 0 2.50017e-26 0 6.30279e-26 0 1.43319e-25 0 3.09789e-25 0 6.38359e-25 0 1.25727e-24 0 2.33872e-24 0 4.23814e-24 0 7.49062e-24 0 1.25811e-23 0 2.09476e-23 0 3.36891e-23 0 5.2409e-23 0 8.10029e-23 0 1.24404e-22 0 1.85242e-22 0 2.71022e-22 0 3.94561e-22 0 5.58193e-22 0 7.8639e-22 0 1.0906e-21 0 1.50681e-21 0 2.0276e-21 0 2.75058e-21 0 3.63718e-21 0 4.84913e-21 0 6.37578e-21 0 8.36023e-21 0 1.08168e-20 0
38.9291 0.000397272 0.000158859 0.000238413 0.600125 0.779878 6.6884e-42 0 6.66282e-38 0 4.45127e-34 0 6.35502e-32 0 1.97906e-30 0 2.70437e-29 0 2.22594e-28 0 1.30199e-27 0 5.84785e-27 0 2.18524e-26 0 7.03004e-26 0 2.00454e-25 0 5.11474e-25 0 1.23248e-24 0 2.69235e-24 0 5.60468e-24 0 1.11486e-23 0 2.12428e-23 0 3.83354e-23 0 6.74825e-23 0 1.16e-22 0 1.89961e-22 0 3.08509e-22 0 4.84783e-22 0 7.38065e-22 0 1.11675e-21 0 1.67955e-21 0 2.45276e-21 0 3.52251e-21 0 5.03498e-21 0 7.00345e-21 0 9.70283e-21 0 1.32431e-20 0 1.80106e-20 0 2.38869e-20 0 3.19253e-20 0 4.16439e-20 0 5.4746e-20 0 7.1026e-20 0 9.19087e-20 0 1.17429e-19 0
40.9273 0.000398663 0.000159535 0.000239128 0.599825 0.776624 7.78281e-40 0 4.9462e-36 0 2.14958e-32 0 2.40874e-30 0 6.34192e-29 0 7.6275e-28 0 5.66414e-27 0 3.03933e-26 0 1.26856e-25 0 4.44491e-25 0 1.35066e-24 0 3.65919e-24 0 8.91933e-24 0 2.05893e-23 0 4.32936e-23 0 8.69552e-23 0 1.67256e-22 0 3.08818e-22 0 5.4147e-22 0 9.27203e-22 0 1.55222e-21 0 2.48143e-21 0 3.93572e-21 0 6.04951e-21 0 9.02308e-21 0 1.33794e-20 0 1.97251e-20 0 2.82782e-20 0 3.99e-20 0 5.60459e-20 0 7.67115e-20 0 1.04601e-19 0 1.40615e-19 0 1.88386e-19 0 2.46429e-19 0 3.24726e-19 0 4.18117e-19 0 5.42374e-19 0 6.94774e-19 0 8.87805e-19 0 1.12083e-18 0
43.0281 0.00040007 0.000160357 0.000239713 0.599178 0.773682 7.10028e-38 0 2.94257e-34 0 8.49538e-31 0 7.5606e-29 0 1.69682e-27 0 1.80743e-26 0 1.21702e-25 0 6.01614e-25 0 2.34183e-24 0 7.71825e-24 0 2.22144e-23 0 5.73246e-23 0 1.33782e-22 0 2.9646e-22 0 6.0116e-22 0 1.16701e-21 0 2.17415e-21 0 3.89591e-21 0 6.6462e-21 0 1.10858e-20 0 1.80976e-20 0 2.82763e-20 0 4.38494e-20 0 6.60001e-20 0 9.65388e-20 0 1.4042e-19 0 2.03133e-19 0 2.86139e-19 0 3.97007e-19 0 5.48484e-19 0 7.39308e-19 0 9.92941e-19 0 1.31567e-18 0 1.73765e-18 0 2.24343e-18 0 2.91666e-18 0 3.70943e-18 0 4.75106e-18 0 6.01291e-18 0 7.59206e-18 0 9.47632e-18 0
45.2368 0.000401497 0.000161209 0.000240288 0.59848 0.770662 5.13551e-36 0 1.41715e-32 0 2.7728e-29 0 1.98206e-27 0 3.82148e-26 0 3.62654e-25 0 2.2248e-24 0 1.01725e-23 0 3.7055e-23 0 1.15218e-22 0 3.14935e-22 0 7.75937e-22 0 1.73745e-21 0 3.70348e-21 0 7.25509e-21 0 1.36352e-20 0 2.46425e-20 0 4.29176e-20 0 7.13304e-20 0 1.16044e-19 0 1.84962e-19 0 2.82762e-19 0 4.292e-19 0 6.33242e-19 0 9.09208e-19 0 1.29851e-18 0 1.84488e-18 0 2.55564e-18 0 3.48961e-18 0 4.74558e-18 0 6.30406e-18 0 8.34572e-18 0 1.09074e-17 0 1.42114e-17 0 1.81205e-17 0 2.32583e-17 0 2.92349e-17 0 3.69945e-17 0 4.62847e-17 0 5.77787e-17 0 7.13422e-17 0
47.5588 0.000402966 0.000162202 0.000240764 0.597481 0.767883 2.98048e-34 0 5.58628e-31 0 7.54955e-28 0 4.38116e-26 0 7.31071e-25 0 6.21593e-24 0 3.49014e-23 0 1.48165e-22 0 5.06706e-22 0 1.49065e-21 0 3.87931e-21 0 9.14619e-21 0 1.96894e-20 0 4.04467e-20 0 7.66756e-20 0 1.39733e-19 0 2.45342e-19 0 4.15871e-19 0 6.74256e-19 0 1.07116e-18 0 1.66889e-18 0 2.499e-18 0 3.71669e-18 0 5.38047e-18 0 7.59003e-18 0 1.06529e-17 0 1.4878e-17 0 2.02846e-17 0 2.72796e-17 0 3.65454e-17 0 4.78786e-17 0 6.25225e-17 0 8.06522e-17 0 1.03735e-16 0 1.30708e-16 0 1.65737e-16 0 2.06012e-16 0 2.57713e-16 0 3.18923e-16 0 3.93834e-16 0 4.81306e-16 0
50 0.000404461 0.000163192 0.00024127 0.596521 0.764874 1.40175e-32 0 1.81851e-29 0 1.72845e-26 0 8.2265e-25 0 1.19648e-23 0 9.16362e-23 0 4.72953e-22 0 1.87096e-21 0 6.02563e-21 0 1.68168e-20 0 4.17677e-20 0 9.44365e-20 0 1.95828e-19 0 3.88382e-19 0 7.13629e-19 0 1.26295e-18 0 2.15737e-18 0 3.56387e-18 0 5.64341e-18 0 8.76505e-18 0 1.33637e-17 0 1.96203e-17 0 2.86206e-17 0 4.0691e-17 0 5.64451e-17 0 7.79226e-17 0 1.07067e-16 0 1.43782e-16 0 1.90588e-16 0 2.51703e-16 0 3.25439e-16 0 4.19475e-16 0 5.34426e-16 0 6.78981e-16 0 8.45932e-16 0 1.06027e-15 0 1.304e-15 0 1.61352e-15 0 1.97608e-15 0 2.41523e-15 0 2.9229e-15 0
52.5665 0.000406003 0.000164296 0.000241706 0.595332 0.761991 5.40165e-31 0 4.93831e-28 0 3.35833e-25 0 1.32366e-23 0 1.68926e-22 0 1.17136e-21 0 5.58011e-21 0 2.0641e-20 0 6.27867e-20 0 1.66665e-19 0 3.95961e-19 0 8.60307e-19 0 1.72157e-18 0 3.30209e-18 0 5.88982e-18 0 1.01371e-17 0 1.68693e-17 0 2.71925e-17 0 4.2104e-17 0 6.4003e-17 0 9.5594e-17 0 1.37742e-16 0 1.97257e-16 0 2.75671e-16 0 3.76339e-16 0 5.11422e-16 0 6.91887e-16 0 9.15864e-16 0 1.19742e-15 0 1.56006e-15 0 1.99194e-15 0 2.53589e-15 0 3.19283e-15 0 4.00931e-15 0 4.94181e-15 0 6.12603e-15 0 7.45852e-15 0 9.13341e-15 0 1.10756e-14 0 1.34049e-14 0 1.60721e-14 0
55.2648 0.000407615 0.000165508 0.000242107 0.59396 0.759122 1.72203e-29 0 1.12855e-26 0 5.58174e-24 0 1.83872e-22 0 2.07225e-21 0 1.3073e-20 0 5.77068e-20 0 2.00253e-19 0 5.76935e-19 0 1.46017e-18 0 3.32555e-18 0 6.95681e-18 0 1.34577e-17 0 2.50049e-17 0 4.33579e-17 0 7.26718e-17 0 1.17964e-16 0 1.85772e-16 0 2.81568e-16 0 4.19354e-16 0 6.14192e-16 0 8.69349e-16 0 1.22334e-15 0 1.68193e-15 0 2.26149e-15 0 3.02756e-15 0 4.03589e-15 0 5.26973e-15 0 6.80017e-15 0 8.74593e-15 0 1.10346e-14 0 1.38833e-14 0 1.72844e-14 0 2.14644e-14 0 2.6188e-14 0 3.21247e-14 0 3.87383e-14 0 4.69705e-14 0 5.64247e-14 0 6.76582e-14 0 8.04048e-14 0
58.1015 0.00040925 0.00016677 0.00024248 0.592499 0.756157 4.5825e-28 0 2.18813e-25 0 7.99423e-23 0 2.22035e-21 0 2.22325e-20 0 1.28193e-19 0 5.26299e-19 0 1.7187e-18 0 4.70233e-18 0 1.13737e-17 0 2.48832e-17 0 5.02115e-17 0 9.40532e-17 0 1.69548e-16 0 2.86196e-16 0 4.67746e-16 0 7.41521e-16 0 1.14215e-15 0 1.69632e-15 0 2.47776e-15 0 3.56198e-15 0 4.95695e-15 0 6.85999e-15 0 9.28611e-15 0 1.23068e-14 0 1.62426e-14 0 2.13504e-14 0 2.75169e-14 0 3.50691e-14 0 4.45528e-14 0 5.55774e-14 0 6.91454e-14 0 8.51683e-14 0 1.04653e-13 0 1.26449e-13 0 1.53575e-13 0 1.83507e-13 0 2.2042e-13 0 2.62426e-13 0 3.11895e-13 0 3.67545e-13 0
61.0839 0.000410988 0.000168163 0.000242824 0.590831 0.753243 1.02745e-26 0 3.6302e-24 0 9.94291e-22 0 2.34787e-20 0 2.10082e-19 0 1.11203e-18 0 4.26125e-18 0 1.31344e-17 0 3.42122e-17 0 7.92576e-17 0 1.66896e-16 0 3.2543e-16 0 5.91179e-16 0 1.03548e-15 0 1.70378e-15 0 2.71859e-15 0 4.21392e-15 0 6.35516e-15 0 9.25816e-15 0 1.32752e-14 0 1.8749e-14 0 2.5674e-14 0 3.49713e-14 0 4.66447e-14 0 6.09734e-14 0 7.93903e-14 0 1.02972e-13 0 1.31079e-13 0 1.65088e-13 0 2.07296e-13 0 2.55815e-13 0 3.14891e-13 0 3.83933e-13 0 4.67047e-13 0 5.59131e-13 0 6.72664e-13 0 7.96808e-13 0 9.48563e-13 0 1.11976e-12 0 1.31966e-12 0 1.54271e-12 0
64.2193 0.000412758 0.000169628 0.000243129 0.589037 0.750178 1.95656e-25 0 5.19102e-23 0 1.08099e-20 0 2.18746e-19 0 1.75869e-18 0 8.58186e-18 0 3.07975e-17 0 8.98508e-17 0 2.23353e-16 0 4.96635e-16 0 1.00845e-15 0 1.90329e-15 0 3.35822e-15 0 5.72331e-15 0 9.19091e-15 0 1.43344e-14 0 2.17485e-14 0 3.21483e-14 0 4.5981e-14 0 6.47819e-14 0 8.99641e-14 0 1.21316e-13 0 1.62774e-13 0 2.14076e-13 0 2.76202e-13 0 3.55023e-13 0 4.54669e-13 0 5.71994e-13 0 7.12332e-13 0 8.84565e-13 0 1.08045e-12 0 1.31654e-12 0 1.58974e-12 0 1.91547e-12 0 2.27307e-12 0 2.71005e-12 0 3.18377e-12 0 3.758e-12 0 4.40044e-12 0 5.14461e-12 0 5.96845e-12 0
67.5157 0.000414615 0.000171178 0.000243438 0.587141 0.747066 3.19009e-24 0 6.44503e-22 0 1.03417e-19 0 1.80693e-18 0 1.31217e-17 0 5.92617e-17 0 1.99809e-16 0 5.53245e-16 0 1.31547e-15 0 2.81307e-15 0 5.51795e-15 0 1.00963e-14 0 1.7327e-14 0 2.87712e-14 0 4.51466e-14 0 6.89007e-14 0 1.02432e-13 0 1.48551e-13 0 2.08789e-13 0 2.89277e-13 0 3.95336e-13 0 5.25383e-13 0 6.94879e-13 0 9.01743e-13 0 1.14905e-12 0 1.45897e-12 0 1.84603e-12 0 2.2965e-12 0 2.82947e-12 0 3.47665e-12 0 4.20528e-12 0 5.07496e-12 0 6.07192e-12 0 7.24975e-12 0 8.53162e-12 0 1.00848e-11 0 1.17548e-11 0 1.37631e-11 0 1.59922e-11 0 1.85546e-11 0 2.13703e-11 0
70.9813 0.000416584 0.000172876 0.000243708 0.585015 0.743884 4.48898e-23 0 6.99858e-21 0 8.76402e-19 0 1.33166e-17 0 8.77819e-17 0 3.68314e-16 0 1.17028e-15 0 3.08316e-15 0 7.02735e-15 0 1.44803e-14 0 2.74845e-14 0 4.88269e-14 0 8.16152e-14 0 1.32206e-13 0 2.02939e-13 0 3.03389e-13 0 4.42387e-13 0 6.30031e-13 0 8.70916e-13 0 1.1876e-12 0 1.59845e-12 0 2.09497e-12 0 2.73327e-12 0 3.50211e-12 0 4.41008e-12 0 5.53465e-12 0 6.923e-12 0 8.52103e-12 0 1.03922e-11 0 1.26414e-11 0 1.51493e-11 0 1.81153e-11 0 2.1485e-11 0 2.54316e-11 0 2.96913e-11 0 3.48112e-11 0 4.02734e-11 0 4.67922e-11 0 5.39738e-11 0 6.21692e-11 0 7.11114e-11 0
74.6248 0.000418548 0.00017462 0.000243927 0.582794 0.740451 5.48787e-22 0 6.68654e-20 0 6.61419e-18 0 8.79978e-17 0 5.29049e-16 0 2.06967e-15 0 6.21523e-15 0 1.5618e-14 0 3.41941e-14 0 6.80151e-14 0 1.25121e-13 0 2.1613e-13 0 3.52317e-13 0 5.57426e-13 0 8.37944e-13 0 1.22835e-12 0 1.75844e-12 0 2.46144e-12 0 3.34918e-12 0 4.49836e-12 0 5.96738e-12 0 7.71841e-12 0 9.94015e-12 0 1.2583e-11 0 1.5668e-11 0 1.94465e-11 0 2.40602e-11 0 2.93152e-11 0 3.54076e-11 0 4.2661e-11 0 5.06749e-11 0 6.00694e-11 0 7.06523e-11 0 8.29446e-11 0 9.61082e-11 0 1.11809e-10 0 1.28436e-10 0 1.48136e-10 0 1.69684e-10 0 1.94105e-10 0 2.20572e-10 0
78.4553 0.000420645 0.00017646 0.000244185 0.580501 0.736921 5.87041e-21 0 5.65756e-19 0 4.47185e-17 0 5.2433e-16 0 2.88797e-15 0 1.057e-14 0 3.00826e-14 0 7.22677e-14 0 1.52284e-13 0 2.92906e-13 0 5.2303e-13 0 8.79677e-13 0 1.40017e-12 0 2.16623e-12 0 3.1922e-12 0 4.5929e-12 0 6.46078e-12 0 8.89642e-12 0 1.19243e-11 0 1.57868e-11 0 2.06554e-11 0 2.63828e-11 0 3.356e-11 0 4.19967e-11 0 5.17361e-11 0 6.3539e-11 0 7.78008e-11 0 9.38835e-11 0 1.12354e-10 0 1.34144e-10 0 1.5801e-10 0 1.85754e-10 0 2.16756e-10 0 2.52483e-10 0 2.90456e-10 0 3.35419e-10 0 3.82699e-10 0 4.38334e-10 0 4.98779e-10 0 5.66828e-10 0 6.40111e-10 0
82.4824 0.000422904 0.000178469 0.000244434 0.57799 0.733348 5.53304e-20 0 4.26638e-18 0 2.72431e-16 0 2.83253e-15 0 1.43544e-14 0 4.93124e-14 0 1.33358e-13 0 3.06947e-13 0 6.23692e-13 0 1.16191e-12 0 2.01687e-12 0 3.30712e-12 0 5.14578e-12 0 7.79333e-12 0 1.1269e-11 0 1.59283e-11 0 2.20359e-11 0 2.9873e-11 0 3.94718e-11 0 5.15464e-11 0 6.65635e-11 0 8.40107e-11 0 1.05617e-10 0 1.30729e-10 0 1.59414e-10 0 1.93828e-10 0 2.34999e-10 0 2.80988e-10 0 3.33334e-10 0 3.94552e-10 0 4.61045e-10 0 5.37734e-10 0 6.2277e-10 0 7.20034e-10 0 8.2268e-10 0 9.43381e-10 0 1.06945e-09 0 1.21683e-09 0 1.37592e-09 0 1.55391e-09 0 1.74442e-09 0
86.7162 0.000425258 0.000180529 0.000244729 0.575483 0.729556 4.62049e-19 0 2.88169e-17 0 1.50213e-15 0 1.39308e-14 0 6.52193e-14 0 2.10949e-13 0 5.43432e-13 0 1.20092e-12 0 2.35715e-12 0 4.25989e-12 0 7.19795e-12 0 1.15211e-11 0 1.75438e-11 0 2.60371e-11 0 3.69774e-11 0 5.13904e-11 0 6.9978e-11 0 9.34667e-11 0 1.21831e-10 0 1.57039e-10 0 2.00274e-10 0 2.49913e-10 0 3.10695e-10 0 3.80582e-10 0 4.5962e-10 0 5.53533e-10 0 6.64827e-10 0 7.88026e-10 0 9.27064e-10 0 1.08833e-09 0 1.26211e-09 0 1.46102e-09 0 1.67998e-09 0 1.92865e-09 0 2.1893e-09 0 2.49378e-09 0 2.80977e-09 0 3.1769e-09 0 3.57077e-09 0 4.0088e-09 0 4.47494e-09 0
91.1674 0.000427667 0.000182625 0.000245041 0.572973 0.725455 3.43857e-18 0 1.75267e-16 0 7.5323e-15 0 6.26571e-14 0 2.72043e-13 0 8.30901e-13 0 2.04386e-12 0 4.34517e-12 0 8.2524e-12 0 1.44891e-11 0 2.38633e-11 0 3.73287e-11 0 5.5687e-11 0 8.10685e-11 0 1.13177e-10 0 1.54783e-10 0 2.07615e-10 0 2.73411e-10 0 3.518e-10 0 4.47884e-10 0 5.6445e-10 0 6.96776e-10 0 8.57082e-10 0 1.03953e-09 0 1.2439e-09 0 1.48452e-09 0 1.76713e-09 0 2.07728e-09 0 2.42448e-09 0 2.82401e-09 0 3.25134e-09 0 3.73698e-09 0 4.26782e-09 0 4.86663e-09 0 5.49025e-09 0 6.21418e-09 0 6.96094e-09 0 7.82342e-09 0 8.74332e-09 0 9.76056e-09 0 1.08372e-08 0
95.847 0.000430102 0.000184976 0.000245126 0.569926 0.720879 2.29607e-17 0 9.65939e-16 0 3.4549e-14 0 2.59154e-13 0 1.04735e-12 0 3.0292e-12 0 7.13091e-12 0 1.46119e-11 0 2.68955e-11 0 4.59417e-11 0 7.38441e-11 0 1.13016e-10 0 1.65337e-10 0 2.36323e-10 0 3.24591e-10 0 4.37184e-10 0 5.78058e-10 0 7.5109e-10 0 9.54612e-10 0 1.20109e-09 0 1.49669e-09 0 1.82866e-09 0 2.22675e-09 0 2.67542e-09 0 3.17348e-09 0 3.75481e-09 0 4.43174e-09 0 5.16859e-09 0 5.98713e-09 0 6.92201e-09 0 7.91481e-09 0 9.03539e-09 0 1.02522e-08 0 1.16159e-08 0 1.30275e-08 0 1.46564e-08 0 1.63269e-08 0 1.82455e-08 0 2.02805e-08 0 2.25187e-08 0 2.48752e-08 0
100.767 0.000432031 0.000187443 0.000244587 0.566134 0.715049 1.38197e-16 0 4.84368e-15 0 1.45484e-13 0 9.8903e-13 0 3.73362e-12 0 1.02529e-11 0 2.31478e-11 0 4.57995e-11 0 8.18269e-11 0 1.36167e-10 0 2.13853e-10 0 3.20566e-10 0 4.60341e-10 0 6.46607e-10 0 8.74463e-10 0 1.16079e-09 0 1.51405e-09 0 1.94226e-09 0 2.43982e-09 0 3.03555e-09 0 3.7422e-09 0 4.52774e-09 0 5.46064e-09 0 6.50237e-09 0 7.64883e-09 0 8.97596e-09 0 1.05088e-08 0 1.21643e-08 0 1.399e-08 0 1.60604e-08 0 1.82441e-08 0 2.06929e-08 0 2.33352e-08 0 2.62785e-08 0 2.93073e-08 0 3.27826e-08 0 3.63272e-08 0 4.03765e-08 0 4.46487e-08 0 4.93235e-08 0 5.42208e-08 0
105.939 0.00043371 0.00018951 0.0002442 0.563049 0.707556 7.51516e-16 0 2.2141e-14 0 5.63236e-13 0 3.48694e-12 0 1.23366e-11 0 3.22474e-11 0 6.99665e-11 0 1.33897e-10 0 2.32542e-10 0 3.77465e-10 0 5.79897e-10 0 8.52254e-10 0 1.20242e-09 0 1.66117e-09 0 2.21368e-09 0 2.89816e-09 0 3.73141e-09 0 4.7289e-09 0 5.87455e-09 0 7.23138e-09 0 8.82415e-09 0 1.05776e-08 0 1.26409e-08 0 1.49246e-08 0 1.74174e-08 0 2.02804e-08 0 2.35616e-08 0 2.70794e-08 0 3.09316e-08 0 3.52707e-08 0 3.98178e-08 0 4.48854e-08 0 5.03208e-08 0 5.63401e-08 0 6.25e-08 0 6.95299e-08 0 7.66626e-08 0 8.47693e-08 0 9.32796e-08 0 1.02546e-07 0 1.12208e-07 0
111.377 0.000437277 0.000191886 0.000245391 0.56118 0.70216 3.72422e-15 0 9.30163e-14 0 2.02037e-12 0 1.14427e-11 0 3.80618e-11 0 9.4932e-11 0 1.98328e-10 0 3.67709e-10 0 6.21626e-10 0 9.85447e-10 0 1.48253e-09 0 2.13824e-09 0 2.96652e-09 0 4.03413e-09 0 5.30105e-09 0 6.84948e-09 0 8.71063e-09 0 1.09122e-08 0 1.34131e-08 0 1.63444e-08 0 1.97515e-08 0 2.34677e-08 0 2.78024e-08 0 3.25601e-08 0 3.7713e-08 0 4.3587e-08 0 5.02696e-08 0 5.73838e-08 0 6.51229e-08 0 7.37838e-08 0 8.28043e-08 0 9.27985e-08 0 1.03457e-07 0 1.15195e-07 0 1.27144e-07 0 1.40711e-07 0 1.54408e-07 0 1.699e-07 0 1.86085e-07 0 2.03628e-07 0 2.21836e-07 0
117.094 0.000442466 0.000194469 0.000247998 0.560489 0.699378 1.68872e-14 0 3.60452e-13 0 6.73671e-12 0 3.50571e-11 0 1.09964e-10 0 2.62299e-10 0 5.28622e-10 0 9.50985e-10 0 1.56699e-09 0 2.42885e-09 0 3.58187e-09 0 5.07455e-09 0 6.9286e-09 0 9.28178e-09 0 1.20352e-08 0 1.53572e-08 0 1.93023e-08 0 2.39163e-08 0 2.91027e-08 0 3.51223e-08 0 4.20532e-08 0 4.95466e-08 0 5.82145e-08 0 6.76529e-08 0 7.77993e-08 0 8.92839e-08 0 1.02258e-07 0 1.15978e-07 0 1.30808e-07 0 1.47304e-07 0 1.64385e-07 0 1.83203e-07 0 2.03164e-07 0 2.25031e-07 0 2.47179e-07 0 2.72203e-07 0 2.97348e-07 0 3.25658e-07 0 3.551e-07 0 3.86871e-07 0 4.19706e-07 0
123.105 0.000447702 0.000196845 0.000250856 0.56032 0.698173 7.02203e-14 0 1.29078e-12 0 2.09107e-11 0 1.00398e-10 0 2.97824e-10 0 6.80879e-10 0 1.32605e-09 0 2.31812e-09 0 3.72769e-09 0 5.65563e-09 0 8.18377e-09 0 1.13987e-08 0 1.53285e-08 0 2.02435e-08 0 2.59177e-08 0 3.26806e-08 0 4.06197e-08 0 4.98056e-08 0 6.00283e-08 0 7.17825e-08 0 8.51954e-08 0 9.95759e-08 0 1.16079e-07 0 1.33913e-07 0 1.5295e-07 0 1.74352e-07 0 1.98369e-07 0 2.23605e-07 0 2.50721e-07 0 2.80706e-07 0 3.11582e-07 0 3.45418e-07 0 3.81123e-07 0 4.20043e-07 0 4.59275e-07 0 5.03396e-07 0 5.4753e-07 0 5.97002e-07 0 6.48232e-07 0 7.03281e-07 0 7.59943e-07 0
129.424 0.000451874 0.000200078 0.000251796 0.557226 0.695551 2.70337e-13 0 4.31084e-12 0 6.09572e-11 0 2.7109e-10 0 7.62592e-10 0 1.67444e-09 0 3.15664e-09 0 5.36981e-09 0 8.43702e-09 0 1.25427e-08 0 1.7825e-08 0 2.44289e-08 0 3.23793e-08 0 4.21848e-08 0 5.33616e-08 0 6.65282e-08 0 8.18166e-08 0 9.93252e-08 0 1.18626e-07 0 1.40621e-07 0 1.65506e-07 0 1.91975e-07 0 2.22123e-07 0 2.54467e-07 0 2.88761e-07 0 3.27069e-07 0 3.69786e-07 0 4.14399e-07 0 4.62063e-07 0 5.14479e-07 0 5.68165e-07 0 6.26704e-07 0 6.88171e-07 0 7.54854e-07 0 8.21768e-07 0 8.96687e-07 0 9.71307e-07 0 1.05461e-06 0 1.14051e-06 0 1.23245e-06 0 1.32672e-06 0
136.067 0.000452552 0.000203961 0.000248592 0.549311 0.687537 9.6621e-13 0 1.34589e-11 0 1.67226e-10 0 6.91431e-10 0 1.84926e-09 0 3.90749e-09 0 7.14183e-09 0 1.1838e-08 0 1.8194e-08 0 2.65291e-08 0 3.70601e-08 0 5.0015e-08 0 6.53867e-08 0 8.40946e-08 0 1.05162e-07 0 1.29705e-07 0 1.57909e-07 0 1.89895e-07 0 2.24837e-07 0 2.64321e-07 0 3.08633e-07 0 3.55408e-07 0 4.08302e-07 0 4.64662e-07 0 5.2404e-07 0 5.89962e-07 0 6.63027e-07 0 7.38898e-07 0 8.19519e-07 0 9.07709e-07 0 9.97583e-07 0 1.09511e-06 0 1.19704e-06 0 1.30711e-06 0 1.41709e-06 0 1.53971e-06 0 1.66135e-06 0 1.7966e-06 0 1.93552e-06 0 2.08365e-06 0 2.23497e-06 0
143.051 0.000445116 0.000206448 0.000238668 0.536193 0.672336 3.18605e-12 0 3.90246e-11 0 4.28749e-10 0 1.65406e-09 0 4.21639e-09 0 8.58969e-09 0 1.52441e-08 0 2.46521e-08 0 3.71015e-08 0 5.31115e-08 0 7.29937e-08 0 9.70781e-08 0 1.25265e-07 0 1.59137e-07 0 1.96843e-07 0 2.40311e-07 0 2.89768e-07 0 3.45339e-07 0 4.05526e-07 0 4.7299e-07 0 5.4812e-07 0 6.26857e-07 0 7.15289e-07 0 8.08901e-07 0 9.06928e-07 0 1.01512e-06 0 1.13436e-06 0 1.2575e-06 0 1.38767e-06 0 1.52935e-06 0 1.67304e-06 0 1.82826e-06 0 1.98976e-06 0 2.16342e-06 0 2.33621e-06 0 2.5281e-06 0 2.71771e-06 0 2.92774e-06 0 3.14269e-06 0 3.37105e-06 0 3.6035e-06 0
150.394 0.000440203 0.000209177 0.000231026 0.524816 0.638973 9.80663e-12 0 1.06287e-10 0 1.03879e-09 0 3.75187e-09 0 9.13683e-09 0 1.79781e-08 0 3.10245e-08 0 4.90079e-08 0 7.22993e-08 0 1.01701e-07 0 1.37619e-07 0 1.80497e-07 0 2.30023e-07 0 2.88828e-07 0 3.53573e-07 0 4.27466e-07 0 5.10753e-07 0 6.03512e-07 0 7.03156e-07 0 8.13996e-07 0 9.36526e-07 0 1.06406e-06 0 1.20637e-06 0 1.35609e-06 0 1.51196e-06 0 1.68305e-06 0 1.87057e-06 0 2.06321e-06 0 2.26587e-06 0 2.48538e-06 0 2.70701e-06 0 2.94536e-06 0 3.19233e-06 0 3.45679e-06 0 3.71891e-06 0 4.00889e-06 0 4.29437e-06 0 4.60947e-06 0 4.9308e-06 0 5.271e-06 0 5.61615e-06 0
158.114 0.000447617 0.000212847 0.000234771 0.52449 0.611149 2.83642e-11 0 2.73654e-10 0 2.39281e-09 0 8.11707e-09 0 1.89267e-08 0 3.60305e-08 0 6.05427e-08 0 9.35251e-08 0 1.35379e-07 0 1.87287e-07 0 2.49717e-07 0 3.23212e-07 0 4.0705e-07 0 5.05463e-07 0 6.1269e-07 0 7.33902e-07 0 8.69307e-07 0 1.01885e-06 0 1.17824e-06 0 1.35426e-06 0 1.54749e-06 0 1.7473e-06 0 1.96888e-06 0 2.20062e-06 0 2.44056e-06 0 2.70255e-06 0 2.98821e-06 0 3.28022e-06 0 3.58597e-06 0 3.91566e-06 0 4.24708e-06 0 4.60203e-06 0 4.96834e-06 0 5.35907e-06 0 5.7449e-06 0 6.17019e-06 0 6.58742e-06 0 7.04636e-06 0 7.51282e-06 0 8.00504e-06 0 8.50285e-06 0
166.23 0.000454679 0.000216116 0.000238563 0.524684 0.609945 7.6847e-11 0 6.63734e-10 0 5.22064e-09 0 1.66845e-08 0 3.73282e-08 0 6.88625e-08 0 1.12816e-07 0 1.70614e-07 0 2.42547e-07 0 3.3027e-07 0 4.34221e-07 0 5.54983e-07 0 6.91114e-07 0 8.4918e-07 0 1.0197e-06 0 1.21071e-06 0 1.42228e-06 0 1.65408e-06 0 1.89933e-06 0 2.16828e-06 0 2.46157e-06 0 2.76297e-06 0 3.09527e-06 0 3.44084e-06 0 3.79677e-06 0 4.18347e-06 0 4.60302e-06 0 5.02989e-06 0 5.47485e-06 0 5.95258e-06 0 6.43085e-06 0 6.94107e-06 0 7.46558e-06 0 8.023e-06 0 8.57147e-06 0 9.17397e-06 0 9.76308e-06 0 1.0409e-05 0 1.10634e-05 0 1.17517e-05 0 1.24458e-05 0
174.763 0.000467002 0.000215983 0.000251019 0.537511 0.593941 1.92967e-10 0 1.50014e-09 0 1.06691e-08 0 3.22168e-08 0 6.92997e-08 0 1.24077e-07 0 1.98432e-07 0 2.94094e-07 0 4.10968e-07 0 5.51233e-07 0 7.15112e-07 0 9.03109e-07 0 1.11265e-06 0 1.35345e-06 0 1.61077e-06 0 1.89654e-06 0 2.21051e-06 0 2.55189e-06 0 2.91054e-06 0 3.30126e-06 0 3.72466e-06 0 4.15721e-06 0 4.63143e-06 0 5.12198e-06 0 5.62472e-06 0 6.16831e-06 0 6.75533e-06 0 7.3499e-06 0 7.96705e-06 0 8.62695e-06 0 9.28499e-06 0 9.98436e-06 0 1.07007e-05 0 1.14593e-05 0 1.22033e-05 0 1.30178e-05 0 1.38117e-05 0 1.46795e-05 0 1.5556e-05 0 1.64753e-05 0 1.73995e-05 0
183.733 0.00048792 0.000205671 0.000282249 0.578474 0.561841 4.36027e-10 0 3.06675e-09 0 1.98188e-08 0 5.67018e-08 0 1.17491e-07 0 2.04463e-07 0 3.19579e-07 0 4.64633e-07 0 6.38758e-07 0 8.44574e-07 0 1.08183e-06 0 1.35075e-06 0 1.64728e-06 0 1.98471e-06 0 2.34206e-06 0 2.73568e-06 0 3.1648e-06 0 3.62803e-06 0 4.11144e-06 0 4.63479e-06 0 5.1985e-06 0 5.77117e-06 0 6.39568e-06 0 7.03841e-06 0 7.69401e-06 0 8.39966e-06 0 9.15829e-06 0 9.92341e-06 0 1.07144e-05 0 1.15569e-05 0 1.23938e-05 0 1.32802e-05 0 1.4185e-05 0 1.51399e-05 0 1.60733e-05 0 1.70922e-05 0 1.80822e-05 0 1.91613e-05 0 2.02479e-05 0 2.13845e-05 0 2.25241e-05 0
193.164 0.000514492 0.000202463 0.00031203 0.606481 0.572389 9.64573e-10 0 6.16791e-09 0 3.63889e-08 0 9.8901e-08 0 1.9777e-07 0 3.34983e-07 0 5.1229e-07 0 7.31328e-07 0 9.89898e-07 0 1.29113e-06 0 1.63395e-06 0 2.01813e-06 0 2.43745e-06 0 2.91013e-06 0 3.40646e-06 0 3.9489e-06 0 4.53594e-06 0 5.1653e-06 0 5.81791e-06 0 6.52022e-06 0 7.27238e-06 0 8.03243e-06 0 8.8571e-06 0 9.70172e-06 0 1.05594e-05 0 1.14786e-05 0 1.24625e-05 0 1.34509e-05 0 1.44688e-05 0 1.55489e-05 0 1.66182e-05 0 1.77467e-05 0 1.88949e-05 0 2.01029e-05 0 2.12801e-05 0 2.25612e-05 0 2.38025e-05 0 2.51516e-05 0 2.65065e-05 0 2.79198e-05 0 2.93333e-05 0
203.079 0.000536707 0.000212924 0.000323783 0.603277 0.613622 2.16465e-09 0 1.26429e-08 0 6.8398e-08 0 1.77041e-07 0 3.42247e-07 0 5.64974e-07 0 8.4628e-07 0 1.18731e-06 0 1.58351e-06 0 2.03876e-06 0 2.55061e-06 0 3.118e-06 0 3.73129e-06 0 4.41651e-06 0 5.13016e-06 0 5.90433e-06 0 6.73634e-06 0 7.62249e-06 0 8.53583e-06 0 9.51316e-06 0 1.05542e-05 0 1.16008e-05 0 1.27309e-05 0 1.38831e-05 0 1.5048e-05 0 1.62914e-05 0 1.76171e-05 0 1.89436e-05 0 2.03047e-05 0 2.17439e-05 0 2.31639e-05 0 2.46578e-05 0 2.61728e-05 0 2.7762e-05 0 2.93062e-05 0 3.09819e-05 0 3.26012e-05 0 3.43565e-05 0 3.61147e-05 0 3.7944e-05 0 3.97689e-05 0
213.503 0.000525269 0.000211202 0.000314067 0.597916 0.600925 4.36171e-09 0 2.3372e-08 0 1.16438e-07 0 2.87713e-07 0 5.38576e-07 0 8.67577e-07 0 1.27417e-06 0 1.75831e-06 0 2.31232e-06 0 2.9406e-06 0 3.63885e-06 0 4.40491e-06 0 5.22532e-06 0 6.1342e-06 0 7.0735e-06 0 8.08526e-06 0 9.16542e-06 0 1.03087e-05 0 1.14803e-05 0 1.27273e-05 0 1.40486e-05 0 1.53706e-05 0 1.67917e-05 0 1.82341e-05 0 1.96865e-05 0 2.12308e-05 0 2.28709e-05 0 2.4506e-05 0 2.61779e-05 0 2.79399e-05 0 2.96727e-05 0 3.14902e-05 0 3.3328e-05 0 3.525e-05 0 3.71125e-05 0 3.91283e-05 0 4.10712e-05 0 4.31718e-05 0 4.52707e-05 0 4.74493e-05 0 4.96175e-05 0
224.463 0.00050041 0.000199958 0.000300452 0.600411 0.541234 8.0049e-09 0 3.95185e-08 0 1.82033e-07 0 4.30361e-07 0 7.81317e-07 0 1.22964e-06 0 1.77234e-06 0 2.40762e-06 0 3.12416e-06 0 3.92668e-06 0 4.80879e-06 0 5.76711e-06 0 6.78443e-06 0 7.90239e-06 0 9.04928e-06 0 1.02764e-05 0 1.15782e-05 0 1.29479e-05 0 1.43439e-05 0 1.58221e-05 0 1.73807e-05 0 1.8933e-05 0 2.05943e-05 0 2.22736e-05 0 2.39581e-05 0 2.57423e-05 0 2.76304e-05 0 2.95062e-05 0 3.1418e-05 0 3.34262e-05 0 3.53952e-05 0 3.74544e-05 0 3.95307e-05 0 4.16962e-05 0 4.37892e-05 0 4.60487e-05 0 4.8221e-05 0 5.05641e-05 0 5.28998e-05 0 5.53185e-05 0 5.77204e-05 0
235.984 0.000476106 0.000195009 0.000281097 0.590408 0.50867 1.44741e-08 0 6.60964e-08 0 2.82579e-07 0 6.40588e-07 0 1.12961e-06 0 1.73886e-06 0 2.46196e-06 0 3.29478e-06 0 4.22133e-06 0 5.24678e-06 0 6.3622e-06 0 7.56271e-06 0 8.8265e-06 0 1.02047e-05 0 1.16087e-05 0 1.31013e-05 0 1.46752e-05 0 1.63221e-05 0 1.79917e-05 0 1.9751e-05 0 2.15975e-05 0 2.34283e-05 0 2.53797e-05 0 2.73444e-05 0 2.93079e-05 0 3.13804e-05 0 3.3566e-05 0 3.573e-05 0 3.79287e-05 0 4.02314e-05 0 4.24824e-05 0 4.48301e-05 0 4.71909e-05 0 4.96467e-05 0 5.20144e-05 0 5.45643e-05 0 5.70101e-05 0 5.96421e-05 0 6.22599e-05 0 6.49648e-05 0 6.76452e-05 0
248.097 0.000428187 0.00019254 0.000235646 0.550335 0.497886 2.53967e-08 0 1.07686e-07 0 4.28861e-07 0 9.34119e-07 0 1.60223e-06 0 2.41499e-06 0 3.36171e-06 0 4.43534e-06 0 5.6143e-06 0 6.90446e-06 0 8.29388e-06 0 9.77606e-06 0 1.1324e-05 0 1.29998e-05 0 1.46956e-05 0 1.64874e-05 0 1.83662e-05 0 2.03216e-05 0 2.22942e-05 0 2.4363e-05 0 2.65247e-05 0 2.86593e-05 0 3.09254e-05 0 3.31984e-05 0 3.54622e-05 0 3.78435e-05 0 4.03466e-05 0 4.28171e-05 0 4.53197e-05 0 4.79331e-05 0 5.0481e-05 0 5.31311e-05 0 5.57893e-05 0 5.85477e-05 0 6.12007e-05 0 6.40513e-05 0 6.67795e-05 0 6.97091e-05 0 7.26166e-05 0 7.56146e-05 0 7.85794e-05 0
260.832 0.000384297 0.000209627 0.000174671 0.45452 0.450825 4.7198e-08 0 1.86499e-07 0 6.94274e-07 0 1.45583e-06 0 2.43217e-06 0 3.59322e-06 0 4.92172e-06 0 6.40633e-06 0 8.01643e-06 0 9.75956e-06 0 1.16191e-05 0 1.35861e-05 0 1.56248e-05 0 1.78166e-05 0 2.00206e-05 0 2.23361e-05 0 2.47507e-05 0 2.7251e-05 0 2.97614e-05 0 3.23827e-05 0 3.51101e-05 0 3.77927e-05 0 4.063e-05 0 4.34657e-05 0 4.62805e-05 0 4.92321e-05 0 5.23248e-05 0 5.53681e-05 0 5.84423e-05 0 6.16439e-05 0 6.47569e-05 0 6.79868e-05 0 7.12186e-05 0 7.45643e-05 0 7.77751e-05 0 8.12175e-05 0 8.4505e-05 0 8.80279e-05 0 9.15172e-05 0 9.5108e-05 0 9.86523e-05 0
274.221 0.000405519 0.000242473 0.000163045 0.402066 0.289751 8.96848e-08 0 3.31387e-07 0 1.15696e-06 0 2.33991e-06 0 3.81242e-06 0 5.5261e-06 0 7.45388e-06 0 9.57826e-06 0 1.18551e-05 0 1.42951e-05 0 1.68745e-05 0 1.95812e-05 0 2.23665e-05 0 2.53413e-05 0 2.83146e-05 0 3.14211e-05 0 3.4644e-05 0 3.79651e-05 0 4.12848e-05 0 4.47365e-05 0 4.83136e-05 0 5.18188e-05 0 5.55129e-05 0 5.91925e-05 0 6.28333e-05 0 6.66396e-05 0 7.06159e-05 0 7.45177e-05 0 7.84485e-05 0 8.25314e-05 0 8.64915e-05 0 9.05906e-05 0 9.46827e-05 0 9.89095e-05 0 0.000102957 0 0.000107288 0 0.000111415 0 0.00011583 0 0.000120194 0 0.000124676 0 0.000129092 0
288.297 0.000486393 0.000267908 0.000218485 0.449194 0.251147 1.56958e-07 0 5.44111e-07 0 1.78716e-06 0 3.49229e-06 0 5.55602e-06 0 7.90884e-06 0 1.05132e-05 0 1.33452e-05 0 1.63465e-05 0 1.95317e-05 0 2.28703e-05 0 2.63468e-05 0 2.98998e-05 0 3.3671e-05 0 3.74187e-05 0 4.13139e-05 0 4.53353e-05 0 4.94601e-05 0 5.35657e-05 0 5.78177e-05 0 6.22072e-05 0 6.64932e-05 0 7.0995e-05 0 7.54647e-05 0 7.98739e-05 0 8.44704e-05 0 8.92586e-05 0 9.39443e-05 0 9.86529e-05 0 0.000103531 0 0.000108252 0 0.000113128 0 0.000117984 0 0.00012299 0 0.000127774 0 0.000132882 0 0.000137741 0 0.000142929 0 0.000148047 0 0.000153296 0 0.000158458 0
303.095 0.000424091 0.000199913 0.000224178 0.528609 0.26371 1.79194e-07 0 5.84613e-07 0 1.81188e-06 0 3.42669e-06 0 5.3295e-06 0 7.4568e-06 0 9.77557e-06 0 1.22653e-05 0 1.48759e-05 0 1.76208e-05 0 2.04747e-05 0 2.34249e-05 0 2.64205e-05 0 2.95811e-05 0 3.2705e-05 0 3.59358e-05 0 3.92557e-05 0 4.26462e-05 0 4.60073e-05 0 4.9475e-05 0 5.3042e-05 0 5.6513e-05 0 6.01472e-05 0 6.37444e-05 0 6.72829e-05 0 7.09615e-05 0 7.47833e-05 0 7.85137e-05 0 8.22532e-05 0 8.61187e-05 0 8.98508e-05 0 9.36969e-05 0 9.75201e-05 0 0.000101453 0 0.000105204 0 0.000109202 0 0.000112998 0 0.000117044 0 0.000121029 0 0.000125108 0 0.000129114 0
318.653 0.000326252 0.000157706 0.000168546 0.516613 0.256622 2.09263e-07 0 6.44414e-07 0 1.88993e-06 0 3.46484e-06 0 5.27394e-06 0 7.25913e-06 0 9.39159e-06 0 1.16539e-05 0 1.4002e-05 0 1.64494e-05 0 1.89742e-05 0 2.15663e-05 0 2.41822e-05 0 2.69264e-05 0 2.96249e-05 0 3.24025e-05 0 3.52442e-05 0 3.81343e-05 0 4.09883e-05 0 4.39223e-05 0 4.69299e-05 0 4.98473e-05 0 5.28924e-05 0 5.58979e-05 0 5.88463e-05 0 6.19036e-05 0 6.50717e-05 0 6.81566e-05 0 7.12419e-05 0 7.44241e-05 0 7.74899e-05 0 8.06429e-05 0 8.3771e-05 0 8.69826e-05 0 9.00403e-05 0 9.32936e-05 0 9.63774e-05 0 9.96584e-05 0 0.000102885 0 0.000106182 0 0.000109415 0
335.009 0.000347339 0.000187988 0.00015935 0.458775 0.364123 3.5786e-07 0 1.04313e-06 0 2.90276e-06 0 5.16659e-06 0 7.70469e-06 0 1.04409e-05 0 1.33395e-05 0 1.63796e-05 0 1.95047e-05 0 2.27348e-05 0 2.60428e-05 0 2.94167e-05 0 3.28015e-05 0 3.63335e-05 0 3.97895e-05 0 4.3331e-05 0 4.69391e-05 0 5.05942e-05 0 5.41905e-05 0 5.78751e-05 0 6.16398e-05 0 6.52803e-05 0 6.90695e-05 0 7.27989e-05 0 7.64482e-05 0 8.02229e-05 0 8.41251e-05 0 8.7916e-05 0 9.16992e-05 0 9.55929e-05 0 9.93367e-05 0 0.00010318 0 0.000106985 0 0.000110885 0 0.000114592 0 0.000118529 0 0.000122255 0 0.000126213 0 0.000130099 0 0.000134064 0 0.000137947 0
352.205 0.000550423 0.000297955 0.000252468 0.45868 0.411118 7.89788e-07 0 2.18502e-06 0 5.7841e-06 0 1.00095e-05 0 1.46387e-05 0 1.95458e-05 0 2.46758e-05 0 2.99981e-05 0 3.54191e-05 0 4.09782e-05 0 4.66315e-05 0 5.23618e-05 0 5.80788e-05 0 6.40139e-05 0 6.97944e-05 0 7.56928e-05 0 8.16781e-05 0 8.77189e-05 0 9.36421e-05 0 9.9691e-05 0 0.000105852 0 0.000111793 0 0.00011796 0 0.000124014 0 0.000129923 0 0.000136021 0 0.000142311 0 0.000148408 0 0.00015448 0 0.000160717 0 0.000166702 0 0.000172835 0 0.000178897 0 0.000185099 0 0.000190984 0 0.000197225 0 0.000203122 0 0.000209378 0 0.00021551 0 0.000221759 0 0.000227868 0
370.284 0.000715131 0.000300247 0.000414884 0.580151 0.25622 1.07719e-06 0 2.83574e-06 0 7.15844e-06 0 1.2061e-05 0 1.73152e-05 0 2.27962e-05 0 2.84547e-05 0 3.4265e-05 0 4.01317e-05 0 4.61028e-05 0 5.21349e-05 0 5.82132e-05 0 6.42453e-05 0 7.04775e-05 0 7.65206e-05 0 8.26621e-05 0 8.88707e-05 0 9.51147e-05 0 0.000101217 0 0.00010743 0 0.00011374 0 0.000119808 0 0.00012609 0 0.000132241 0 0.000138232 0 0.000144401 0 0.00015075 0 0.000156892 0 0.000162996 0 0.000169255 0 0.00017525 0 0.000181383 0 0.000187435 0 0.000193616 0 0.000199472 0 0.000205674 0 0.000211525 0 0.000217723 0 0.000223791 0 0.000229966 0 0.000235994 0
389.291 0.000768194 0.000184301 0.000583893 0.760085 0.163443 8.7111e-07 0 2.18742e-06 0 5.27799e-06 0 8.66946e-06 0 1.22289e-05 0 1.5886e-05 0 1.96167e-05 0 2.341e-05 0 2.72087e-05 0 3.10474e-05 0 3.49011e-05 0 3.87626e-05 0 4.25757e-05 0 4.64972e-05 0 5.02839e-05 0 5.41176e-05 0 5.79793e-05 0 6.18501e-05 0 6.56215e-05 0 6.94501e-05 0 7.33276e-05 0 7.70467e-05 0 8.08877e-05 0 8.46401e-05 0 8.82867e-05 0 9.20338e-05 0 9.58824e-05 0 9.9598e-05 0 0.000103285 0 0.000107057 0 0.000110665 0 0.00011435 0 0.00011798 0 0.000121682 0 0.000125185 0 0.000128889 0 0.000132378 0 0.00013607 0 0.000139679 0 0.000143348 0 0.000146925 0
409.273 0.000813724 0.000131694 0.00068203 0.838159 0.0883763 7.99271e-07 0 1.91886e-06 0 4.43538e-06 0 7.11148e-06 0 9.86484e-06 0 1.2653e-05 0 1.54653e-05 0 1.82984e-05 0 2.11133e-05 0 2.39387e-05 0 2.67583e-05 0 2.95687e-05 0 3.23306e-05 0 3.51589e-05 0 3.78791e-05 0 4.06232e-05 0 4.3378e-05 0 4.61306e-05 0 4.88046e-05 0 5.15118e-05 0 5.42464e-05 0 5.68629e-05 0 5.95589e-05 0 6.21869e-05 0 6.47356e-05 0 6.73495e-05 0 7.00289e-05 0 7.26109e-05 0 7.51684e-05 0 7.77812e-05 0 8.02759e-05 0 8.28196e-05 0 8.53222e-05 0 8.78707e-05 0 9.02785e-05 0 9.28212e-05 0 9.5214e-05 0 9.77419e-05 0 0.000100211 0 0.000102716 0 0.000105157 0
430.281 0.000799472 0.00010815 0.000691322 0.864723 0.0242154 8.22496e-07 0 1.89205e-06 0 4.19848e-06 0 6.57882e-06 0 8.98205e-06 0 1.13825e-05 0 1.37778e-05 0 1.61696e-05 0 1.85286e-05 0 2.08812e-05 0 2.32157e-05 0 2.5531e-05 0 2.77962e-05 0 3.01063e-05 0 3.23198e-05 0 3.45452e-05 0 3.67722e-05 0 3.89907e-05 0 4.114e-05 0 4.33103e-05 0 4.54972e-05 0 4.75847e-05 0 4.97311e-05 0 5.1819e-05 0 5.384e-05 0 5.59088e-05 0 5.80256e-05 0 6.0062e-05 0 6.20757e-05 0 6.41297e-05 0 6.60879e-05 0 6.80817e-05 0 7.00405e-05 0 7.20326e-05 0 7.39123e-05 0 7.58948e-05 0 7.77581e-05 0 7.97244e-05 0 8.16423e-05 0 8.35869e-05 0 8.5479e-05 0
452.368 0.000782833 0.000108187 0.000674646 0.8618 -0.0202874 1.00735e-06 0 2.22507e-06 0 4.74957e-06 0 7.28175e-06 0 9.79281e-06 0 1.22685e-05 0 1.47139e-05 0 1.71354e-05 0 1.95069e-05 0 2.18577e-05 0 2.41781e-05 0 2.64685e-05 0 2.86998e-05 0 3.09666e-05 0 3.31309e-05 0 3.52999e-05 0 3.74639e-05 0 3.96136e-05 0 4.16908e-05 0 4.37832e-05 0 4.58868e-05 0 4.78904e-05 0 4.99462e-05 0 5.19421e-05 0 5.38705e-05 0 5.58412e-05 0 5.78541e-05 0 5.97874e-05 0 6.16962e-05 0 6.36403e-05 0 6.54911e-05 0 6.7373e-05 0 6.92195e-05 0 7.10949e-05 0 7.28624e-05 0 7.47243e-05 0 7.64724e-05 0 7.83149e-05 0 8.01102e-05 0 8.19286e-05 0 8.3696e-05 0
475.588 0.000831166 0.000141241 0.000689926 0.83007 -0.0192993 1.57499e-06 0 3.34713e-06 0 6.88611e-06 0 1.03409e-05 0 1.3709e-05 0 1.69889e-05 0 2.01976e-05 0 2.33501e-05 0 2.64169e-05 0 2.94396e-05 0 3.24083e-05 0 3.53254e-05 0 3.8156e-05 0 4.10211e-05 0 4.37476e-05 0 4.64717e-05 0 4.91819e-05 0 5.1867e-05 0 5.44552e-05 0 5.70563e-05 0 5.96656e-05 0 6.21459e-05 0 6.46859e-05 0 6.71474e-05 0 6.95215e-05 0 7.19436e-05 0 7.44138e-05 0 7.67825e-05 0 7.91179e-05 0 8.14933e-05 0 8.37515e-05 0 8.60448e-05 0 8.82921e-05 0 9.0572e-05 0 9.27182e-05 0 9.49766e-05 0 9.70946e-05 0 9.93248e-05 0 0.000101496 0 0.000103692 0 0.000105825 0
500 0.00102051 0.000230591 0.000789923 0.774044 0.0808934 3.0155e-06 0 6.17759e-06 0 1.2272e-05 0 1.80699e-05 0 2.36319e-05 0 2.89854e-05 0 3.41751e-05 0 3.92359e-05 0 4.41283e-05 0 4.89246e-05 0 5.36127e-05 0 5.81999e-05 0 6.26345e-05 0 6.71076e-05 0 7.13511e-05 0 7.55787e-05 0 7.97735e-05 0 8.39192e-05 0 8.7906e-05 0 9.19042e-05 0 9.59066e-05 0 9.97038e-05 0 0.000103585 0 0.000107341 0 0.000110957 0 0.00011464 0 0.000118391 0 0.000121983 0 0.000125519 0 0.000129111 0 0.000132522 0 0.000135982 0 0.000139368 0 0.0001428 0 0.000146027 0 0.000149419 0 0.000152597 0 0.00015594 0 0.000159191 0 0.000162478 0 0.000165666 0
525.665 0.0011103 0.000307799 0.000802499 0.722778 0.298711 4.62721e-06 0 9.15461e-06 0 1.75912e-05 0 2.54233e-05 0 3.28227e-05 0 3.98665e-05 0 4.66362e-05 0 5.31915e-05 0 5.94913e-05 0 6.56359e-05 0 7.16151e-05 0 7.74425e-05 0 8.3056e-05 0 8.87e-05 0 9.40386e-05 0 9.93429e-05 0 0.000104593 0 0.000109769 0 0.000114736 0 0.000119708 0 0.000124675 0 0.000129379 0 0.000134179 0 0.000138815 0 0.000143273 0 0.000147808 0 0.000152419 0 0.000156828 0 0.000161164 0 0.000165563 0 0.000169735 0 0.000173962 0 0.000178095 0 0.000182279 0 0.000186209 0 0.000190337 0 0.0001942 0 0.000198261 0 0.000202206 0 0.000206191 0 0.000210053 0
552.648 0.00068038 0.000192778 0.000487601 0.716661 0.472728 3.26901e-06 0 6.25684e-06 0 1.16494e-05 0 1.65407e-05 0 2.10955e-05 0 2.53863e-05 0 2.94768e-05 0 3.34116e-05 0 3.7172e-05 0 4.08222e-05 0 4.43592e-05 0 4.77936e-05 0 5.10909e-05 0 5.43961e-05 0 5.75138e-05 0 6.06037e-05 0 6.36548e-05 0 6.66565e-05 0 6.95311e-05 0 7.24026e-05 0 7.52664e-05 0 7.7974e-05 0 8.07327e-05 0 8.33931e-05 0 8.59476e-05 0 8.85424e-05 0 9.11775e-05 0 9.36943e-05 0 9.61662e-05 0 9.86711e-05 0 0.000101044 0 0.000103446 0 0.000105792 0 0.000108165 0 0.000110392 0 0.000112728 0 0.000114913 0 0.000117208 0 0.000119435 0 0.000121683 0 0.000123861 0
581.015 0.000367765 9.42643e-05 0.000273501 0.743683 0.499649 1.77088e-06 0 3.28454e-06 0 5.93501e-06 0 8.28678e-06 0 1.0447e-05 0 1.24622e-05 0 1.43686e-05 0 1.6191e-05 0 1.79236e-05 0 1.95978e-05 0 2.12137e-05 0 2.27773e-05 0 2.42738e-05 0 2.57695e-05 0 2.71768e-05 0 2.85683e-05 0 2.99392e-05 0 3.12852e-05 0 3.25717e-05 0 3.38546e-05 0 3.51319e-05 0 3.63376e-05 0 3.75643e-05 0 3.87456e-05 0 3.98783e-05 0 4.10275e-05 0 4.21931e-05 0 4.33051e-05 0 4.4396e-05 0 4.55003e-05 0 4.65454e-05 0 4.76022e-05 0 4.86335e-05 0 4.96755e-05 0 5.06526e-05 0 5.16769e-05 0 5.26342e-05 0 5.36386e-05 0 5.46128e-05 0 5.55953e-05 0 5.65463e-05 0
610.839 0.00022911 5.15841e-05 0.000177526 0.77485 0.450298 1.0554e-06 0 1.89995e-06 0 3.33704e-06 0 4.58589e-06 0 5.71835e-06 0 6.765e-06 0 7.74809e-06 0 8.68235e-06 0 9.56619e-06 0 1.04167e-05 0 1.12345e-05 0 1.20233e-05 0 1.27759e-05 0 1.35263e-05 0 1.42305e-05 0 1.49253e-05 0 1.56084e-05 0 1.62779e-05 0 1.69166e-05 0 1.75524e-05 0 1.81845e-05 0 1.87803e-05 0 1.93856e-05 0 1.99677e-05 0 2.05253e-05 0 2.10902e-05 0 2.16626e-05 0 2.22081e-05 0 2.27426e-05 0 2.32832e-05 0 2.37944e-05 0 2.43107e-05 0 2.48142e-05 0 2.53225e-05 0 2.57987e-05 0 2.62976e-05 0 2.67634e-05 0 2.72518e-05 0 2.77252e-05 0 2.82024e-05 0 2.86638e-05 0
642.193 0.000158566 3.20528e-05 0.000126513 0.797858 0.388014 7.02711e-07 0 1.22972e-06 0 2.10253e-06 0 2.84624e-06 0 3.5125e-06 0 4.12293e-06 0 4.69244e-06 0 5.23069e-06 0 5.73754e-06 0 6.22334e-06 0 6.68888e-06 0 7.13648e-06 0 7.56245e-06 0 7.98604e-06 0 8.3827e-06 0 8.77324e-06 0 9.15649e-06 0 9.53138e-06 0 9.88848e-06 0 1.02434e-05 0 1.05958e-05 0 1.09274e-05 0 1.12639e-05 0 1.15871e-05 0 1.18964e-05 0 1.22094e-05 0 1.25261e-05 0 1.28277e-05 0 1.31229e-05 0 1.34212e-05 0 1.37031e-05 0 1.39875e-05 0 1.42646e-05 0 1.45442e-05 0 1.48059e-05 0 1.50799e-05 0 1.53355e-05 0 1.56034e-05 0 1.58629e-05 0 1.61242e-05 0 1.63768e-05 0
675.157 0.000116181 2.17548e-05 9.44263e-05 0.812751 0.332025 5.03251e-07 0 8.57347e-07 0 1.42899e-06 0 1.90712e-06 0 2.3306e-06 0 2.71543e-06 0 3.07219e-06 0 3.40764e-06 0 3.72217e-06 0 4.02252e-06 0 4.3094e-06 0 4.58445e-06 0 4.84554e-06 0 5.10456e-06 0 5.34661e-06 0 5.58447e-06 0 5.81747e-06 0 6.04501e-06 0 6.26141e-06 0 6.47622e-06 0 6.68914e-06 0 6.8893e-06 0 7.09215e-06 0 7.28678e-06 0 7.47277e-06 0 7.66086e-06 0 7.85102e-06 0 8.03186e-06 0 8.20878e-06 0 8.38738e-06 0 8.55596e-06 0 8.72598e-06 0 8.8915e-06 0 9.05835e-06 0 9.21445e-06 0 9.37775e-06 0 9.53003e-06 0 9.68948e-06 0 9.84384e-06 0 9.99921e-06 0 1.01493e-05 0
709.813 8.79888e-05 1.57344e-05 7.22544e-05 0.821177 0.285328 3.78491e-07 0 6.28611e-07 0 1.02278e-06 0 1.34676e-06 0 1.63065e-06 0 1.88666e-06 0 2.12259e-06 0 2.34336e-06 0 2.54953e-06 0 2.74573e-06 0 2.93257e-06 0 3.11122e-06 0 3.2804e-06 0 3.44789e-06 0 3.60409e-06 0 3.75731e-06 0 3.90715e-06 0 4.05325e-06 0 4.19201e-06 0 4.32956e-06 0 4.46572e-06 0 4.59358e-06 0 4.72301e-06 0 4.84707e-06 0 4.9655e-06 0 5.08515e-06 0 5.20601e-06 0 5.32086e-06 0 5.43311e-06 0 5.54634e-06 0 5.65314e-06 0 5.76078e-06 0 5.86549e-06 0 5.97097e-06 0 6.06959e-06 0 6.1727e-06 0 6.26879e-06 0 6.36935e-06 0 6.46664e-06 0 6.56451e-06 0 6.65901e-06 0
746.248 6.80985e-05 1.19292e-05 5.61693e-05 0.824825 0.247031 2.94293e-07 0 4.77139e-07 0 7.58831e-07 0 9.86582e-07 0 1.18416e-06 0 1.36105e-06 0 1.52318e-06 0 1.67421e-06 0 1.81472e-06 0 1.948e-06 0 2.07457e-06 0 2.19529e-06 0 2.30936e-06 0 2.42206e-06 0 2.52698e-06 0 2.62972e-06 0 2.73005e-06 0 2.82773e-06 0 2.92037e-06 0 3.0121e-06 0 3.10279e-06 0 3.18787e-06 0 3.27389e-06 0 3.35627e-06 0 3.43484e-06 0 3.51415e-06 0 3.59419e-06 0 3.67018e-06 0 3.74441e-06 0 3.81923e-06 0 3.88974e-06 0 3.96077e-06 0 4.02982e-06 0 4.09933e-06 0 4.16428e-06 0 4.23215e-06 0 4.29537e-06 0 4.36149e-06 0 4.42542e-06 0 4.48971e-06 0 4.55175e-06 0
784.553 5.34284e-05 9.35596e-06 4.40725e-05 0.824888 0.215341 2.33627e-07 0 3.70245e-07 0 5.76278e-07 0 7.40306e-07 0 8.81269e-07 0 1.00664e-06 0 1.12095e-06 0 1.22698e-06 0 1.32529e-06 0 1.41827e-06 0 1.50633e-06 0 1.59013e-06 0 1.66915e-06 0 1.74707e-06 0 1.81949e-06 0 1.8903e-06 0 1.95935e-06 0 2.02648e-06 0 2.09008e-06 0 2.15297e-06 0 2.2151e-06 0 2.27331e-06 0 2.33211e-06 0 2.38837e-06 0 2.44199e-06 0 2.49607e-06 0 2.5506e-06 0 2.60234e-06 0 2.65284e-06 0 2.7037e-06 0 2.75161e-06 0 2.79984e-06 0 2.84669e-06 0 2.89384e-06 0 2.93787e-06 0 2.98385e-06 0 3.02665e-06 0 3.0714e-06 0 3.11466e-06 0 3.15812e-06 0 3.20005e-06 0
824.824 4.2332e-05 7.53032e-06 3.48017e-05 0.822113 0.188859 1.87985e-07 0 2.9156e-07 0 4.44667e-07 0 5.64808e-07 0 6.67153e-07 0 7.5761e-07 0 8.39691e-07 0 9.15536e-07 0 9.85625e-07 0 1.05173e-06 0 1.11418e-06 0 1.17349e-06 0 1.22931e-06 0 1.28426e-06 0 1.33525e-06 0 1.38503e-06 0 1.43352e-06 0 1.4806e-06 0 1.52515e-06 0 1.56915e-06 0 1.61258e-06 0 1.65323e-06 0 1.69427e-06 0 1.73349e-06 0 1.77084e-06 0 1.80849e-06 0 1.84642e-06 0 1.88239e-06 0 1.91747e-06 0 1.95278e-06 0 1.98603e-06 0 2.01947e-06 0 2.05194e-06 0 2.0846e-06 0 2.11509e-06 0 2.1469e-06 0 2.17651e-06 0 2.20745e-06 0 2.23734e-06 0 2.26737e-06 0 2.29632e-06 0
867.163 3.37921e-05 6.17634e-06 2.76158e-05 0.817225 0.166478 1.52341e-07 0 2.31513e-07 0 3.46372e-07 0 4.3529e-07 0 5.10419e-07 0 5.76436e-07 0 6.36073e-07 0 6.90981e-07 0 7.41568e-07 0 7.89156e-07 0 8.34019e-07 0 8.76535e-07 0 9.1648e-07 0 9.5574e-07 0 9.92117e-07 0 1.02759e-06 0 1.06209e-06 0 1.09556e-06 0 1.12719e-06 0 1.15841e-06 0 1.18919e-06 0 1.21797e-06 0 1.24701e-06 0 1.27474e-06 0 1.30113e-06 0 1.32771e-06 0 1.35447e-06 0 1.37983e-06 0 1.40455e-06 0 1.42942e-06 0 1.45282e-06 0 1.47635e-06 0 1.49918e-06 0 1.52213e-06 0 1.54355e-06 0 1.56589e-06 0 1.58667e-06 0 1.60838e-06 0 1.62934e-06 0 1.65039e-06 0 1.67068e-06 0
911.674 2.7162e-05 5.14426e-06 2.20177e-05 0.810608 0.147415 1.23983e-07 0 1.84828e-07 0 2.71564e-07 0 3.37868e-07 0 3.93465e-07 0 4.42055e-07 0 4.85769e-07 0 5.25881e-07 0 5.62733e-07 0 5.97318e-07 0 6.29856e-07 0 6.60634e-07 0 6.89504e-07 0 7.17838e-07 0 7.44056e-07 0 7.69591e-07 0 7.94398e-07 0 8.18436e-07 0 8.41137e-07 0 8.6352e-07 0 8.85567e-07 0 9.06171e-07 0 9.26937e-07 0 9.46757e-07 0 9.65606e-07 0 9.84577e-07 0 1.00367e-06 0 1.02175e-06 0 1.03937e-06 0 1.05708e-06 0 1.07373e-06 0 1.09047e-06 0 1.10671e-06 0 1.12303e-06 0 1.13824e-06 0 1.15411e-06 0 1.16887e-06 0 1.18427e-06 0 1.19914e-06 0 1.21407e-06 0 1.22845e-06 0
958.471 2.1952e-05 4.34562e-06 1.76064e-05 0.80204 0.130993 1.01272e-07 0 1.48256e-07 0 2.14146e-07 0 2.63925e-07 0 3.0537e-07 0 3.41412e-07 0 3.73712e-07 0 4.03259e-07 0 4.30335e-07 0 4.55689e-07 0 4.79496e-07 0 5.01978e-07 0 5.23036e-07 0 5.43673e-07 0 5.62746e-07 0 5.81301e-07 0 5.99309e-07 0 6.16742e-07 0 6.3319e-07 0 6.49394e-07 0 6.65343e-07 0 6.80238e-07 0 6.95239e-07 0 7.09547e-07 0 7.23145e-07 0 7.36824e-07 0 7.50584e-07 0 7.63606e-07 0 7.76287e-07 0 7.89032e-07 0 8.01011e-07 0 8.13045e-07 0 8.24714e-07 0 8.36433e-07 0 8.47359e-07 0 8.58749e-07 0 8.69334e-07 0 8.80383e-07 0 8.91045e-07 0 9.01744e-07 0 9.12048e-07 0
1007.67 1.78162e-05 3.70437e-06 1.41118e-05 0.792078 0.116709 8.26519e-08 0 1.18945e-07 0 1.6907e-07 0 2.06526e-07 0 2.37508e-07 0 2.64326e-07 0 2.88274e-07 0 3.10118e-07 0 3.30088e-07 0 3.48751e-07 0 3.66243e-07 0 3.82736e-07 0 3.98163e-07 0 4.13263e-07 0 4.27202e-07 0 4.4075e-07 0 4.53885e-07 0 4.66589e-07 0 4.78566e-07 0 4.90357e-07 0 5.01953e-07 0 5.12775e-07 0 5.23668e-07 0 5.34051e-07 0 5.43914e-07 0 5.53831e-07 0 5.638e-07 0 5.73231e-07 0 5.8241e-07 0 5.91631e-07 0 6.00295e-07 0 6.08994e-07 0 6.17427e-07 0 6.25893e-07 0 6.33782e-07 0 6.42004e-07 0 6.49643e-07 0 6.57614e-07 0 6.65302e-07 0 6.73016e-07 0 6.80442e-07 0
1059.39 1.45373e-05 3.19837e-06 1.1339e-05 0.77999 0.104213 6.76883e-08 0 9.58528e-08 0 1.34203e-07 0 1.6257e-07 0 1.85891e-07 0 2.05992e-07 0 2.23883e-07 0 2.40159e-07 0 2.55006e-07 0 2.68855e-07 0 2.81815e-07 0 2.94017e-07 0 3.05415e-07 0 3.16559e-07 0 3.26836e-07 0 3.36814e-07 0 3.4648e-07 0 3.55822e-07 0 3.64622e-07 0 3.73279e-07 0 3.81788e-07 0 3.89724e-07 0 3.97707e-07 0 4.05313e-07 0 4.12534e-07 0 4.1979e-07 0 4.27082e-07 0 4.33976e-07 0 4.40684e-07 0 4.4742e-07 0 4.53746e-07 0 4.60096e-07 0 4.66249e-07 0 4.72424e-07 0 4.78176e-07 0 4.8417e-07 0 4.89736e-07 0 4.95542e-07 0 5.01142e-07 0 5.06758e-07 0 5.12164e-07 0
1113.77 1.19087e-05 2.77704e-06 9.13166e-06 0.766806 0.0932423 5.52579e-08 0 7.70713e-08 0 1.06384e-07 0 1.27863e-07 0 1.45422e-07 0 1.60497e-07 0 1.73874e-07 0 1.86013e-07 0 1.97065e-07 0 2.07356e-07 0 2.16971e-07 0 2.26013e-07 0 2.34449e-07 0 2.42688e-07 0 2.50279e-07 0 2.57643e-07 0 2.64771e-07 0 2.71655e-07 0 2.78135e-07 0 2.84505e-07 0 2.90763e-07 0 2.96596e-07 0 3.02461e-07 0 3.08045e-07 0 3.13344e-07 0 3.18668e-07 0 3.24014e-07 0 3.29068e-07 0 3.33982e-07 0 3.38916e-07 0 3.43547e-07 0 3.48195e-07 0 3.52697e-07 0 3.57213e-07 0 3.6142e-07 0 3.65801e-07 0 3.69869e-07 0 3.74111e-07 0 3.78201e-07 0 3.82301e-07 0 3.86248e-07 0
1170.94 9.78523e-06 2.42081e-06 7.36442e-06 0.752606 0.083552 4.49159e-08 0 6.17582e-08 0 8.41157e-08 0 1.00355e-07 0 1.13563e-07 0 1.2486e-07 0 1.34857e-07 0 1.4391e-07 0 1.52135e-07 0 1.59783e-07 0 1.66918e-07 0 1.7362e-07 0 1.79866e-07 0 1.8596e-07 0 1.9157e-07 0 1.97008e-07 0 2.02268e-07 0 2.07344e-07 0 2.12119e-07 0 2.16811e-07 0 2.21418e-07 0 2.25709e-07 0 2.30022e-07 0 2.34126e-07 0 2.3802e-07 0 2.41929e-07 0 2.45854e-07 0 2.49563e-07 0 2.53168e-07 0 2.56786e-07 0 2.60181e-07 0 2.63587e-07 0 2.66885e-07 0 2.70193e-07 0 2.73273e-07 0 2.7648e-07 0 2.79458e-07 0 2.82561e-07 0 2.85553e-07 0 2.88552e-07 0 2.91437e-07 0
1231.05 8.06991e-06 2.12213e-06 5.94778e-06 0.737032 0.074984 3.64294e-08 0 4.94212e-08 0 6.64729e-08 0 7.87591e-08 0 8.87037e-08 0 9.71814e-08 0 1.04664e-07 0 1.11426e-07 0 1.1756e-07 0 1.23254e-07 0 1.28561e-07 0 1.33539e-07 0 1.38174e-07 0 1.42693e-07 0 1.46849e-07 0 1.50875e-07 0 1.54766e-07 0 1.58519e-07 0 1.62048e-07 0 1.65513e-07 0 1.68913e-07 0 1.72079e-07 0 1.7526e-07 0 1.78286e-07 0 1.81155e-07 0 1.84034e-07 0 1.86925e-07 0 1.89654e-07 0 1.92307e-07 0 1.94969e-07 0 1.97465e-07 0 1.9997e-07 0 2.02394e-07 0 2.04824e-07 0 2.07087e-07 0 2.09442e-07 0 2.11628e-07 0 2.13907e-07 0 2.16103e-07 0 2.18303e-07 0 2.2042e-07 0
1294.24 6.69216e-06 1.87925e-06 4.81291e-06 0.719187 0.0673762 2.96291e-08 0 3.96914e-08 0 5.27606e-08 0 6.21073e-08 0 6.96395e-08 0 7.60408e-08 0 8.16777e-08 0 8.67618e-08 0 9.13664e-08 0 9.56353e-08 0 9.96091e-08 0 1.03333e-07 0 1.06798e-07 0 1.10172e-07 0 1.13274e-07 0 1.16276e-07 0 1.19176e-07 0 1.21972e-07 0 1.24599e-07 0 1.27177e-07 0 1.29706e-07 0 1.3206e-07 0 1.34424e-07 0 1.36671e-07 0 1.38802e-07 0 1.4094e-07 0 1.43085e-07 0 1.4511e-07 0 1.47077e-07 0 1.4905e-07 0 1.50901e-07 0 1.52757e-07 0 1.54553e-07 0 1.56353e-07 0 1.58028e-07 0 1.59772e-07 0 1.6139e-07 0 1.63076e-07 0 1.64701e-07 0 1.66329e-07 0 1.67894e-07 0
1360.67 5.56779e-06 1.66918e-06 3.89861e-06 0.700207 0.0605921 2.40048e-08 0 3.17779e-08 0 4.17766e-08 0 4.88785e-08 0 5.45786e-08 0 5.94092e-08 0 6.36537e-08 0 6.74754e-08 0 7.09316e-08 0 7.4132e-08 0 7.7108e-08 0 7.98944e-08 0 8.24844e-08 0 8.50054e-08 0 8.73209e-08 0 8.95608e-08 0 9.17234e-08 0 9.38067e-08 0 9.57636e-08 0 9.76835e-08 0 9.95657e-08 0 1.01317e-07 0 1.03075e-07 0 1.04746e-07 0 1.06329e-07 0 1.07917e-07 0 1.0951e-07 0 1.11014e-07 0 1.12475e-07 0 1.13939e-07 0 1.15312e-07 0 1.16689e-07 0 1.1802e-07 0 1.19355e-07 0 1.20597e-07 0 1.2189e-07 0 1.23089e-07 0 1.24338e-07 0 1.25541e-07 0 1.26747e-07 0 1.27906e-07 0
1430.51 4.64526e-06 1.4847e-06 3.16056e-06 0.680384 0.0545318 1.93499e-08 0 2.5332e-08 0 3.29586e-08 0 3.83415e-08 0 4.26459e-08 0 4.62842e-08 0 4.94748e-08 0 5.2343e-08 0 5.49335e-08 0 5.73297e-08 0 5.95556e-08 0 6.16379e-08 0 6.35721e-08 0 6.54534e-08 0 6.71802e-08 0 6.88499e-08 0 7.0461e-08 0 7.20123e-08 0 7.34689e-08 0 7.48973e-08 0 7.62971e-08 0 7.75991e-08 0 7.89055e-08 0 8.01471e-08 0 8.13232e-08 0 8.25025e-08 0 8.36851e-08 0 8.48009e-08 0 8.58846e-08 0 8.69708e-08 0 8.79892e-08 0 8.90097e-08 0 8.99971e-08 0 9.09864e-08 0 9.19068e-08 0 9.28642e-08 0 9.37524e-08 0 9.46776e-08 0 9.55686e-08 0 9.64612e-08 0 9.73193e-08 0
1503.94 3.88708e-06 1.32258e-06 2.5645e-06 0.65975 0.0491111 1.55261e-08 0 2.01147e-08 0 2.59169e-08 0 2.99885e-08 0 3.32331e-08 0 3.59692e-08 0 3.83643e-08 0 4.05142e-08 0 4.24536e-08 0 4.42457e-08 0 4.59091e-08 0 4.74639e-08 0 4.8907e-08 0 5.03099e-08 0 5.15969e-08 0 5.28406e-08 0 5.40402e-08 0 5.51947e-08 0 5.62783e-08 0 5.73405e-08 0 5.83811e-08 0 5.93487e-08 0 6.03192e-08 0 6.12413e-08 0 6.21146e-08 0 6.299e-08 0 6.38676e-08 0 6.46955e-08 0 6.54993e-08 0 6.63049e-08 0 6.706e-08 0 6.78165e-08 0 6.85483e-08 0 6.92814e-08 0 6.99633e-08 0 7.06726e-08 0 7.13304e-08 0 7.20156e-08 0 7.26754e-08 0 7.33361e-08 0 7.39713e-08 0
1581.14 3.27567e-06 1.19186e-06 2.0838e-06 0.636146 0.0442593 1.25311e-08 0 1.60761e-08 0 2.05249e-08 0 2.36302e-08 0 2.60972e-08 0 2.81729e-08 0 2.99869e-08 0 3.16131e-08 0 3.30785e-08 0 3.44312e-08 0 3.56858e-08 0 3.68577e-08 0 3.79448e-08 0 3.90009e-08 0 3.99693e-08 0 4.09046e-08 0 4.18064e-08 0 4.2674e-08 0 4.3488e-08 0 4.42857e-08 0 4.50668e-08 0 4.5793e-08 0 4.65211e-08 0 4.72128e-08 0 4.78676e-08 0 4.85239e-08 0 4.91817e-08 0 4.98021e-08 0 5.04043e-08 0 5.10077e-08 0 5.15732e-08 0 5.21397e-08 0 5.26876e-08 0 5.32364e-08 0 5.37467e-08 0 5.42775e-08 0 5.47697e-08 0 5.52822e-08 0 5.57757e-08 0 5.62699e-08 0 5.67449e-08 0
1662.3 2.76896e-06 1.07495e-06 1.69401e-06 0.611785 0.0399041 1.0068e-08 0 1.27979e-08 0 1.62001e-08 0 1.85634e-08 0 2.04354e-08 0 2.20075e-08 0 2.33792e-08 0 2.46075e-08 0 2.57131e-08 0 2.6733e-08 0 2.76781e-08 0 2.85603e-08 0 2.93783e-08 0 3.01725e-08 0 3.09004e-08 0 3.16032e-08 0 3.22805e-08 0 3.29319e-08 0 3.35428e-08 0 3.41414e-08 0 3.47273e-08 0 3.52719e-08 0 3.58178e-08 0 3.63362e-08 0 3.68268e-08 0 3.73185e-08 0 3.78112e-08 0 3.82759e-08 0 3.87268e-08 0 3.91785e-08 0 3.96018e-08 0 4.00257e-08 0 4.04357e-08 0 4.08462e-08 0 4.1228e-08 0 4.1625e-08 0 4.1993e-08 0 4.23763e-08 0 4.27452e-08 0 4.31147e-08 0 4.34697e-08 0
1747.63 2.34741e-06 9.69714e-07 1.3777e-06 0.586901 0.0359907 8.0502e-09 0 1.0145e-08 0 1.27393e-08 0 1.45332e-08 0 1.59506e-08 0 1.71387e-08 0 1.81739e-08 0 1.90999e-08 0 1.99326e-08 0 2.07002e-08 0 2.1411e-08 0 2.20742e-08 0 2.26886e-08 0 2.3285e-08 0 2.38314e-08 0 2.43587e-08 0 2.48667e-08 0 2.53551e-08 0 2.58131e-08 0 2.62616e-08 0 2.67005e-08 0 2.71084e-08 0 2.75171e-08 0 2.79052e-08 0 2.82725e-08 0 2.86404e-08 0 2.90091e-08 0 2.93567e-08 0 2.96939e-08 0 3.00317e-08 0 3.03482e-08 0 3.06651e-08 0 3.09715e-08 0 3.12784e-08 0 3.15637e-08 0 3.18603e-08 0 3.21352e-08 0 3.24215e-08 0 3.26971e-08 0 3.2973e-08 0 3.32382e-08 0
1837.33 1.99614e-06 8.74674e-07 1.12147e-06 0.561818 0.0324769 6.40571e-09 0 8.00751e-09 0 9.97971e-09 0 1.13379e-08 0 1.24085e-08 0 1.33044e-08 0 1.40841e-08 0 1.47807e-08 0 1.54067e-08 0 1.59833e-08 0 1.65169e-08 0 1.70145e-08 0 1.74753e-08 0 1.79224e-08 0 1.83319e-08 0 1.87269e-08 0 1.91073e-08 0 1.9473e-08 0 1.98157e-08 0 2.01513e-08 0 2.04797e-08 0 2.07847e-08 0 2.10903e-08 0 2.13805e-08 0 2.1655e-08 0 2.19299e-08 0 2.22054e-08 0 2.2465e-08 0 2.27169e-08 0 2.29692e-08 0 2.32055e-08 0 2.34422e-08 0 2.36709e-08 0 2.39e-08 0 2.41129e-08 0 2.43343e-08 0 2.45394e-08 0 2.4753e-08 0 2.49586e-08 0 2.51644e-08 0 2.53622e-08 0
1931.64 1.70205e-06 7.88427e-07 9.13623e-07 0.536778 0.0293186 5.0713e-09 0 6.29148e-09 0 7.78584e-09 0 8.81114e-09 0 9.61754e-09 0 1.02913e-08 0 1.08771e-08 0 1.13999e-08 0 1.18694e-08 0 1.23015e-08 0 1.27013e-08 0 1.30738e-08 0 1.34187e-08 0 1.37532e-08 0 1.40594e-08 0 1.43547e-08 0 1.4639e-08 0 1.49122e-08 0 1.51683e-08 0 1.54189e-08 0 1.56641e-08 0 1.58918e-08 0 1.61199e-08 0 1.63364e-08 0 1.65412e-08 0 1.67463e-08 0 1.69518e-08 0 1.71454e-08 0 1.73332e-08 0 1.75213e-08 0 1.76975e-08 0 1.78739e-08 0 1.80443e-08 0 1.8215e-08 0 1.83737e-08 0 1.85386e-08 0 1.86914e-08 0 1.88505e-08 0 1.90037e-08 0 1.91569e-08 0 1.93042e-08 0
2030.79 1.45697e-06 7.12533e-07 7.44433e-07 0.510948 0.0264717 4.00864e-09 0 4.93787e-09 0 6.07037e-09 0 6.84476e-09 0 7.45259e-09 0 7.95978e-09 0 8.40021e-09 0 8.79303e-09 0 9.14553e-09 0 9.46979e-09 0 9.76959e-09 0 1.00489e-08 0 1.03073e-08 0 1.05579e-08 0 1.07872e-08 0 1.10082e-08 0 1.1221e-08 0 1.14255e-08 0 1.1617e-08 0 1.18044e-08 0 1.19878e-08 0 1.2158e-08 0 1.23285e-08 0 1.24903e-08 0 1.26434e-08 0 1.27966e-08 0 1.29501e-08 0 1.30948e-08 0 1.3235e-08 0 1.33755e-08 0 1.3507e-08 0 1.36387e-08 0 1.3766e-08 0 1.38934e-08 0 1.40118e-08 0 1.41349e-08 0 1.42489e-08 0 1.43676e-08 0 1.44819e-08 0 1.45962e-08 0 1.47061e-08 0
2135.03 1.25589e-06 6.49243e-07 6.06646e-07 0.483041 0.0239027 3.18232e-09 0 3.89392e-09 0 4.75735e-09 0 5.34591e-09 0 5.80705e-09 0 6.19134e-09 0 6.52474e-09 0 6.82188e-09 0 7.08835e-09 0 7.33333e-09 0 7.55974e-09 0 7.77056e-09 0 7.96559e-09 0 8.1546e-09 0 8.32752e-09 0 8.49421e-09 0 8.65461e-09 0 8.80866e-09 0 8.95296e-09 0 9.09416e-09 0 9.23225e-09 0 9.36044e-09 0 9.48883e-09 0 9.61063e-09 0 9.72583e-09 0 9.84117e-09 0 9.95666e-09 0 1.00655e-08 0 1.0171e-08 0 1.02767e-08 0 1.03756e-08 0 1.04747e-08 0 1.05704e-08 0 1.06662e-08 0 1.07552e-08 0 1.08477e-08 0 1.09335e-08 0 1.10227e-08 0 1.11086e-08 0 1.11945e-08 0 1.12771e-08 0
2244.63 1.08611e-06 5.91239e-07 4.94872e-07 0.455637 0.0215921 2.5157e-09 0 3.05903e-09 0 3.71562e-09 0 4.16191e-09 0 4.51101e-09 0 4.8016e-09 0 5.05349e-09 0 5.27783e-09 0 5.47889e-09 0 5.66366e-09 0 5.83434e-09 0 5.99322e-09 0 6.14015e-09 0 6.2825e-09 0 6.4127e-09 0 6.53817e-09 0 6.65889e-09 0 6.77481e-09 0 6.88336e-09 0 6.98957e-09 0 7.09342e-09 0 7.18981e-09 0 7.28633e-09 0 7.3779e-09 0 7.46448e-09 0 7.55117e-09 0 7.63795e-09 0 7.71972e-09 0 7.79901e-09 0 7.87838e-09 0 7.95269e-09 0 8.02707e-09 0 8.09895e-09 0 8.17089e-09 0 8.23774e-09 0 8.30721e-09 0 8.37158e-09 0 8.43858e-09 0 8.50304e-09 0 8.56754e-09 0 8.62951e-09 0
2359.84 9.41579e-07 5.37795e-07 4.03784e-07 0.428837 0.0195081 1.97964e-09 0 2.39311e-09 0 2.89091e-09 0 3.22841e-09 0 3.492e-09 0 3.7112e-09 0 3.90105e-09 0 4.07002e-09 0 4.22139e-09 0 4.36043e-09 0 4.48882e-09 0 4.60829e-09 0 4.71874e-09 0 4.82573e-09 0 4.92355e-09 0 5.01781e-09 0 5.10848e-09 0 5.19552e-09 0 5.27702e-09 0 5.35675e-09 0 5.43469e-09 0 5.50703e-09 0 5.57946e-09 0 5.64815e-09 0 5.71311e-09 0 5.77813e-09 0 5.84322e-09 0 5.90454e-09 0 5.96399e-09 0 6.0235e-09 0 6.07922e-09 0 6.13498e-09 0 6.18886e-09 0 6.24278e-09 0 6.29289e-09 0 6.34495e-09 0 6.39319e-09 0 6.44339e-09 0 6.4917e-09 0 6.54003e-09 0 6.58645e-09 0
2480.97 8.18104e-07 4.88623e-07 3.29482e-07 0.402738 0.0176271 1.55104e-09 0 1.86469e-09 0 2.24105e-09 0 2.49561e-09 0 2.69416e-09 0 2.85911e-09 0 3.00187e-09 0 3.12886e-09 0 3.24257e-09 0 3.34698e-09 0 3.44335e-09 0 3.53301e-09 0 3.61587e-09 0 3.69611e-09 0 3.76946e-09 0 3.84013e-09 0 3.90809e-09 0 3.97333e-09 0 4.0344e-09 0 4.09414e-09 0 4.15252e-09 0 4.20671e-09 0 4.26095e-09 0 4.3124e-09 0 4.36103e-09 0 4.40972e-09 0 4.45844e-09 0 4.50434e-09 0 4.54885e-09 0 4.59339e-09 0 4.63509e-09 0 4.67681e-09 0 4.71713e-09 0 4.75748e-09 0 4.79496e-09 0 4.83391e-09 0 4.87e-09 0 4.90755e-09 0 4.94368e-09 0 4.97983e-09 0 5.01455e-09 0
2608.32 7.16264e-07 4.47329e-07 2.68935e-07 0.375469 0.0159313 1.22081e-09 0 1.46013e-09 0 1.7464e-09 0 1.93962e-09 0 2.09013e-09 0 2.21507e-09 0 2.32313e-09 0 2.4192e-09 0 2.50519e-09 0 2.58412e-09 0 2.65695e-09 0 2.72468e-09 0 2.78727e-09 0 2.84786e-09 0 2.90324e-09 0 2.95659e-09 0 3.00788e-09 0 3.05711e-09 0 3.10319e-09 0 3.14825e-09 0 3.1923e-09 0 3.23316e-09 0 3.27407e-09 0 3.31287e-09 0 3.34954e-09 0 3.38624e-09 0 3.42298e-09 0 3.45758e-09 0 3.49112e-09 0 3.52469e-09 0 3.55612e-09 0 3.58756e-09 0 3.61794e-09 0 3.64834e-09 0 3.67659e-09 0 3.70593e-09 0 3.73312e-09 0 3.76141e-09 0 3.78863e-09 0 3.81585e-09 0 3.84201e-09 0
2742.21 6.28917e-07 4.09226e-07 2.19691e-07 0.349316 0.014403 9.57483e-10 0 1.13964e-09 0 1.35694e-09 0 1.50331e-09 0 1.6172e-09 0 1.71167e-09 0 1.79332e-09 0 1.86589e-09 0 1.93081e-09 0 1.99038e-09 0 2.04534e-09 0 2.09643e-09 0 2.14363e-09 0 2.18932e-09 0 2.23108e-09 0 2.27129e-09 0 2.30995e-09 0 2.34705e-09 0 2.38177e-09 0 2.41572e-09 0 2.4489e-09 0 2.47968e-09 0 2.51049e-09 0 2.5397e-09 0 2.56732e-09 0 2.59495e-09 0 2.62261e-09 0 2.64866e-09 0 2.67391e-09 0 2.69918e-09 0 2.72284e-09 0 2.7465e-09 0 2.76937e-09 0 2.79224e-09 0 2.8135e-09 0 2.83558e-09 0 2.85604e-09 0 2.87732e-09 0 2.8978e-09 0 2.91828e-09 0 2.93796e-09 0
2882.97 5.53222e-07 3.7376e-07 1.79462e-07 0.324394 0.0130222 7.47752e-10 0 8.85969e-10 0 1.05043e-09 0 1.16101e-09 0 1.24698e-09 0 1.31822e-09 0 1.37977e-09 0 1.43445e-09 0 1.48335e-09 0 1.52821e-09 0 1.56957e-09 0 1.60803e-09 0 1.64355e-09 0 1.67792e-09 0 1.70933e-09 0 1.73957e-09 0 1.76864e-09 0 1.79654e-09 0 1.82264e-09 0 1.84816e-09 0 1.8731e-09 0 1.89624e-09 0 1.91939e-09 0 1.94135e-09 0 1.9621e-09 0 1.98286e-09 0 2.00364e-09 0 2.02321e-09 0 2.04218e-09 0 2.06116e-09 0 2.07892e-09 0 2.0967e-09 0 2.11387e-09 0 2.13105e-09 0 2.14701e-09 0 2.16359e-09 0 2.17895e-09 0 2.19494e-09 0 2.21031e-09 0 2.22569e-09 0 2.24046e-09 0
3030.95 4.88083e-07 3.41495e-07 1.46588e-07 0.300333 0.0117737 5.82728e-10 0 6.87499e-10 0 8.11875e-10 0 8.95371e-10 0 9.60216e-10 0 1.01392e-09 0 1.0603e-09 0 1.10149e-09 0 1.13831e-09 0 1.17207e-09 0 1.2032e-09 0 1.23214e-09 0 1.25886e-09 0 1.28471e-09 0 1.30833e-09 0 1.33108e-09 0 1.35293e-09 0 1.3739e-09 0 1.39352e-09 0 1.41271e-09 0 1.43145e-09 0 1.44884e-09 0 1.46624e-09 0 1.48273e-09 0 1.49832e-09 0 1.51392e-09 0 1.52953e-09 0 1.54423e-09 0 1.55848e-09 0 1.57274e-09 0 1.58608e-09 0 1.59943e-09 0 1.61232e-09 0 1.62522e-09 0 1.63721e-09 0 1.64966e-09 0 1.66119e-09 0 1.67319e-09 0 1.68473e-09 0 1.69628e-09 0 1.70737e-09 0
3186.53 4.34208e-07 3.14425e-07 1.19783e-07 0.275865 0.0106454 4.56564e-10 0 5.36496e-10 0 6.31185e-10 0 6.94659e-10 0 7.43912e-10 0 7.84683e-10 0 8.19876e-10 0 8.51113e-10 0 8.79033e-10 0 9.0463e-10 0 9.28227e-10 0 9.50154e-10 0 9.70399e-10 0 9.89986e-10 0 1.00788e-09 0 1.0251e-09 0 1.04165e-09 0 1.05753e-09 0 1.07239e-09 0 1.08691e-09 0 1.1011e-09 0 1.11426e-09 0 1.12743e-09 0 1.13991e-09 0 1.15171e-09 0 1.16352e-09 0 1.17533e-09 0 1.18645e-09 0 1.19723e-09 0 1.20802e-09 0 1.21811e-09 0 1.22821e-09 0 1.23797e-09 0 1.24773e-09 0 1.25679e-09 0 1.26621e-09 0 1.27493e-09 0 1.28401e-09 0 1.29274e-09 0 1.30147e-09 0 1.30986e-09 0
3350.09 3.87037e-07 2.89121e-07 9.79156e-08 0.252988 0.00962672 3.56464e-10 0 4.17296e-10 0 4.89222e-10 0 5.37373e-10 0 5.74707e-10 0 6.05595e-10 0 6.32246e-10 0 6.55895e-10 0 6.77026e-10 0 6.96395e-10 0 7.14248e-10 0 7.30834e-10 0 7.46145e-10 0 7.60957e-10 0 7.74485e-10 0 7.87507e-10 0 8.00019e-10 0 8.12022e-10 0 8.2325e-10 0 8.34226e-10 0 8.44949e-10 0 8.54893e-10 0 8.64844e-10 0 8.74277e-10 0 8.8319e-10 0 8.92109e-10 0 9.01032e-10 0 9.09434e-10 0 9.17577e-10 0 9.25724e-10 0 9.33348e-10 0 9.40976e-10 0 9.48343e-10 0 9.55713e-10 0 9.62559e-10 0 9.6967e-10 0 9.76257e-10 0 9.8311e-10 0 9.89701e-10 0 9.96294e-10 0 1.00263e-09 0
3522.05 3.45438e-07 2.65406e-07 8.00325e-08 0.231684 0.00870557 2.7727e-10 0 3.23441e-10 0 3.77937e-10 0 4.14375e-10 0 4.42608e-10 0 4.65956e-10 0 4.86093e-10 0 5.03957e-10 0 5.19915e-10 0 5.34539e-10 0 5.48016e-10 0 5.60535e-10 0 5.7209e-10 0 5.83267e-10 0 5.93474e-10 0 6.03298e-10 0 6.12738e-10 0 6.21791e-10 0 6.3026e-10 0 6.38538e-10 0 6.46624e-10 0 6.54123e-10 0 6.61627e-10 0 6.68739e-10 0 6.7546e-10 0 6.82183e-10 0 6.8891e-10 0 6.95244e-10 0 7.01383e-10 0 7.07524e-10 0 7.13271e-10 0 7.1902e-10 0 7.24573e-10 0 7.30127e-10 0 7.35287e-10 0 7.40646e-10 0 7.4561e-10 0 7.50774e-10 0 7.55741e-10 0 7.60709e-10 0 7.6548e-10 0
3702.84 3.08554e-07 2.43147e-07 6.54077e-08 0.211981 0.00787254 2.14822e-10 0 2.49762e-10 0 2.90937e-10 0 3.18438e-10 0 3.39733e-10 0 3.57335e-10 0 3.72512e-10 0 3.85972e-10 0 3.97994e-10 0 4.09008e-10 0 4.19157e-10 0 4.28583e-10 0 4.37283e-10 0 4.45697e-10 0 4.5338e-10 0 4.60774e-10 0 4.67877e-10 0 4.7469e-10 0 4.81063e-10 0 4.87291e-10 0 4.93375e-10 0 4.99017e-10 0 5.04662e-10 0 5.10012e-10 0 5.15067e-10 0 5.20124e-10 0 5.25184e-10 0 5.29948e-10 0 5.34565e-10 0 5.39183e-10 0 5.43505e-10 0 5.47828e-10 0 5.52004e-10 0 5.5618e-10 0 5.6006e-10 0 5.6409e-10 0 5.67822e-10 0 5.71705e-10 0 5.75439e-10 0 5.79174e-10 0 5.82761e-10 0
3892.91 2.75764e-07 2.22269e-07 5.34952e-08 0.193989 0.00712103 1.65775e-10 0 1.92136e-10 0 2.23156e-10 0 2.43854e-10 0 2.59873e-10 0 2.73108e-10 0 2.84516e-10 0 2.94631e-10 0 3.03663e-10 0 3.11938e-10 0 3.19561e-10 0 3.2664e-10 0 3.33173e-10 0 3.39491e-10 0 3.45259e-10 0 3.5081e-10 0 3.56143e-10 0 3.61257e-10 0 3.6604e-10 0 3.70715e-10 0 3.75281e-10 0 3.79515e-10 0 3.8375e-10 0 3.87765e-10 0 3.91558e-10 0 3.95353e-10 0 3.99149e-10 0 4.02723e-10 0 4.06187e-10 0 4.09652e-10 0 4.12894e-10 0 4.16137e-10 0 4.19269e-10 0 4.22402e-10 0 4.25312e-10 0 4.28335e-10 0 4.31135e-10 0 4.34047e-10 0 4.36848e-10 0 4.39649e-10 0 4.42339e-10 0
4092.73 2.47612e-07 2.03862e-07 4.37501e-08 0.176688 0.00644114 1.28134e-10 0 1.48072e-10 0 1.71505e-10 0 1.87127e-10 0 1.9921e-10 0 2.0919e-10 0 2.1779e-10 0 2.25414e-10 0 2.3222e-10 0 2.38455e-10 0 2.44198e-10 0 2.4953e-10 0 2.54451e-10 0 2.59209e-10 0 2.63553e-10 0 2.67732e-10 0 2.71748e-10 0 2.75598e-10 0 2.79199e-10 0 2.82718e-10 0 2.86155e-10 0 2.89342e-10 0 2.92531e-10 0 2.95553e-10 0 2.98408e-10 0 3.01264e-10 0 3.04121e-10 0 3.0681e-10 0 3.09417e-10 0 3.12024e-10 0 3.14464e-10 0 3.16905e-10 0 3.19261e-10 0 3.21619e-10 0 3.23808e-10 0 3.26083e-10 0 3.28189e-10 0 3.3038e-10 0 3.32487e-10 0 3.34595e-10 0 3.36619e-10 0
4302.81 2.23704e-07 1.8793e-07 3.57734e-08 0.159914 0.00582574 9.93836e-11 0 1.14531e-10 0 1.32312e-10 0 1.44157e-10 0 1.53313e-10 0 1.60874e-10 0 1.67388e-10 0 1.73161e-10 0 1.78315e-10 0 1.83034e-10 0 1.87381e-10 0 1.91417e-10 0 1.95141e-10 0 1.98742e-10 0 2.02029e-10 0 2.05191e-10 0 2.08229e-10 0 2.11142e-10 0 2.13866e-10 0 2.16528e-10 0 2.19128e-10 0 2.21539e-10 0 2.23951e-10 0 2.26236e-10 0 2.28395e-10 0 2.30555e-10 0 2.32716e-10 0 2.3475e-10 0 2.36721e-10 0 2.38693e-10 0 2.40538e-10 0 2.42383e-10 0 2.44165e-10 0 2.45948e-10 0 2.47603e-10 0 2.49323e-10 0 2.50915e-10 0 2.52572e-10 0 2.54165e-10 0 2.55758e-10 0 2.57288e-10 0
4523.68 2.02173e-07 1.7292e-07 2.92528e-08 0.144692 0.00526935 7.68239e-11 0 8.83028e-11 0 1.01763e-10 0 1.10722e-10 0 1.17646e-10 0 1.23361e-10 0 1.28284e-10 0 1.32646e-10 0 1.36539e-10 0 1.40104e-10 0 1.43387e-10 0 1.46436e-10 0 1.49248e-10 0 1.51967e-10 0 1.54448e-10 0 1.56836e-10 0 1.5913e-10 0 1.61329e-10 0 1.63385e-10 0 1.65395e-10 0 1.67357e-10 0 1.69177e-10 0 1.70997e-10 0 1.72722e-10 0 1.74352e-10 0 1.75982e-10 0 1.77612e-10 0 1.79147e-10 0 1.80635e-10 0 1.82123e-10 0 1.83515e-10 0 1.84907e-10 0 1.86252e-10 0 1.87597e-10 0 1.88846e-10 0 1.90144e-10 0 1.91345e-10 0 1.92595e-10 0 1.93797e-10 0 1.94999e-10 0 1.96154e-10 0
4755.88 1.82717e-07 1.58782e-07 2.3935e-08 0.130995 0.00476706 5.91793e-11 0 6.78552e-11 0 7.80187e-11 0 8.47791e-11 0 9.00015e-11 0 9.43111e-11 0 9.80225e-11 0 1.01311e-10 0 1.04245e-10 0 1.06932e-10 0 1.09406e-10 0 1.11703e-10 0 1.13821e-10 0 1.1587e-10 0 1.17739e-10 0 1.19538e-10 0 1.21266e-10 0 1.22922e-10 0 1.24471e-10 0 1.25984e-10 0 1.27462e-10 0 1.28833e-10 0 1.30204e-10 0 1.31503e-10 0 1.3273e-10 0 1.33957e-10 0 1.35185e-10 0 1.36341e-10 0 1.37461e-10 0 1.38581e-10 0 1.39629e-10 0 1.40678e-10 0 1.4169e-10 0 1.42703e-10 0 1.43643e-10 0 1.4462e-10 0 1.45525e-10 0 1.46465e-10 0 1.4737e-10 0 1.48275e-10 0 1.49144e-10 0
5000 1.65113e-07 1.45533e-07 1.95801e-08 0.118586 0.00431247 4.54426e-11 0 5.19844e-11 0 5.96413e-11 0 6.47312e-11 0 6.86618e-11 0 7.19047e-11 0 7.46968e-11 0 7.71702e-11 0 7.93772e-11 0 8.13978e-11 0 8.32583e-11 0 8.49853e-11 0 8.65783e-11 0 8.81182e-11 0 8.95238e-11 0 9.0876e-11 0 9.21747e-11 0 9.34197e-11 0 9.4584e-11 0 9.57216e-11 0 9.68325e-11 0 9.78624e-11 0 9.88926e-11 0 9.98688e-11 0 1.00791e-10 0 1.01714e-10 0 1.02636e-10 0 1.03505e-10 0 1.04346e-10 0 1.05188e-10 0 1.05976e-10 0 1.06764e-10 0 1.07524e-10 0 1.08285e-10 0 1.08992e-10 0 1.09726e-10 0 1.10405e-10 0 1.11112e-10 0 1.11792e-10 0 1.12472e-10 0 1.13125e-10 0
