# 0.00592825 2 115 : grain size, compostion index, size index
# Heating and cooling timescale: 3.76838e-08 inf
# Ratio of heating to cooling to determine stochastic cutoff: 100
# Equilibrium emission is recorded even for those grains in the stochastic regime.
# Emission spectrum was computed for: 
# Type: ISRF
# Scales: 0.25 0.5 1 1.5 2 2.5 3 3.5 4 4.5 5 5.5 6 6.5 7 7.5 8 8.5 9 9.5 10 10.5 11 11.5 12 12.5 13 13.5 14 14.5 15 15.5 16 16.5 17 17.5 18 18.5 19 19.5 20
# StochasticallyHeated: 0 0 0 0 0 0 0 0 0 0 0 0 0 0 0 0 0 0 0 0 0 0 0 0 0 0 0 0 0 0 0 0 0 0 0 0 0 0 0 0 0
# Temperature: -1
# Wavelength  CExt  CAbs  CSca  Albedo G EqEm1 StEm1 EqEm2 StEm2 EqEm3 StEm3 EqEm4 StEm4 EqEm5 StEm5 EqEm6 StEm6 EqEm7 StEm7 EqEm8 StEm8 EqEm9 StEm9 EqEm10 StEm10 EqEm11 StEm11 EqEm12 StEm12 EqEm13 StEm13 EqEm14 StEm14 EqEm15 StEm15 EqEm16 StEm16 EqEm17 StEm17 EqEm18 StEm18 EqEm19 StEm19 EqEm20 StEm20 EqEm21 StEm21 EqEm22 StEm22 EqEm23 StEm23 EqEm24 StEm24 EqEm25 StEm25 EqEm26 StEm26 EqEm27 StEm27 EqEm28 StEm28 EqEm29 StEm29 EqEm30 StEm30 EqEm31 StEm31 EqEm32 StEm32 EqEm33 StEm33 EqEm34 StEm34 EqEm35 StEm35 EqEm36 StEm36 EqEm37 StEm37 EqEm38 StEm38 EqEm39 StEm39 EqEm40 StEm40 EqEm41 StEm41
0.05 0.000221356 9.37304e-05 0.000127626 0.576563 0.931572 0 0 0 0 0 0 0 0 0 0 0 0 0 0 0 0 0 0 0 0 0 0 0 0 0 0 0 0 0 0 0 0 0 0 0 0 0 0 0 0 0 0 0 0 0 0 0 0 0 0 0 0 0 0 0 0 0 0 0 0 0 0 0 0 0 0 0 0 0 0 0 0 0 0 0 0 0 0 0 0 0 0
0.0525665 0.000221377 9.29102e-05 0.000128467 0.580307 0.925741 0 0 0 0 0 0 0 0 0 0 0 0 0 0 0 0 0 0 0 0 0 0 0 0 0 0 0 0 0 0 0 0 0 0 0 0 0 0 0 0 0 0 0 0 0 0 0 0 0 0 0 0 0 0 0 0 0 0 0 0 0 0 0 0 0 0 0 0 0 0 0 0 0 0 0 0 0 0 0 0 0 0
0.0552647 0.000221399 9.1551e-05 0.000129848 0.586488 0.916821 0 0 0 0 0 0 0 0 0 0 0 0 0 0 0 0 0 0 0 0 0 0 0 0 0 0 0 0 0 0 0 0 0 0 0 0 0 0 0 0 0 0 0 0 0 0 0 0 0 0 0 0 0 0 0 0 0 0 0 0 0 0 0 0 0 0 0 0 0 0 0 0 0 0 0 0 0 0 0 0 0 0
0.0581015 0.000221423 8.94906e-05 0.000131932 0.595839 0.90295 0 0 0 0 0 0 0 0 0 0 0 0 0 0 0 0 0 0 0 0 0 0 0 0 0 0 0 0 0 0 0 0 0 0 0 0 0 0 0 0 0 0 0 0 0 0 0 0 0 0 0 0 0 0 0 0 0 0 0 0 0 0 0 0 0 0 0 0 0 0 0 0 0 0 0 0 0 0 0 0 0 0
0.0610839 0.00022145 8.74101e-05 0.00013404 0.605283 0.887396 0 0 0 0 0 0 0 0 0 0 0 0 0 0 0 0 0 0 0 0 0 0 0 0 0 0 0 0 0 0 0 0 0 0 0 0 0 0 0 0 0 0 0 0 0 0 0 0 0 0 0 0 0 0 0 0 0 0 0 0 0 0 0 0 0 0 0 0 0 0 0 0 0 0 0 0 0 0 0 0 0 0
0.0642193 0.000221479 8.595e-05 0.000135529 0.611927 0.874745 0 0 0 0 0 0 0 0 0 0 0 0 0 0 0 0 0 0 0 0 0 0 0 0 0 0 0 0 0 0 0 0 0 0 0 0 0 0 0 0 0 0 0 0 0 0 0 0 0 0 0 0 0 0 0 0 0 0 0 0 0 0 0 0 0 0 0 0 0 0 0 0 0 0 0 0 0 0 0 0 0 0
0.0675157 0.000221508 8.51176e-05 0.00013639 0.615735 0.865814 0 0 0 0 0 0 0 0 0 0 0 0 0 0 0 0 0 0 0 0 0 0 0 0 0 0 0 0 0 0 0 0 0 0 0 0 0 0 0 0 0 0 0 0 0 0 0 0 0 0 0 0 0 0 0 0 0 0 0 0 0 0 0 0 0 0 0 0 0 0 0 0 0 0 0 0 0 0 0 0 0 0
0.0709813 0.000221538 8.47968e-05 0.000136741 0.617236 0.860177 0 0 0 0 0 0 0 0 0 0 0 0 0 0 0 0 0 0 0 0 0 0 0 0 0 0 0 0 0 0 0 0 0 0 0 0 0 0 0 0 0 0 0 0 0 0 0 0 0 0 0 0 0 0 0 0 0 0 0 0 0 0 0 0 0 0 0 0 0 0 0 0 0 0 0 0 0 0 0 0 0 0
0.0746248 0.000221569 8.49018e-05 0.000136667 0.616815 0.857426 0 0 0 0 0 0 0 0 0 0 0 0 0 0 0 0 0 0 0 0 0 0 0 0 0 0 0 0 0 0 0 0 0 0 0 0 0 0 0 0 0 0 0 0 0 0 0 0 0 0 0 0 0 0 0 0 0 0 0 0 0 0 0 0 0 0 0 0 0 0 0 0 0 0 0 0 0 0 0 0 0 0
0.0784553 0.000221599 8.54893e-05 0.00013611 0.614216 0.858061 0 0 0 0 0 0 0 0 0 0 0 0 0 0 0 0 0 0 0 0 0 0 0 0 0 0 0 0 0 0 0 0 0 0 0 0 0 0 0 0 0 0 0 0 0 0 0 0 0 0 0 0 0 0 0 0 0 0 0 0 0 0 0 0 0 0 0 0 0 0 0 0 0 0 0 0 0 0 0 0 0 0
0.0824824 0.000221629 8.6762e-05 0.000134867 0.608526 0.86363 0 0 0 0 0 0 0 0 0 0 0 0 0 0 0 0 0 0 0 0 0 0 0 0 0 0 0 0 0 0 0 0 0 0 0 0 0 0 0 0 0 0 0 0 0 0 0 0 0 0 0 0 0 0 0 0 0 0 0 0 0 0 0 0 0 0 0 0 0 0 0 0 0 0 0 0 0 0 0 0 0 0
0.0867162 0.000221656 8.72927e-05 0.000134364 0.60618 0.866612 0 0 0 0 0 0 0 0 0 0 0 0 0 0 0 0 0 0 0 0 0 0 0 0 0 0 0 0 0 0 0 0 0 0 0 0 0 0 0 0 0 0 0 0 0 0 0 0 0 0 0 0 0 0 0 0 0 0 0 0 0 0 0 0 0 0 0 0 0 0 0 0 0 0 0 0 0 0 0 0 0 0
0.0911674 0.000221689 8.64956e-05 0.000135193 0.609833 0.860044 0 0 0 0 0 0 0 0 0 0 0 0 0 0 0 0 0 0 0 0 0 0 0 0 0 0 0 0 0 0 0 0 0 0 0 0 0 0 0 0 0 0 0 0 0 0 0 0 0 0 0 0 0 0 0 0 0 0 0 0 0 0 0 0 0 0 0 0 0 0 0 0 0 0 0 0 0 0 0 0 0 0
0.095847 0.000221724 8.63666e-05 0.000135357 0.610476 0.856722 0 0 0 0 0 0 0 0 0 0 0 0 0 0 0 0 0 0 0 0 0 0 0 0 0 0 0 0 0 0 0 0 0 0 0 0 0 0 0 0 0 0 0 0 0 0 0 0 0 0 0 0 0 0 0 0 0 0 0 0 0 0 0 0 0 0 0 0 0 0 0 0 0 0 0 0 0 0 0 0 0 0
0.100767 0.000221757 8.66077e-05 0.00013515 0.609449 0.856244 0 0 0 0 0 0 0 0 0 0 0 0 0 0 0 0 0 0 0 0 0 0 0 0 0 0 0 0 0 0 0 0 0 0 0 0 0 0 0 0 0 0 0 0 0 0 0 0 0 0 0 0 0 0 0 0 0 0 0 0 0 0 0 0 0 0 0 0 0 0 0 0 0 0 0 0 0 0 0 0 0 0
0.105939 0.00022179 8.74683e-05 0.000134321 0.605625 0.860185 0 0 0 0 0 0 0 0 0 0 0 0 0 0 0 0 0 0 0 0 0 0 0 0 0 0 0 0 0 0 0 0 0 0 0 0 0 0 0 0 0 0 0 0 0 0 0 0 0 0 0 0 0 0 0 0 0 0 0 0 0 0 0 0 0 0 0 0 0 0 0 0 0 0 0 0 0 0 0 0 0 0
0.111377 0.000221821 8.83611e-05 0.00013346 0.601657 0.865282 0 0 0 0 0 0 0 0 0 0 0 0 0 0 0 0 0 0 0 0 0 0 0 0 0 0 0 0 0 0 0 0 0 0 0 0 0 0 0 0 0 0 0 0 0 0 0 0 0 0 0 0 0 0 0 0 0 0 0 0 0 0 0 0 0 0 0 0 0 0 0 0 0 0 0 0 0 0 0 0 0 0
0.117094 0.000221854 8.89399e-05 0.000132914 0.599105 0.868475 0 0 0 0 0 0 0 0 0 0 0 0 0 0 0 0 0 0 0 0 0 0 0 0 0 0 0 0 0 0 0 0 0 0 0 0 0 0 0 0 0 0 0 0 0 0 0 0 0 0 0 0 0 0 0 0 0 0 0 0 0 0 0 0 0 0 0 0 0 0 0 0 0 0 0 0 0 0 0 0 0 0
0.123105 0.000221888 8.93308e-05 0.000132557 0.597406 0.870484 0 0 0 0 0 0 0 0 0 0 0 0 0 0 0 0 0 0 0 0 0 0 0 0 0 0 0 0 0 0 0 0 0 0 0 0 0 0 0 0 0 0 0 0 0 0 0 0 0 0 0 0 0 0 0 0 0 0 0 0 0 0 0 0 0 0 0 0 0 0 0 0 0 0 0 0 0 0 0 0 0 0
0.129424 0.000221924 8.95665e-05 0.000132357 0.596409 0.871459 0 0 0 0 0 0 0 0 0 0 0 0 0 0 0 0 0 0 0 0 0 0 0 0 0 0 0 0 0 0 0 0 0 0 0 0 0 0 0 0 0 0 0 0 0 0 0 0 0 0 0 0 0 0 0 0 0 0 0 0 0 0 0 0 0 0 0 0 0 0 0 0 0 0 0 0 0 0 0 0 0 0
0.136067 0.00022196 8.96298e-05 0.00013233 0.59619 0.871209 0 0 0 0 0 0 0 0 0 0 0 0 0 0 0 0 0 0 0 0 0 0 0 0 0 0 0 0 0 0 0 0 0 0 0 0 0 0 0 0 0 0 0 0 0 0 0 0 0 0 0 0 0 0 0 0 0 0 0 0 0 0 0 0 0 0 0 0 0 0 0 0 0 0 0 0 0 0 0 0 0 0
0.143051 0.000221999 8.94212e-05 0.000132577 0.597199 0.868859 0 0 0 0 0 0 0 0 0 0 0 0 0 0 0 0 0 0 0 0 0 0 0 0 0 0 0 0 0 0 0 0 0 0 0 0 0 0 0 0 0 0 0 0 0 0 0 0 0 0 0 0 0 0 0 0 0 0 0 0 0 0 0 0 0 0 0 0 0 0 0 0 0 0 0 0 0 0 0 0 0 0
0.150394 0.000222034 8.97226e-05 0.000132311 0.595906 0.8701 0 0 0 0 0 0 0 0 0 0 0 0 0 0 0 0 0 0 0 0 0 0 0 0 0 0 0 0 0 0 0 0 0 0 0 0 0 0 0 0 0 0 0 0 0 0 0 0 0 0 0 0 0 0 0 0 0 0 0 0 0 0 0 0 0 0 0 0 0 0 0 0 0 0 0 0 0 0 0 0 0 0
0.158114 0.000222069 9.06738e-05 0.000131395 0.591686 0.876599 0 0 0 0 0 0 0 0 0 0 0 0 0 0 0 0 0 0 0 0 0 0 0 0 0 0 0 0 0 0 0 0 0 0 0 0 0 0 0 0 0 0 0 0 0 0 0 0 0 0 0 0 0 0 0 0 0 0 0 0 0 0 0 0 0 0 0 0 0 0 0 0 0 0 0 0 0 0 0 0 0 0
0.16623 0.000222105 9.1756e-05 0.000130349 0.586881 0.884492 0 0 0 0 0 0 0 0 0 0 0 0 0 0 0 0 0 0 0 0 0 0 0 0 0 0 0 0 0 0 0 0 0 0 0 0 0 0 0 0 0 0 0 0 0 0 0 0 0 0 0 0 0 0 0 0 0 0 0 0 0 0 0 0 0 0 0 0 0 0 0 0 0 0 0 0 0 0 0 0 0 0
0.174762 0.000222146 9.27148e-05 0.000129431 0.58264 0.891657 0 0 0 0 0 0 0 0 0 0 0 0 0 0 0 0 0 0 0 0 0 0 0 0 0 0 0 0 0 0 0 0 0 0 0 0 0 0 0 0 0 0 0 0 0 0 0 0 0 0 0 0 0 0 0 0 0 0 0 0 0 0 0 0 0 0 0 0 0 0 0 0 0 0 0 0 0 0 0 0 0 0
0.183733 0.000222189 9.35645e-05 0.000128625 0.578897 0.898065 0 0 0 0 0 0 0 0 0 0 0 0 0 0 0 0 0 0 0 0 0 0 0 0 0 0 0 0 0 0 0 0 0 0 0 0 0 0 0 0 0 0 0 0 0 0 0 0 0 0 0 0 0 0 0 0 0 0 0 0 0 0 0 0 0 0 0 0 0 0 0 0 0 0 0 0 0 0 0 0 0 0
0.193164 0.000222234 9.4284e-05 0.00012795 0.575745 0.903506 0 0 0 0 0 0 0 0 0 0 0 0 0 0 0 0 0 0 0 0 0 0 0 0 0 0 0 0 0 0 0 0 0 0 0 0 0 0 0 0 0 0 0 0 0 0 0 0 0 0 0 0 0 0 0 0 0 0 0 0 0 0 0 0 0 0 0 0 0 0 0 0 0 0 0 0 0 0 0 0 0 0
0.203079 0.000222281 9.48971e-05 0.000127384 0.573077 0.908133 0 0 0 0 0 0 0 0 0 0 0 0 0 0 0 0 0 0 0 0 0 0 0 0 0 0 0 0 0 0 0 0 0 0 0 0 0 0 0 0 0 0 0 0 0 0 0 0 0 0 0 0 0 0 0 0 0 0 0 0 0 0 0 0 0 0 0 0 0 0 0 0 0 0 0 0 0 0 0 0 0 0
0.213503 0.000222331 9.54386e-05 0.000126892 0.570736 0.912203 0 0 0 0 0 0 0 0 0 0 0 0 0 0 0 0 0 0 0 0 0 0 0 0 0 0 0 0 0 0 0 0 0 0 0 0 0 0 0 0 0 0 0 0 0 0 0 0 0 0 0 0 0 0 0 0 0 0 0 0 0 0 0 0 0 0 0 0 0 0 0 0 0 0 0 0 0 0 0 0 0 0
0.224463 0.000222382 9.58912e-05 0.00012649 0.568799 0.915574 0 0 0 0 0 0 0 0 0 0 0 0 0 0 0 0 0 0 0 0 0 0 0 0 0 0 0 0 0 0 0 0 0 0 0 0 0 0 0 0 0 0 0 0 0 0 0 0 0 0 0 0 0 0 0 0 0 0 0 0 0 0 0 0 0 0 0 0 0 0 0 0 0 0 0 0 0 0 0 0 0 0
0.235984 0.000222434 9.62489e-05 0.000126186 0.567293 0.918199 0 0 0 0 0 0 0 0 0 0 0 0 0 0 0 0 0 0 0 0 0 0 0 0 0 0 0 0 0 0 0 0 0 0 0 0 0 0 0 0 0 0 0 0 0 0 0 0 0 0 0 0 0 0 0 0 0 0 0 0 0 0 0 0 0 0 0 0 0 0 0 0 0 0 0 0 0 0 0 0 0 0
0.248097 0.00022249 9.65244e-05 0.000125965 0.566163 0.920176 0 0 0 0 0 0 0 0 0 0 0 0 0 0 0 0 0 0 0 0 0 0 0 0 0 0 0 0 0 0 0 0 0 0 0 0 0 0 0 0 0 0 0 0 0 0 0 0 0 0 0 0 0 0 0 0 0 0 0 0 0 0 0 0 0 0 0 0 0 0 0 0 0 0 0 0 0 0 0 0 0 0
0.260832 0.000222546 9.67502e-05 0.000125796 0.565257 0.921758 0 0 0 0 0 0 0 0 0 0 0 0 0 0 0 0 0 0 0 0 0 0 0 0 0 0 0 0 0 0 0 0 0 0 0 0 0 0 0 0 0 0 0 0 0 0 0 0 0 0 0 0 0 0 0 0 0 0 0 0 0 0 0 0 0 0 0 0 0 0 0 0 0 0 0 0 0 0 0 0 0 0
0.274221 0.000222604 9.69444e-05 0.00012566 0.564499 0.923084 0 0 0 0 0 0 0 0 0 0 0 0 0 0 0 0 0 0 0 0 0 0 0 0 0 0 0 0 0 0 0 0 0 0 0 0 0 0 0 0 0 0 0 0 0 0 0 0 0 0 0 0 0 0 0 0 0 0 0 0 0 0 0 0 0 0 0 0 0 0 0 0 0 0 0 0 0 0 0 0 0 0
0.288297 0.000222665 9.71108e-05 0.000125554 0.56387 0.924186 0 0 0 0 0 0 0 0 0 0 0 0 0 0 0 0 0 0 0 0 0 0 0 0 0 0 0 0 0 0 0 0 0 0 0 0 0 0 0 0 0 0 0 0 0 0 0 0 0 0 0 0 0 0 0 0 0 0 0 0 0 0 0 0 0 0 0 0 0 0 0 0 0 0 0 0 0 0 0 0 0 0
0.303095 0.000222727 9.72548e-05 0.000125472 0.563345 0.925105 0 0 0 0 0 0 0 0 0 0 0 0 0 0 0 0 0 0 0 0 0 0 0 0 0 0 0 0 0 0 0 0 0 0 0 0 0 0 0 0 0 0 0 0 0 0 0 0 0 0 0 0 0 0 0 0 0 0 0 0 0 0 0 0 0 0 0 0 0 0 0 0 0 0 0 0 0 0 0 0 0 0
0.318653 0.000222792 9.73841e-05 0.000125408 0.562892 0.925899 0 0 0 0 0 0 0 0 0 0 0 0 0 0 0 0 0 0 0 0 0 0 0 0 0 0 0 0 0 0 0 0 0 0 0 0 0 0 0 0 0 0 0 0 0 0 0 0 0 0 0 0 0 0 0 0 0 0 0 0 0 0 0 0 0 0 0 0 0 0 0 0 0 0 0 0 0 0 0 0 0 0
0.335009 0.000222858 9.7499e-05 0.000125359 0.562507 0.926571 0 0 0 0 0 0 0 0 0 0 0 0 0 0 0 0 0 0 0 0 0 0 0 0 0 0 0 0 0 0 0 0 0 0 0 0 0 0 0 0 0 0 0 0 0 0 0 0 0 0 0 0 0 0 0 0 0 0 0 0 0 0 0 0 0 0 0 0 0 0 0 0 0 0 0 0 0 0 0 0 0 0
0.352205 0.000222927 9.76048e-05 0.000125322 0.562168 0.927163 0 0 0 0 0 0 0 0 0 0 0 0 0 0 0 0 0 0 0 0 0 0 0 0 0 0 0 0 0 0 0 0 0 0 0 0 0 0 0 0 0 0 0 0 0 0 0 0 0 0 0 0 0 0 0 0 0 0 0 0 0 0 0 0 0 0 0 0 0 0 0 0 0 0 0 0 0 0 0 0 0 0
0.370284 0.000222998 9.77025e-05 0.000125296 0.561869 0.927683 0 0 0 0 0 0 0 0 0 0 0 0 0 0 0 0 0 0 0 0 0 0 0 0 0 0 0 0 0 0 0 0 0 0 0 0 0 0 0 0 0 0 0 0 0 0 0 0 0 0 0 0 0 0 0 0 0 0 0 0 0 0 0 0 0 0 0 0 0 0 0 0 0 0 0 0 0 0 0 0 0 0
0.389291 0.000223072 9.77897e-05 0.000125283 0.561624 0.928109 0 0 0 0 0 0 0 0 0 0 0 0 0 0 0 0 0 0 0 0 0 0 0 0 0 0 0 0 0 0 0 0 0 0 0 0 0 0 0 0 0 0 0 0 0 0 0 0 0 0 0 0 0 0 0 0 0 0 0 0 0 0 0 0 0 0 0 0 0 0 0 0 0 0 0 0 0 0 0 0 0 0
0.409273 0.000223149 9.78703e-05 0.000125278 0.561412 0.928472 0 0 0 0 0 0 0 0 0 0 0 0 0 0 0 0 0 0 0 0 0 0 0 0 0 0 0 0 0 0 0 0 0 0 0 0 0 0 0 0 0 0 0 0 0 0 0 0 0 0 0 0 0 0 0 0 0 0 0 0 0 0 0 0 0 0 0 0 0 0 0 0 0 0 0 0 0 0 0 0 0 0
0.430281 0.000223227 9.79496e-05 0.000125277 0.561211 0.928813 0 0 0 0 0 0 0 0 0 0 0 0 0 0 0 0 0 0 0 0 0 0 0 0 0 0 0 0 0 0 0 0 0 0 0 0 0 0 0 0 0 0 0 0 0 0 0 0 0 0 0 0 0 0 0 0 0 0 0 0 0 0 0 0 0 0 0 0 0 0 0 0 0 0 0 0 0 0 0 0 0 0
0.452368 0.000223308 9.80199e-05 0.000125288 0.561055 0.929072 0 0 0 0 0 0 0 0 0 0 0 0 0 0 0 0 0 0 0 0 0 0 0 0 0 0 0 0 0 0 0 0 0 0 0 0 0 0 0 0 0 0 0 0 0 0 0 0 0 0 0 0 0 0 0 0 0 0 0 0 0 0 0 0 0 0 0 0 0 0 0 0 0 0 0 0 0 0 0 0 0 0
0.475588 0.000223392 9.80887e-05 0.000125304 0.560913 0.929305 0 0 0 0 0 0 0 0 0 0 0 0 0 0 0 0 0 0 0 0 0 0 0 0 0 0 0 0 0 0 0 0 0 0 0 0 0 0 0 0 0 0 0 0 0 0 0 0 0 0 0 0 0 0 0 0 0 0 0 0 0 0 0 0 0 0 0 0 0 0 0 0 0 0 0 0 0 0 0 0 0 0
0.5 0.000223479 9.81554e-05 0.000125324 0.560785 0.929511 0 0 0 0 0 0 0 0 0 0 0 0 0 0 0 0 0 0 0 0 0 0 0 0 0 0 0 0 0 0 0 0 0 0 0 0 0 0 0 0 0 0 0 0 0 0 0 0 0 0 0 0 0 0 0 0 0 0 0 0 0 0 0 0 0 0 0 0 0 0 0 0 0 0 0 0 0 0 0 0 0 0
0.525665 0.00022357 9.82213e-05 0.000125348 0.560668 0.929694 0 0 0 0 0 0 0 0 0 0 0 0 0 0 0 0 0 0 0 0 0 0 0 0 0 0 0 0 0 0 0 0 0 0 0 0 0 0 0 0 0 0 0 0 0 0 0 0 0 0 0 0 0 0 0 0 0 0 0 0 0 0 0 0 0 0 0 0 0 0 0 0 0 0 0 0 0 0 0 0 0 0
0.552648 0.000223663 9.82891e-05 0.000125374 0.560548 0.929876 0 0 0 0 0 0 0 0 0 0 0 0 0 0 0 0 0 0 0 0 0 0 0 0 0 0 0 0 0 0 0 0 0 0 0 0 0 0 0 0 0 0 0 0 0 0 0 0 0 0 0 0 0 0 0 0 0 0 0 0 0 0 0 0 0 0 0 0 0 0 0 0 0 0 0 0 0 0 0 0 0 0
0.581015 0.000223758 9.83475e-05 0.000125411 0.560474 0.929971 0 0 0 0 0 0 0 0 0 0 0 0 0 0 0 0 0 0 0 0 0 0 0 0 0 0 0 0 0 0 0 0 0 0 0 0 0 0 0 0 0 0 0 0 0 0 0 0 0 0 0 0 0 0 0 0 0 0 0 0 0 0 0 0 0 0 0 0 0 0 0 0 0 0 0 0 0 0 0 0 0 0
0.610839 0.000223857 9.84086e-05 0.000125449 0.560396 0.93007 0 0 0 0 0 0 0 0 0 0 0 0 0 0 0 0 0 0 0 0 0 0 0 0 0 0 0 0 0 0 0 0 0 0 0 0 0 0 0 0 0 0 0 0 0 0 0 0 0 0 0 0 0 0 0 0 0 0 0 0 0 0 0 0 0 0 0 0 0 0 0 0 0 0 0 0 0 0 0 0 0 0
0.642193 0.00022396 9.84725e-05 0.000125487 0.560312 0.930173 0 0 0 0 0 0 0 0 0 0 0 0 0 0 0 0 0 0 0 0 0 0 0 0 0 0 0 0 0 0 0 0 0 0 0 0 0 0 0 0 0 0 0 0 0 0 0 0 0 0 0 0 0 0 0 0 0 0 0 0 0 0 0 0 0 0 0 0 0 0 0 0 0 0 0 0 0 0 0 0 0 0
0.675157 0.000224066 9.85356e-05 0.000125531 0.560239 0.930252 0 0 0 0 0 0 0 0 0 0 0 0 0 0 0 0 0 0 0 0 0 0 0 0 0 0 0 0 0 0 0 0 0 0 0 0 0 0 0 0 0 0 0 0 0 0 0 0 0 0 0 0 0 0 0 0 0 0 0 0 0 0 0 0 0 0 0 0 0 0 0 0 0 0 0 0 0 0 0 0 0 0
0.709813 0.000224175 9.85983e-05 0.000125577 0.560173 0.930309 0 0 0 0 0 0 0 0 0 0 0 0 0 0 0 0 0 0 0 0 0 0 0 0 0 0 0 0 0 0 0 0 0 0 0 0 0 0 0 0 0 0 0 0 0 0 0 0 0 0 0 0 0 0 0 0 0 0 0 0 0 0 0 0 0 0 0 0 0 0 0 0 0 0 0 0 0 0 0 0 0 0
0.746248 0.000224289 9.86633e-05 0.000125626 0.560106 0.930363 0 0 0 0 0 0 0 0 0 0 0 0 0 0 0 0 0 0 0 0 0 0 0 0 0 0 0 0 0 0 0 0 0 0 0 0 0 0 0 0 0 0 0 0 0 0 0 0 0 0 0 0 0 0 0 0 0 0 0 0 0 0 0 0 0 0 0 0 0 0 0 0 0 0 0 0 0 0 0 0 0 0
0.784553 0.000224406 9.87312e-05 0.000125674 0.560032 0.93042 0 0 0 0 0 0 0 0 0 0 0 0 0 0 0 0 0 0 0 0 0 0 0 0 0 0 0 0 0 0 0 0 0 0 0 0 0 0 0 0 0 0 0 0 0 0 0 0 0 0 0 0 0 0 0 0 0 0 0 0 0 0 0 0 0 0 0 0 0 0 0 0 0 0 0 0 0 0 0 0 0 0
0.824824 0.000224527 9.87986e-05 0.000125728 0.559969 0.930452 0 0 0 0 0 0 0 0 0 0 0 0 0 0 0 0 0 0 0 0 0 0 0 0 0 0 0 0 0 0 0 0 0 0 0 0 0 0 0 0 0 0 0 0 0 0 0 0 0 0 0 0 0 0 0 0 0 0 0 0 0 0 0 0 0 0 0 0 0 0 0 0 0 0 0 0 0 0 0 0 0 0
0.867162 0.000224651 9.88669e-05 0.000125785 0.55991 0.930468 0 0 0 0 0 0 0 0 0 0 0 0 0 0 0 0 0 0 0 0 0 0 0 0 0 0 0 0 0 0 0 0 0 0 0 0 0 0 0 0 0 0 0 0 0 0 0 0 0 0 0 0 0 0 0 0 0 0 0 0 0 0 0 0 0 0 0 0 0 0 0 0 0 0 0 0 0 0 0 0 0 0
0.911674 0.000224781 9.89378e-05 0.000125843 0.559848 0.93048 0 0 0 0 0 0 0 0 0 0 0 0 0 0 0 0 0 0 0 0 0 0 0 0 0 0 0 0 0 0 0 0 0 0 0 0 0 0 0 0 0 0 0 0 0 0 0 0 0 0 0 0 0 0 0 0 0 0 0 0 0 0 0 0 0 0 0 0 0 0 0 0 0 0 0 0 0 0 0 0 0 0
0.95847 0.000224914 9.90108e-05 0.000125903 0.559784 0.930484 0 0 0 0 0 0 0 0 0 0 0 0 0 0 0 0 0 0 0 0 0 0 0 0 0 0 0 0 0 0 0 0 0 0 0 0 0 0 0 0 0 0 0 0 0 0 0 0 0 0 0 0 0 0 0 0 0 0 0 0 0 0 0 0 0 0 0 0 0 0 0 0 0 0 0 0 0 0 0 0 0 0
1.00767 0.000225052 9.90871e-05 0.000125965 0.559715 0.930489 0 0 0 0 0 0 0 0 0 0 0 0 0 0 0 0 0 0 0 0 0 0 0 0 0 0 0 0 0 0 0 0 0 0 0 0 0 0 0 0 0 0 0 0 0 0 0 0 0 0 0 0 0 0 0 0 0 0 0 0 0 0 0 0 0 0 0 0 0 0 0 0 0 0 0 0 0 0 0 0 0 0
1.05939 0.000225195 9.91674e-05 0.000126027 0.559637 0.930497 0 0 0 0 0 0 0 0 0 0 0 0 0 0 0 0 0 0 0 0 0 0 0 0 0 0 0 0 0 0 0 0 0 0 0 0 0 0 0 0 0 0 0 0 0 0 0 0 0 0 0 0 0 0 0 0 0 0 0 0 0 0 0 0 0 0 0 0 0 0 0 0 0 0 0 0 0 0 0 0 0 0
1.11377 0.000225342 9.92513e-05 0.000126091 0.559553 0.930505 0 0 0 0 0 0 0 0 0 0 0 0 0 0 0 0 0 0 0 0 0 0 0 0 0 0 0 0 0 0 0 0 0 0 0 0 0 0 0 0 0 0 0 0 0 0 0 0 0 0 0 0 0 0 0 0 0 0 0 0 0 0 0 0 0 0 0 0 0 0 0 0 0 0 0 0 0 0 0 0 0 0
1.17094 0.000225495 9.934e-05 0.000126155 0.559457 0.93052 0 0 0 0 0 0 0 0 0 0 0 0 0 0 0 0 0 0 0 0 0 0 0 0 0 0 0 0 0 0 0 0 0 0 0 0 0 0 0 0 0 0 0 0 0 0 0 0 0 0 0 0 0 0 0 0 0 0 0 0 0 0 0 0 0 0 0 0 0 0 0 0 0 0 0 0 0 0 0 0 0 0
1.23105 0.000225651 9.94331e-05 0.000126218 0.559351 0.930538 0 0 0 0 0 0 0 0 0 0 0 0 0 0 0 0 0 0 0 0 0 0 0 0 0 0 0 0 0 0 0 0 0 0 0 0 0 0 0 0 0 0 0 0 0 0 0 0 0 0 0 0 0 0 0 0 0 0 0 0 0 0 0 0 0 0 0 0 0 0 0 0 0 0 0 0 0 0 0 0 0 0
1.29424 0.000225814 9.95317e-05 0.000126282 0.559232 0.930568 0 0 0 0 0 0 0 0 0 0 0 0 0 0 0 0 0 0 0 0 0 0 0 0 0 0 0 0 0 0 0 0 0 0 0 0 0 0 0 0 0 0 0 0 0 0 0 0 0 0 0 0 0 0 0 0 0 0 0 0 0 0 0 0 0 0 0 0 0 0 0 0 0 0 0 0 0 0 0 0 0 0
1.36067 0.000225982 9.963e-05 0.000126352 0.559125 0.930561 0 0 0 0 0 0 0 0 0 0 0 0 0 0 0 0 0 0 0 0 0 0 0 0 0 0 0 0 0 0 0 0 0 0 0 0 0 0 0 0 0 0 0 0 0 0 0 0 0 0 0 0 0 0 0 0 0 0 0 0 0 0 0 0 0 0 0 0 0 0 0 0 0 0 0 0 0 0 0 0 0 0
1.43051 0.000226155 9.97375e-05 0.000126418 0.558987 0.93059 0 0 0 0 0 0 0 0 0 0 0 0 0 0 0 0 0 0 0 0 0 0 0 0 0 0 0 0 0 0 0 0 0 0 0 0 0 0 0 0 0 0 0 0 0 0 0 0 0 0 0 0 0 0 0 0 0 0 0 0 0 0 0 0 0 0 0 0 0 0 0 0 0 0 0 0 0 0 0 0 0 0
1.50394 0.000226335 9.98479e-05 0.000126487 0.55885 0.930607 0 0 0 0 0 0 0 0 0 0 0 0 0 0 0 0 0 0 0 0 0 0 0 0 0 0 0 0 0 0 0 0 0 0 0 0 0 0 0 0 0 0 0 0 0 0 0 0 0 0 0 0 0 0 0 0 0 0 0 0 0 0 0 0 0 0 0 0 0 0 0 0 0 0 0 0 0 0 0 0 0 0
1.58114 0.000226521 9.99633e-05 0.000126557 0.558701 0.930624 0 0 0 0 0 0 0 0 0 0 0 0 0 0 0 0 0 0 0 0 0 0 0 0 0 0 0 0 0 0 0 0 0 0 0 0 0 0 0 0 0 0 0 0 0 0 0 0 0 0 0 0 0 0 0 0 0 0 0 0 0 0 0 0 0 0 0 0 0 0 0 0 0 0 0 0 0 0 0 0 0 0
1.6623 0.000226712 0.000100088 0.000126624 0.558525 0.930668 0 0 0 0 0 0 0 0 0 0 0 0 0 0 0 0 0 0 0 0 0 0 0 0 0 0 0 0 0 0 0 0 0 0 0 0 0 0 0 0 0 0 0 0 0 0 0 0 0 0 0 0 0 0 0 0 0 0 0 0 0 0 0 0 0 0 0 0 0 0 0 0 0 0 0 0 0 0 0 0 0 0
1.74763 0.00022691 0.000100217 0.000126692 0.558338 0.930713 0 0 0 0 0 0 0 0 0 0 0 0 0 0 0 0 0 0 0 0 0 0 0 0 0 0 0 0 0 0 0 0 0 0 0 0 0 0 0 0 0 0 0 0 0 0 0 0 0 0 0 0 0 0 0 0 0 0 0 0 0 0 0 0 0 0 0 0 0 0 0 0 0 0 0 0 0 0 0 0 0 0
1.83733 0.000227114 0.000100355 0.000126759 0.55813 0.930776 0 0 0 0 0 0 0 0 0 0 0 0 0 0 0 0 0 0 0 0 0 0 0 0 0 0 0 0 0 0 0 0 0 0 0 0 0 0 0 0 0 0 0 0 0 0 0 0 0 0 0 0 0 0 0 0 0 0 0 0 0 0 0 0 0 0 0 0 0 0 0 0 0 0 0 0 0 0 0 0 0 0
1.93164 0.000227326 0.000100499 0.000126826 0.557906 0.930845 0 0 0 0 0 0 0 0 0 0 0 0 0 0 0 0 0 0 0 0 0 0 0 0 0 0 0 0 0 0 0 0 0 0 0 0 0 0 0 0 0 0 0 0 0 0 0 0 0 0 0 0 0 0 0 0 0 0 0 0 0 0 0 0 0 0 0 0 0 0 0 0 0 0 0 0 0 0 0 0 0 0
2.03079 0.000227544 0.000100649 0.000126895 0.557674 0.930905 0 0 0 0 0 0 0 0 0 0 0 0 0 0 0 0 0 0 0 0 0 0 0 0 0 0 0 0 0 0 0 0 0 0 0 0 0 0 0 0 0 0 0 0 0 0 0 0 0 0 0 0 0 0 0 0 0 0 0 0 0 0 0 0 0 0 0 0 0 0 0 0 0 0 0 0 0 0 0 0 0 0
2.13503 0.00022777 0.000100808 0.000126961 0.557412 0.930994 0 0 0 0 0 0 0 0 0 0 0 0 0 0 0 0 0 0 0 0 0 0 0 0 0 0 0 0 0 0 0 0 0 0 0 0 0 0 0 0 0 0 0 0 0 0 0 0 0 0 0 0 0 0 0 0 0 0 0 0 0 0 0 0 0 0 0 0 0 0 0 0 0 0 0 0 0 0 0 0 0 0
2.24463 0.000228003 0.000100977 0.000127026 0.557124 0.931103 0 0 0 0 0 0 0 0 0 0 0 0 0 0 0 0 0 0 0 0 0 0 0 0 0 0 0 0 0 0 0 0 0 0 0 0 0 0 0 0 0 0 0 0 0 0 0 0 0 0 0 0 0 0 0 0 0 0 0 0 0 0 0 0 0 0 0 0 0 0 0 0 0 0 0 0 0 0 0 0 0 0
2.35984 0.000228244 0.000101154 0.000127089 0.556815 0.931221 0 0 0 0 0 0 0 0 0 0 0 0 0 0 0 0 0 0 0 0 0 0 0 0 0 0 0 0 0 0 0 0 0 0 0 0 0 0 0 0 0 0 0 0 0 0 0 0 0 0 0 0 0 0 0 0 0 0 0 0 0 0 0 0 0 0 0 0 0 0 0 0 0 0 0 0 0 0 0 0 0 0
2.48097 0.000228493 0.000101345 0.000127148 0.556464 0.931383 0 0 0 0 0 0 0 0 0 0 0 0 0 0 0 0 0 0 0 0 0 0 0 0 0 0 0 0 0 0 0 0 0 0 0 0 0 0 0 0 0 0 0 0 0 0 0 0 0 0 0 0 0 0 0 0 0 0 0 0 0 0 0 0 0 0 0 0 0 0 0 0 0 0 0 0 0 0 0 0 0 0
2.60832 0.00022875 0.000101544 0.000127206 0.556094 0.931551 0 0 0 0 0 0 0 0 0 0 0 0 0 0 0 0 0 0 0 0 0 0 0 0 0 0 0 0 0 0 0 0 0 0 0 0 0 0 0 0 0 0 0 0 0 0 0 0 0 0 0 0 0 0 0 0 0 0 0 0 0 0 0 0 0 0 0 0 0 0 0 0 0 0 0 0 0 0 0 0 0 0
2.74221 0.000229016 0.000101751 0.000127265 0.555702 0.931726 0 0 0 0 0 0 0 0 0 0 0 0 0 0 0 0 0 0 0 0 0 0 0 0 0 0 0 0 0 0 0 0 0 0 0 0 0 0 0 0 0 0 0 0 0 0 0 0 0 0 0 0 0 0 0 0 0 0 0 0 0 0 0 0 0 0 0 0 0 0 0 0 0 0 0 0 0 0 0 0 0 0
2.88297 0.000229291 0.000101977 0.000127315 0.555252 0.931969 0 0 0 0 0 0 0 0 0 0 0 0 0 0 0 0 0 0 0 0 0 0 0 0 0 0 0 0 0 0 0 0 0 0 0 0 0 0 0 0 0 0 0 0 0 0 0 0 0 0 0 0 0 0 0 0 0 0 0 0 0 0 0 0 0 0 0 0 0 0 0 0 0 0 0 0 0 0 0 0 0 0
3.03095 0.000229575 0.000102214 0.000127361 0.55477 0.93223 0 0 0 0 0 0 0 0 0 0 0 0 0 0 0 0 0 0 0 0 0 0 0 0 0 0 0 0 0 0 0 0 0 0 0 0 0 0 0 0 0 0 0 0 0 0 0 0 0 0 0 0 0 0 0 0 0 0 0 0 0 0 0 0 0 0 0 0 0 0 0 0 0 0 0 0 0 0 0 0 0 0
3.18653 0.000229868 0.000102463 0.000127405 0.554253 0.932517 0 0 0 0 0 0 0 0 0 0 0 0 0 0 0 0 0 0 0 0 0 0 0 0 0 0 0 0 0 0 0 0 0 0 0 0 0 0 0 0 0 0 0 0 0 0 0 0 0 0 0 0 0 0 0 0 0 0 0 0 0 0 0 0 0 0 0 0 0 0 0 0 0 0 0 0 0 0 0 0 0 0
3.35009 0.000230171 0.000102728 0.000127443 0.553686 0.932849 0 0 0 0 0 0 0 0 0 0 0 0 0 0 0 0 0 0 0 0 0 0 0 0 0 0 0 0 0 0 0 0 0 0 0 0 0 0 0 0 0 0 0 0 0 0 0 0 0 0 0 0 0 0 0 0 0 0 0 0 0 0 0 0 0 0 0 0 0 0 0 0 0 0 0 0 0 0 0 0 0 0
3.52205 0.000230483 0.000103013 0.00012747 0.553056 0.933246 0 0 0 0 0 0 0 0 0 0 0 0 0 0 0 0 0 0 0 0 0 0 0 0 0 0 0 0 0 0 0 0 0 0 0 0 0 0 0 0 0 0 0 0 0 0 0 0 0 0 0 0 0 0 0 0 0 0 0 0 0 0 0 0 0 0 0 0 0 0 0 0 0 0 0 0 0 0 0 0 0 0
3.70284 0.000230809 0.000103316 0.000127493 0.552375 0.933697 0 0 0 0 0 0 0 0 0 0 0 0 0 0 0 0 0 0 0 0 0 0 0 0 0 0 0 0 0 0 0 0 0 0 0 0 0 0 0 0 0 0 0 0 0 0 0 0 0 0 0 0 0 0 0 0 0 0 0 0 0 0 0 0 0 0 0 0 0 0 0 0 0 0 0 0 0 0 0 0 0 0
3.89291 0.000231145 0.000103641 0.000127504 0.551619 0.934225 0 0 0 0 0 0 0 0 0 0 0 0 0 0 0 0 0 0 0 0 0 0 0 0 0 0 0 0 0 0 0 0 0 0 0 0 0 0 0 0 0 0 0 0 0 0 0 0 0 0 0 0 0 0 0 0 0 0 0 0 0 0 0 0 0 0 0 0 0 0 0 0 0 0 0 0 0 0 0 0 0 0
4.09273 0.000231492 0.000103992 0.0001275 0.550774 0.934855 0 0 0 0 0 0 0 0 0 0 0 0 0 0 0 0 0 0 0 0 0 0 0 0 0 0 0 0 0 0 0 0 0 0 0 0 0 0 0 0 0 0 0 0 0 0 0 0 0 0 0 0 0 0 0 0 0 0 0 0 0 0 0 0 0 0 0 0 0 0 0 0 0 0 0 0 0 0 0 0 0 0
4.30281 0.000231849 0.000104373 0.000127476 0.549824 0.9356 0 0 0 0 0 0 0 0 0 0 0 0 0 0 0 0 0 0 0 0 0 0 0 0 0 0 0 0 0 0 0 0 0 0 0 0 0 0 0 0 0 0 0 0 0 0 0 0 0 0 0 0 0 0 0 0 0 0 0 0 0 0 0 0 0 0 0 0 0 0 0 0 0 0 0 0 0 0 0 0 0 0
4.52368 0.000232217 0.000104786 0.000127432 0.548761 0.936474 0 0 0 0 0 0 0 0 0 0 0 0 0 0 0 0 0 0 0 0 0 0 0 0 0 0 0 0 0 0 0 0 0 0 0 0 0 0 0 0 0 0 0 0 0 0 0 0 0 0 0 0 0 0 0 0 0 0 0 0 0 0 0 0 0 0 0 0 0 0 0 0 0 0 0 0 0 0 0 0 0 0
4.75588 0.000232599 0.000105234 0.000127364 0.547571 0.937496 0 0 0 0 0 0 0 0 0 0 0 0 0 0 0 0 0 0 0 0 0 0 0 0 0 0 0 0 0 0 0 0 0 0 0 0 0 0 0 0 0 0 0 0 0 0 0 0 0 0 0 0 0 0 0 0 0 0 0 0 0 0 0 0 0 0 0 0 0 0 0 0 0 0 0 0 0 0 0 0 0 0
5 0.000232993 0.000105732 0.00012726 0.546199 0.938748 0 0 0 0 0 0 0 0 0 0 0 0 0 0 0 0 0 0 0 0 0 0 0 0 0 0 0 0 0 0 0 0 0 0 0 0 0 0 0 0 0 0 0 0 0 0 0 0 0 0 0 0 0 0 0 0 0 0 0 0 0 0 0 0 0 0 0 0 0 0 0 0 0 0 0 0 0 0 0 0 0 0
5.25665 0.000233398 0.000106284 0.000127114 0.544622 0.94025 0 0 0 0 0 0 0 0 0 0 0 0 0 0 0 0 0 0 0 0 0 0 0 0 0 0 0 0 0 0 0 0 0 0 0 0 0 0 0 0 0 0 0 0 0 0 0 0 0 0 0 0 0 0 0 0 0 0 0 0 0 0 0 0 0 0 0 0 0 0 0 0 0 0 0 0 0 0 0 0 0 0
5.52648 0.000233821 0.000106889 0.000126932 0.54286 0.94198 0 0 0 0 0 0 0 0 0 0 0 0 0 0 0 0 0 0 0 0 0 0 0 0 0 0 0 0 0 0 0 0 0 0 0 0 0 0 0 0 0 0 0 0 0 0 0 0 0 0 0 0 0 0 0 0 0 0 0 0 0 0 0 0 0 0 0 0 0 0 0 0 0 0 0 0 0 0 0 0 0 0
5.81015 0.000234255 0.000107573 0.000126682 0.540786 0.944097 0 0 0 0 0 0 0 0 0 0 0 0 0 0 0 0 0 0 0 0 0 0 0 0 0 0 0 0 0 0 0 0 0 0 0 0 0 0 0 0 0 0 0 0 0 0 0 0 0 0 0 0 0 0 0 0 0 0 0 0 0 0 0 0 0 0 0 0 0 0 0 0 0 0 0 0 0 0 0 0 0 0
6.10839 0.000234697 0.000108336 0.000126361 0.5384 0.946571 0 0 0 0 0 0 0 0 0 0 0 0 0 0 0 0 0 0 0 0 0 0 0 0 0 0 0 0 0 0 0 0 0 0 0 0 0 0 0 0 0 0 0 0 0 0 0 0 0 0 0 0 0 0 0 0 0 0 0 0 0 0 0 0 0 0 0 0 0 0 0 0 0 0 0 0 0 0 0 0 0 0
6.42193 0.000235156 0.000109213 0.000125943 0.535573 0.949586 0 0 0 0 0 0 0 0 0 0 0 0 0 0 0 0 0 0 0 0 0 0 0 0 0 0 0 0 0 0 0 0 0 0 0 0 0 0 0 0 0 0 0 0 0 0 0 0 0 0 0 0 0 0 0 0 0 0 0 0 0 0 0 0 0 0 0 0 0 0 0 0 0 0 0 0 0 0 0 0 0 0
6.75157 0.000235628 0.000110288 0.000125339 0.531938 0.953586 0 0 0 0 0 0 0 0 0 0 0 0 0 0 0 0 0 0 0 0 0 0 0 0 0 0 0 0 0 0 0 0 0 0 0 0 0 0 0 0 0 0 0 0 0 0 0 0 0 0 0 0 0 0 0 0 0 0 0 0 0 0 0 0 0 0 0 0 0 0 0 0 0 0 0 0 0 0 0 0 0 0
7.09813 0.000236107 0.000111715 0.000124392 0.526845 0.959321 0 0 0 0 0 0 0 0 0 0 0 0 0 0 0 0 0 0 0 0 0 0 0 0 0 0 0 0 0 0 0 0 0 0 0 0 0 0 0 0 0 0 0 0 0 0 0 0 0 0 0 0 0 0 0 0 0 0 0 0 0 0 0 0 0 0 0 0 0 0 0 0 0 0 0 0 0 0 0 0 0 0
7.46248 0.000236374 0.000113734 0.00012264 0.518838 0.968029 0 0 0 0 0 0 0 0 0 0 0 0 0 0 0 0 0 0 0 0 0 0 0 0 0 0 0 0 0 0 0 0 0 0 0 0 0 0 0 0 0 0 0 0 0 0 0 0 0 0 0 0 0 0 0 0 0 0 0 0 0 0 0 0 0 0 0 0 0 0 0 0 0 0 0 0 0 0 0 0 0 0
7.84553 0.000234909 0.000114895 0.000120014 0.510894 0.975986 0 0 0 0 0 0 0 0 0 0 0 0 0 0 0 0 0 0 0 0 0 0 0 0 0 0 0 0 0 0 0 0 0 0 0 0 0 0 0 0 0 0 0 0 0 0 0 0 0 0 0 0 0 0 0 0 0 0 0 0 0 0 0 0 0 0 0 0 0 0 0 0 0 0 0 0 0 0 0 0 0 0
8.24824 0.000232576 0.000110808 0.000121768 0.523562 0.965774 0 0 0 0 0 0 0 0 0 0 0 0 0 0 0 0 0 0 0 0 0 0 0 0 0 0 0 0 0 0 0 0 0 0 0 0 0 0 0 0 0 0 0 0 0 0 0 0 0 0 0 0 0 0 0 0 0 0 0 0 0 0 0 0 0 0 0 0 0 0 0 0 0 0 0 0 0 0 0 0 0 0
8.67162 0.000233936 0.000106171 0.000127765 0.546153 0.941555 0 0 0 0 0 0 0 0 0 0 0 0 0 0 0 0 0 0 0 0 0 0 0 0 0 0 0 0 0 0 0 0 0 0 0 0 0 0 0 0 0 0 0 0 0 0 0 0 0 0 0 0 0 0 0 0 0 0 0 0 0 0 0 0 0 0 0 0 0 0 0 0 0 0 0 0 0 0 0 0 0 0
9.11674 0.000236501 0.000100344 0.000136158 0.575716 0.901904 0 0 0 0 0 0 0 0 0 0 0 0 0 0 0 0 0 0 0 0 0 0 0 0 0 0 0 0 0 0 0 0 0 0 0 0 0 0 0 0 0 0 0 0 0 0 0 0 0 0 0 0 0 0 0 0 0 0 0 0 0 0 0 0 0 0 0 0 0 0 0 0 0 0 0 0 0 0 0 0 0 0
9.5847 0.000239343 9.74418e-05 0.000141901 0.592877 0.869866 0 0 0 0 0 0 0 0 0 0 0 0 0 0 0 0 0 0 0 0 0 0 0 0 0 0 0 0 0 0 0 0 0 0 0 0 0 0 0 0 0 0 0 0 0 0 0 0 0 0 0 0 0 0 0 0 0 0 0 0 0 0 0 0 0 0 0 0 0 0 0 0 0 0 0 0 0 0 0 0 0 0
10.0767 0.000241054 9.71664e-05 0.000143888 0.59691 0.856821 0 0 0 0 0 0 0 0 0 0 0 0 0 0 0 0 0 0 0 0 0 0 0 0 0 0 0 0 0 0 0 0 0 0 0 0 0 0 0 0 0 0 0 0 0 0 0 0 0 0 0 0 0 0 0 0 0 0 0 0 0 0 0 0 0 0 0 0 0 0 0 0 0 0 0 0 0 0 0 0 0 0
10.5939 0.0002425 9.68326e-05 0.000145667 0.600689 0.844542 0 0 0 0 0 0 0 0 0 0 0 0 0 0 0 0 0 0 0 0 0 0 0 0 0 0 0 0 0 0 0 0 0 0 0 0 0 0 0 0 0 0 0 0 0 0 0 0 0 0 0 0 0 0 0 0 0 0 0 0 0 0 0 0 0 0 0 0 0 0 0 0 0 0 0 0 0 0 0 0 0 0
11.1377 0.000243171 9.79344e-05 0.000145236 0.59726 0.843749 0 0 0 0 0 0 0 0 0 0 0 0 0 0 0 0 0 0 0 0 0 0 0 0 0 0 0 0 0 0 0 0 0 0 0 0 0 0 0 0 0 0 0 0 0 0 0 0 0 0 0 0 0 0 0 0 0 0 0 0 0 0 0 0 0 0 0 0 0 0 0 0 0 0 0 0 0 0 0 0 0 0
11.7094 0.000243646 9.8999e-05 0.000144647 0.593676 0.8446 0 0 0 0 0 0 0 0 0 0 0 0 0 0 0 0 0 0 0 0 0 0 0 0 0 0 0 0 0 0 0 0 0 0 0 0 0 0 0 0 0 0 0 0 0 0 0 0 0 0 0 0 0 0 0 0 0 0 0 0 0 0 0 0 0 0 0 0 0 0 0 0 0 0 0 0 0 0 0 0 0 0
12.3105 0.000243945 0.000100399 0.000143546 0.588435 0.848573 0 0 0 0 0 0 0 0 0 0 0 0 0 0 0 0 0 0 0 0 0 0 0 0 0 0 0 0 0 0 0 0 0 0 0 0 0 0 0 0 0 0 0 0 0 0 0 0 0 0 0 0 0 0 0 0 0 0 0 0 0 0 0 0 0 0 0 0 0 0 0 0 0 0 0 0 0 0 0 0 0 0
12.9424 0.000244197 0.000102258 0.000141939 0.581249 0.856373 0 0 0 0 0 0 0 0 0 0 0 0 0 0 0 0 0 0 0 0 0 0 0 0 0 0 0 0 0 0 0 0 0 0 0 0 0 0 0 0 0 0 0 0 0 0 0 0 0 0 0 0 0 0 0 0 0 0 0 0 0 0 0 0 0 0 0 0 0 0 0 0 0 0 0 0 0 0 0 0 0 0
13.6067 0.000244523 0.000104721 0.000139802 0.571733 0.868573 0 0 0 0 0 0 0 0 0 0 0 0 0 0 0 0 0 0 0 0 0 0 0 0 0 0 0 0 0 0 0 0 0 0 0 0 0 0 0 0 0 0 0 0 0 0 0 0 0 0 0 0 0 0 0 0 0 0 0 0 0 0 0 0 0 0 0 0 0 0 0 0 0 0 0 0 0 0 0 0 0 0
14.3051 0.000245004 0.000107625 0.000137379 0.560721 0.883945 0 0 0 0 0 0 0 0 0 0 0 0 0 0 0 0 0 0 0 0 0 0 0 0 0 0 0 0 0 0 0 0 0 0 0 0 0 0 0 0 0 0 0 0 0 0 0 0 0 0 0 0 0 0 0 0 0 0 0 0 0 0 0 0 0 0 0 0 0 0 0 0 0 0 0 0 0 0 0 0 0 0
15.0394 0.000245628 0.000109311 0.000136316 0.554972 0.891584 0 0 0 0 0 0 0 0 0 0 0 0 0 0 0 0 0 0 0 0 0 0 0 0 0 0 0 0 0 0 0 0 0 0 0 0 0 0 0 0 0 0 0 0 0 0 0 0 0 0 0 0 0 0 0 0 0 0 0 0 0 0 0 0 0 0 0 0 0 0 0 0 0 0 0 0 0 0 0 0 0 0
15.8114 0.000246372 0.000109715 0.000136657 0.554678 0.890955 0 0 0 0 0 0 0 0 0 0 0 0 0 0 0 0 0 0 0 0 0 0 0 0 0 0 0 0 0 0 0 0 0 0 0 0 0 0 0 0 0 0 0 0 0 0 0 0 0 0 0 0 0 0 0 0 0 0 0 0 0 0 0 0 0 0 0 0 0 0 0 0 0 0 0 0 0 0 0 0 0 0
16.623 0.000247422 0.000109062 0.00013836 0.559205 0.883099 0 0 0 0 0 0 0 0 0 0 0 0 0 0 0 0 0 0 0 0 0 0 0 0 0 0 0 0 0 0 0 0 0 0 0 0 0 0 0 0 0 0 0 0 0 0 0 0 0 0 0 0 0 0 0 0 0 0 0 0 0 0 0 0 0 0 0 0 0 0 0 0 0 0 0 0 0 0 0 0 1.4013e-45 0
17.4762 0.000248917 0.000107684 0.000141233 0.56739 0.869375 0 0 0 0 0 0 0 0 0 0 0 0 0 0 0 0 0 0 0 0 0 0 0 0 0 0 0 0 0 0 0 0 0 0 0 0 0 0 0 0 0 0 0 0 0 0 0 0 0 0 0 0 0 0 0 0 0 0 0 0 0 0 1.4013e-45 0 1.4013e-45 0 4.2039e-45 0 7.00649e-45 0 1.12104e-44 0 2.10195e-44 0 3.50325e-44 0 5.88545e-44 0 9.80909e-44 0 1.55544e-43 0
18.3733 0.000250743 0.000106079 0.000144664 0.576942 0.852844 0 0 0 0 0 0 0 0 0 0 0 0 0 0 0 0 0 0 0 0 0 0 0 0 0 0 0 0 0 0 0 0 0 0 0 0 0 0 0 0 0 0 0 0 0 0 1.4013e-45 0 1.4013e-45 0 4.2039e-45 0 8.40779e-45 0 1.68156e-44 0 3.36312e-44 0 6.72623e-44 0 1.24716e-43 0 2.29813e-43 0 4.21791e-43 0 7.37083e-43 0 1.27798e-42 0 2.20564e-42 0 3.78631e-42 0 6.20215e-42 0 1.0116e-41 0 1.64246e-41 0 2.55134e-41 0
19.3164 0.000252542 0.000104758 0.000147784 0.585186 0.837402 0 0 0 0 0 0 0 0 0 0 0 0 0 0 0 0 0 0 0 0 0 0 0 0 0 0 0 0 0 0 0 0 0 0 0 0 1.4013e-45 0 5.60519e-45 0 1.26117e-44 0 3.22299e-44 0 7.56701e-44 0 1.68156e-43 0 3.74147e-43 0 7.65109e-43 0 1.55544e-42 0 3.1277e-42 0 5.97374e-42 0 1.13197e-41 0 2.04127e-41 0 3.65711e-41 0 6.50945e-41 0 1.1056e-40 0 1.86765e-40 0 3.13821e-40 0 5.24558e-40 0 8.38978e-40 0 1.33605e-39 0 2.11855e-39 0 3.22075e-39 0
20.3079 0.000253929 0.000104184 0.000149744 0.589711 0.826868 0 0 0 0 0 0 0 0 0 0 0 0 0 0 0 0 0 0 0 0 0 0 0 0 0 0 1.4013e-45 0 4.2039e-45 0 1.4013e-44 0 4.48416e-44 0 1.33123e-43 0 3.71344e-43 0 9.47278e-43 0 2.378e-42 0 5.62061e-42 0 1.25374e-41 0 2.7031e-41 0 5.76326e-41 0 1.14057e-40 0 2.23706e-40 0 4.34921e-40 0 8.04809e-40 0 1.47823e-39 0 2.59013e-39 0 4.51004e-39 0 7.80486e-39 0 1.29176e-38 0 2.12698e-38 0 3.48455e-38 0 5.68021e-38 0 8.87899e-38 0 1.3822e-37 0 2.14294e-37 0 3.19188e-37 0
21.3503 0.00025506 0.000104127 0.000150934 0.591757 0.820211 0 0 0 0 0 0 0 0 0 0 0 0 0 0 0 0 0 0 0 0 2.8026e-45 0 1.26117e-44 0 5.46506e-44 0 2.17201e-43 0 7.83326e-43 0 2.55457e-42 0 7.56701e-42 0 2.14273e-41 0 5.68339e-41 0 1.38549e-40 0 3.32632e-40 0 7.53882e-40 0 1.61688e-39 0 3.35776e-39 0 6.89918e-39 0 1.32061e-38 0 2.50638e-38 0 4.71718e-38 0 8.47061e-38 0 1.51033e-37 0 2.57488e-37 0 4.36373e-37 0 7.35213e-37 0 1.18726e-36 0 1.90789e-36 0 3.05119e-36 0 4.85653e-36 0 7.42769e-36 0 1.13156e-35 0 1.71719e-35 0 2.50845e-35 0
22.4463 0.00025613 0.00010413 0.000151999 0.593447 0.8142 0 0 0 0 0 0 0 0 0 0 0 0 0 0 1.4013e-45 0 9.80909e-45 0 7.42688e-44 0 4.33001e-43 0 2.14679e-42 0 8.99213e-42 0 3.37629e-41 0 1.14405e-40 0 3.51992e-40 0 9.88657e-40 0 2.66076e-39 0 6.72917e-39 0 1.57061e-38 0 3.6129e-38 0 7.86768e-38 0 1.62571e-37 0 3.25776e-37 0 6.46245e-37 0 1.19842e-36 0 2.20441e-36 0 4.02272e-36 0 7.02003e-36 0 1.21684e-35 0 2.02119e-35 0 3.33827e-35 0 5.48298e-35 0 8.64941e-35 0 1.35812e-34 0 2.12274e-34 0 3.30292e-34 0 4.94784e-34 0 7.38435e-34 0 1.09802e-33 0 1.57457e-33 0
23.5984 0.000257111 0.000104365 0.000152746 0.594085 0.809755 0 0 0 0 0 0 0 0 0 0 1.4013e-45 0 1.68156e-44 0 2.0459e-43 0 1.79366e-42 0 1.211e-41 0 6.43953e-41 0 2.95284e-40 0 1.15336e-39 0 4.05963e-39 0 1.29605e-38 0 3.77467e-38 0 1.00808e-37 0 2.58501e-37 0 6.24804e-37 0 1.3992e-36 0 3.09031e-36 0 6.47874e-36 0 1.2921e-35 0 2.50285e-35 0 4.80163e-35 0 8.63982e-35 0 1.54265e-34 0 2.73362e-34 0 4.6425e-34 0 7.83398e-34 0 1.2694e-33 0 2.04584e-33 0 3.27978e-33 0 5.05999e-33 0 7.772e-33 0 1.18857e-32 0 1.80988e-32 0 2.65827e-32 0 3.89049e-32 0 5.674e-32 0 7.99463e-32 0
24.8097 0.000258105 0.000104557 0.000153548 0.594906 0.805112 0 0 0 0 0 0 0 0 4.2039e-45 0 1.58347e-43 0 2.82642e-42 0 3.1106e-41 0 2.45735e-40 0 1.5119e-39 0 7.40921e-39 0 3.15407e-38 0 1.15267e-37 0 3.81543e-37 0 1.15097e-36 0 3.18167e-36 0 8.09917e-36 0 1.98354e-35 0 4.59209e-35 0 9.88667e-35 0 2.10074e-34 0 4.2478e-34 0 8.19092e-34 0 1.53621e-33 0 2.8549e-33 0 4.99172e-33 0 8.66403e-33 0 1.493e-32 0 2.47084e-32 0 4.06425e-32 0 6.43222e-32 0 1.01278e-31 0 1.58665e-31 0 2.39658e-31 0 3.60475e-31 0 5.39955e-31 0 8.05504e-31 0 1.16109e-30 0 1.668e-30 0 2.38825e-30 0 3.30916e-30 0
26.0832 0.000259039 0.000104911 0.000154128 0.595 0.801435 0 0 0 0 0 0 9.80909e-45 0 8.08549e-43 0 2.40841e-41 0 3.74861e-40 0 3.66944e-39 0 2.62057e-38 0 1.47546e-37 0 6.69077e-37 0 2.65376e-36 0 9.10363e-36 0 2.84232e-35 0 8.12422e-35 0 2.13704e-34 0 5.19739e-34 0 1.21841e-33 0 2.70746e-33 0 5.6149e-33 0 1.14996e-32 0 2.2467e-32 0 4.19556e-32 0 7.63088e-32 0 1.37586e-31 0 2.34091e-31 0 3.95515e-31 0 6.63689e-31 0 1.07168e-30 0 1.72048e-30 0 2.66254e-30 0 4.10038e-30 0 6.2845e-30 0 9.3033e-30 0 1.37172e-29 0 2.01456e-29 0 2.94719e-29 0 4.17304e-29 0 5.88981e-29 0 8.28655e-29 0 1.13005e-28 0
27.4221 0.00025996 0.000105258 0.000154702 0.595099 0.797707 0 0 0 0 4.2039e-45 0 1.59328e-42 0 1.12583e-40 0 2.84215e-39 0 3.86882e-38 0 3.38794e-37 0 2.19809e-36 0 1.13745e-35 0 4.79102e-35 0 1.77663e-34 0 5.73868e-34 0 1.69484e-33 0 4.60223e-33 0 1.15476e-32 0 2.68918e-32 0 6.04732e-32 0 1.29241e-31 0 2.58651e-31 0 5.1151e-31 0 9.67197e-31 0 1.75193e-30 0 3.09469e-30 0 5.42147e-30 0 8.98794e-30 0 1.48019e-29 0 2.42183e-29 0 3.82018e-29 0 5.9928e-29 0 9.07856e-29 0 1.36896e-28 0 2.05486e-28 0 2.98421e-28 0 4.31742e-28 0 6.22286e-28 0 8.93617e-28 0 1.244e-27 0 1.72649e-27 0 2.38889e-27 0 3.2088e-27 0
28.8297 0.000260897 0.000105628 0.000155269 0.595134 0.794053 0 0 0 0 6.40393e-43 0 2.12138e-40 0 1.21771e-38 0 2.62575e-37 0 3.14646e-36 0 2.47839e-35 0 1.46767e-34 0 7.00911e-34 0 2.75211e-33 0 9.57296e-33 0 2.92011e-32 0 8.18e-32 0 2.11549e-31 0 5.0749e-31 0 1.13405e-30 0 2.45127e-30 0 5.04807e-30 0 9.76624e-30 0 1.86814e-29 0 3.42422e-29 0 6.02514e-29 0 1.03515e-28 0 1.76447e-28 0 2.8539e-28 0 4.58688e-28 0 7.32662e-28 0 1.13026e-27 0 1.73452e-27 0 2.57489e-27 0 3.80559e-27 0 5.60019e-27 0 7.98617e-27 0 1.13475e-26 0 1.60663e-26 0 2.26675e-26 0 3.10498e-26 0 4.24084e-26 0 5.77563e-26 0 7.64696e-26 0
30.3095 0.000261833 0.000106003 0.00015583 0.59515 0.790363 0 0 5.60519e-45 0 8.81543e-41 0 2.19801e-38 0 1.03532e-36 0 1.92162e-35 0 2.03975e-34 0 1.45265e-33 0 7.88691e-33 0 3.48969e-32 0 1.28171e-31 0 4.19504e-31 0 1.21183e-30 0 3.22815e-30 0 7.97011e-30 0 1.83201e-29 0 3.93624e-29 0 8.19401e-29 0 1.62897e-28 0 3.05156e-28 0 5.65523e-28 0 1.00636e-27 0 1.72258e-27 0 2.8823e-27 0 4.78677e-27 0 7.5626e-27 0 1.18765e-26 0 1.85415e-26 0 2.80045e-26 0 4.20868e-26 0 6.12842e-26 0 8.88646e-26 0 1.28327e-25 0 1.79857e-25 0 2.51213e-25 0 3.4969e-25 0 4.85146e-25 0 6.54419e-25 0 8.80315e-25 0 1.18096e-24 0 1.54232e-24 0
31.8653 0.000262772 0.000106513 0.000156259 0.594656 0.787264 0 0 8.78614e-43 0 9.43169e-39 0 1.79621e-36 0 7.00999e-35 0 1.12817e-33 0 1.06707e-32 0 6.90481e-32 0 3.45162e-31 0 1.42026e-30 0 4.89536e-30 0 1.51214e-29 0 4.14766e-29 0 1.05327e-28 0 2.48821e-28 0 5.49162e-28 0 1.13668e-27 0 2.283e-27 0 4.38888e-27 0 7.97356e-27 0 1.43383e-26 0 2.48075e-26 0 4.13628e-26 0 6.74926e-26 0 1.09346e-25 0 1.6894e-25 0 2.59525e-25 0 3.96452e-25 0 5.86856e-25 0 8.64592e-25 0 1.23608e-24 0 1.76014e-24 0 2.49657e-24 0 3.44188e-24 0 4.72961e-24 0 6.47818e-24 0 8.84505e-24 0 1.17581e-23 0 1.55895e-23 0 2.06158e-23 0 2.65752e-23 0
33.5009 0.000263715 0.000106994 0.000156721 0.594283 0.783912 1.12104e-44 0 1.16329e-40 0 7.93451e-37 0 1.16945e-34 0 3.81632e-33 0 5.36274e-32 0 4.54531e-31 0 2.68489e-30 0 1.24073e-29 0 4.76461e-29 0 1.54598e-28 0 4.51957e-28 0 1.18008e-27 0 2.86345e-27 0 6.48646e-27 0 1.37732e-26 0 2.75136e-26 0 5.34108e-26 0 9.94529e-26 0 1.75492e-25 0 3.06662e-25 0 5.16559e-25 0 8.40054e-25 0 1.33835e-24 0 2.11781e-24 0 3.20326e-24 0 4.81877e-24 0 7.21046e-24 0 1.0471e-23 0 1.51374e-23 0 2.1267e-23 0 2.97654e-23 0 4.15047e-23 0 5.63302e-23 0 7.62134e-23 0 1.02799e-22 0 1.3824e-22 0 1.81231e-22 0 2.36999e-22 0 3.09164e-22 0 3.93625e-22 0
35.2205 0.000264715 0.000107607 0.000157108 0.593499 0.781017 1.80768e-42 0 1.19988e-38 0 5.31848e-35 0 6.14293e-33 0 1.69097e-31 0 2.08853e-30 0 1.59478e-29 0 8.63778e-29 0 3.70422e-28 0 1.33204e-27 0 4.08071e-27 0 1.13209e-26 0 2.82064e-26 0 6.55431e-26 0 1.42662e-25 0 2.9199e-25 0 5.63907e-25 0 1.0598e-24 0 1.91439e-24 0 3.2857e-24 0 5.58723e-24 0 9.17486e-24 0 1.45705e-23 0 2.26915e-23 0 3.51114e-23 0 5.20452e-23 0 7.67477e-23 0 1.12602e-22 0 1.60568e-22 0 2.27986e-22 0 3.15032e-22 0 4.33743e-22 0 5.9507e-22 0 7.95675e-22 0 1.06076e-21 0 1.41003e-21 0 1.86892e-21 0 2.41796e-21 0 3.12087e-21 0 4.01866e-21 0 5.05653e-21 0
37.0284 0.000265732 0.000108216 0.000157516 0.592762 0.777917 2.25805e-40 0 9.75134e-37 0 2.86859e-33 0 2.62757e-31 0 6.15203e-30 0 6.72081e-29 0 4.64704e-28 0 2.3177e-27 0 9.2572e-27 0 3.12725e-26 0 9.07075e-26 0 2.39415e-25 0 5.70507e-25 0 1.27222e-24 0 2.66594e-24 0 5.26895e-24 0 9.8539e-24 0 1.79575e-23 0 3.15148e-23 0 5.26814e-23 0 8.72908e-23 0 1.39912e-22 0 2.17232e-22 0 3.31069e-22 0 5.01472e-22 0 7.29178e-22 0 1.05507e-21 0 1.51927e-21 0 2.12924e-21 0 2.97193e-21 0 4.0423e-21 0 5.4793e-21 0 7.40212e-21 0 9.75806e-21 0 1.28276e-20 0 1.6816e-20 0 2.19843e-20 0 2.80873e-20 0 3.58034e-20 0 4.55374e-20 0 5.66591e-20 0
38.9291 0.000266747 0.000108789 0.000157958 0.592166 0.774507 2.20066e-38 0 6.31527e-35 0 1.2579e-31 0 9.24152e-30 0 1.85501e-28 0 1.80322e-27 0 1.1345e-26 0 5.23132e-26 0 1.95286e-25 0 6.21643e-25 0 1.71175e-24 0 4.30894e-24 0 9.84163e-24 0 2.11039e-23 0 4.26545e-23 0 8.15442e-23 0 1.47912e-22 0 2.61767e-22 0 4.46948e-22 0 7.28627e-22 0 1.1779e-21 0 1.84498e-21 0 2.8037e-21 0 4.18593e-21 0 6.21321e-21 0 8.87084e-21 0 1.26061e-20 0 1.78321e-20 0 2.45829e-20 0 3.37581e-20 0 4.52319e-20 0 6.04077e-20 0 8.04164e-20 0 1.04591e-19 0 1.35668e-19 0 1.75514e-19 0 2.26475e-19 0 2.85905e-19 0 3.60155e-19 0 4.52725e-19 0 5.57317e-19 0
40.9273 0.000267775 0.000109342 0.000158433 0.591666 0.770802 1.69429e-36 0 3.2961e-33 0 4.53076e-30 0 2.69872e-28 0 4.6791e-27 0 4.07046e-26 0 2.34099e-25 0 1.00184e-24 0 3.50692e-24 0 1.05498e-23 0 2.76482e-23 0 6.65305e-23 0 1.4595e-22 0 3.01526e-22 0 5.88852e-22 0 1.09067e-21 0 1.92166e-21 0 3.30739e-21 0 5.50153e-21 0 8.75727e-21 0 1.38289e-20 0 2.11912e-20 0 3.15517e-20 0 4.61939e-20 0 6.72564e-20 0 9.43695e-20 0 1.31824e-19 0 1.83343e-19 0 2.48821e-19 0 3.36439e-19 0 4.44395e-19 0 5.85171e-19 0 7.68191e-19 0 9.8638e-19 0 1.26331e-18 0 1.61394e-18 0 2.05678e-18 0 2.56714e-18 0 3.19758e-18 0 3.97482e-18 0 4.8437e-18 0
43.0281 0.000268812 0.000109989 0.000158822 0.590832 0.767375 1.04347e-34 0 1.40253e-31 0 1.35476e-28 0 6.6098e-27 0 9.97009e-26 0 7.80388e-25 0 4.12072e-24 0 1.64264e-23 0 5.40885e-23 0 1.54195e-22 0 3.85534e-22 0 8.88788e-22 0 1.87639e-21 0 3.74162e-21 0 7.0721e-21 0 1.27106e-20 0 2.17841e-20 0 3.65119e-20 0 5.92437e-20 0 9.21873e-20 0 1.42365e-19 0 2.13659e-19 0 3.11994e-19 0 4.48358e-19 0 6.40928e-19 0 8.84556e-19 0 1.21563e-18 0 1.6637e-18 0 2.22445e-18 0 2.96378e-18 0 3.86196e-18 0 5.01748e-18 0 6.49982e-18 0 8.24471e-18 0 1.04327e-17 0 1.31698e-17 0 1.65859e-17 0 2.04786e-17 0 2.52357e-17 0 3.10382e-17 0 3.74597e-17 0
45.2368 0.000269873 0.000110672 0.0001592 0.589909 0.763839 5.19453e-33 0 4.91173e-30 0 3.39196e-27 0 1.36881e-25 0 1.80849e-24 0 1.28026e-23 0 6.23269e-23 0 2.32233e-22 0 7.21467e-22 0 1.9542e-21 0 4.67229e-21 0 1.03408e-20 0 2.10492e-20 0 4.05823e-20 0 7.43578e-20 0 1.29871e-19 0 2.16802e-19 0 3.54329e-19 0 5.61503e-19 0 8.55076e-19 0 1.29277e-18 0 1.90209e-18 0 2.72665e-18 0 3.84963e-18 0 5.40787e-18 0 7.34702e-18 0 9.94136e-18 0 1.33988e-17 0 1.76626e-17 0 2.32056e-17 0 2.98498e-17 0 3.82886e-17 0 4.89775e-17 0 6.14085e-17 0 7.68171e-17 0 9.58739e-17 0 1.19391e-16 0 1.45902e-16 0 1.7797e-16 0 2.16691e-16 0 2.59132e-16 0
47.5588 0.000270955 0.000111444 0.000159511 0.5887 0.760482 2.11305e-31 0 1.42992e-28 0 7.17639e-26 0 2.41765e-24 0 2.81601e-23 0 1.81183e-22 0 8.1646e-22 0 2.85293e-21 0 8.38588e-21 0 2.16357e-20 0 4.95736e-20 0 1.05543e-19 0 2.0751e-19 0 3.87455e-19 0 6.8924e-19 0 1.17147e-18 0 1.90729e-18 0 3.0433e-18 0 4.71549e-18 0 7.03497e-18 0 1.04235e-17 0 1.505e-17 0 2.11981e-17 0 2.94289e-17 0 4.06607e-17 0 5.44204e-17 0 7.25578e-17 0 9.63774e-17 0 1.25345e-16 0 1.62501e-16 0 2.06475e-16 0 2.61647e-16 0 3.30691e-16 0 4.1007e-16 0 5.07388e-16 0 6.26445e-16 0 7.71794e-16 0 9.33986e-16 0 1.12827e-15 0 1.36061e-15 0 1.61295e-15 0
50 0.000272077 0.000112231 0.000159846 0.587502 0.756898 7.08881e-30 0 3.48967e-27 0 1.29278e-24 0 3.66804e-23 0 3.78981e-22 0 2.22652e-21 0 9.32227e-21 0 3.06443e-20 0 8.54565e-20 0 2.10509e-19 0 4.63201e-19 0 9.50442e-19 0 1.80801e-18 0 3.27447e-18 0 5.66341e-18 0 9.37978e-18 0 1.49122e-17 0 2.32574e-17 0 3.52743e-17 0 5.16073e-17 0 7.50113e-17 0 1.0638e-16 0 1.47353e-16 0 2.01316e-16 0 2.73794e-16 0 3.61269e-16 0 4.74957e-16 0 6.22193e-16 0 7.98885e-16 0 1.02266e-15 0 1.28429e-15 0 1.60875e-15 0 2.01015e-15 0 2.46663e-15 0 3.02044e-15 0 3.691e-15 0 4.5013e-15 0 5.39675e-15 0 6.4595e-15 0 7.71876e-15 0 9.07461e-15 0
52.5665 0.000273217 0.000113098 0.000160119 0.586051 0.753335 1.981e-28 0 7.20527e-26 0 1.99974e-23 0 4.81888e-22 0 4.44234e-21 0 2.39372e-20 0 9.34559e-20 0 2.89868e-19 0 7.68864e-19 0 1.81242e-18 0 3.83739e-18 0 7.60241e-18 0 1.40149e-17 0 2.46569e-17 0 4.152e-17 0 6.70925e-17 0 1.04278e-16 0 1.59143e-16 0 2.36512e-16 0 3.39654e-16 0 4.84755e-16 0 6.75845e-16 0 9.21377e-16 0 1.23977e-15 0 1.66099e-15 0 2.16219e-15 0 2.80489e-15 0 3.62628e-15 0 4.5996e-15 0 5.81741e-15 0 7.22489e-15 0 8.95121e-15 0 1.10637e-14 0 1.34411e-14 0 1.62969e-14 0 1.9721e-14 0 2.38185e-14 0 2.83049e-14 0 3.35828e-14 0 3.97822e-14 0 4.64021e-14 0
55.2648 0.000274412 0.000114024 0.000160388 0.584478 0.749768 4.6519e-27 0 1.26873e-24 0 2.67547e-22 0 5.51949e-21 0 4.56527e-20 0 2.26577e-19 0 8.27689e-19 0 2.42918e-18 0 6.14362e-18 0 1.38884e-17 0 2.8348e-17 0 5.43177e-17 0 9.71877e-17 0 1.66333e-16 0 2.73054e-16 0 4.31013e-16 0 6.55627e-16 0 9.80143e-16 0 1.42874e-15 0 2.01587e-15 0 2.82752e-15 0 3.87868e-15 0 5.20839e-15 0 6.90738e-15 0 9.12298e-15 0 1.17239e-14 0 1.50168e-14 0 1.91724e-14 0 2.40377e-14 0 3.00554e-14 0 3.69342e-14 0 4.52832e-14 0 5.53939e-14 0 6.66606e-14 0 8.00674e-14 0 9.59919e-14 0 1.14873e-13 0 1.35365e-13 0 1.5927e-13 0 1.87118e-13 0 2.16621e-13 0
58.1015 0.000275664 0.000115045 0.00016062 0.582664 0.746116 9.26069e-26 0 1.9207e-23 0 3.11904e-21 0 5.55062e-20 0 4.14104e-19 0 1.9006e-18 0 6.51734e-18 0 1.81482e-17 0 4.38655e-17 0 9.52919e-17 0 1.87844e-16 0 3.4868e-16 0 6.06403e-16 0 1.01096e-15 0 1.61992e-15 0 2.50067e-15 0 3.72675e-15 0 5.46306e-15 0 7.81824e-15 0 1.08472e-14 0 1.49654e-14 0 2.02145e-14 0 2.67567e-14 0 3.4999e-14 0 4.56016e-14 0 5.78892e-14 0 7.32576e-14 0 9.24212e-14 0 1.14602e-13 0 1.41738e-13 0 1.72434e-13 0 2.09319e-13 0 2.53548e-13 0 3.02372e-13 0 3.5995e-13 0 4.27735e-13 0 5.074e-13 0 5.93141e-13 0 6.92371e-13 0 8.07053e-13 0 9.27648e-13 0
61.0839 0.000276914 0.000116093 0.000160822 0.580763 0.74227 1.57465e-24 0 2.51701e-22 0 3.188e-20 0 4.92938e-19 0 3.33386e-18 0 1.42042e-17 0 4.58636e-17 0 1.21483e-16 0 2.8125e-16 0 5.88268e-16 0 1.12183e-15 0 2.02041e-15 0 3.42011e-15 0 5.5613e-15 0 8.7084e-15 0 1.31612e-14 0 1.92357e-14 0 2.7676e-14 0 3.89203e-14 0 5.31426e-14 0 7.21751e-14 0 9.607e-14 0 1.25433e-13 0 1.61935e-13 0 2.08283e-13 0 2.61344e-13 0 3.26945e-13 0 4.07819e-13 0 5.00412e-13 0 6.1251e-13 0 7.38063e-13 0 8.87502e-13 0 1.06502e-12 0 1.25923e-12 0 1.48631e-12 0 1.75139e-12 0 2.06033e-12 0 2.3902e-12 0 2.76907e-12 0 3.20367e-12 0 3.65743e-12 0
64.2193 0.00027827 0.000117228 0.000161042 0.578727 0.738423 2.30578e-23 0 2.8769e-21 0 2.87673e-19 0 3.89142e-18 0 2.39736e-17 0 9.51632e-17 0 2.90179e-16 0 7.32924e-16 0 1.62868e-15 0 3.28602e-15 0 6.07202e-15 0 1.06261e-14 0 1.75312e-14 0 2.78381e-14 0 4.26473e-14 0 6.3167e-14 0 9.06269e-14 0 1.28097e-13 0 1.77167e-13 0 2.38257e-13 0 3.18785e-13 0 4.18441e-13 0 5.39266e-13 0 6.8757e-13 0 8.7356e-13 0 1.08403e-12 0 1.34138e-12 0 1.65523e-12 0 2.01085e-12 0 2.43714e-12 0 2.91009e-12 0 3.46795e-12 0 4.12471e-12 0 4.83715e-12 0 5.66342e-12 0 6.62022e-12 0 7.72648e-12 0 8.89876e-12 0 1.02355e-11 0 1.1758e-11 0 1.33368e-11 0
67.5157 0.000279706 0.000118486 0.000161221 0.576393 0.734493 2.92988e-22 0 2.88813e-20 0 2.30645e-18 0 2.74741e-17 0 1.5488e-16 0 5.74775e-16 0 1.65979e-15 0 4.00683e-15 0 8.5634e-15 0 1.66954e-14 0 2.99393e-14 0 5.09817e-14 0 8.20799e-14 0 1.27426e-13 0 1.91191e-13 0 2.77803e-13 0 3.91606e-13 0 5.44245e-13 0 7.40902e-13 0 9.82068e-13 0 1.29545e-12 0 1.67799e-12 0 2.13589e-12 0 2.69117e-12 0 3.37941e-12 0 4.14964e-12 0 5.08168e-12 0 6.20661e-12 0 7.46879e-12 0 8.96753e-12 0 1.06154e-11 0 1.25426e-11 0 1.47921e-11 0 1.72126e-11 0 1.99982e-11 0 2.31994e-11 0 2.68725e-11 0 3.0737e-11 0 3.51136e-11 0 4.00642e-11 0 4.51652e-11 0
70.9813 0.000281111 0.000119742 0.000161369 0.57404 0.730134 3.24971e-21 0 2.56016e-19 0 1.65088e-17 0 1.74245e-16 0 9.02739e-16 0 3.14239e-15 0 8.6165e-15 0 1.99246e-14 0 4.10328e-14 0 7.7433e-14 0 1.34954e-13 0 2.23909e-13 0 3.52206e-13 0 5.35171e-13 0 7.87223e-13 0 1.12317e-12 0 1.55696e-12 0 2.12933e-12 0 2.85541e-12 0 3.73314e-12 0 4.85826e-12 0 6.21388e-12 0 7.81693e-12 0 9.73864e-12 0 1.2094e-11 0 1.47023e-11 0 1.78273e-11 0 2.15622e-11 0 2.57136e-11 0 3.0599e-11 0 3.5925e-11 0 4.21024e-11 0 4.92552e-11 0 5.68926e-11 0 6.56176e-11 0 7.55712e-11 0 8.69105e-11 0 9.87588e-11 0 1.1209e-10 0 1.27073e-10 0 1.42416e-10 0
74.6248 0.000282596 0.000121069 0.000161527 0.571583 0.725606 3.16913e-20 0 2.01731e-18 0 1.06139e-16 0 9.98508e-16 0 4.7739e-15 0 1.56359e-14 0 4.08136e-14 0 9.05919e-14 0 1.80099e-13 0 3.2949e-13 0 5.58885e-13 0 9.04634e-13 0 1.39185e-12 0 2.07213e-12 0 2.99116e-12 0 4.19421e-12 0 5.72213e-12 0 7.70699e-12 0 1.0188e-11 0 1.31465e-11 0 1.68901e-11 0 2.1345e-11 0 2.65524e-11 0 3.27269e-11 0 4.02145e-11 0 4.84236e-11 0 5.81662e-11 0 6.97019e-11 0 8.24103e-11 0 9.72384e-11 0 1.13272e-10 0 1.31726e-10 0 1.52928e-10 0 1.75402e-10 0 2.00898e-10 0 2.29782e-10 0 2.62463e-10 0 2.96388e-10 0 3.34324e-10 0 3.76697e-10 0 4.19838e-10 0
78.4553 0.000284196 0.000122574 0.000161622 0.568699 0.720941 2.73684e-19 0 1.42236e-17 0 6.16712e-16 0 5.20032e-15 0 2.30343e-14 0 7.11981e-14 0 1.7734e-13 0 3.78603e-13 0 7.27841e-13 0 1.29288e-12 0 2.13715e-12 0 3.37888e-12 0 5.09046e-12 0 7.43266e-12 0 1.05386e-11 0 1.45353e-11 0 1.9532e-11 0 2.59274e-11 0 3.381e-11 0 4.30885e-11 0 5.46852e-11 0 6.83235e-11 0 8.40908e-11 0 1.02593e-10 0 1.24803e-10 0 1.48923e-10 0 1.77292e-10 0 2.10584e-10 0 2.46951e-10 0 2.89041e-10 0 3.34202e-10 0 3.85793e-10 0 4.4464e-10 0 5.0658e-10 0 5.76381e-10 0 6.54941e-10 0 7.43249e-10 0 8.34354e-10 0 9.35627e-10 0 1.04809e-09 0 1.16195e-09 0
82.4824 0.000285657 0.000124095 0.000161562 0.565581 0.715466 2.10275e-18 0 9.01113e-17 0 3.2503e-15 0 2.4698e-14 0 1.0173e-13 0 2.97588e-13 0 7.08928e-13 0 1.45847e-12 0 2.71576e-12 0 4.69063e-12 0 7.56571e-12 0 1.1697e-11 0 1.72731e-11 0 2.47589e-11 0 3.45116e-11 0 4.68587e-11 0 6.20649e-11 0 8.12555e-11 0 1.04595e-10 0 1.3173e-10 0 1.65249e-10 0 2.04229e-10 0 2.48825e-10 0 3.00639e-10 0 3.62242e-10 0 4.28537e-10 0 5.05845e-10 0 5.95808e-10 0 6.93288e-10 0 8.05239e-10 0 9.24477e-10 0 1.05974e-09 0 1.21295e-09 0 1.37314e-09 0 1.55253e-09 0 1.75317e-09 0 1.9773e-09 0 2.20718e-09 0 2.46128e-09 0 2.74188e-09 0 3.02449e-09 0
86.7162 0.000287192 0.000125515 0.000161676 0.562956 0.70934 1.44422e-17 0 5.15162e-16 0 1.55977e-14 0 1.07349e-13 0 4.12639e-13 0 1.14545e-12 0 2.61551e-12 0 5.19465e-12 0 9.38358e-12 0 1.57805e-11 0 2.48658e-11 0 3.76348e-11 0 5.45277e-11 0 7.6797e-11 0 1.05326e-10 0 1.40889e-10 0 1.84066e-10 0 2.3783e-10 0 3.02393e-10 0 3.76578e-10 0 4.67199e-10 0 5.71466e-10 0 6.89569e-10 0 8.25501e-10 0 9.85642e-10 0 1.1565e-09 0 1.35412e-09 0 1.58225e-09 0 1.82755e-09 0 2.10721e-09 0 2.40298e-09 0 2.73626e-09 0 3.11126e-09 0 3.50091e-09 0 3.93461e-09 0 4.4168e-09 0 4.9523e-09 0 5.49844e-09 0 6.09891e-09 0 6.7585e-09 0 7.41949e-09 0
91.1674 0.000289405 0.000127126 0.000162279 0.560733 0.704304 8.93617e-17 0 2.67715e-15 0 6.8624e-14 0 4.29845e-13 0 1.54715e-12 0 4.08591e-12 0 8.96111e-12 0 1.72112e-11 0 3.02054e-11 0 4.95238e-11 0 7.63229e-11 0 1.13202e-10 0 1.61072e-10 0 2.23093e-10 0 3.01287e-10 0 3.9733e-10 0 5.12365e-10 0 6.53792e-10 0 8.21583e-10 0 1.01224e-09 0 1.24268e-09 0 1.50513e-09 0 1.79961e-09 0 2.13552e-09 0 2.52781e-09 0 2.94294e-09 0 3.41939e-09 0 3.9652e-09 0 4.54782e-09 0 5.20741e-09 0 5.90038e-09 0 6.67625e-09 0 7.54378e-09 0 8.43978e-09 0 9.4314e-09 0 1.05276e-08 0 1.17382e-08 0 1.29663e-08 0 1.43098e-08 0 1.57781e-08 0 1.72424e-08 0
95.847 0.000292015 0.000128884 0.000163131 0.558639 0.700394 5.0051e-16 0 1.27012e-14 0 2.77884e-13 0 1.59146e-12 0 5.38095e-12 0 1.35526e-11 0 2.86052e-11 0 5.32176e-11 0 9.08661e-11 0 1.45428e-10 0 2.1944e-10 0 3.19269e-10 0 4.46524e-10 0 6.08701e-10 0 8.10078e-10 0 1.05398e-09 0 1.34236e-09 0 1.69262e-09 0 2.10342e-09 0 2.56527e-09 0 3.11788e-09 0 3.74122e-09 0 4.43433e-09 0 5.21824e-09 0 6.12619e-09 0 7.07949e-09 0 8.1656e-09 0 9.40079e-09 0 1.07102e-08 0 1.21827e-08 0 1.37199e-08 0 1.54306e-08 0 1.73321e-08 0 1.92847e-08 0 2.14339e-08 0 2.37972e-08 0 2.6393e-08 0 2.90131e-08 0 3.18653e-08 0 3.49678e-08 0 3.80479e-08 0
100.767 0.000294496 0.000130692 0.000163803 0.556216 0.696516 2.54809e-15 0 5.52173e-14 0 1.03913e-12 0 5.46508e-12 0 1.74112e-11 0 4.19186e-11 0 8.53077e-11 0 1.5397e-10 0 2.56117e-10 0 4.006e-10 0 5.92458e-10 0 8.46345e-10 0 1.16445e-09 0 1.56355e-09 0 2.05198e-09 0 2.63571e-09 0 3.31746e-09 0 4.13601e-09 0 5.08559e-09 0 6.14241e-09 0 7.39484e-09 0 8.79463e-09 0 1.03378e-08 0 1.2069e-08 0 1.40585e-08 0 1.61318e-08 0 1.84775e-08 0 2.11267e-08 0 2.39165e-08 0 2.70341e-08 0 3.02693e-08 0 3.38488e-08 0 3.78047e-08 0 4.18451e-08 0 4.62693e-08 0 5.11092e-08 0 5.63985e-08 0 6.17114e-08 0 6.74685e-08 0 7.37023e-08 0 7.98645e-08 0
105.939 0.000296498 0.000132883 0.000163615 0.551826 0.691127 1.18758e-14 0 2.21464e-13 0 3.61132e-12 0 1.75143e-11 0 5.27298e-11 0 1.2162e-10 0 2.39067e-10 0 4.19223e-10 0 6.80233e-10 0 1.04099e-09 0 1.51041e-09 0 2.12042e-09 0 2.87231e-09 0 3.80164e-09 0 4.92345e-09 0 6.24719e-09 0 7.77526e-09 0 9.5899e-09 0 1.16733e-08 0 1.39697e-08 0 1.66664e-08 0 1.96541e-08 0 2.29212e-08 0 2.65582e-08 0 3.07063e-08 0 3.4999e-08 0 3.98232e-08 0 4.52361e-08 0 5.09004e-08 0 5.71923e-08 0 6.3684e-08 0 7.08275e-08 0 7.86793e-08 0 8.66575e-08 0 9.53506e-08 0 1.04814e-07 0 1.15107e-07 0 1.25398e-07 0 1.365e-07 0 1.4847e-07 0 1.60254e-07 0
111.377 0.000296637 0.000135077 0.000161561 0.54464 0.682307 5.07471e-14 0 8.20375e-13 0 1.1673e-11 0 5.24121e-11 0 1.49528e-10 0 3.31094e-10 0 6.29703e-10 0 1.07437e-09 0 1.70256e-09 0 2.55192e-09 0 3.636e-09 0 5.02064e-09 0 6.70089e-09 0 8.7484e-09 0 1.11878e-08 0 1.40317e-08 0 1.72783e-08 0 2.10937e-08 0 2.54309e-08 0 3.01681e-08 0 3.56829e-08 0 4.17423e-08 0 4.83169e-08 0 5.55824e-08 0 6.38101e-08 0 7.22675e-08 0 8.1712e-08 0 9.22426e-08 0 1.03197e-07 0 1.15295e-07 0 1.2771e-07 0 1.413e-07 0 1.5616e-07 0 1.71186e-07 0 1.87482e-07 0 2.05139e-07 0 2.24256e-07 0 2.43286e-07 0 2.63732e-07 0 2.85684e-07 0 3.07211e-07 0
117.094 0.000294395 0.000136707 0.000157688 0.535635 0.666454 1.98841e-13 0 2.80606e-12 0 3.50725e-11 0 1.46342e-10 0 3.96672e-10 0 8.44896e-10 0 1.55725e-09 0 2.58849e-09 0 4.01082e-09 0 5.89409e-09 0 8.25403e-09 0 1.12191e-08 0 1.47642e-08 0 1.90263e-08 0 2.40411e-08 0 2.98207e-08 0 3.63492e-08 0 4.39456e-08 0 5.25001e-08 0 6.17623e-08 0 7.24563e-08 0 8.41138e-08 0 9.66692e-08 0 1.10448e-07 0 1.25945e-07 0 1.41774e-07 0 1.59343e-07 0 1.78817e-07 0 1.9896e-07 0 2.21085e-07 0 2.43671e-07 0 2.68273e-07 0 2.95043e-07 0 3.21985e-07 0 3.51073e-07 0 3.82454e-07 0 4.16279e-07 0 4.49811e-07 0 4.85697e-07 0 5.24075e-07 0 5.6157e-07 0
123.105 0.000294733 0.000138854 0.000155879 0.528881 0.643335 7.2301e-13 0 8.96621e-12 0 9.9066e-11 0 3.85511e-10 0 9.95303e-10 0 2.04313e-09 0 3.65497e-09 0 5.92649e-09 0 8.98873e-09 0 1.29634e-08 0 1.78578e-08 0 2.39119e-08 0 3.10487e-08 0 3.95192e-08 0 4.93683e-08 0 6.0596e-08 0 7.31515e-08 0 8.76234e-08 0 1.03775e-07 0 1.21119e-07 0 1.40987e-07 0 1.62482e-07 0 1.85471e-07 0 2.10533e-07 0 2.38539e-07 0 2.66971e-07 0 2.9835e-07 0 3.32933e-07 0 3.68509e-07 0 4.07387e-07 0 4.46878e-07 0 4.89691e-07 0 5.36061e-07 0 5.82521e-07 0 6.3247e-07 0 6.86129e-07 0 7.43728e-07 0 8.00603e-07 0 8.61241e-07 0 9.25849e-07 0 9.88747e-07 0
129.424 0.000299242 0.000141619 0.000157624 0.526743 0.628357 2.45037e-12 0 2.68725e-11 0 2.64049e-10 0 9.61579e-10 0 2.37024e-09 0 4.69767e-09 0 8.16842e-09 0 1.29361e-08 0 1.92252e-08 0 2.72351e-08 0 3.69357e-08 0 4.87575e-08 0 6.25076e-08 0 7.8629e-08 0 9.71637e-08 0 1.18074e-07 0 1.41235e-07 0 1.67691e-07 0 1.96968e-07 0 2.28159e-07 0 2.63623e-07 0 3.01718e-07 0 3.4219e-07 0 3.86031e-07 0 4.34725e-07 0 4.83873e-07 0 5.37819e-07 0 5.96954e-07 0 6.57477e-07 0 7.2329e-07 0 7.89828e-07 0 8.6164e-07 0 9.39074e-07 0 1.01633e-06 0 1.09905e-06 0 1.18757e-06 0 1.2822e-06 0 1.3753e-06 0 1.4742e-06 0 1.5792e-06 0 1.68109e-06 0
136.067 0.000303604 0.000143686 0.000159918 0.526731 0.622763 7.69622e-12 0 7.50887e-11 0 6.59932e-10 0 2.25629e-09 0 5.32197e-09 0 1.02013e-08 0 1.72656e-08 0 2.67362e-08 0 3.89733e-08 0 5.428e-08 0 7.25265e-08 0 9.44503e-08 0 1.19627e-07 0 1.48803e-07 0 1.81989e-07 0 2.1906e-07 0 2.59748e-07 0 3.0583e-07 0 3.56413e-07 0 4.099e-07 0 4.70284e-07 0 5.34709e-07 0 6.02717e-07 0 6.75947e-07 0 7.56808e-07 0 8.37975e-07 0 9.26605e-07 0 1.02326e-06 0 1.12171e-06 0 1.22826e-06 0 1.3355e-06 0 1.45075e-06 0 1.57449e-06 0 1.69746e-06 0 1.82862e-06 0 1.96843e-06 0 2.11735e-06 0 2.26333e-06 0 2.41788e-06 0 2.58141e-06 0 2.73958e-06 0
143.051 0.000310293 0.000142894 0.000167399 0.539488 0.603498 2.21495e-11 0 1.93356e-10 0 1.52826e-09 0 4.92068e-09 0 1.11303e-08 0 2.06678e-08 0 3.40928e-08 0 5.16782e-08 0 7.39578e-08 0 1.01352e-07 0 1.33519e-07 0 1.71653e-07 0 2.14914e-07 0 2.64497e-07 0 3.20321e-07 0 3.82095e-07 0 4.49312e-07 0 5.24824e-07 0 6.07074e-07 0 6.93428e-07 0 7.90259e-07 0 8.92902e-07 0 1.0006e-06 0 1.11591e-06 0 1.24253e-06 0 1.36896e-06 0 1.50634e-06 0 1.65544e-06 0 1.80658e-06 0 1.96944e-06 0 2.13266e-06 0 2.30735e-06 0 2.49418e-06 0 2.67911e-06 0 2.87566e-06 0 3.08441e-06 0 3.30597e-06 0 3.52241e-06 0 3.75082e-06 0 3.99173e-06 0 4.22402e-06 0
150.394 0.000321531 0.000139167 0.000182364 0.567173 0.582158 5.85509e-11 0 4.59818e-10 0 3.2854e-09 0 9.99131e-09 0 2.17169e-08 0 3.91257e-08 0 6.29821e-08 0 9.35496e-08 0 1.31558e-07 0 1.77535e-07 0 2.30755e-07 0 2.93043e-07 0 3.62893e-07 0 4.42113e-07 0 5.30442e-07 0 6.27313e-07 0 7.31855e-07 0 8.48391e-07 0 9.744e-07 0 1.1058e-06 0 1.2522e-06 0 1.40643e-06 0 1.56733e-06 0 1.73867e-06 0 1.92582e-06 0 2.11176e-06 0 2.31286e-06 0 2.5301e-06 0 2.74934e-06 0 2.98459e-06 0 3.2194e-06 0 3.46975e-06 0 3.73647e-06 0 3.99952e-06 0 4.27813e-06 0 4.57301e-06 0 4.88493e-06 0 5.18865e-06 0 5.50818e-06 0 5.84418e-06 0 6.16722e-06 0
158.114 0.000335346 0.000139928 0.000195418 0.582735 0.592289 1.50339e-10 0 1.06763e-09 0 6.92993e-09 0 1.99609e-08 0 4.17726e-08 0 7.31263e-08 0 1.1501e-07 0 1.6756e-07 0 2.31748e-07 0 3.08196e-07 0 3.9549e-07 0 4.96418e-07 0 6.08362e-07 0 7.34058e-07 0 8.72915e-07 0 1.02391e-06 0 1.18559e-06 0 1.3645e-06 0 1.5566e-06 0 1.75564e-06 0 1.97604e-06 0 2.20687e-06 0 2.44638e-06 0 2.70009e-06 0 2.97584e-06 0 3.24852e-06 0 3.5421e-06 0 3.85785e-06 0 4.17518e-06 0 4.51428e-06 0 4.85148e-06 0 5.20966e-06 0 5.58987e-06 0 5.96357e-06 0 6.35805e-06 0 6.77422e-06 0 7.21301e-06 0 7.63895e-06 0 8.08575e-06 0 8.55422e-06 0 9.00337e-06 0
166.23 0.000343932 0.00014476 0.000199172 0.579104 0.613411 3.74794e-10 0 2.41868e-09 0 1.43293e-08 0 3.91961e-08 0 7.9122e-08 0 1.34774e-07 0 2.07332e-07 0 2.96566e-07 0 4.0373e-07 0 5.2949e-07 0 6.71239e-07 0 8.3324e-07 0 1.01105e-06 0 1.20881e-06 0 1.42537e-06 0 1.65895e-06 0 1.90721e-06 0 2.18e-06 0 2.47097e-06 0 2.7706e-06 0 3.10046e-06 0 3.44402e-06 0 3.79863e-06 0 4.17244e-06 0 4.57677e-06 0 4.97481e-06 0 5.40154e-06 0 5.85856e-06 0 6.31604e-06 0 6.80304e-06 0 7.28552e-06 0 7.79626e-06 0 8.33652e-06 0 8.86578e-06 0 9.42273e-06 0 1.00085e-05 0 1.06241e-05 0 1.122e-05 0 1.18434e-05 0 1.24952e-05 0 1.31184e-05 0
174.763 0.000337399 0.00014328 0.000194119 0.575339 0.593458 8.45975e-10 0 4.98432e-09 0 2.70725e-08 0 7.05034e-08 0 1.37521e-07 0 2.28237e-07 0 3.43805e-07 0 4.83256e-07 0 6.48047e-07 0 8.38731e-07 0 1.05102e-06 0 1.29099e-06 0 1.55175e-06 0 1.83916e-06 0 2.15127e-06 0 2.48533e-06 0 2.83786e-06 0 3.22266e-06 0 3.63053e-06 0 4.04808e-06 0 4.50523e-06 0 4.97884e-06 0 5.46527e-06 0 5.97564e-06 0 6.52517e-06 0 7.06384e-06 0 7.63901e-06 0 8.25256e-06 0 8.86437e-06 0 9.51331e-06 0 1.0154e-05 0 1.08299e-05 0 1.15426e-05 0 1.22386e-05 0 1.29688e-05 0 1.37344e-05 0 1.45369e-05 0 1.53114e-05 0 1.61195e-05 0 1.69621e-05 0 1.77659e-05 0
183.733 0.000324751 0.000139189 0.000185563 0.571399 0.549237 1.77833e-09 0 9.60846e-09 0 4.80502e-08 0 1.19421e-07 0 2.25463e-07 0 3.65046e-07 0 5.38998e-07 0 7.45133e-07 0 9.8501e-07 0 1.25889e-06 0 1.56025e-06 0 1.89733e-06 0 2.26018e-06 0 2.65667e-06 0 3.08381e-06 0 3.53767e-06 0 4.01339e-06 0 4.52938e-06 0 5.07303e-06 0 5.6265e-06 0 6.22927e-06 0 6.85061e-06 0 7.48577e-06 0 8.14923e-06 0 8.86051e-06 0 9.5549e-06 0 1.02935e-05 0 1.10784e-05 0 1.18582e-05 0 1.26825e-05 0 1.34936e-05 0 1.43467e-05 0 1.52432e-05 0 1.61162e-05 0 1.70295e-05 0 1.79845e-05 0 1.89826e-05 0 1.99434e-05 0 2.09433e-05 0 2.19834e-05 0 2.29731e-05 0
193.164 0.000306378 0.000135714 0.000170664 0.557036 0.520139 3.56942e-09 0 1.77611e-08 0 8.21071e-08 0 1.95192e-07 0 3.57257e-07 0 5.64985e-07 0 8.18489e-07 0 1.11376e-06 0 1.45239e-06 0 1.83412e-06 0 2.24948e-06 0 2.70947e-06 0 3.20017e-06 0 3.732e-06 0 4.30062e-06 0 4.90059e-06 0 5.52545e-06 0 6.19913e-06 0 6.90488e-06 0 7.61959e-06 0 8.39408e-06 0 9.18859e-06 0 9.99715e-06 0 1.08382e-05 0 1.17361e-05 0 1.26093e-05 0 1.35347e-05 0 1.45146e-05 0 1.54848e-05 0 1.6507e-05 0 1.75096e-05 0 1.85609e-05 0 1.96626e-05 0 2.07323e-05 0 2.18483e-05 0 2.30122e-05 0 2.42253e-05 0 2.53902e-05 0 2.65995e-05 0 2.78546e-05 0 2.90462e-05 0
203.079 0.000281353 0.000138777 0.000142576 0.506751 0.501878 7.16531e-09 0 3.29672e-08 0 1.41426e-07 0 3.22292e-07 0 5.72732e-07 0 8.85704e-07 0 1.2601e-06 0 1.68909e-06 0 2.17428e-06 0 2.71464e-06 0 3.2964e-06 0 3.93456e-06 0 4.60953e-06 0 5.33537e-06 0 6.10587e-06 0 6.91347e-06 0 7.74945e-06 0 8.6456e-06 0 9.57931e-06 0 1.05202e-05 0 1.15348e-05 0 1.2571e-05 0 1.3621e-05 0 1.47088e-05 0 1.58656e-05 0 1.69865e-05 0 1.81702e-05 0 1.94194e-05 0 2.06521e-05 0 2.19468e-05 0 2.32129e-05 0 2.45367e-05 0 2.59201e-05 0 2.72596e-05 0 2.86536e-05 0 3.01036e-05 0 3.16112e-05 0 3.30554e-05 0 3.45513e-05 0 3.61002e-05 0 3.75677e-05 0
213.503 0.000266938 0.000151783 0.000115155 0.431393 0.440731 1.47055e-08 0 6.28004e-08 0 2.50918e-07 0 5.49271e-07 0 9.49066e-07 0 1.43678e-06 0 2.00924e-06 0 2.65502e-06 0 3.37578e-06 0 4.16932e-06 0 5.01506e-06 0 5.93444e-06 0 6.89897e-06 0 7.92852e-06 0 9.01394e-06 0 1.01445e-05 0 1.1308e-05 0 1.25484e-05 0 1.38342e-05 0 1.51236e-05 0 1.6508e-05 0 1.79155e-05 0 1.93361e-05 0 2.08021e-05 0 2.23554e-05 0 2.38552e-05 0 2.54338e-05 0 2.70942e-05 0 2.87278e-05 0 3.04382e-05 0 3.21063e-05 0 3.38455e-05 0 3.56582e-05 0 3.74088e-05 0 3.92262e-05 0 4.11122e-05 0 4.30683e-05 0 4.49379e-05 0 4.68702e-05 0 4.88667e-05 0 5.07545e-05 0
224.463 0.000286793 0.000171399 0.000115394 0.402361 0.332796 2.98501e-08 0 1.18754e-07 0 4.43452e-07 0 9.34306e-07 0 1.57182e-06 0 2.33187e-06 0 3.20801e-06 0 4.18179e-06 0 5.25506e-06 0 6.42381e-06 0 7.65751e-06 0 8.98717e-06 0 1.03713e-05 0 1.18384e-05 0 1.33751e-05 0 1.49661e-05 0 1.65944e-05 0 1.83214e-05 0 2.01028e-05 0 2.18811e-05 0 2.37821e-05 0 2.5707e-05 0 2.76423e-05 0 2.96322e-05 0 3.17332e-05 0 3.3755e-05 0 3.58764e-05 0 3.81008e-05 0 4.02827e-05 0 4.25609e-05 0 4.47766e-05 0 4.7081e-05 0 4.94764e-05 0 5.17843e-05 0 5.41746e-05 0 5.66493e-05 0 5.92104e-05 0 6.16528e-05 0 6.4172e-05 0 6.67695e-05 0 6.92208e-05 0
235.984 0.000316113 0.000176209 0.000139904 0.442576 0.310481 5.29554e-08 0 1.96939e-07 0 6.89595e-07 0 1.40099e-06 0 2.29784e-06 0 3.34394e-06 0 4.52925e-06 0 5.82818e-06 0 7.24278e-06 0 8.76725e-06 0 1.03618e-05 0 1.20663e-05 0 1.38277e-05 0 1.56821e-05 0 1.76125e-05 0 1.95998e-05 0 2.1623e-05 0 2.37583e-05 0 2.59506e-05 0 2.81296e-05 0 3.04494e-05 0 3.27893e-05 0 3.51331e-05 0 3.75347e-05 0 4.0062e-05 0 4.24862e-05 0 4.50223e-05 0 4.76737e-05 0 5.02672e-05 0 5.29677e-05 0 5.55875e-05 0 5.83054e-05 0 6.11238e-05 0 6.38329e-05 0 6.66327e-05 0 6.95249e-05 0 7.25117e-05 0 7.53541e-05 0 7.82802e-05 0 8.12915e-05 0 8.41279e-05 0
248.097 0.000273713 0.000139747 0.000133966 0.489438 0.296946 6.97096e-08 0 2.43145e-07 0 8.00855e-07 0 1.57169e-06 0 2.51629e-06 0 3.59538e-06 0 4.79823e-06 0 6.09877e-06 0 7.49908e-06 0 8.99326e-06 0 1.05426e-05 0 1.2186e-05 0 1.38723e-05 0 1.56364e-05 0 1.74619e-05 0 1.93311e-05 0 2.12246e-05 0 2.32137e-05 0 2.52468e-05 0 2.72593e-05 0 2.93936e-05 0 3.15382e-05 0 3.3679e-05 0 3.58654e-05 0 3.81589e-05 0 4.03522e-05 0 4.26402e-05 0 4.50256e-05 0 4.73526e-05 0 4.97695e-05 0 5.21083e-05 0 5.45291e-05 0 5.70336e-05 0 5.94358e-05 0 6.19131e-05 0 6.44669e-05 0 6.70988e-05 0 6.95986e-05 0 7.21672e-05 0 7.48057e-05 0 7.72867e-05 0
260.832 0.00023249 0.000123275 0.000109215 0.469763 0.297689 9.83649e-08 0 3.22791e-07 0 1.00308e-06 0 1.90482e-06 0 2.98037e-06 0 4.18494e-06 0 5.50691e-06 0 6.91808e-06 0 8.42113e-06 0 1.00099e-05 0 1.16437e-05 0 1.33639e-05 0 1.51174e-05 0 1.69406e-05 0 1.88168e-05 0 2.07279e-05 0 2.26548e-05 0 2.467e-05 0 2.6721e-05 0 2.87434e-05 0 3.08802e-05 0 3.30197e-05 0 3.51484e-05 0 3.73157e-05 0 3.95822e-05 0 4.17435e-05 0 4.39921e-05 0 4.633e-05 0 4.8605e-05 0 5.09622e-05 0 5.32379e-05 0 5.55881e-05 0 5.80143e-05 0 6.03365e-05 0 6.27265e-05 0 6.51856e-05 0 6.77148e-05 0 7.01127e-05 0 7.25722e-05 0 7.50942e-05 0 7.74617e-05 0
274.221 0.000259291 0.000148501 0.000110789 0.427279 0.384146 1.82997e-07 0 5.6667e-07 0 1.66611e-06 0 3.06638e-06 0 4.6941e-06 0 6.48301e-06 0 8.41739e-06 0 1.04573e-05 0 1.26078e-05 0 1.48606e-05 0 1.71591e-05 0 1.95624e-05 0 2.19964e-05 0 2.45128e-05 0 2.70886e-05 0 2.96995e-05 0 3.23201e-05 0 3.50491e-05 0 3.78156e-05 0 4.05334e-05 0 4.33948e-05 0 4.62503e-05 0 4.90824e-05 0 5.19573e-05 0 5.49551e-05 0 5.7806e-05 0 6.07645e-05 0 6.38329e-05 0 6.68113e-05 0 6.98902e-05 0 7.28561e-05 0 7.59128e-05 0 7.90617e-05 0 8.20696e-05 0 8.51596e-05 0 8.83329e-05 0 9.15906e-05 0 9.46737e-05 0 9.78308e-05 0 0.000101063 0 0.000104092 0
288.297 0.000379563 0.000212138 0.000167425 0.4411 0.388748 3.90444e-07 0 1.14414e-06 0 3.19145e-06 0 5.70135e-06 0 8.5483e-06 0 1.16215e-05 0 1.48981e-05 0 1.83137e-05 0 2.18793e-05 0 2.55829e-05 0 2.93335e-05 0 3.32288e-05 0 3.71504e-05 0 4.11825e-05 0 4.5289e-05 0 4.9432e-05 0 5.35726e-05 0 5.78674e-05 0 6.22045e-05 0 6.64503e-05 0 7.09055e-05 0 7.53374e-05 0 7.97198e-05 0 8.4156e-05 0 8.87691e-05 0 9.31449e-05 0 9.76748e-05 0 0.000102362 0 0.000106901 0 0.000111583 0 0.000116083 0 0.000120712 0 0.000125472 0 0.00013001 0 0.000134663 0 0.000139433 0 0.000144321 0 0.00014894 0 0.000153662 0 0.000158489 0 0.000163006 0
303.095 0.000459456 0.000194755 0.000264701 0.576119 0.250498 5.18612e-07 0 1.44201e-06 0 3.82587e-06 0 6.64389e-06 0 9.76656e-06 0 1.30803e-05 0 1.65663e-05 0 2.01604e-05 0 2.38777e-05 0 2.77076e-05 0 3.15586e-05 0 3.55329e-05 0 3.95112e-05 0 4.35804e-05 0 4.77048e-05 0 5.18475e-05 0 5.5971e-05 0 6.02317e-05 0 6.4519e-05 0 6.87018e-05 0 7.30772e-05 0 7.74165e-05 0 8.16951e-05 0 8.60148e-05 0 9.0495e-05 0 9.47344e-05 0 9.9113e-05 0 0.000103633 0 0.000108001 0 0.000112497 0 0.00011681 0 0.000121238 0 0.000125783 0 0.000130108 0 0.000134535 0 0.000139066 0 0.000143702 0 0.000148075 0 0.000152539 0 0.000157095 0 0.000161353 0
318.653 0.000502081 0.000133312 0.000368769 0.734481 0.160337 4.98309e-07 0 1.31808e-06 0 3.33444e-06 0 5.63664e-06 0 8.13165e-06 0 1.07366e-05 0 1.34423e-05 0 1.6203e-05 0 1.9033e-05 0 2.19264e-05 0 2.48162e-05 0 2.77806e-05 0 3.07319e-05 0 3.37358e-05 0 3.67665e-05 0 3.9798e-05 0 4.28038e-05 0 4.58983e-05 0 4.90015e-05 0 5.20195e-05 0 5.5167e-05 0 5.82794e-05 0 6.13403e-05 0 6.44225e-05 0 6.76116e-05 0 7.06222e-05 0 7.37248e-05 0 7.69207e-05 0 8.00028e-05 0 8.3169e-05 0 8.6201e-05 0 8.93079e-05 0 9.24908e-05 0 9.55148e-05 0 9.86055e-05 0 0.000101764 0 0.00010499 0 0.000108028 0 0.000111126 0 0.000114282 0 0.000117229 0
335.009 0.000528611 9.9911e-05 0.0004287 0.810993 0.0879164 5.09357e-07 0 1.28483e-06 0 3.10639e-06 0 5.11839e-06 0 7.25324e-06 0 9.44801e-06 0 1.17002e-05 0 1.39754e-05 0 1.62883e-05 0 1.86357e-05 0 2.09652e-05 0 2.33413e-05 0 2.56947e-05 0 2.80787e-05 0 3.04737e-05 0 3.28598e-05 0 3.5217e-05 0 3.76355e-05 0 4.00529e-05 0 4.23969e-05 0 4.48345e-05 0 4.72384e-05 0 4.95964e-05 0 5.19652e-05 0 5.44104e-05 0 5.67137e-05 0 5.90825e-05 0 6.15175e-05 0 6.38612e-05 0 6.62644e-05 0 6.85616e-05 0 7.09117e-05 0 7.33151e-05 0 7.55949e-05 0 7.79215e-05 0 8.02952e-05 0 8.27163e-05 0 8.49936e-05 0 8.73118e-05 0 8.96713e-05 0 9.18706e-05 0
352.205 0.000521926 8.4282e-05 0.000437644 0.838517 0.027841 5.70213e-07 0 1.37483e-06 0 3.18388e-06 0 5.11989e-06 0 7.13319e-06 0 9.1728e-06 0 1.12418e-05 0 1.33124e-05 0 1.54005e-05 0 1.75051e-05 0 1.9581e-05 0 2.1687e-05 0 2.37626e-05 0 2.5856e-05 0 2.79504e-05 0 3.00292e-05 0 3.20756e-05 0 3.41685e-05 0 3.6254e-05 0 3.82703e-05 0 4.03616e-05 0 4.24186e-05 0 4.44315e-05 0 4.64491e-05 0 4.85271e-05 0 5.04804e-05 0 5.24854e-05 0 5.45425e-05 0 5.65187e-05 0 5.85416e-05 0 6.0472e-05 0 6.24436e-05 0 6.44568e-05 0 6.63636e-05 0 6.83067e-05 0 7.02863e-05 0 7.23027e-05 0 7.41967e-05 0 7.61223e-05 0 7.80797e-05 0 7.9902e-05 0
370.284 0.000516653 8.71596e-05 0.000429493 0.831299 -0.00879174 7.62445e-07 0 1.76105e-06 0 3.91466e-06 0 6.15102e-06 0 8.43257e-06 0 1.07119e-05 0 1.2999e-05 0 1.52673e-05 0 1.75376e-05 0 1.9811e-05 0 2.20403e-05 0 2.42904e-05 0 2.64978e-05 0 2.87147e-05 0 3.09241e-05 0 3.31092e-05 0 3.52532e-05 0 3.74392e-05 0 3.9611e-05 0 4.17053e-05 0 4.38718e-05 0 4.59976e-05 0 4.80731e-05 0 5.0149e-05 0 5.22826e-05 0 5.42842e-05 0 5.6335e-05 0 5.84352e-05 0 6.04494e-05 0 6.25076e-05 0 6.44687e-05 0 6.64686e-05 0 6.85076e-05 0 7.04361e-05 0 7.23986e-05 0 7.43954e-05 0 7.64264e-05 0 7.83319e-05 0 8.02668e-05 0 8.22313e-05 0 8.40583e-05 0
389.291 0.000555993 0.000114506 0.000441487 0.794051 0.00462724 1.26346e-06 0 2.80149e-06 0 5.98971e-06 0 9.20676e-06 0 1.24297e-05 0 1.5607e-05 0 1.87623e-05 0 2.18652e-05 0 2.49487e-05 0 2.8017e-05 0 3.10096e-05 0 3.40154e-05 0 3.69512e-05 0 3.98879e-05 0 4.2804e-05 0 4.56782e-05 0 4.84897e-05 0 5.13478e-05 0 5.41796e-05 0 5.69034e-05 0 5.97143e-05 0 6.24661e-05 0 6.5147e-05 0 6.78229e-05 0 7.05678e-05 0 7.31382e-05 0 7.57671e-05 0 7.84547e-05 0 8.10279e-05 0 8.36534e-05 0 8.61511e-05 0 8.86947e-05 0 9.12844e-05 0 9.37304e-05 0 9.62164e-05 0 9.87425e-05 0 0.000101309 0 0.000103714 0 0.000106153 0 0.000108627 0 0.000110925 0
409.273 0.000673376 0.000179714 0.000493662 0.733115 0.120664 2.44306e-06 0 5.21074e-06 0 1.07361e-05 0 1.61611e-05 0 2.15028e-05 0 2.67032e-05 0 3.18169e-05 0 3.68056e-05 0 4.17293e-05 0 4.66e-05 0 5.13261e-05 0 5.6051e-05 0 6.06469e-05 0 6.52269e-05 0 6.9759e-05 0 7.42117e-05 0 7.85546e-05 0 8.29573e-05 0 8.73082e-05 0 9.1483e-05 0 9.57816e-05 0 9.99807e-05 0 0.000104063 0 0.00010813 0 0.000112295 0 0.000116187 0 0.000120162 0 0.000124219 0 0.000128097 0 0.000132049 0 0.000135802 0 0.00013962 0 0.000143501 0 0.000147162 0 0.000150879 0 0.000154652 0 0.000158479 0 0.000162062 0 0.000165693 0 0.00016937 0 0.000172783 0
430.281 0.000673422 0.000211891 0.000461531 0.685352 0.334632 3.47026e-06 0 7.13342e-06 0 1.41897e-05 0 2.094e-05 0 2.74785e-05 0 3.37686e-05 0 3.98965e-05 0 4.58292e-05 0 5.1647e-05 0 5.73702e-05 0 6.28964e-05 0 6.83972e-05 0 7.37268e-05 0 7.90192e-05 0 8.42391e-05 0 8.9352e-05 0 9.43251e-05 0 9.93537e-05 0 0.000104311 0 0.000109057 0 0.000113933 0 0.000118686 0 0.000123299 0 0.000127886 0 0.000132574 0 0.00013695 0 0.00014141 0 0.000145956 0 0.000150296 0 0.00015471 0 0.000158899 0 0.000163153 0 0.000167473 0 0.000171544 0 0.000175672 0 0.000179856 0 0.000184097 0 0.000188063 0 0.000192077 0 0.00019614 0 0.000199906 0
452.368 0.000407046 0.000127666 0.00027938 0.686359 0.481043 2.46594e-06 0 4.8942e-06 0 9.4156e-06 0 1.36353e-05 0 1.76596e-05 0 2.14874e-05 0 2.51838e-05 0 2.87368e-05 0 3.21999e-05 0 3.55887e-05 0 3.88457e-05 0 4.20746e-05 0 4.51914e-05 0 4.8276e-05 0 5.1309e-05 0 5.42714e-05 0 5.71453e-05 0 6.00442e-05 0 6.28953e-05 0 6.5619e-05 0 6.84119e-05 0 7.11292e-05 0 7.37614e-05 0 7.63745e-05 0 7.90409e-05 0 8.15255e-05 0 8.40548e-05 0 8.66287e-05 0 8.90825e-05 0 9.15755e-05 0 9.39379e-05 0 9.63345e-05 0 9.87653e-05 0 0.000101053 0 0.00010337 0 0.000105717 0 0.000108094 0 0.000110313 0 0.000112558 0 0.000114828 0 0.00011693 0
475.588 0.000229106 6.48902e-05 0.000164216 0.716768 0.491051 1.44863e-06 0 2.78087e-06 0 5.18284e-06 0 7.37251e-06 0 9.43019e-06 0 1.13666e-05 0 1.32211e-05 0 1.49914e-05 0 1.67072e-05 0 1.83777e-05 0 1.99764e-05 0 2.15551e-05 0 2.30737e-05 0 2.45719e-05 0 2.60407e-05 0 2.74715e-05 0 2.88562e-05 0 3.02496e-05 0 3.16172e-05 0 3.2921e-05 0 3.42554e-05 0 3.55514e-05 0 3.68046e-05 0 3.80468e-05 0 3.93123e-05 0 4.04899e-05 0 4.1687e-05 0 4.29036e-05 0 4.40619e-05 0 4.52373e-05 0 4.63497e-05 0 4.74771e-05 0 4.86193e-05 0 4.96932e-05 0 5.07798e-05 0 5.18792e-05 0 5.29913e-05 0 5.40292e-05 0 5.50778e-05 0 5.61372e-05 0 5.71178e-05 0
500 0.000145501 3.63047e-05 0.000109196 0.750485 0.438623 9.18897e-07 0 1.70898e-06 0 3.0906e-06 0 4.32234e-06 0 5.46379e-06 0 6.52721e-06 0 7.53759e-06 0 8.496e-06 0 9.41981e-06 0 1.03151e-05 0 1.11684e-05 0 1.20079e-05 0 1.28128e-05 0 1.36046e-05 0 1.43787e-05 0 1.51309e-05 0 1.58571e-05 0 1.65864e-05 0 1.73007e-05 0 1.79804e-05 0 1.86748e-05 0 1.93481e-05 0 1.99981e-05 0 2.06414e-05 0 2.12959e-05 0 2.19041e-05 0 2.25215e-05 0 2.31483e-05 0 2.37443e-05 0 2.43484e-05 0 2.49195e-05 0 2.54976e-05 0 2.60828e-05 0 2.66324e-05 0 2.71881e-05 0 2.77497e-05 0 2.83174e-05 0 2.88466e-05 0 2.9381e-05 0 2.99203e-05 0 3.04192e-05 0
525.665 0.00010173 2.29487e-05 7.87812e-05 0.774416 0.377398 6.46629e-07 0 1.16698e-06 0 2.05097e-06 0 2.82258e-06 0 3.52826e-06 0 4.17946e-06 0 4.7936e-06 0 5.37264e-06 0 5.92795e-06 0 6.46374e-06 0 6.97241e-06 0 7.47118e-06 0 7.94792e-06 0 8.41556e-06 0 8.8716e-06 0 9.3137e-06 0 9.73961e-06 0 1.01665e-05 0 1.05837e-05 0 1.09801e-05 0 1.13843e-05 0 1.17757e-05 0 1.21529e-05 0 1.25258e-05 0 1.29046e-05 0 1.32561e-05 0 1.36126e-05 0 1.39741e-05 0 1.43174e-05 0 1.4665e-05 0 1.49933e-05 0 1.53253e-05 0 1.5661e-05 0 1.59761e-05 0 1.62943e-05 0 1.66157e-05 0 1.69402e-05 0 1.72425e-05 0 1.75475e-05 0 1.78552e-05 0 1.81395e-05 0
552.648 7.48196e-05 1.56591e-05 5.91605e-05 0.790708 0.323176 4.82755e-07 0 8.46714e-07 0 1.4483e-06 0 1.96302e-06 0 2.42793e-06 0 2.8531e-06 0 3.2513e-06 0 3.6246e-06 0 3.98089e-06 0 4.32323e-06 0 4.64708e-06 0 4.9636e-06 0 5.26527e-06 0 5.56041e-06 0 5.84754e-06 0 6.12527e-06 0 6.39229e-06 0 6.6594e-06 0 6.92004e-06 0 7.16722e-06 0 7.41892e-06 0 7.66222e-06 0 7.89645e-06 0 8.12764e-06 0 8.36223e-06 0 8.57968e-06 0 8.79993e-06 0 9.023e-06 0 9.23465e-06 0 9.44873e-06 0 9.65074e-06 0 9.85485e-06 0 1.00611e-05 0 1.02544e-05 0 1.04495e-05 0 1.06464e-05 0 1.08451e-05 0 1.10301e-05 0 1.12165e-05 0 1.14045e-05 0 1.1578e-05 0
581.015 5.67864e-05 1.13666e-05 4.54198e-05 0.799836 0.278028 3.77137e-07 0 6.43793e-07 0 1.07327e-06 0 1.43385e-06 0 1.75574e-06 0 2.04763e-06 0 2.31921e-06 0 2.57246e-06 0 2.81308e-06 0 3.04339e-06 0 3.26051e-06 0 3.47209e-06 0 3.6732e-06 0 3.86946e-06 0 4.05998e-06 0 4.24388e-06 0 4.42035e-06 0 4.59657e-06 0 4.76824e-06 0 4.93078e-06 0 5.09607e-06 0 5.25562e-06 0 5.40901e-06 0 5.56024e-06 0 5.7135e-06 0 5.85541e-06 0 5.999e-06 0 6.14428e-06 0 6.28198e-06 0 6.42115e-06 0 6.55234e-06 0 6.68479e-06 0 6.81848e-06 0 6.94374e-06 0 7.07005e-06 0 7.19743e-06 0 7.32586e-06 0 7.44533e-06 0 7.56569e-06 0 7.68694e-06 0 7.79885e-06 0
610.839 4.39709e-05 8.60644e-06 3.53645e-05 0.80427 0.240942 3.02563e-07 0 5.03392e-07 0 8.19032e-07 0 1.07934e-06 0 1.30916e-06 0 1.51592e-06 0 1.70711e-06 0 1.8845e-06 0 2.05234e-06 0 2.2124e-06 0 2.36282e-06 0 2.50899e-06 0 2.64757e-06 0 2.78251e-06 0 2.91322e-06 0 3.03915e-06 0 3.15978e-06 0 3.28003e-06 0 3.397e-06 0 3.5076e-06 0 3.61991e-06 0 3.72817e-06 0 3.83214e-06 0 3.93452e-06 0 4.03817e-06 0 4.13404e-06 0 4.23095e-06 0 4.32891e-06 0 4.42167e-06 0 4.51534e-06 0 4.60357e-06 0 4.69258e-06 0 4.78235e-06 0 4.86639e-06 0 4.95109e-06 0 5.03644e-06 0 5.12243e-06 0 5.20238e-06 0 5.28288e-06 0 5.36391e-06 0 5.43866e-06 0
642.193 3.45425e-05 6.74901e-06 2.77935e-05 0.804618 0.210297 2.47695e-07 0 4.02194e-07 0 6.39474e-07 0 8.31895e-07 0 1.00003e-06 0 1.15016e-06 0 1.28819e-06 0 1.41565e-06 0 1.53578e-06 0 1.64996e-06 0 1.75693e-06 0 1.86062e-06 0 1.95869e-06 0 2.05397e-06 0 2.14609e-06 0 2.23468e-06 0 2.31941e-06 0 2.40374e-06 0 2.48565e-06 0 2.563e-06 0 2.64144e-06 0 2.71697e-06 0 2.78942e-06 0 2.86068e-06 0 2.93276e-06 0 2.99936e-06 0 3.06663e-06 0 3.13456e-06 0 3.19884e-06 0 3.26369e-06 0 3.32473e-06 0 3.38626e-06 0 3.44828e-06 0 3.5063e-06 0 3.56473e-06 0 3.62357e-06 0 3.68283e-06 0 3.73788e-06 0 3.79328e-06 0 3.84901e-06 0 3.9004e-06 0
675.157 2.73992e-05 5.42821e-06 2.1971e-05 0.801884 0.18459 2.05077e-07 0 3.25402e-07 0 5.06223e-07 0 6.50553e-07 0 7.75441e-07 0 8.86185e-07 0 9.87451e-07 0 1.08056e-06 0 1.16798e-06 0 1.25081e-06 0 1.32821e-06 0 1.40304e-06 0 1.47366e-06 0 1.54214e-06 0 1.60822e-06 0 1.67167e-06 0 1.73226e-06 0 1.79248e-06 0 1.85089e-06 0 1.90597e-06 0 1.96178e-06 0 2.01545e-06 0 2.06688e-06 0 2.11742e-06 0 2.16848e-06 0 2.21563e-06 0 2.26321e-06 0 2.31121e-06 0 2.3566e-06 0 2.40237e-06 0 2.44541e-06 0 2.48876e-06 0 2.53243e-06 0 2.57326e-06 0 2.61436e-06 0 2.65572e-06 0 2.69735e-06 0 2.736e-06 0 2.77487e-06 0 2.81396e-06 0 2.84999e-06 0
709.813 2.19015e-05 4.45678e-06 1.74447e-05 0.796508 0.162796 1.71034e-07 0 2.65526e-07 0 4.0465e-07 0 5.14058e-07 0 6.07868e-07 0 6.90512e-07 0 7.65702e-07 0 8.34553e-07 0 8.98982e-07 0 9.59843e-07 0 1.01656e-06 0 1.07128e-06 0 1.12281e-06 0 1.17269e-06 0 1.22075e-06 0 1.26681e-06 0 1.31074e-06 0 1.35434e-06 0 1.39658e-06 0 1.43637e-06 0 1.47663e-06 0 1.51531e-06 0 1.55235e-06 0 1.58871e-06 0 1.62541e-06 0 1.65928e-06 0 1.69342e-06 0 1.72785e-06 0 1.76037e-06 0 1.79314e-06 0 1.82395e-06 0 1.85495e-06 0 1.88617e-06 0 1.91533e-06 0 1.94468e-06 0 1.97419e-06 0 2.00387e-06 0 2.03142e-06 0 2.05912e-06 0 2.08696e-06 0 2.1126e-06 0
746.248 1.76339e-05 3.72082e-06 1.3913e-05 0.788996 0.144193 1.43228e-07 0 2.17814e-07 0 3.25541e-07 0 4.09083e-07 0 4.80107e-07 0 5.42297e-07 0 5.98612e-07 0 6.49983e-07 0 6.97902e-07 0 7.43043e-07 0 7.85014e-07 0 8.25414e-07 0 8.63393e-07 0 9.00092e-07 0 9.3539e-07 0 9.69179e-07 0 1.00136e-06 0 1.03326e-06 0 1.06413e-06 0 1.09317e-06 0 1.12254e-06 0 1.15072e-06 0 1.17768e-06 0 1.20413e-06 0 1.2308e-06 0 1.25539e-06 0 1.28017e-06 0 1.30514e-06 0 1.32871e-06 0 1.35244e-06 0 1.37474e-06 0 1.39717e-06 0 1.41973e-06 0 1.44081e-06 0 1.462e-06 0 1.4833e-06 0 1.50472e-06 0 1.52459e-06 0 1.54455e-06 0 1.56461e-06 0 1.58307e-06 0
784.553 1.42783e-05 3.14889e-06 1.11294e-05 0.779464 0.128133 1.20141e-07 0 1.79175e-07 0 2.62916e-07 0 3.27015e-07 0 3.81076e-07 0 4.28145e-07 0 4.70582e-07 0 5.09156e-07 0 5.45031e-07 0 5.78741e-07 0 6.10014e-07 0 6.40058e-07 0 6.68252e-07 0 6.95452e-07 0 7.21576e-07 0 7.4655e-07 0 7.70304e-07 0 7.93827e-07 0 8.16564e-07 0 8.37939e-07 0 8.59527e-07 0 8.8023e-07 0 9.00016e-07 0 9.19411e-07 0 9.3896e-07 0 9.56968e-07 0 9.75101e-07 0 9.93359e-07 0 1.01059e-06 0 1.02792e-06 0 1.0442e-06 0 1.06057e-06 0 1.07703e-06 0 1.09239e-06 0 1.10783e-06 0 1.12334e-06 0 1.13893e-06 0 1.15339e-06 0 1.16791e-06 0 1.18249e-06 0 1.19591e-06 0
824.824 1.16187e-05 2.69484e-06 8.92387e-06 0.76806 0.114178 1.00767e-07 0 1.47537e-07 0 2.12771e-07 0 2.62099e-07 0 3.03394e-07 0 3.39159e-07 0 3.71274e-07 0 4.00369e-07 0 4.27355e-07 0 4.52652e-07 0 4.76072e-07 0 4.98531e-07 0 5.19573e-07 0 5.39843e-07 0 5.59285e-07 0 5.77849e-07 0 5.95486e-07 0 6.12933e-07 0 6.2978e-07 0 6.45604e-07 0 6.61572e-07 0 6.76873e-07 0 6.91485e-07 0 7.05798e-07 0 7.20215e-07 0 7.33487e-07 0 7.46843e-07 0 7.60283e-07 0 7.72959e-07 0 7.85706e-07 0 7.97667e-07 0 8.0969e-07 0 8.21774e-07 0 8.33048e-07 0 8.44373e-07 0 8.55749e-07 0 8.67175e-07 0 8.77766e-07 0 8.88399e-07 0 8.99074e-07 0 9.08895e-07 0
867.163 9.49534e-06 2.32444e-06 7.1709e-06 0.755202 0.101976 8.42809e-08 0 1.2127e-07 0 1.72058e-07 0 2.10026e-07 0 2.41593e-07 0 2.68799e-07 0 2.93136e-07 0 3.15118e-07 0 3.35454e-07 0 3.54477e-07 0 3.72054e-07 0 3.88882e-07 0 4.04624e-07 0 4.19769e-07 0 4.34277e-07 0 4.48114e-07 0 4.61246e-07 0 4.74224e-07 0 4.86745e-07 0 4.98496e-07 0 5.10344e-07 0 5.21688e-07 0 5.32515e-07 0 5.43113e-07 0 5.53781e-07 0 5.63596e-07 0 5.73467e-07 0 5.83396e-07 0 5.92754e-07 0 6.02161e-07 0 6.10984e-07 0 6.19848e-07 0 6.28753e-07 0 6.37058e-07 0 6.45397e-07 0 6.5377e-07 0 6.62177e-07 0 6.69967e-07 0 6.77785e-07 0 6.85631e-07 0 6.92847e-07 0
911.674 7.79622e-06 2.0185e-06 5.77772e-06 0.741092 0.0912756 7.02583e-08 0 9.94486e-08 0 1.38943e-07 0 1.68157e-07 0 1.92291e-07 0 2.12996e-07 0 2.31453e-07 0 2.48078e-07 0 2.63421e-07 0 2.77745e-07 0 2.90957e-07 0 3.03586e-07 0 3.15384e-07 0 3.2672e-07 0 3.37568e-07 0 3.47902e-07 0 3.57701e-07 0 3.67377e-07 0 3.76703e-07 0 3.85449e-07 0 3.94262e-07 0 4.02694e-07 0 4.10735e-07 0 4.18603e-07 0 4.26517e-07 0 4.33795e-07 0 4.41111e-07 0 4.48466e-07 0 4.55394e-07 0 4.62356e-07 0 4.68883e-07 0 4.75437e-07 0 4.82019e-07 0 4.88155e-07 0 4.94314e-07 0 5.00496e-07 0 5.06701e-07 0 5.12448e-07 0 5.18214e-07 0 5.23999e-07 0 5.29318e-07 0
958.471 6.42863e-06 1.76646e-06 4.66218e-06 0.72522 0.081833 5.84668e-08 0 8.14884e-08 0 1.12213e-07 0 1.34718e-07 0 1.53199e-07 0 1.68987e-07 0 1.83016e-07 0 1.9562e-07 0 2.07227e-07 0 2.18042e-07 0 2.28002e-07 0 2.37509e-07 0 2.46379e-07 0 2.54892e-07 0 2.63029e-07 0 2.70774e-07 0 2.78111e-07 0 2.8535e-07 0 2.92323e-07 0 2.98857e-07 0 3.05436e-07 0 3.11727e-07 0 3.17724e-07 0 3.23587e-07 0 3.29482e-07 0 3.349e-07 0 3.40344e-07 0 3.45814e-07 0 3.50966e-07 0 3.56139e-07 0 3.60987e-07 0 3.65854e-07 0 3.7074e-07 0 3.75293e-07 0 3.79862e-07 0 3.84446e-07 0 3.89046e-07 0 3.93305e-07 0 3.97576e-07 0 4.01861e-07 0 4.05799e-07 0
1007.67 5.31864e-06 1.55217e-06 3.76647e-06 0.708163 0.0734537 4.84173e-08 0 6.65064e-08 0 9.03431e-08 0 1.07643e-07 0 1.21773e-07 0 1.33797e-07 0 1.44449e-07 0 1.53996e-07 0 1.62771e-07 0 1.70933e-07 0 1.78438e-07 0 1.85593e-07 0 1.92261e-07 0 1.98653e-07 0 2.04757e-07 0 2.10562e-07 0 2.16057e-07 0 2.21474e-07 0 2.26689e-07 0 2.31572e-07 0 2.36485e-07 0 2.41181e-07 0 2.45655e-07 0 2.50027e-07 0 2.5442e-07 0 2.58457e-07 0 2.6251e-07 0 2.66582e-07 0 2.70414e-07 0 2.74262e-07 0 2.77867e-07 0 2.81484e-07 0 2.85114e-07 0 2.88495e-07 0 2.91887e-07 0 2.9529e-07 0 2.98703e-07 0 3.01862e-07 0 3.0503e-07 0 3.08207e-07 0 3.11126e-07 0
1059.39 4.42319e-06 1.37577e-06 3.04742e-06 0.688964 0.0659973 4.01053e-08 0 5.43392e-08 0 7.28757e-08 0 8.62157e-08 0 9.70555e-08 0 1.06247e-07 0 1.14368e-07 0 1.2163e-07 0 1.28292e-07 0 1.34479e-07 0 1.40161e-07 0 1.45571e-07 0 1.50607e-07 0 1.5543e-07 0 1.60032e-07 0 1.64405e-07 0 1.68541e-07 0 1.72616e-07 0 1.76536e-07 0 1.80204e-07 0 1.83894e-07 0 1.87418e-07 0 1.90773e-07 0 1.94051e-07 0 1.97344e-07 0 2.00367e-07 0 2.03403e-07 0 2.0645e-07 0 2.09318e-07 0 2.12196e-07 0 2.14891e-07 0 2.17594e-07 0 2.20307e-07 0 2.22833e-07 0 2.25366e-07 0 2.27906e-07 0 2.30454e-07 0 2.32811e-07 0 2.35175e-07 0 2.37544e-07 0 2.39721e-07 0
1113.77 3.69128e-06 1.22209e-06 2.46919e-06 0.668925 0.0593583 3.303e-08 0 4.41797e-08 0 5.85417e-08 0 6.87969e-08 0 7.70911e-08 0 8.41009e-08 0 9.02784e-08 0 9.57914e-08 0 1.00841e-07 0 1.05523e-07 0 1.09818e-07 0 1.13902e-07 0 1.177e-07 0 1.21335e-07 0 1.248e-07 0 1.2809e-07 0 1.31201e-07 0 1.34263e-07 0 1.37206e-07 0 1.3996e-07 0 1.42727e-07 0 1.4537e-07 0 1.47885e-07 0 1.5034e-07 0 1.52806e-07 0 1.55069e-07 0 1.57341e-07 0 1.5962e-07 0 1.61765e-07 0 1.63916e-07 0 1.6593e-07 0 1.6795e-07 0 1.69976e-07 0 1.71862e-07 0 1.73753e-07 0 1.75649e-07 0 1.77549e-07 0 1.79308e-07 0 1.81071e-07 0 1.82837e-07 0 1.8446e-07 0
1170.94 3.08905e-06 1.08689e-06 2.00216e-06 0.648147 0.0534244 2.70335e-08 0 3.57235e-08 0 4.68045e-08 0 5.46598e-08 0 6.09857e-08 0 6.63158e-08 0 7.10021e-08 0 7.51765e-08 0 7.89938e-08 0 8.25291e-08 0 8.57679e-08 0 8.88449e-08 0 9.1704e-08 0 9.44377e-08 0 9.70419e-08 0 9.95129e-08 0 1.01847e-07 0 1.04144e-07 0 1.06351e-07 0 1.08414e-07 0 1.10487e-07 0 1.12465e-07 0 1.14347e-07 0 1.16184e-07 0 1.18028e-07 0 1.1972e-07 0 1.21417e-07 0 1.2312e-07 0 1.24721e-07 0 1.26328e-07 0 1.27831e-07 0 1.29338e-07 0 1.30849e-07 0 1.32256e-07 0 1.33666e-07 0 1.35079e-07 0 1.36495e-07 0 1.37806e-07 0 1.39119e-07 0 1.40434e-07 0 1.41643e-07 0
1231.05 2.5946e-06 9.69758e-07 1.62484e-06 0.62624 0.0481249 2.20416e-08 0 2.87973e-08 0 3.73316e-08 0 4.33414e-08 0 4.81618e-08 0 5.22122e-08 0 5.57657e-08 0 5.89257e-08 0 6.18112e-08 0 6.44803e-08 0 6.69229e-08 0 6.92414e-08 0 7.13939e-08 0 7.34505e-08 0 7.54083e-08 0 7.72648e-08 0 7.90176e-08 0 8.07414e-08 0 8.23968e-08 0 8.39438e-08 0 8.54975e-08 0 8.69795e-08 0 8.83889e-08 0 8.9764e-08 0 9.11438e-08 0 9.24094e-08 0 9.36788e-08 0 9.4952e-08 0 9.6149e-08 0 9.73491e-08 0 9.84721e-08 0 9.95978e-08 0 1.00726e-07 0 1.01776e-07 0 1.02829e-07 0 1.03883e-07 0 1.0494e-07 0 1.05917e-07 0 1.06897e-07 0 1.07878e-07 0 1.08778e-07 0
1294.24 2.19273e-06 8.72267e-07 1.32046e-06 0.6022 0.0433794 1.79983e-08 0 2.32646e-08 0 2.98604e-08 0 3.44766e-08 0 3.81658e-08 0 4.12577e-08 0 4.39651e-08 0 4.63688e-08 0 4.85609e-08 0 5.05863e-08 0 5.24381e-08 0 5.41943e-08 0 5.58235e-08 0 5.7379e-08 0 5.8859e-08 0 6.02615e-08 0 6.1585e-08 0 6.2886e-08 0 6.41348e-08 0 6.53013e-08 0 6.64724e-08 0 6.75891e-08 0 6.86507e-08 0 6.96861e-08 0 7.07247e-08 0 7.16771e-08 0 7.26321e-08 0 7.35897e-08 0 7.44897e-08 0 7.53919e-08 0 7.62359e-08 0 7.70818e-08 0 7.79294e-08 0 7.87182e-08 0 7.95084e-08 0 8.03002e-08 0 8.10934e-08 0 8.1827e-08 0 8.25617e-08 0 8.32977e-08 0 8.39735e-08 0
1360.67 1.85934e-06 7.8561e-07 1.07373e-06 0.577479 0.0391176 1.46252e-08 0 1.87157e-08 0 2.37984e-08 0 2.73356e-08 0 3.01531e-08 0 3.25088e-08 0 3.45679e-08 0 3.63934e-08 0 3.80562e-08 0 3.9591e-08 0 4.0993e-08 0 4.23216e-08 0 4.35532e-08 0 4.47285e-08 0 4.5846e-08 0 4.69045e-08 0 4.79028e-08 0 4.88838e-08 0 4.9825e-08 0 5.07039e-08 0 5.15859e-08 0 5.24266e-08 0 5.32256e-08 0 5.40047e-08 0 5.4786e-08 0 5.55022e-08 0 5.62202e-08 0 5.69399e-08 0 5.76162e-08 0 5.82941e-08 0 5.8928e-08 0 5.95632e-08 0 6.01997e-08 0 6.07918e-08 0 6.13849e-08 0 6.19791e-08 0 6.25742e-08 0 6.31245e-08 0 6.36756e-08 0 6.42276e-08 0 6.47343e-08 0
1430.51 1.58099e-06 7.07525e-07 8.73464e-07 0.55248 0.0352877 1.18147e-08 0 1.49774e-08 0 1.88787e-08 0 2.15797e-08 0 2.37245e-08 0 2.55139e-08 0 2.70755e-08 0 2.84581e-08 0 2.97161e-08 0 3.08761e-08 0 3.1935e-08 0 3.29376e-08 0 3.38666e-08 0 3.47525e-08 0 3.55944e-08 0 3.63915e-08 0 3.7143e-08 0 3.78811e-08 0 3.8589e-08 0 3.92498e-08 0 3.99127e-08 0 4.05445e-08 0 4.11446e-08 0 4.17297e-08 0 4.23163e-08 0 4.28539e-08 0 4.33926e-08 0 4.39326e-08 0 4.444e-08 0 4.49483e-08 0 4.54236e-08 0 4.58998e-08 0 4.63768e-08 0 4.68205e-08 0 4.7265e-08 0 4.77101e-08 0 4.81559e-08 0 4.8568e-08 0 4.89807e-08 0 4.9394e-08 0 4.97733e-08 0
1503.94 1.34825e-06 6.37318e-07 7.1093e-07 0.527299 0.0318441 9.49412e-09 0 1.19298e-08 0 1.49141e-08 0 1.69705e-08 0 1.85988e-08 0 1.99546e-08 0 2.1136e-08 0 2.21808e-08 0 2.31305e-08 0 2.40055e-08 0 2.48035e-08 0 2.55588e-08 0 2.62581e-08 0 2.69246e-08 0 2.75578e-08 0 2.8157e-08 0 2.87217e-08 0 2.92761e-08 0 2.98076e-08 0 3.03037e-08 0 3.08012e-08 0 3.12751e-08 0 3.17252e-08 0 3.21639e-08 0 3.26037e-08 0 3.30066e-08 0 3.34103e-08 0 3.38149e-08 0 3.41949e-08 0 3.45755e-08 0 3.49314e-08 0 3.52879e-08 0 3.5645e-08 0 3.59771e-08 0 3.63096e-08 0 3.66427e-08 0 3.69762e-08 0 3.72844e-08 0 3.75931e-08 0 3.79021e-08 0 3.81857e-08 0
1581.14 1.15934e-06 5.80075e-07 5.79266e-07 0.499651 0.0287482 7.66967e-09 0 9.55772e-09 0 1.18569e-08 0 1.34343e-08 0 1.46801e-08 0 1.57156e-08 0 1.66166e-08 0 1.74126e-08 0 1.81354e-08 0 1.88009e-08 0 1.94075e-08 0 1.99812e-08 0 2.05121e-08 0 2.10179e-08 0 2.14981e-08 0 2.19524e-08 0 2.23804e-08 0 2.28005e-08 0 2.32032e-08 0 2.35788e-08 0 2.39554e-08 0 2.43141e-08 0 2.46547e-08 0 2.49865e-08 0 2.53191e-08 0 2.56238e-08 0 2.5929e-08 0 2.62348e-08 0 2.6522e-08 0 2.68097e-08 0 2.70786e-08 0 2.73478e-08 0 2.76175e-08 0 2.78683e-08 0 2.81194e-08 0 2.83708e-08 0 2.86226e-08 0 2.88552e-08 0 2.90882e-08 0 2.93214e-08 0 2.95353e-08 0
1662.3 9.99964e-07 5.27882e-07 4.72082e-07 0.472099 0.0259587 6.16507e-09 0 7.62324e-09 0 9.38895e-09 0 1.05955e-08 0 1.15462e-08 0 1.23351e-08 0 1.30208e-08 0 1.36258e-08 0 1.41748e-08 0 1.46799e-08 0 1.514e-08 0 1.55749e-08 0 1.59772e-08 0 1.63604e-08 0 1.6724e-08 0 1.70678e-08 0 1.73916e-08 0 1.77094e-08 0 1.80138e-08 0 1.82978e-08 0 1.85824e-08 0 1.88535e-08 0 1.91108e-08 0 1.93614e-08 0 1.96126e-08 0 1.98426e-08 0 2.0073e-08 0 2.03038e-08 0 2.05205e-08 0 2.07376e-08 0 2.09404e-08 0 2.11435e-08 0 2.13469e-08 0 2.1536e-08 0 2.17254e-08 0 2.19149e-08 0 2.21047e-08 0 2.22801e-08 0 2.24556e-08 0 2.26313e-08 0 2.27926e-08 0
1747.63 8.64859e-07 4.80064e-07 3.84796e-07 0.444923 0.023444 4.93006e-09 0 6.05184e-09 0 7.40323e-09 0 8.32331e-09 0 9.04674e-09 0 9.64615e-09 0 1.01665e-08 0 1.06252e-08 0 1.10412e-08 0 1.14237e-08 0 1.17718e-08 0 1.21008e-08 0 1.2405e-08 0 1.26945e-08 0 1.29692e-08 0 1.32289e-08 0 1.34734e-08 0 1.37132e-08 0 1.3943e-08 0 1.41572e-08 0 1.43719e-08 0 1.45763e-08 0 1.47703e-08 0 1.49592e-08 0 1.51485e-08 0 1.53218e-08 0 1.54954e-08 0 1.56693e-08 0 1.58325e-08 0 1.5996e-08 0 1.61487e-08 0 1.63017e-08 0 1.64548e-08 0 1.65971e-08 0 1.67396e-08 0 1.68823e-08 0 1.70251e-08 0 1.7157e-08 0 1.72891e-08 0 1.74213e-08 0 1.75426e-08 0
1837.33 7.50027e-07 4.36167e-07 3.1386e-07 0.418464 0.0211796 3.92215e-09 0 4.7818e-09 0 5.81253e-09 0 6.51195e-09 0 7.06081e-09 0 7.51495e-09 0 7.90877e-09 0 8.25571e-09 0 8.57007e-09 0 8.85893e-09 0 9.12176e-09 0 9.36999e-09 0 9.5994e-09 0 9.81771e-09 0 1.00248e-08 0 1.02204e-08 0 1.04046e-08 0 1.05853e-08 0 1.07582e-08 0 1.09195e-08 0 1.10811e-08 0 1.12349e-08 0 1.13808e-08 0 1.1523e-08 0 1.16653e-08 0 1.17957e-08 0 1.19262e-08 0 1.20569e-08 0 1.21796e-08 0 1.23024e-08 0 1.24172e-08 0 1.25321e-08 0 1.26472e-08 0 1.27541e-08 0 1.28612e-08 0 1.29683e-08 0 1.30755e-08 0 1.31746e-08 0 1.32738e-08 0 1.33731e-08 0 1.34641e-08 0
1931.64 6.51889e-07 3.95736e-07 2.56154e-07 0.39294 0.0191393 3.10366e-09 0 3.75974e-09 0 4.54299e-09 0 5.07288e-09 0 5.48795e-09 0 5.83097e-09 0 6.12814e-09 0 6.38974e-09 0 6.62663e-09 0 6.84418e-09 0 7.04204e-09 0 7.22883e-09 0 7.4014e-09 0 7.56557e-09 0 7.72122e-09 0 7.86829e-09 0 8.00668e-09 0 8.14236e-09 0 8.27228e-09 0 8.39337e-09 0 8.51468e-09 0 8.63012e-09 0 8.73966e-09 0 8.84631e-09 0 8.95312e-09 0 9.0509e-09 0 9.1488e-09 0 9.24683e-09 0 9.33884e-09 0 9.43095e-09 0 9.517e-09 0 9.60315e-09 0 9.68938e-09 0 9.76953e-09 0 9.84974e-09 0 9.93003e-09 0 1.00104e-08 0 1.00846e-08 0 1.01589e-08 0 1.02333e-08 0 1.03015e-08 0
2030.79 5.68822e-07 3.59763e-07 2.09058e-07 0.367529 0.0172962 2.45172e-09 0 2.95219e-09 0 3.54732e-09 0 3.94882e-09 0 4.26281e-09 0 4.52201e-09 0 4.74637e-09 0 4.94374e-09 0 5.12235e-09 0 5.28631e-09 0 5.43537e-09 0 5.57604e-09 0 5.70595e-09 0 5.8295e-09 0 5.94662e-09 0 6.05724e-09 0 6.16131e-09 0 6.26333e-09 0 6.361e-09 0 6.45201e-09 0 6.54317e-09 0 6.62991e-09 0 6.7122e-09 0 6.79231e-09 0 6.87253e-09 0 6.94596e-09 0 7.01947e-09 0 7.09306e-09 0 7.16213e-09 0 7.23127e-09 0 7.29586e-09 0 7.36051e-09 0 7.42522e-09 0 7.48535e-09 0 7.54554e-09 0 7.60577e-09 0 7.66605e-09 0 7.72173e-09 0 7.77746e-09 0 7.83322e-09 0 7.88436e-09 0
2135.03 5.00183e-07 3.29568e-07 1.70615e-07 0.341105 0.01563 1.94478e-09 0 2.32861e-09 0 2.78339e-09 0 3.08944e-09 0 3.32843e-09 0 3.5255e-09 0 3.69596e-09 0 3.84581e-09 0 3.98136e-09 0 4.10573e-09 0 4.21875e-09 0 4.32537e-09 0 4.42382e-09 0 4.51742e-09 0 4.60612e-09 0 4.68988e-09 0 4.76867e-09 0 4.84589e-09 0 4.91981e-09 0 4.98867e-09 0 5.05764e-09 0 5.12325e-09 0 5.18549e-09 0 5.24607e-09 0 5.30672e-09 0 5.36224e-09 0 5.41782e-09 0 5.47345e-09 0 5.52565e-09 0 5.5779e-09 0 5.62671e-09 0 5.67556e-09 0 5.72445e-09 0 5.76988e-09 0 5.81535e-09 0 5.86085e-09 0 5.90638e-09 0 5.94843e-09 0 5.99052e-09 0 6.03263e-09 0 6.07125e-09 0
2244.63 4.40936e-07 3.01572e-07 1.39363e-07 0.316063 0.0141288 1.53593e-09 0 1.82936e-09 0 2.17591e-09 0 2.40858e-09 0 2.59003e-09 0 2.73952e-09 0 2.86872e-09 0 2.98224e-09 0 3.08487e-09 0 3.17901e-09 0 3.26452e-09 0 3.34517e-09 0 3.41961e-09 0 3.49037e-09 0 3.55742e-09 0 3.62072e-09 0 3.68025e-09 0 3.73858e-09 0 3.7944e-09 0 3.84641e-09 0 3.89849e-09 0 3.94802e-09 0 3.995e-09 0 4.04073e-09 0 4.08651e-09 0 4.1284e-09 0 4.17034e-09 0 4.21231e-09 0 4.25169e-09 0 4.29111e-09 0 4.32793e-09 0 4.36477e-09 0 4.40164e-09 0 4.4359e-09 0 4.47019e-09 0 4.5045e-09 0 4.53882e-09 0 4.57053e-09 0 4.60226e-09 0 4.634e-09 0 4.66312e-09 0
2359.84 3.89358e-07 2.7551e-07 1.13848e-07 0.292399 0.012773 1.20737e-09 0 1.43092e-09 0 1.69415e-09 0 1.87051e-09 0 2.00787e-09 0 2.12095e-09 0 2.21861e-09 0 2.30438e-09 0 2.38189e-09 0 2.45295e-09 0 2.51749e-09 0 2.57834e-09 0 2.63449e-09 0 2.68785e-09 0 2.7384e-09 0 2.78612e-09 0 2.83099e-09 0 2.87495e-09 0 2.91701e-09 0 2.95619e-09 0 2.99542e-09 0 3.03273e-09 0 3.06811e-09 0 3.10255e-09 0 3.13701e-09 0 3.16856e-09 0 3.20012e-09 0 3.23172e-09 0 3.26136e-09 0 3.29103e-09 0 3.31874e-09 0 3.34647e-09 0 3.37421e-09 0 3.39999e-09 0 3.42579e-09 0 3.4516e-09 0 3.47742e-09 0 3.50127e-09 0 3.52514e-09 0 3.54901e-09 0 3.57091e-09 0
2480.97 3.44307e-07 2.51309e-07 9.29982e-08 0.270103 0.0115477 9.44902e-10 0 1.11465e-09 0 1.314e-09 0 1.4473e-09 0 1.55101e-09 0 1.63631e-09 0 1.70995e-09 0 1.77458e-09 0 1.83298e-09 0 1.88649e-09 0 1.93508e-09 0 1.98088e-09 0 2.02314e-09 0 2.06328e-09 0 2.10131e-09 0 2.13719e-09 0 2.17093e-09 0 2.20399e-09 0 2.23561e-09 0 2.26506e-09 0 2.29454e-09 0 2.32258e-09 0 2.34917e-09 0 2.37504e-09 0 2.40094e-09 0 2.42464e-09 0 2.44835e-09 0 2.47208e-09 0 2.49435e-09 0 2.51663e-09 0 2.53743e-09 0 2.55825e-09 0 2.57909e-09 0 2.59844e-09 0 2.61781e-09 0 2.63719e-09 0 2.65657e-09 0 2.67448e-09 0 2.69239e-09 0 2.71031e-09 0 2.72675e-09 0
2608.32 3.06874e-07 2.30892e-07 7.59823e-08 0.247601 0.0104417 7.42836e-10 0 8.72469e-10 0 1.02432e-09 0 1.12569e-09 0 1.20448e-09 0 1.26924e-09 0 1.32511e-09 0 1.37413e-09 0 1.4184e-09 0 1.45896e-09 0 1.49578e-09 0 1.53047e-09 0 1.56247e-09 0 1.59288e-09 0 1.62167e-09 0 1.64883e-09 0 1.67437e-09 0 1.69939e-09 0 1.72332e-09 0 1.7456e-09 0 1.76791e-09 0 1.78912e-09 0 1.80923e-09 0 1.8288e-09 0 1.84839e-09 0 1.8663e-09 0 1.88424e-09 0 1.90218e-09 0 1.91902e-09 0 1.93586e-09 0 1.95159e-09 0 1.96733e-09 0 1.98308e-09 0 1.99771e-09 0 2.01234e-09 0 2.02699e-09 0 2.04164e-09 0 2.05517e-09 0 2.06871e-09 0 2.08225e-09 0 2.09467e-09 0
2742.21 2.74027e-07 2.11904e-07 6.21238e-08 0.226707 0.00944416 5.81874e-10 0 6.80621e-10 0 7.96034e-10 0 8.72956e-10 0 9.32688e-10 0 9.81752e-10 0 1.02406e-09 0 1.06117e-09 0 1.09467e-09 0 1.12536e-09 0 1.15321e-09 0 1.17944e-09 0 1.20364e-09 0 1.22662e-09 0 1.24838e-09 0 1.26891e-09 0 1.28821e-09 0 1.30711e-09 0 1.32519e-09 0 1.34202e-09 0 1.35887e-09 0 1.37489e-09 0 1.39008e-09 0 1.40486e-09 0 1.41965e-09 0 1.43318e-09 0 1.44671e-09 0 1.46026e-09 0 1.47297e-09 0 1.48568e-09 0 1.49756e-09 0 1.50944e-09 0 1.52132e-09 0 1.53236e-09 0 1.54341e-09 0 1.55446e-09 0 1.56551e-09 0 1.57572e-09 0 1.58594e-09 0 1.59615e-09 0 1.60552e-09 0
2882.97 2.44891e-07 1.94103e-07 5.07878e-08 0.207389 0.00854199 4.53836e-10 0 5.28815e-10 0 6.16269e-10 0 6.74474e-10 0 7.19634e-10 0 7.56706e-10 0 7.88662e-10 0 8.16679e-10 0 8.41965e-10 0 8.65121e-10 0 8.8613e-10 0 9.0592e-10 0 9.24169e-10 0 9.41498e-10 0 9.57904e-10 0 9.73382e-10 0 9.87928e-10 0 1.00217e-09 0 1.0158e-09 0 1.02848e-09 0 1.04118e-09 0 1.05325e-09 0 1.06469e-09 0 1.07582e-09 0 1.08696e-09 0 1.09715e-09 0 1.10735e-09 0 1.11755e-09 0 1.12712e-09 0 1.13669e-09 0 1.14563e-09 0 1.15458e-09 0 1.16353e-09 0 1.17184e-09 0 1.18016e-09 0 1.18848e-09 0 1.1968e-09 0 1.20449e-09 0 1.21217e-09 0 1.21986e-09 0 1.22692e-09 0
3030.95 2.1933e-07 1.77815e-07 4.15143e-08 0.189278 0.00772572 3.53218e-10 0 4.10088e-10 0 4.76297e-10 0 5.20305e-10 0 5.54424e-10 0 5.82418e-10 0 6.06539e-10 0 6.2768e-10 0 6.46755e-10 0 6.6422e-10 0 6.80062e-10 0 6.94982e-10 0 7.08738e-10 0 7.218e-10 0 7.34164e-10 0 7.45827e-10 0 7.56787e-10 0 7.67519e-10 0 7.77782e-10 0 7.87337e-10 0 7.96899e-10 0 8.05989e-10 0 8.14607e-10 0 8.2299e-10 0 8.31378e-10 0 8.39051e-10 0 8.46728e-10 0 8.54409e-10 0 8.61614e-10 0 8.68822e-10 0 8.75552e-10 0 8.82285e-10 0 8.89021e-10 0 8.95278e-10 0 9.01537e-10 0 9.07798e-10 0 9.14062e-10 0 9.19846e-10 0 9.25632e-10 0 9.31419e-10 0 9.36726e-10 0
3186.53 1.98057e-07 1.64112e-07 3.3945e-08 0.171391 0.00698747 2.76382e-10 0 3.19793e-10 0 3.70248e-10 0 4.03745e-10 0 4.29697e-10 0 4.5098e-10 0 4.69311e-10 0 4.85374e-10 0 4.99863e-10 0 5.13126e-10 0 5.25155e-10 0 5.36482e-10 0 5.46925e-10 0 5.56838e-10 0 5.66221e-10 0 5.75072e-10 0 5.83388e-10 0 5.91529e-10 0 5.99315e-10 0 6.06563e-10 0 6.13816e-10 0 6.20711e-10 0 6.27247e-10 0 6.33604e-10 0 6.39965e-10 0 6.45784e-10 0 6.51605e-10 0 6.57429e-10 0 6.62891e-10 0 6.68356e-10 0 6.73458e-10 0 6.78562e-10 0 6.83669e-10 0 6.88412e-10 0 6.93156e-10 0 6.97902e-10 0 7.0265e-10 0 7.07034e-10 0 7.11419e-10 0 7.15805e-10 0 7.19827e-10 0
3350.09 1.78995e-07 1.51231e-07 2.77642e-08 0.155112 0.00632052 2.15504e-10 0 2.48558e-10 0 2.86917e-10 0 3.12355e-10 0 3.32052e-10 0 3.48198e-10 0 3.62101e-10 0 3.74279e-10 0 3.85262e-10 0 3.95314e-10 0 4.04429e-10 0 4.13012e-10 0 4.20922e-10 0 4.28432e-10 0 4.35538e-10 0 4.42241e-10 0 4.48538e-10 0 4.54704e-10 0 4.60599e-10 0 4.66086e-10 0 4.71577e-10 0 4.76796e-10 0 4.81744e-10 0 4.86556e-10 0 4.9137e-10 0 4.95774e-10 0 5.0018e-10 0 5.04588e-10 0 5.08721e-10 0 5.12857e-10 0 5.16718e-10 0 5.2058e-10 0 5.24443e-10 0 5.28032e-10 0 5.31622e-10 0 5.35213e-10 0 5.38804e-10 0 5.42121e-10 0 5.45438e-10 0 5.48756e-10 0 5.51799e-10 0
3522.05 1.61803e-07 1.39098e-07 2.27054e-08 0.140327 0.00571714 1.67408e-10 0 1.92507e-10 0 2.21593e-10 0 2.40863e-10 0 2.55776e-10 0 2.67995e-10 0 2.78513e-10 0 2.87725e-10 0 2.96031e-10 0 3.03632e-10 0 3.10523e-10 0 3.1701e-10 0 3.22989e-10 0 3.28665e-10 0 3.34035e-10 0 3.391e-10 0 3.43858e-10 0 3.48516e-10 0 3.52969e-10 0 3.57115e-10 0 3.61262e-10 0 3.65205e-10 0 3.68941e-10 0 3.72576e-10 0 3.76212e-10 0 3.79537e-10 0 3.82864e-10 0 3.86193e-10 0 3.89314e-10 0 3.92437e-10 0 3.95352e-10 0 3.98268e-10 0 4.01185e-10 0 4.03894e-10 0 4.06604e-10 0 4.09315e-10 0 4.12027e-10 0 4.1453e-10 0 4.17034e-10 0 4.19539e-10 0 4.21836e-10 0
3702.84 1.46224e-07 1.27659e-07 1.85652e-08 0.126964 0.00517119 1.29537e-10 0 1.48538e-10 0 1.70529e-10 0 1.85087e-10 0 1.96346e-10 0 2.05569e-10 0 2.13506e-10 0 2.20455e-10 0 2.2672e-10 0 2.32452e-10 0 2.37649e-10 0 2.4254e-10 0 2.47048e-10 0 2.51326e-10 0 2.55374e-10 0 2.59191e-10 0 2.62777e-10 0 2.66287e-10 0 2.69643e-10 0 2.72767e-10 0 2.75892e-10 0 2.78862e-10 0 2.81678e-10 0 2.84416e-10 0 2.87155e-10 0 2.8966e-10 0 2.92167e-10 0 2.94674e-10 0 2.97025e-10 0 2.99377e-10 0 3.01572e-10 0 3.03769e-10 0 3.05965e-10 0 3.08006e-10 0 3.10047e-10 0 3.12088e-10 0 3.1413e-10 0 3.16016e-10 0 3.17901e-10 0 3.19788e-10 0 3.21517e-10 0
3892.91 1.32074e-07 1.16884e-07 1.51905e-08 0.115015 0.00467847 9.98332e-11 0 1.14174e-10 0 1.30752e-10 0 1.41718e-10 0 1.50195e-10 0 1.57137e-10 0 1.63109e-10 0 1.68337e-10 0 1.7305e-10 0 1.77361e-10 0 1.81269e-10 0 1.84947e-10 0 1.88336e-10 0 1.91552e-10 0 1.94595e-10 0 1.97465e-10 0 2.0016e-10 0 2.02798e-10 0 2.05321e-10 0 2.07668e-10 0 2.10017e-10 0 2.12249e-10 0 2.14364e-10 0 2.16422e-10 0 2.1848e-10 0 2.20362e-10 0 2.22245e-10 0 2.24129e-10 0 2.25895e-10 0 2.27662e-10 0 2.29311e-10 0 2.30961e-10 0 2.32611e-10 0 2.34144e-10 0 2.35677e-10 0 2.37211e-10 0 2.38745e-10 0 2.40161e-10 0 2.41577e-10 0 2.42994e-10 0 2.44292e-10 0
4092.73 1.19787e-07 1.07359e-07 1.24281e-08 0.103751 0.00423254 7.7067e-11 0 8.79173e-11 0 1.00448e-10 0 1.0873e-10 0 1.1513e-10 0 1.2037e-10 0 1.24876e-10 0 1.28821e-10 0 1.32376e-10 0 1.35627e-10 0 1.38574e-10 0 1.41348e-10 0 1.43903e-10 0 1.46328e-10 0 1.48623e-10 0 1.50786e-10 0 1.52818e-10 0 1.54806e-10 0 1.56708e-10 0 1.58477e-10 0 1.60247e-10 0 1.61929e-10 0 1.63523e-10 0 1.65074e-10 0 1.66625e-10 0 1.68043e-10 0 1.69462e-10 0 1.70881e-10 0 1.72212e-10 0 1.73544e-10 0 1.74786e-10 0 1.76029e-10 0 1.77273e-10 0 1.78428e-10 0 1.79583e-10 0 1.80738e-10 0 1.81893e-10 0 1.8296e-10 0 1.84027e-10 0 1.85094e-10 0 1.86073e-10 0
4302.81 1.09265e-07 9.90996e-08 1.01657e-08 0.0930371 0.00382876 5.97014e-11 0 6.79467e-11 0 7.74603e-11 0 8.3744e-11 0 8.8598e-11 0 9.25704e-11 0 9.59867e-11 0 9.89764e-11 0 1.0167e-10 0 1.04134e-10 0 1.06367e-10 0 1.08469e-10 0 1.10405e-10 0 1.12242e-10 0 1.13979e-10 0 1.15618e-10 0 1.17157e-10 0 1.18663e-10 0 1.20103e-10 0 1.21443e-10 0 1.22783e-10 0 1.24057e-10 0 1.25264e-10 0 1.26438e-10 0 1.27612e-10 0 1.28686e-10 0 1.2976e-10 0 1.30835e-10 0 1.31843e-10 0 1.3285e-10 0 1.33791e-10 0 1.34732e-10 0 1.35674e-10 0 1.36548e-10 0 1.37422e-10 0 1.38296e-10 0 1.39171e-10 0 1.39979e-10 0 1.40786e-10 0 1.41594e-10 0 1.42334e-10 0
4523.68 9.96085e-08 9.12931e-08 8.31541e-09 0.0834809 0.00346359 4.60936e-11 0 5.23436e-11 0 5.95487e-11 0 6.43048e-11 0 6.79775e-11 0 7.09825e-11 0 7.35663e-11 0 7.58271e-11 0 7.78641e-11 0 7.97269e-11 0 8.1415e-11 0 8.30034e-11 0 8.44667e-11 0 8.58551e-11 0 8.71686e-11 0 8.84068e-11 0 8.95698e-11 0 9.07079e-11 0 9.17959e-11 0 9.28083e-11 0 9.38211e-11 0 9.47835e-11 0 9.56955e-11 0 9.65825e-11 0 9.74697e-11 0 9.8281e-11 0 9.90926e-11 0 9.99043e-11 0 1.00665e-10 0 1.01427e-10 0 1.02137e-10 0 1.02848e-10 0 1.03559e-10 0 1.0422e-10 0 1.0488e-10 0 1.0554e-10 0 1.06201e-10 0 1.06811e-10 0 1.07421e-10 0 1.08031e-10 0 1.0859e-10 0
4755.88 9.07246e-08 8.39189e-08 6.80574e-09 0.0750153 0.00313383 3.54648e-11 0 4.01897e-11 0 4.56324e-11 0 4.92232e-11 0 5.19952e-11 0 5.42627e-11 0 5.62121e-11 0 5.79175e-11 0 5.9454e-11 0 6.0859e-11 0 6.2132e-11 0 6.33299e-11 0 6.44333e-11 0 6.54802e-11 0 6.64704e-11 0 6.7404e-11 0 6.82808e-11 0 6.91388e-11 0 6.99589e-11 0 7.07221e-11 0 7.14856e-11 0 7.2211e-11 0 7.28985e-11 0 7.3567e-11 0 7.42357e-11 0 7.48472e-11 0 7.54588e-11 0 7.60706e-11 0 7.66443e-11 0 7.7218e-11 0 7.77536e-11 0 7.82893e-11 0 7.88251e-11 0 7.93226e-11 0 7.98203e-11 0 8.0318e-11 0 8.08158e-11 0 8.12754e-11 0 8.1735e-11 0 8.21947e-11 0 8.26161e-11 0
5000 8.25601e-08 7.69912e-08 5.5689e-09 0.0674526 0.00283532 2.72013e-11 0 3.07647e-11 0 3.48666e-11 0 3.75715e-11 0 3.9659e-11 0 4.13663e-11 0 4.28338e-11 0 4.41175e-11 0 4.5274e-11 0 4.63313e-11 0 4.72893e-11 0 4.81907e-11 0 4.90209e-11 0 4.98086e-11 0 5.05537e-11 0 5.1256e-11 0 5.19156e-11 0 5.25611e-11 0 5.3178e-11 0 5.37521e-11 0 5.43264e-11 0 5.48721e-11 0 5.53892e-11 0 5.5892e-11 0 5.63949e-11 0 5.68549e-11 0 5.73149e-11 0 5.7775e-11 0 5.82064e-11 0 5.86379e-11 0 5.90407e-11 0 5.94436e-11 0 5.98465e-11 0 6.02207e-11 0 6.05949e-11 0 6.09692e-11 0 6.13435e-11 0 6.16891e-11 0 6.20347e-11 0 6.23804e-11 0 6.26973e-11 0
