# 0.00658175 2 116 : grain size, compostion index, size index
# Heating and cooling timescale: 3.06671e-08 inf
# Ratio of heating to cooling to determine stochastic cutoff: 100
# Equilibrium emission is recorded even for those grains in the stochastic regime.
# Emission spectrum was computed for: 
# Type: ISRF
# Scales: 0.25 0.5 1 1.5 2 2.5 3 3.5 4 4.5 5 5.5 6 6.5 7 7.5 8 8.5 9 9.5 10 10.5 11 11.5 12 12.5 13 13.5 14 14.5 15 15.5 16 16.5 17 17.5 18 18.5 19 19.5 20
# StochasticallyHeated: 0 0 0 0 0 0 0 0 0 0 0 0 0 0 0 0 0 0 0 0 0 0 0 0 0 0 0 0 0 0 0 0 0 0 0 0 0 0 0 0 0
# Temperature: -1
# Wavelength  CExt  CAbs  CSca  Albedo G EqEm1 StEm1 EqEm2 StEm2 EqEm3 StEm3 EqEm4 StEm4 EqEm5 StEm5 EqEm6 StEm6 EqEm7 StEm7 EqEm8 StEm8 EqEm9 StEm9 EqEm10 StEm10 EqEm11 StEm11 EqEm12 StEm12 EqEm13 StEm13 EqEm14 StEm14 EqEm15 StEm15 EqEm16 StEm16 EqEm17 StEm17 EqEm18 StEm18 EqEm19 StEm19 EqEm20 StEm20 EqEm21 StEm21 EqEm22 StEm22 EqEm23 StEm23 EqEm24 StEm24 EqEm25 StEm25 EqEm26 StEm26 EqEm27 StEm27 EqEm28 StEm28 EqEm29 StEm29 EqEm30 StEm30 EqEm31 StEm31 EqEm32 StEm32 EqEm33 StEm33 EqEm34 StEm34 EqEm35 StEm35 EqEm36 StEm36 EqEm37 StEm37 EqEm38 StEm38 EqEm39 StEm39 EqEm40 StEm40 EqEm41 StEm41
0.05 0.000272805 0.000115528 0.000157277 0.576519 0.931556 0 0 0 0 0 0 0 0 0 0 0 0 0 0 0 0 0 0 0 0 0 0 0 0 0 0 0 0 0 0 0 0 0 0 0 0 0 0 0 0 0 0 0 0 0 0 0 0 0 0 0 0 0 0 0 0 0 0 0 0 0 0 0 0 0 0 0 0 0 0 0 0 0 0 0 0 0 0 0 0 0 0
0.0525665 0.000272829 0.000114517 0.000158313 0.580263 0.925724 0 0 0 0 0 0 0 0 0 0 0 0 0 0 0 0 0 0 0 0 0 0 0 0 0 0 0 0 0 0 0 0 0 0 0 0 0 0 0 0 0 0 0 0 0 0 0 0 0 0 0 0 0 0 0 0 0 0 0 0 0 0 0 0 0 0 0 0 0 0 0 0 0 0 0 0 0 0 0 0 0 0
0.0552647 0.000272854 0.000112841 0.000160013 0.586442 0.9168 0 0 0 0 0 0 0 0 0 0 0 0 0 0 0 0 0 0 0 0 0 0 0 0 0 0 0 0 0 0 0 0 0 0 0 0 0 0 0 0 0 0 0 0 0 0 0 0 0 0 0 0 0 0 0 0 0 0 0 0 0 0 0 0 0 0 0 0 0 0 0 0 0 0 0 0 0 0 0 0 0 0
0.0581015 0.000272882 0.000110301 0.000162581 0.595793 0.902926 0 0 0 0 0 0 0 0 0 0 0 0 0 0 0 0 0 0 0 0 0 0 0 0 0 0 0 0 0 0 0 0 0 0 0 0 0 0 0 0 0 0 0 0 0 0 0 0 0 0 0 0 0 0 0 0 0 0 0 0 0 0 0 0 0 0 0 0 0 0 0 0 0 0 0 0 0 0 0 0 0 0
0.0610839 0.000272913 0.000107736 0.000165177 0.605237 0.887367 0 0 0 0 0 0 0 0 0 0 0 0 0 0 0 0 0 0 0 0 0 0 0 0 0 0 0 0 0 0 0 0 0 0 0 0 0 0 0 0 0 0 0 0 0 0 0 0 0 0 0 0 0 0 0 0 0 0 0 0 0 0 0 0 0 0 0 0 0 0 0 0 0 0 0 0 0 0 0 0 0 0
0.0642193 0.000272945 0.000105935 0.00016701 0.611881 0.874711 0 0 0 0 0 0 0 0 0 0 0 0 0 0 0 0 0 0 0 0 0 0 0 0 0 0 0 0 0 0 0 0 0 0 0 0 0 0 0 0 0 0 0 0 0 0 0 0 0 0 0 0 0 0 0 0 0 0 0 0 0 0 0 0 0 0 0 0 0 0 0 0 0 0 0 0 0 0 0 0 0 0
0.0675157 0.000272979 0.000104908 0.000168071 0.615692 0.865778 0 0 0 0 0 0 0 0 0 0 0 0 0 0 0 0 0 0 0 0 0 0 0 0 0 0 0 0 0 0 0 0 0 0 0 0 0 0 0 0 0 0 0 0 0 0 0 0 0 0 0 0 0 0 0 0 0 0 0 0 0 0 0 0 0 0 0 0 0 0 0 0 0 0 0 0 0 0 0 0 0 0
0.0709813 0.000273013 0.000104511 0.000168502 0.617194 0.860138 0 0 0 0 0 0 0 0 0 0 0 0 0 0 0 0 0 0 0 0 0 0 0 0 0 0 0 0 0 0 0 0 0 0 0 0 0 0 0 0 0 0 0 0 0 0 0 0 0 0 0 0 0 0 0 0 0 0 0 0 0 0 0 0 0 0 0 0 0 0 0 0 0 0 0 0 0 0 0 0 0 0
0.0746248 0.000273047 0.000104639 0.000168408 0.616773 0.857385 0 0 0 0 0 0 0 0 0 0 0 0 0 0 0 0 0 0 0 0 0 0 0 0 0 0 0 0 0 0 0 0 0 0 0 0 0 0 0 0 0 0 0 0 0 0 0 0 0 0 0 0 0 0 0 0 0 0 0 0 0 0 0 0 0 0 0 0 0 0 0 0 0 0 0 0 0 0 0 0 0 0
0.0784553 0.000273083 0.000105361 0.000167721 0.614178 0.85802 0 0 0 0 0 0 0 0 0 0 0 0 0 0 0 0 0 0 0 0 0 0 0 0 0 0 0 0 0 0 0 0 0 0 0 0 0 0 0 0 0 0 0 0 0 0 0 0 0 0 0 0 0 0 0 0 0 0 0 0 0 0 0 0 0 0 0 0 0 0 0 0 0 0 0 0 0 0 0 0 0 0
0.0824824 0.000273116 0.000106928 0.000166188 0.608488 0.863589 0 0 0 0 0 0 0 0 0 0 0 0 0 0 0 0 0 0 0 0 0 0 0 0 0 0 0 0 0 0 0 0 0 0 0 0 0 0 0 0 0 0 0 0 0 0 0 0 0 0 0 0 0 0 0 0 0 0 0 0 0 0 0 0 0 0 0 0 0 0 0 0 0 0 0 0 0 0 0 0 0 0
0.0867162 0.000273148 0.000107581 0.000165567 0.606143 0.866571 0 0 0 0 0 0 0 0 0 0 0 0 0 0 0 0 0 0 0 0 0 0 0 0 0 0 0 0 0 0 0 0 0 0 0 0 0 0 0 0 0 0 0 0 0 0 0 0 0 0 0 0 0 0 0 0 0 0 0 0 0 0 0 0 0 0 0 0 0 0 0 0 0 0 0 0 0 0 0 0 0 0
0.0911674 0.000273185 0.000106598 0.000166588 0.609798 0.860001 0 0 0 0 0 0 0 0 0 0 0 0 0 0 0 0 0 0 0 0 0 0 0 0 0 0 0 0 0 0 0 0 0 0 0 0 0 0 0 0 0 0 0 0 0 0 0 0 0 0 0 0 0 0 0 0 0 0 0 0 0 0 0 0 0 0 0 0 0 0 0 0 0 0 0 0 0 0 0 0 0 0
0.095847 0.000273226 0.000106437 0.000166789 0.610445 0.856677 0 0 0 0 0 0 0 0 0 0 0 0 0 0 0 0 0 0 0 0 0 0 0 0 0 0 0 0 0 0 0 0 0 0 0 0 0 0 0 0 0 0 0 0 0 0 0 0 0 0 0 0 0 0 0 0 0 0 0 0 0 0 0 0 0 0 0 0 0 0 0 0 0 0 0 0 0 0 0 0 0 0
0.100767 0.000273265 0.000106732 0.000166533 0.60942 0.856198 0 0 0 0 0 0 0 0 0 0 0 0 0 0 0 0 0 0 0 0 0 0 0 0 0 0 0 0 0 0 0 0 0 0 0 0 0 0 0 0 0 0 0 0 0 0 0 0 0 0 0 0 0 0 0 0 0 0 0 0 0 0 0 0 0 0 0 0 0 0 0 0 0 0 0 0 0 0 0 0 0 0
0.105939 0.000273302 0.000107791 0.000165512 0.605599 0.86014 0 0 0 0 0 0 0 0 0 0 0 0 0 0 0 0 0 0 0 0 0 0 0 0 0 0 0 0 0 0 0 0 0 0 0 0 0 0 0 0 0 0 0 0 0 0 0 0 0 0 0 0 0 0 0 0 0 0 0 0 0 0 0 0 0 0 0 0 0 0 0 0 0 0 0 0 0 0 0 0 0 0
0.111377 0.000273337 0.000108889 0.000164448 0.60163 0.865238 0 0 0 0 0 0 0 0 0 0 0 0 0 0 0 0 0 0 0 0 0 0 0 0 0 0 0 0 0 0 0 0 0 0 0 0 0 0 0 0 0 0 0 0 0 0 0 0 0 0 0 0 0 0 0 0 0 0 0 0 0 0 0 0 0 0 0 0 0 0 0 0 0 0 0 0 0 0 0 0 0 0
0.117094 0.000273375 0.000109601 0.000163774 0.599081 0.868431 0 0 0 0 0 0 0 0 0 0 0 0 0 0 0 0 0 0 0 0 0 0 0 0 0 0 0 0 0 0 0 0 0 0 0 0 0 0 0 0 0 0 0 0 0 0 0 0 0 0 0 0 0 0 0 0 0 0 0 0 0 0 0 0 0 0 0 0 0 0 0 0 0 0 0 0 0 0 0 0 0 0
0.123105 0.000273414 0.000110082 0.000163333 0.597382 0.87044 0 0 0 0 0 0 0 0 0 0 0 0 0 0 0 0 0 0 0 0 0 0 0 0 0 0 0 0 0 0 0 0 0 0 0 0 0 0 0 0 0 0 0 0 0 0 0 0 0 0 0 0 0 0 0 0 0 0 0 0 0 0 0 0 0 0 0 0 0 0 0 0 0 0 0 0 0 0 0 0 0 0
0.129424 0.000273456 0.00011037 0.000163085 0.596386 0.871415 0 0 0 0 0 0 0 0 0 0 0 0 0 0 0 0 0 0 0 0 0 0 0 0 0 0 0 0 0 0 0 0 0 0 0 0 0 0 0 0 0 0 0 0 0 0 0 0 0 0 0 0 0 0 0 0 0 0 0 0 0 0 0 0 0 0 0 0 0 0 0 0 0 0 0 0 0 0 0 0 0 0
0.136067 0.000273498 0.000110447 0.000163051 0.596169 0.871163 0 0 0 0 0 0 0 0 0 0 0 0 0 0 0 0 0 0 0 0 0 0 0 0 0 0 0 0 0 0 0 0 0 0 0 0 0 0 0 0 0 0 0 0 0 0 0 0 0 0 0 0 0 0 0 0 0 0 0 0 0 0 0 0 0 0 0 0 0 0 0 0 0 0 0 0 0 0 0 0 0 0
0.143051 0.000273542 0.000110188 0.000163354 0.597181 0.868812 0 0 0 0 0 0 0 0 0 0 0 0 0 0 0 0 0 0 0 0 0 0 0 0 0 0 0 0 0 0 0 0 0 0 0 0 0 0 0 0 0 0 0 0 0 0 0 0 0 0 0 0 0 0 0 0 0 0 0 0 0 0 0 0 0 0 0 0 0 0 0 0 0 0 0 0 0 0 0 0 0 0
0.150394 0.000273583 0.000110558 0.000163025 0.59589 0.870054 0 0 0 0 0 0 0 0 0 0 0 0 0 0 0 0 0 0 0 0 0 0 0 0 0 0 0 0 0 0 0 0 0 0 0 0 0 0 0 0 0 0 0 0 0 0 0 0 0 0 0 0 0 0 0 0 0 0 0 0 0 0 0 0 0 0 0 0 0 0 0 0 0 0 0 0 0 0 0 0 0 0
0.158114 0.000273622 0.000111729 0.000161893 0.591668 0.876554 0 0 0 0 0 0 0 0 0 0 0 0 0 0 0 0 0 0 0 0 0 0 0 0 0 0 0 0 0 0 0 0 0 0 0 0 0 0 0 0 0 0 0 0 0 0 0 0 0 0 0 0 0 0 0 0 0 0 0 0 0 0 0 0 0 0 0 0 0 0 0 0 0 0 0 0 0 0 0 0 0 0
0.16623 0.000273665 0.000113061 0.000160604 0.586863 0.884449 0 0 0 0 0 0 0 0 0 0 0 0 0 0 0 0 0 0 0 0 0 0 0 0 0 0 0 0 0 0 0 0 0 0 0 0 0 0 0 0 0 0 0 0 0 0 0 0 0 0 0 0 0 0 0 0 0 0 0 0 0 0 0 0 0 0 0 0 0 0 0 0 0 0 0 0 0 0 0 0 0 0
0.174762 0.000273712 0.000114242 0.00015947 0.582621 0.891617 0 0 0 0 0 0 0 0 0 0 0 0 0 0 0 0 0 0 0 0 0 0 0 0 0 0 0 0 0 0 0 0 0 0 0 0 0 0 0 0 0 0 0 0 0 0 0 0 0 0 0 0 0 0 0 0 0 0 0 0 0 0 0 0 0 0 0 0 0 0 0 0 0 0 0 0 0 0 0 0 0 0
0.183733 0.000273762 0.000115287 0.000158475 0.578878 0.898027 0 0 0 0 0 0 0 0 0 0 0 0 0 0 0 0 0 0 0 0 0 0 0 0 0 0 0 0 0 0 0 0 0 0 0 0 0 0 0 0 0 0 0 0 0 0 0 0 0 0 0 0 0 0 0 0 0 0 0 0 0 0 0 0 0 0 0 0 0 0 0 0 0 0 0 0 0 0 0 0 0 0
0.193164 0.000273813 0.000116172 0.000157641 0.575725 0.903469 0 0 0 0 0 0 0 0 0 0 0 0 0 0 0 0 0 0 0 0 0 0 0 0 0 0 0 0 0 0 0 0 0 0 0 0 0 0 0 0 0 0 0 0 0 0 0 0 0 0 0 0 0 0 0 0 0 0 0 0 0 0 0 0 0 0 0 0 0 0 0 0 0 0 0 0 0 0 0 0 0 0
0.203079 0.000273868 0.000116926 0.000156942 0.573058 0.908097 0 0 0 0 0 0 0 0 0 0 0 0 0 0 0 0 0 0 0 0 0 0 0 0 0 0 0 0 0 0 0 0 0 0 0 0 0 0 0 0 0 0 0 0 0 0 0 0 0 0 0 0 0 0 0 0 0 0 0 0 0 0 0 0 0 0 0 0 0 0 0 0 0 0 0 0 0 0 0 0 0 0
0.213503 0.000273924 0.000117591 0.000156333 0.570717 0.912168 0 0 0 0 0 0 0 0 0 0 0 0 0 0 0 0 0 0 0 0 0 0 0 0 0 0 0 0 0 0 0 0 0 0 0 0 0 0 0 0 0 0 0 0 0 0 0 0 0 0 0 0 0 0 0 0 0 0 0 0 0 0 0 0 0 0 0 0 0 0 0 0 0 0 0 0 0 0 0 0 0 0
0.224463 0.000273984 0.000118147 0.000155837 0.568782 0.915541 0 0 0 0 0 0 0 0 0 0 0 0 0 0 0 0 0 0 0 0 0 0 0 0 0 0 0 0 0 0 0 0 0 0 0 0 0 0 0 0 0 0 0 0 0 0 0 0 0 0 0 0 0 0 0 0 0 0 0 0 0 0 0 0 0 0 0 0 0 0 0 0 0 0 0 0 0 0 0 0 0 0
0.235984 0.000274044 0.000118585 0.000155459 0.567277 0.918166 0 0 0 0 0 0 0 0 0 0 0 0 0 0 0 0 0 0 0 0 0 0 0 0 0 0 0 0 0 0 0 0 0 0 0 0 0 0 0 0 0 0 0 0 0 0 0 0 0 0 0 0 0 0 0 0 0 0 0 0 0 0 0 0 0 0 0 0 0 0 0 0 0 0 0 0 0 0 0 0 0 0
0.248097 0.000274107 0.000118922 0.000155185 0.566147 0.920143 0 0 0 0 0 0 0 0 0 0 0 0 0 0 0 0 0 0 0 0 0 0 0 0 0 0 0 0 0 0 0 0 0 0 0 0 0 0 0 0 0 0 0 0 0 0 0 0 0 0 0 0 0 0 0 0 0 0 0 0 0 0 0 0 0 0 0 0 0 0 0 0 0 0 0 0 0 0 0 0 0 0
0.260832 0.000274172 0.000119198 0.000154974 0.565244 0.921726 0 0 0 0 0 0 0 0 0 0 0 0 0 0 0 0 0 0 0 0 0 0 0 0 0 0 0 0 0 0 0 0 0 0 0 0 0 0 0 0 0 0 0 0 0 0 0 0 0 0 0 0 0 0 0 0 0 0 0 0 0 0 0 0 0 0 0 0 0 0 0 0 0 0 0 0 0 0 0 0 0 0
0.274221 0.00027424 0.000119435 0.000154805 0.564489 0.923053 0 0 0 0 0 0 0 0 0 0 0 0 0 0 0 0 0 0 0 0 0 0 0 0 0 0 0 0 0 0 0 0 0 0 0 0 0 0 0 0 0 0 0 0 0 0 0 0 0 0 0 0 0 0 0 0 0 0 0 0 0 0 0 0 0 0 0 0 0 0 0 0 0 0 0 0 0 0 0 0 0 0
0.288297 0.000274309 0.000119637 0.000154672 0.563861 0.924155 0 0 0 0 0 0 0 0 0 0 0 0 0 0 0 0 0 0 0 0 0 0 0 0 0 0 0 0 0 0 0 0 0 0 0 0 0 0 0 0 0 0 0 0 0 0 0 0 0 0 0 0 0 0 0 0 0 0 0 0 0 0 0 0 0 0 0 0 0 0 0 0 0 0 0 0 0 0 0 0 0 0
0.303095 0.00027438 0.000119811 0.000154569 0.563338 0.925074 0 0 0 0 0 0 0 0 0 0 0 0 0 0 0 0 0 0 0 0 0 0 0 0 0 0 0 0 0 0 0 0 0 0 0 0 0 0 0 0 0 0 0 0 0 0 0 0 0 0 0 0 0 0 0 0 0 0 0 0 0 0 0 0 0 0 0 0 0 0 0 0 0 0 0 0 0 0 0 0 0 0
0.318653 0.000274455 0.000119968 0.000154488 0.562888 0.925868 0 0 0 0 0 0 0 0 0 0 0 0 0 0 0 0 0 0 0 0 0 0 0 0 0 0 0 0 0 0 0 0 0 0 0 0 0 0 0 0 0 0 0 0 0 0 0 0 0 0 0 0 0 0 0 0 0 0 0 0 0 0 0 0 0 0 0 0 0 0 0 0 0 0 0 0 0 0 0 0 0 0
0.335009 0.000274532 0.000120106 0.000154426 0.562506 0.926541 0 0 0 0 0 0 0 0 0 0 0 0 0 0 0 0 0 0 0 0 0 0 0 0 0 0 0 0 0 0 0 0 0 0 0 0 0 0 0 0 0 0 0 0 0 0 0 0 0 0 0 0 0 0 0 0 0 0 0 0 0 0 0 0 0 0 0 0 0 0 0 0 0 0 0 0 0 0 0 0 0 0
0.352205 0.000274611 0.000120233 0.000154378 0.562169 0.927133 0 0 0 0 0 0 0 0 0 0 0 0 0 0 0 0 0 0 0 0 0 0 0 0 0 0 0 0 0 0 0 0 0 0 0 0 0 0 0 0 0 0 0 0 0 0 0 0 0 0 0 0 0 0 0 0 0 0 0 0 0 0 0 0 0 0 0 0 0 0 0 0 0 0 0 0 0 0 0 0 0 0
0.370284 0.000274692 0.00012035 0.000154343 0.561874 0.927652 0 0 0 0 0 0 0 0 0 0 0 0 0 0 0 0 0 0 0 0 0 0 0 0 0 0 0 0 0 0 0 0 0 0 0 0 0 0 0 0 0 0 0 0 0 0 0 0 0 0 0 0 0 0 0 0 0 0 0 0 0 0 0 0 0 0 0 0 0 0 0 0 0 0 0 0 0 0 0 0 0 0
0.389291 0.000274778 0.000120454 0.000154324 0.561632 0.928078 0 0 0 0 0 0 0 0 0 0 0 0 0 0 0 0 0 0 0 0 0 0 0 0 0 0 0 0 0 0 0 0 0 0 0 0 0 0 0 0 0 0 0 0 0 0 0 0 0 0 0 0 0 0 0 0 0 0 0 0 0 0 0 0 0 0 0 0 0 0 0 0 0 0 0 0 0 0 0 0 0 0
0.409273 0.000274865 0.000120549 0.000154316 0.561425 0.928441 0 0 0 0 0 0 0 0 0 0 0 0 0 0 0 0 0 0 0 0 0 0 0 0 0 0 0 0 0 0 0 0 0 0 0 0 0 0 0 0 0 0 0 0 0 0 0 0 0 0 0 0 0 0 0 0 0 0 0 0 0 0 0 0 0 0 0 0 0 0 0 0 0 0 0 0 0 0 0 0 0 0
0.430281 0.000274956 0.000120643 0.000154313 0.561228 0.928782 0 0 0 0 0 0 0 0 0 0 0 0 0 0 0 0 0 0 0 0 0 0 0 0 0 0 0 0 0 0 0 0 0 0 0 0 0 0 0 0 0 0 0 0 0 0 0 0 0 0 0 0 0 0 0 0 0 0 0 0 0 0 0 0 0 0 0 0 0 0 0 0 0 0 0 0 0 0 0 0 0 0
0.452368 0.000275049 0.000120725 0.000154324 0.561077 0.929042 0 0 0 0 0 0 0 0 0 0 0 0 0 0 0 0 0 0 0 0 0 0 0 0 0 0 0 0 0 0 0 0 0 0 0 0 0 0 0 0 0 0 0 0 0 0 0 0 0 0 0 0 0 0 0 0 0 0 0 0 0 0 0 0 0 0 0 0 0 0 0 0 0 0 0 0 0 0 0 0 0 0
0.475588 0.000275146 0.000120806 0.00015434 0.56094 0.929275 0 0 0 0 0 0 0 0 0 0 0 0 0 0 0 0 0 0 0 0 0 0 0 0 0 0 0 0 0 0 0 0 0 0 0 0 0 0 0 0 0 0 0 0 0 0 0 0 0 0 0 0 0 0 0 0 0 0 0 0 0 0 0 0 0 0 0 0 0 0 0 0 0 0 0 0 0 0 0 0 0 0
0.5 0.000275246 0.000120883 0.000154362 0.560817 0.929481 0 0 0 0 0 0 0 0 0 0 0 0 0 0 0 0 0 0 0 0 0 0 0 0 0 0 0 0 0 0 0 0 0 0 0 0 0 0 0 0 0 0 0 0 0 0 0 0 0 0 0 0 0 0 0 0 0 0 0 0 0 0 0 0 0 0 0 0 0 0 0 0 0 0 0 0 0 0 0 0 0 0
0.525665 0.00027535 0.00012096 0.00015439 0.560704 0.929664 0 0 0 0 0 0 0 0 0 0 0 0 0 0 0 0 0 0 0 0 0 0 0 0 0 0 0 0 0 0 0 0 0 0 0 0 0 0 0 0 0 0 0 0 0 0 0 0 0 0 0 0 0 0 0 0 0 0 0 0 0 0 0 0 0 0 0 0 0 0 0 0 0 0 0 0 0 0 0 0 0 0
0.552648 0.000275456 0.000121039 0.000154417 0.560588 0.929846 0 0 0 0 0 0 0 0 0 0 0 0 0 0 0 0 0 0 0 0 0 0 0 0 0 0 0 0 0 0 0 0 0 0 0 0 0 0 0 0 0 0 0 0 0 0 0 0 0 0 0 0 0 0 0 0 0 0 0 0 0 0 0 0 0 0 0 0 0 0 0 0 0 0 0 0 0 0 0 0 0 0
0.581015 0.000275567 0.000121105 0.000154461 0.560523 0.929942 0 0 0 0 0 0 0 0 0 0 0 0 0 0 0 0 0 0 0 0 0 0 0 0 0 0 0 0 0 0 0 0 0 0 0 0 0 0 0 0 0 0 0 0 0 0 0 0 0 0 0 0 0 0 0 0 0 0 0 0 0 0 0 0 0 0 0 0 0 0 0 0 0 0 0 0 0 0 0 0 0 0
0.610839 0.000275681 0.000121175 0.000154506 0.560451 0.930041 0 0 0 0 0 0 0 0 0 0 0 0 0 0 0 0 0 0 0 0 0 0 0 0 0 0 0 0 0 0 0 0 0 0 0 0 0 0 0 0 0 0 0 0 0 0 0 0 0 0 0 0 0 0 0 0 0 0 0 0 0 0 0 0 0 0 0 0 0 0 0 0 0 0 0 0 0 0 0 0 0 0
0.642193 0.000275798 0.000121248 0.00015455 0.560373 0.930145 0 0 0 0 0 0 0 0 0 0 0 0 0 0 0 0 0 0 0 0 0 0 0 0 0 0 0 0 0 0 0 0 0 0 0 0 0 0 0 0 0 0 0 0 0 0 0 0 0 0 0 0 0 0 0 0 0 0 0 0 0 0 0 0 0 0 0 0 0 0 0 0 0 0 0 0 0 0 0 0 0 0
0.675157 0.00027592 0.00012132 0.0001546 0.560306 0.930224 0 0 0 0 0 0 0 0 0 0 0 0 0 0 0 0 0 0 0 0 0 0 0 0 0 0 0 0 0 0 0 0 0 0 0 0 0 0 0 0 0 0 0 0 0 0 0 0 0 0 0 0 0 0 0 0 0 0 0 0 0 0 0 0 0 0 0 0 0 0 0 0 0 0 0 0 0 0 0 0 0 0
0.709813 0.000276047 0.000121391 0.000154656 0.560251 0.930281 0 0 0 0 0 0 0 0 0 0 0 0 0 0 0 0 0 0 0 0 0 0 0 0 0 0 0 0 0 0 0 0 0 0 0 0 0 0 0 0 0 0 0 0 0 0 0 0 0 0 0 0 0 0 0 0 0 0 0 0 0 0 0 0 0 0 0 0 0 0 0 0 0 0 0 0 0 0 0 0 0 0
0.746248 0.000276176 0.000121465 0.000154711 0.56019 0.930337 0 0 0 0 0 0 0 0 0 0 0 0 0 0 0 0 0 0 0 0 0 0 0 0 0 0 0 0 0 0 0 0 0 0 0 0 0 0 0 0 0 0 0 0 0 0 0 0 0 0 0 0 0 0 0 0 0 0 0 0 0 0 0 0 0 0 0 0 0 0 0 0 0 0 0 0 0 0 0 0 0 0
0.784553 0.000276311 0.000121542 0.000154769 0.560125 0.930394 0 0 0 0 0 0 0 0 0 0 0 0 0 0 0 0 0 0 0 0 0 0 0 0 0 0 0 0 0 0 0 0 0 0 0 0 0 0 0 0 0 0 0 0 0 0 0 0 0 0 0 0 0 0 0 0 0 0 0 0 0 0 0 0 0 0 0 0 0 0 0 0 0 0 0 0 0 0 0 0 0 0
0.824824 0.000276451 0.000121618 0.000154832 0.560072 0.930427 0 0 0 0 0 0 0 0 0 0 0 0 0 0 0 0 0 0 0 0 0 0 0 0 0 0 0 0 0 0 0 0 0 0 0 0 0 0 0 0 0 0 0 0 0 0 0 0 0 0 0 0 0 0 0 0 0 0 0 0 0 0 0 0 0 0 0 0 0 0 0 0 0 0 0 0 0 0 0 0 0 0
0.867162 0.000276594 0.000121695 0.000154899 0.560023 0.930444 0 0 0 0 0 0 0 0 0 0 0 0 0 0 0 0 0 0 0 0 0 0 0 0 0 0 0 0 0 0 0 0 0 0 0 0 0 0 0 0 0 0 0 0 0 0 0 0 0 0 0 0 0 0 0 0 0 0 0 0 0 0 0 0 0 0 0 0 0 0 0 0 0 0 0 0 0 0 0 0 0 0
0.911674 0.000276743 0.000121775 0.000154967 0.55997 0.930457 0 0 0 0 0 0 0 0 0 0 0 0 0 0 0 0 0 0 0 0 0 0 0 0 0 0 0 0 0 0 0 0 0 0 0 0 0 0 0 0 0 0 0 0 0 0 0 0 0 0 0 0 0 0 0 0 0 0 0 0 0 0 0 0 0 0 0 0 0 0 0 0 0 0 0 0 0 0 0 0 0 0
0.95847 0.000276897 0.000121857 0.00015504 0.559919 0.930462 0 0 0 0 0 0 0 0 0 0 0 0 0 0 0 0 0 0 0 0 0 0 0 0 0 0 0 0 0 0 0 0 0 0 0 0 0 0 0 0 0 0 0 0 0 0 0 0 0 0 0 0 0 0 0 0 0 0 0 0 0 0 0 0 0 0 0 0 0 0 0 0 0 0 0 0 0 0 0 0 0 0
1.00767 0.000277055 0.000121943 0.000155112 0.55986 0.930468 0 0 0 0 0 0 0 0 0 0 0 0 0 0 0 0 0 0 0 0 0 0 0 0 0 0 0 0 0 0 0 0 0 0 0 0 0 0 0 0 0 0 0 0 0 0 0 0 0 0 0 0 0 0 0 0 0 0 0 0 0 0 0 0 0 0 0 0 0 0 0 0 0 0 0 0 0 0 0 0 0 0
1.05939 0.000277219 0.000122034 0.000155186 0.559794 0.930478 0 0 0 0 0 0 0 0 0 0 0 0 0 0 0 0 0 0 0 0 0 0 0 0 0 0 0 0 0 0 0 0 0 0 0 0 0 0 0 0 0 0 0 0 0 0 0 0 0 0 0 0 0 0 0 0 0 0 0 0 0 0 0 0 0 0 0 0 0 0 0 0 0 0 0 0 0 0 0 0 0 0
1.11377 0.000277389 0.000122128 0.000155261 0.559724 0.930487 0 0 0 0 0 0 0 0 0 0 0 0 0 0 0 0 0 0 0 0 0 0 0 0 0 0 0 0 0 0 0 0 0 0 0 0 0 0 0 0 0 0 0 0 0 0 0 0 0 0 0 0 0 0 0 0 0 0 0 0 0 0 0 0 0 0 0 0 0 0 0 0 0 0 0 0 0 0 0 0 0 0
1.17094 0.000277564 0.000122228 0.000155336 0.55964 0.930504 0 0 0 0 0 0 0 0 0 0 0 0 0 0 0 0 0 0 0 0 0 0 0 0 0 0 0 0 0 0 0 0 0 0 0 0 0 0 0 0 0 0 0 0 0 0 0 0 0 0 0 0 0 0 0 0 0 0 0 0 0 0 0 0 0 0 0 0 0 0 0 0 0 0 0 0 0 0 0 0 0 0
1.23105 0.000277745 0.000122333 0.000155412 0.559549 0.930524 0 0 0 0 0 0 0 0 0 0 0 0 0 0 0 0 0 0 0 0 0 0 0 0 0 0 0 0 0 0 0 0 0 0 0 0 0 0 0 0 0 0 0 0 0 0 0 0 0 0 0 0 0 0 0 0 0 0 0 0 0 0 0 0 0 0 0 0 0 0 0 0 0 0 0 0 0 0 0 0 0 0
1.29424 0.000277932 0.000122445 0.000155488 0.559444 0.930555 0 0 0 0 0 0 0 0 0 0 0 0 0 0 0 0 0 0 0 0 0 0 0 0 0 0 0 0 0 0 0 0 0 0 0 0 0 0 0 0 0 0 0 0 0 0 0 0 0 0 0 0 0 0 0 0 0 0 0 0 0 0 0 0 0 0 0 0 0 0 0 0 0 0 0 0 0 0 0 0 0 0
1.36067 0.000278125 0.000122555 0.00015557 0.559352 0.930552 0 0 0 0 0 0 0 0 0 0 0 0 0 0 0 0 0 0 0 0 0 0 0 0 0 0 0 0 0 0 0 0 0 0 0 0 0 0 0 0 0 0 0 0 0 0 0 0 0 0 0 0 0 0 0 0 0 0 0 0 0 0 0 0 0 0 0 0 0 0 0 0 0 0 0 0 0 0 0 0 0 0
1.43051 0.000278325 0.000122677 0.000155649 0.559232 0.930582 0 0 0 0 0 0 0 0 0 0 0 0 0 0 0 0 0 0 0 0 0 0 0 0 0 0 0 0 0 0 0 0 0 0 0 0 0 0 0 0 0 0 0 0 0 0 0 0 0 0 0 0 0 0 0 0 0 0 0 0 0 0 0 0 0 0 0 0 0 0 0 0 0 0 0 0 0 0 0 0 0 0
1.50394 0.000278532 0.000122802 0.000155731 0.559112 0.930602 0 0 0 0 0 0 0 0 0 0 0 0 0 0 0 0 0 0 0 0 0 0 0 0 0 0 0 0 0 0 0 0 0 0 0 0 0 0 0 0 0 0 0 0 0 0 0 0 0 0 0 0 0 0 0 0 0 0 0 0 0 0 0 0 0 0 0 0 0 0 0 0 0 0 0 0 0 0 0 0 0 0
1.58114 0.000278745 0.000122932 0.000155813 0.55898 0.930621 0 0 0 0 0 0 0 0 0 0 0 0 0 0 0 0 0 0 0 0 0 0 0 0 0 0 0 0 0 0 0 0 0 0 0 0 0 0 0 0 0 0 0 0 0 0 0 0 0 0 0 0 0 0 0 0 0 0 0 0 0 0 0 0 0 0 0 0 0 0 0 0 0 0 0 0 0 0 0 0 0 0
1.6623 0.000278966 0.000123073 0.000155893 0.558825 0.930669 0 0 0 0 0 0 0 0 0 0 0 0 0 0 0 0 0 0 0 0 0 0 0 0 0 0 0 0 0 0 0 0 0 0 0 0 0 0 0 0 0 0 0 0 0 0 0 0 0 0 0 0 0 0 0 0 0 0 0 0 0 0 0 0 0 0 0 0 0 0 0 0 0 0 0 0 0 0 0 0 0 0
1.74763 0.000279193 0.00012322 0.000155973 0.558657 0.930717 0 0 0 0 0 0 0 0 0 0 0 0 0 0 0 0 0 0 0 0 0 0 0 0 0 0 0 0 0 0 0 0 0 0 0 0 0 0 0 0 0 0 0 0 0 0 0 0 0 0 0 0 0 0 0 0 0 0 0 0 0 0 0 0 0 0 0 0 0 0 0 0 0 0 0 0 0 0 0 0 0 0
1.83733 0.000279429 0.000123376 0.000156053 0.558471 0.930783 0 0 0 0 0 0 0 0 0 0 0 0 0 0 0 0 0 0 0 0 0 0 0 0 0 0 0 0 0 0 0 0 0 0 0 0 0 0 0 0 0 0 0 0 0 0 0 0 0 0 0 0 0 0 0 0 0 0 0 0 0 0 0 0 0 0 0 0 0 0 0 0 0 0 0 0 0 0 0 0 0 0
1.93164 0.000279671 0.00012354 0.000156131 0.558267 0.930856 0 0 0 0 0 0 0 0 0 0 0 0 0 0 0 0 0 0 0 0 0 0 0 0 0 0 0 0 0 0 0 0 0 0 0 0 0 0 0 0 0 0 0 0 0 0 0 0 0 0 0 0 0 0 0 0 0 0 0 0 0 0 0 0 0 0 0 0 0 0 0 0 0 0 0 0 0 0 0 0 0 0
2.03079 0.000279923 0.00012371 0.000156214 0.558059 0.930921 0 0 0 0 0 0 0 0 0 0 0 0 0 0 0 0 0 0 0 0 0 0 0 0 0 0 0 0 0 0 0 0 0 0 0 0 0 0 0 0 0 0 0 0 0 0 0 0 0 0 0 0 0 0 0 0 0 0 0 0 0 0 0 0 0 0 0 0 0 0 0 0 0 0 0 0 0 0 0 0 0 0
2.13503 0.000280183 0.000123891 0.000156292 0.55782 0.931014 0 0 0 0 0 0 0 0 0 0 0 0 0 0 0 0 0 0 0 0 0 0 0 0 0 0 0 0 0 0 0 0 0 0 0 0 0 0 0 0 0 0 0 0 0 0 0 0 0 0 0 0 0 0 0 0 0 0 0 0 0 0 0 0 0 0 0 0 0 0 0 0 0 0 0 0 0 0 0 0 0 0
2.24463 0.000280451 0.000124083 0.000156368 0.557558 0.931128 0 0 0 0 0 0 0 0 0 0 0 0 0 0 0 0 0 0 0 0 0 0 0 0 0 0 0 0 0 0 0 0 0 0 0 0 0 0 0 0 0 0 0 0 0 0 0 0 0 0 0 0 0 0 0 0 0 0 0 0 0 0 0 0 0 0 0 0 0 0 0 0 0 0 0 0 0 0 0 0 0 0
2.35984 0.000280729 0.000124285 0.000156443 0.557276 0.931251 0 0 0 0 0 0 0 0 0 0 0 0 0 0 0 0 0 0 0 0 0 0 0 0 0 0 0 0 0 0 0 0 0 0 0 0 0 0 0 0 0 0 0 0 0 0 0 0 0 0 0 0 0 0 0 0 0 0 0 0 0 0 0 0 0 0 0 0 0 0 0 0 0 0 0 0 0 0 0 0 0 0
2.48097 0.000281016 0.000124503 0.000156513 0.556954 0.931418 0 0 0 0 0 0 0 0 0 0 0 0 0 0 0 0 0 0 0 0 0 0 0 0 0 0 0 0 0 0 0 0 0 0 0 0 0 0 0 0 0 0 0 0 0 0 0 0 0 0 0 0 0 0 0 0 0 0 0 0 0 0 0 0 0 0 0 0 0 0 0 0 0 0 0 0 0 0 0 0 0 0
2.60832 0.000281311 0.00012473 0.000156581 0.556613 0.931592 0 0 0 0 0 0 0 0 0 0 0 0 0 0 0 0 0 0 0 0 0 0 0 0 0 0 0 0 0 0 0 0 0 0 0 0 0 0 0 0 0 0 0 0 0 0 0 0 0 0 0 0 0 0 0 0 0 0 0 0 0 0 0 0 0 0 0 0 0 0 0 0 0 0 0 0 0 0 0 0 0 0
2.74221 0.000281618 0.000124967 0.00015665 0.556251 0.931774 0 0 0 0 0 0 0 0 0 0 0 0 0 0 0 0 0 0 0 0 0 0 0 0 0 0 0 0 0 0 0 0 0 0 0 0 0 0 0 0 0 0 0 0 0 0 0 0 0 0 0 0 0 0 0 0 0 0 0 0 0 0 0 0 0 0 0 0 0 0 0 0 0 0 0 0 0 0 0 0 0 0
2.88297 0.000281933 0.000125226 0.000156708 0.555832 0.932023 0 0 0 0 0 0 0 0 0 0 0 0 0 0 0 0 0 0 0 0 0 0 0 0 0 0 0 0 0 0 0 0 0 0 0 0 0 0 0 0 0 0 0 0 0 0 0 0 0 0 0 0 0 0 0 0 0 0 0 0 0 0 0 0 0 0 0 0 0 0 0 0 0 0 0 0 0 0 0 0 0 0
3.03095 0.000282261 0.000125497 0.000156763 0.555385 0.932292 0 0 0 0 0 0 0 0 0 0 0 0 0 0 0 0 0 0 0 0 0 0 0 0 0 0 0 0 0 0 0 0 0 0 0 0 0 0 0 0 0 0 0 0 0 0 0 0 0 0 0 0 0 0 0 0 0 0 0 0 0 0 0 0 0 0 0 0 0 0 0 0 0 0 0 0 0 0 0 0 0 0
3.18653 0.000282598 0.000125784 0.000156814 0.554902 0.932587 0 0 0 0 0 0 0 0 0 0 0 0 0 0 0 0 0 0 0 0 0 0 0 0 0 0 0 0 0 0 0 0 0 0 0 0 0 0 0 0 0 0 0 0 0 0 0 0 0 0 0 0 0 0 0 0 0 0 0 0 0 0 0 0 0 0 0 0 0 0 0 0 0 0 0 0 0 0 0 0 0 0
3.35009 0.000282946 0.000126089 0.000156858 0.554373 0.932927 0 0 0 0 0 0 0 0 0 0 0 0 0 0 0 0 0 0 0 0 0 0 0 0 0 0 0 0 0 0 0 0 0 0 0 0 0 0 0 0 0 0 0 0 0 0 0 0 0 0 0 0 0 0 0 0 0 0 0 0 0 0 0 0 0 0 0 0 0 0 0 0 0 0 0 0 0 0 0 0 0 0
3.52205 0.000283308 0.000126416 0.000156891 0.553784 0.933335 0 0 0 0 0 0 0 0 0 0 0 0 0 0 0 0 0 0 0 0 0 0 0 0 0 0 0 0 0 0 0 0 0 0 0 0 0 0 0 0 0 0 0 0 0 0 0 0 0 0 0 0 0 0 0 0 0 0 0 0 0 0 0 0 0 0 0 0 0 0 0 0 0 0 0 0 0 0 0 0 0 0
3.70284 0.00028368 0.000126766 0.000156914 0.553139 0.933794 0 0 0 0 0 0 0 0 0 0 0 0 0 0 0 0 0 0 0 0 0 0 0 0 0 0 0 0 0 0 0 0 0 0 0 0 0 0 0 0 0 0 0 0 0 0 0 0 0 0 0 0 0 0 0 0 0 0 0 0 0 0 0 0 0 0 0 0 0 0 0 0 0 0 0 0 0 0 0 0 0 0
3.89291 0.000284066 0.000127141 0.000156925 0.552425 0.934332 0 0 0 0 0 0 0 0 0 0 0 0 0 0 0 0 0 0 0 0 0 0 0 0 0 0 0 0 0 0 0 0 0 0 0 0 0 0 0 0 0 0 0 0 0 0 0 0 0 0 0 0 0 0 0 0 0 0 0 0 0 0 0 0 0 0 0 0 0 0 0 0 0 0 0 0 0 0 0 0 0 0
4.09273 0.000284464 0.000127547 0.000156917 0.551623 0.934973 0 0 0 0 0 0 0 0 0 0 0 0 0 0 0 0 0 0 0 0 0 0 0 0 0 0 0 0 0 0 0 0 0 0 0 0 0 0 0 0 0 0 0 0 0 0 0 0 0 0 0 0 0 0 0 0 0 0 0 0 0 0 0 0 0 0 0 0 0 0 0 0 0 0 0 0 0 0 0 0 0 0
4.30281 0.000284875 0.000127989 0.000156886 0.550719 0.935731 0 0 0 0 0 0 0 0 0 0 0 0 0 0 0 0 0 0 0 0 0 0 0 0 0 0 0 0 0 0 0 0 0 0 0 0 0 0 0 0 0 0 0 0 0 0 0 0 0 0 0 0 0 0 0 0 0 0 0 0 0 0 0 0 0 0 0 0 0 0 0 0 0 0 0 0 0 0 0 0 0 0
4.52368 0.0002853 0.000128469 0.000156831 0.549706 0.936617 0 0 0 0 0 0 0 0 0 0 0 0 0 0 0 0 0 0 0 0 0 0 0 0 0 0 0 0 0 0 0 0 0 0 0 0 0 0 0 0 0 0 0 0 0 0 0 0 0 0 0 0 0 0 0 0 0 0 0 0 0 0 0 0 0 0 0 0 0 0 0 0 0 0 0 0 0 0 0 0 0 0
4.75588 0.00028574 0.000128991 0.000156749 0.548571 0.937655 0 0 0 0 0 0 0 0 0 0 0 0 0 0 0 0 0 0 0 0 0 0 0 0 0 0 0 0 0 0 0 0 0 0 0 0 0 0 0 0 0 0 0 0 0 0 0 0 0 0 0 0 0 0 0 0 0 0 0 0 0 0 0 0 0 0 0 0 0 0 0 0 0 0 0 0 0 0 0 0 0 0
5 0.000286197 0.000129573 0.000156624 0.54726 0.938923 0 0 0 0 0 0 0 0 0 0 0 0 0 0 0 0 0 0 0 0 0 0 0 0 0 0 0 0 0 0 0 0 0 0 0 0 0 0 0 0 0 0 0 0 0 0 0 0 0 0 0 0 0 0 0 0 0 0 0 0 0 0 0 0 0 0 0 0 0 0 0 0 0 0 0 0 0 0 0 0 0 0
5.25665 0.000286672 0.000130219 0.000156452 0.545754 0.940445 0 0 0 0 0 0 0 0 0 0 0 0 0 0 0 0 0 0 0 0 0 0 0 0 0 0 0 0 0 0 0 0 0 0 0 0 0 0 0 0 0 0 0 0 0 0 0 0 0 0 0 0 0 0 0 0 0 0 0 0 0 0 0 0 0 0 0 0 0 0 0 0 0 0 0 0 0 0 0 0 0 0
5.52648 0.000287156 0.000130929 0.000156228 0.544051 0.942191 0 0 0 0 0 0 0 0 0 0 0 0 0 0 0 0 0 0 0 0 0 0 0 0 0 0 0 0 0 0 0 0 0 0 0 0 0 0 0 0 0 0 0 0 0 0 0 0 0 0 0 0 0 0 0 0 0 0 0 0 0 0 0 0 0 0 0 0 0 0 0 0 0 0 0 0 0 0 0 0 0 0
5.81015 0.000287655 0.000131733 0.000155922 0.542045 0.944327 0 0 0 0 0 0 0 0 0 0 0 0 0 0 0 0 0 0 0 0 0 0 0 0 0 0 0 0 0 0 0 0 0 0 0 0 0 0 0 0 0 0 0 0 0 0 0 0 0 0 0 0 0 0 0 0 0 0 0 0 0 0 0 0 0 0 0 0 0 0 0 0 0 0 0 0 0 0 0 0 0 0
6.10839 0.000288163 0.000132633 0.000155531 0.539731 0.946822 0 0 0 0 0 0 0 0 0 0 0 0 0 0 0 0 0 0 0 0 0 0 0 0 0 0 0 0 0 0 0 0 0 0 0 0 0 0 0 0 0 0 0 0 0 0 0 0 0 0 0 0 0 0 0 0 0 0 0 0 0 0 0 0 0 0 0 0 0 0 0 0 0 0 0 0 0 0 0 0 0 0
6.42193 0.000288684 0.000133668 0.000155015 0.536973 0.949852 0 0 0 0 0 0 0 0 0 0 0 0 0 0 0 0 0 0 0 0 0 0 0 0 0 0 0 0 0 0 0 0 0 0 0 0 0 0 0 0 0 0 0 0 0 0 0 0 0 0 0 0 0 0 0 0 0 0 0 0 0 0 0 0 0 0 0 0 0 0 0 0 0 0 0 0 0 0 0 0 0 0
6.75157 0.000289225 0.000134945 0.00015428 0.533424 0.953877 0 0 0 0 0 0 0 0 0 0 0 0 0 0 0 0 0 0 0 0 0 0 0 0 0 0 0 0 0 0 0 0 0 0 0 0 0 0 0 0 0 0 0 0 0 0 0 0 0 0 0 0 0 0 0 0 0 0 0 0 0 0 0 0 0 0 0 0 0 0 0 0 0 0 0 0 0 0 0 0 0 0
7.09813 0.000289776 0.000136647 0.000153128 0.528437 0.959642 0 0 0 0 0 0 0 0 0 0 0 0 0 0 0 0 0 0 0 0 0 0 0 0 0 0 0 0 0 0 0 0 0 0 0 0 0 0 0 0 0 0 0 0 0 0 0 0 0 0 0 0 0 0 0 0 0 0 0 0 0 0 0 0 0 0 0 0 0 0 0 0 0 0 0 0 0 0 0 0 0 0
7.46248 0.000290088 0.000139071 0.000151017 0.52059 0.968363 0 0 0 0 0 0 0 0 0 0 0 0 0 0 0 0 0 0 0 0 0 0 0 0 0 0 0 0 0 0 0 0 0 0 0 0 0 0 0 0 0 0 0 0 0 0 0 0 0 0 0 0 0 0 0 0 0 0 0 0 0 0 0 0 0 0 0 0 0 0 0 0 0 0 0 0 0 0 0 0 0 0
7.84553 0.00028847 0.000140543 0.000147928 0.5128 0.976338 0 0 0 0 0 0 0 0 0 0 0 0 0 0 0 0 0 0 0 0 0 0 0 0 0 0 0 0 0 0 0 0 0 0 0 0 0 0 0 0 0 0 0 0 0 0 0 0 0 0 0 0 0 0 0 0 0 0 0 0 0 0 0 0 0 0 0 0 0 0 0 0 0 0 0 0 0 0 0 0 0 0
8.24824 0.000285966 0.00013571 0.000150256 0.525433 0.966175 0 0 0 0 0 0 0 0 0 0 0 0 0 0 0 0 0 0 0 0 0 0 0 0 0 0 0 0 0 0 0 0 0 0 0 0 0 0 0 0 0 0 0 0 0 0 0 0 0 0 0 0 0 0 0 0 0 0 0 0 0 0 0 0 0 0 0 0 0 0 0 0 0 0 0 0 0 0 0 0 0 0
8.67162 0.000287504 0.000129999 0.000157505 0.547836 0.941974 0 0 0 0 0 0 0 0 0 0 0 0 0 0 0 0 0 0 0 0 0 0 0 0 0 0 0 0 0 0 0 0 0 0 0 0 0 0 0 0 0 0 0 0 0 0 0 0 0 0 0 0 0 0 0 0 0 0 0 0 0 0 0 0 0 0 0 0 0 0 0 0 0 0 0 0 0 0 0 0 0 0
9.11674 0.000290375 0.000122742 0.000167633 0.577299 0.902266 0 0 0 0 0 0 0 0 0 0 0 0 0 0 0 0 0 0 0 0 0 0 0 0 0 0 0 0 0 0 0 0 0 0 0 0 0 0 0 0 0 0 0 0 0 0 0 0 0 0 0 0 0 0 0 0 0 0 0 0 0 0 0 0 0 0 0 0 0 0 0 0 0 0 0 0 0 0 0 0 0 0
9.5847 0.000293565 0.000119011 0.000174553 0.5946 0.870146 0 0 0 0 0 0 0 0 0 0 0 0 0 0 0 0 0 0 0 0 0 0 0 0 0 0 0 0 0 0 0 0 0 0 0 0 0 0 0 0 0 0 0 0 0 0 0 0 0 0 0 0 0 0 0 0 0 0 0 0 0 0 0 0 0 0 0 0 0 0 0 0 0 0 0 0 0 0 0 0 0 0
10.0767 0.00029551 0.000118565 0.000176945 0.598779 0.857082 0 0 0 0 0 0 0 0 0 0 0 0 0 0 0 0 0 0 0 0 0 0 0 0 0 0 0 0 0 0 0 0 0 0 0 0 0 0 0 0 0 0 0 0 0 0 0 0 0 0 0 0 0 0 0 0 0 0 0 0 0 0 0 0 0 0 0 0 0 0 0 0 0 0 0 0 0 0 0 0 0 0
10.5939 0.000297166 0.000118073 0.000179092 0.602668 0.844798 0 0 0 0 0 0 0 0 0 0 0 0 0 0 0 0 0 0 0 0 0 0 0 0 0 0 0 0 0 0 0 0 0 0 0 0 0 0 0 0 0 0 0 0 0 0 0 0 0 0 0 0 0 0 0 0 0 0 0 0 0 0 0 0 0 0 0 0 0 0 0 0 0 0 0 0 0 0 0 0 0 0
11.1377 0.000297954 0.000119386 0.000178569 0.599316 0.844058 0 0 0 0 0 0 0 0 0 0 0 0 0 0 0 0 0 0 0 0 0 0 0 0 0 0 0 0 0 0 0 0 0 0 0 0 0 0 0 0 0 0 0 0 0 0 0 0 0 0 0 0 0 0 0 0 0 0 0 0 0 0 0 0 0 0 0 0 0 0 0 0 0 0 0 0 0 0 0 0 0 0
11.7094 0.000298517 0.000120662 0.000177855 0.595795 0.844971 0 0 0 0 0 0 0 0 0 0 0 0 0 0 0 0 0 0 0 0 0 0 0 0 0 0 0 0 0 0 0 0 0 0 0 0 0 0 0 0 0 0 0 0 0 0 0 0 0 0 0 0 0 0 0 0 0 0 0 0 0 0 0 0 0 0 0 0 0 0 0 0 0 0 0 0 0 0 0 0 0 0
12.3105 0.000298874 0.000122354 0.00017652 0.590616 0.84902 0 0 0 0 0 0 0 0 0 0 0 0 0 0 0 0 0 0 0 0 0 0 0 0 0 0 0 0 0 0 0 0 0 0 0 0 0 0 0 0 0 0 0 0 0 0 0 0 0 0 0 0 0 0 0 0 0 0 0 0 0 0 0 0 0 0 0 0 0 0 0 0 0 0 0 0 0 0 0 0 0 0
12.9424 0.00029917 0.000124602 0.000174568 0.583506 0.856903 0 0 0 0 0 0 0 0 0 0 0 0 0 0 0 0 0 0 0 0 0 0 0 0 0 0 0 0 0 0 0 0 0 0 0 0 0 0 0 0 0 0 0 0 0 0 0 0 0 0 0 0 0 0 0 0 0 0 0 0 0 0 0 0 0 0 0 0 0 0 0 0 0 0 0 0 0 0 0 0 0 0
13.6067 0.000299544 0.000127577 0.000171967 0.574095 0.869191 0 0 0 0 0 0 0 0 0 0 0 0 0 0 0 0 0 0 0 0 0 0 0 0 0 0 0 0 0 0 0 0 0 0 0 0 0 0 0 0 0 0 0 0 0 0 0 0 0 0 0 0 0 0 0 0 0 0 0 0 0 0 0 0 0 0 0 0 0 0 0 0 0 0 0 0 0 0 0 0 0 0
14.3051 0.000300096 0.000131075 0.000169021 0.563223 0.884647 0 0 0 0 0 0 0 0 0 0 0 0 0 0 0 0 0 0 0 0 0 0 0 0 0 0 0 0 0 0 0 0 0 0 0 0 0 0 0 0 0 0 0 0 0 0 0 0 0 0 0 0 0 0 0 0 0 0 0 0 0 0 0 0 0 0 0 0 0 0 0 0 0 0 0 0 0 0 0 0 0 0
15.0394 0.000300825 0.000133081 0.000167744 0.557614 0.892352 0 0 0 0 0 0 0 0 0 0 0 0 0 0 0 0 0 0 0 0 0 0 0 0 0 0 0 0 0 0 0 0 0 0 0 0 0 0 0 0 0 0 0 0 0 0 0 0 0 0 0 0 0 0 0 0 0 0 0 0 0 0 0 0 0 0 0 0 0 0 0 0 0 0 0 0 0 0 0 0 0 0
15.8114 0.000301703 0.000133521 0.000168182 0.557442 0.891778 0 0 0 0 0 0 0 0 0 0 0 0 0 0 0 0 0 0 0 0 0 0 0 0 0 0 0 0 0 0 0 0 0 0 0 0 0 0 0 0 0 0 0 0 0 0 0 0 0 0 0 0 0 0 0 0 0 0 0 0 0 0 0 0 0 0 0 0 0 0 0 0 0 0 0 0 0 0 0 0 0 0
16.623 0.00030293 0.000132662 0.000170268 0.56207 0.883964 0 0 0 0 0 0 0 0 0 0 0 0 0 0 0 0 0 0 0 0 0 0 0 0 0 0 0 0 0 0 0 0 0 0 0 0 0 0 0 0 0 0 0 0 0 0 0 0 0 0 0 0 0 0 0 0 0 0 0 0 0 0 0 0 0 0 0 0 0 0 0 0 0 0 0 0 0 0 0 0 0 0
17.4762 0.00030466 0.0001309 0.000173759 0.570339 0.870265 0 0 0 0 0 0 0 0 0 0 0 0 0 0 0 0 0 0 0 0 0 0 0 0 0 0 0 0 0 0 0 0 0 0 0 0 0 0 0 0 0 0 0 0 0 0 0 0 0 0 0 0 0 0 0 0 0 0 0 0 0 0 0 0 0 0 0 0 1.4013e-45 0 1.4013e-45 0 2.8026e-45 0 4.2039e-45 0 7.00649e-45 0 1.12104e-44 0 1.96182e-44 0
18.3733 0.000306763 0.000128852 0.000177911 0.579961 0.853749 0 0 0 0 0 0 0 0 0 0 0 0 0 0 0 0 0 0 0 0 0 0 0 0 0 0 0 0 0 0 0 0 0 0 0 0 0 0 0 0 0 0 0 0 0 0 0 0 0 0 0 0 1.4013e-45 0 1.4013e-45 0 2.8026e-45 0 7.00649e-45 0 1.26117e-44 0 2.38221e-44 0 4.48416e-44 0 8.26766e-44 0 1.5134e-43 0 2.67648e-43 0 4.59626e-43 0 7.8753e-43 0 1.31162e-42 0 2.17341e-42 0 3.58592e-42 0
19.3164 0.000308842 0.000127161 0.000181681 0.588264 0.83833 0 0 0 0 0 0 0 0 0 0 0 0 0 0 0 0 0 0 0 0 0 0 0 0 0 0 0 0 0 0 0 0 0 0 0 0 0 0 0 0 1.4013e-45 0 2.8026e-45 0 5.60519e-45 0 1.4013e-44 0 3.22299e-44 0 7.28675e-44 0 1.5134e-43 0 3.15292e-43 0 6.22177e-43 0 1.21352e-42 0 2.34998e-42 0 4.32441e-42 0 7.89912e-42 0 1.4034e-41 0 2.47792e-41 0 4.25911e-41 0 7.13191e-41 0 1.18819e-40 0 1.93041e-40 0 3.12201e-40 0 5.02653e-40 0
20.3079 0.000310458 0.000126405 0.000184053 0.592842 0.82785 0 0 0 0 0 0 0 0 0 0 0 0 0 0 0 0 0 0 0 0 0 0 0 0 0 0 0 0 0 0 1.4013e-45 0 2.8026e-45 0 8.40779e-45 0 2.66247e-44 0 7.42688e-44 0 1.90577e-43 0 4.83448e-43 0 1.14906e-42 0 2.63304e-42 0 5.69628e-42 0 1.21885e-41 0 2.46881e-41 0 4.95359e-41 0 9.43662e-41 0 1.7834e-40 0 3.3441e-40 0 5.97163e-40 0 1.05937e-39 0 1.83001e-39 0 3.14257e-39 0 5.26053e-39 0 8.58995e-39 0 1.39588e-38 0 2.21474e-38 0 3.49876e-38 0 5.50363e-38 0
21.3503 0.00031178 0.000126288 0.000185492 0.594945 0.821272 0 0 0 0 0 0 0 0 0 0 0 0 0 0 0 0 0 0 0 0 0 0 0 0 2.8026e-45 0 1.26117e-44 0 4.90454e-44 0 1.7236e-43 0 5.68927e-43 0 1.66054e-42 0 4.7518e-42 0 1.24239e-41 0 3.04979e-41 0 7.37335e-41 0 1.68038e-40 0 3.69848e-40 0 7.70503e-40 0 1.58832e-39 0 3.10825e-39 0 6.02831e-39 0 1.11282e-38 0 2.03873e-38 0 3.70731e-38 0 6.43544e-38 0 1.11014e-37 0 1.8672e-37 0 3.1229e-37 0 5.09776e-37 0 8.12723e-37 0 1.28975e-36 0 2.00074e-36 0 3.09091e-36 0 4.75573e-36 0
22.4463 0.000313033 0.000126249 0.000186784 0.596692 0.815351 0 0 0 0 0 0 0 0 0 0 0 0 0 0 0 0 0 0 2.8026e-45 0 2.10195e-44 0 1.17709e-43 0 5.67526e-43 0 2.29673e-42 0 8.33352e-42 0 2.72931e-41 0 8.50294e-41 0 2.35801e-40 0 6.40896e-40 0 1.59878e-39 0 3.7564e-39 0 8.69845e-39 0 1.90423e-38 0 4.0328e-38 0 8.10579e-38 0 1.61294e-37 0 3.05465e-37 0 5.73583e-37 0 1.02761e-36 0 1.82778e-36 0 3.22807e-36 0 5.45468e-36 0 9.16239e-36 0 1.50244e-35 0 2.45051e-35 0 3.90559e-35 0 6.08639e-35 0 9.44346e-35 0 1.43386e-34 0 2.1686e-34 0 3.26718e-34 0
23.5984 0.000314185 0.000126492 0.000187693 0.597395 0.811009 0 0 0 0 0 0 0 0 0 0 0 0 0 0 8.40779e-45 0 8.12753e-44 0 6.22177e-43 0 3.76389e-42 0 1.89007e-41 0 8.4005e-41 0 3.17672e-40 0 1.08263e-39 0 3.34621e-39 0 9.86232e-39 0 2.60213e-38 0 6.73551e-38 0 1.60689e-37 0 3.62125e-37 0 8.04867e-37 0 1.69585e-36 0 3.46229e-36 0 6.72589e-36 0 1.29415e-35 0 2.37566e-35 0 4.32574e-35 0 7.53229e-35 0 1.30261e-34 0 2.23755e-34 0 3.68531e-34 0 6.03555e-34 0 9.66089e-34 0 1.53853e-33 0 2.39691e-33 0 3.65526e-33 0 5.55104e-33 0 8.25838e-33 0 1.22404e-32 0 1.80758e-32 0
24.8097 0.000315351 0.000126683 0.000188668 0.598279 0.806478 0 0 0 0 0 0 0 0 0 0 5.60519e-45 0 1.10703e-43 0 1.46015e-42 0 1.31582e-41 0 9.0664e-41 0 5.01977e-40 0 2.3299e-39 0 9.62776e-39 0 3.41188e-38 0 1.09521e-37 0 3.20363e-37 0 8.95673e-37 0 2.25386e-36 0 5.56932e-36 0 1.27345e-35 0 2.7582e-35 0 5.89597e-35 0 1.19789e-34 0 2.36188e-34 0 4.44185e-34 0 8.27791e-34 0 1.47517e-33 0 2.60861e-33 0 4.42096e-33 0 7.44368e-33 0 1.2453e-32 0 2.00169e-32 0 3.20022e-32 0 5.00616e-32 0 7.79339e-32 0 1.18815e-31 0 1.77497e-31 0 2.64112e-31 0 3.85376e-31 0 5.60327e-31 0 8.11854e-31 0
26.0832 0.000316446 0.000127072 0.000189375 0.598442 0.802925 0 0 0 0 0 0 0 0 2.38221e-44 0 8.96831e-43 0 1.72934e-41 0 2.01861e-40 0 1.63358e-39 0 1.02434e-38 0 5.21676e-38 0 2.2465e-37 0 8.66181e-37 0 2.88569e-36 0 8.75035e-36 0 2.4289e-35 0 6.45828e-35 0 1.55355e-34 0 3.67299e-34 0 8.0661e-34 0 1.68236e-33 0 3.4653e-33 0 6.80095e-33 0 1.29723e-32 0 2.36554e-32 0 4.27648e-32 0 7.40897e-32 0 1.2742e-31 0 2.10455e-31 0 3.45448e-31 0 5.63584e-31 0 8.8515e-31 0 1.38309e-30 0 2.11684e-30 0 3.22495e-30 0 4.81645e-30 0 7.05561e-30 0 1.02969e-29 0 1.47499e-29 0 2.10577e-29 0 2.9963e-29 0
27.4221 0.000317525 0.000127451 0.000190074 0.598611 0.799333 0 0 0 0 0 0 4.06377e-44 0 3.96147e-42 0 1.25406e-40 0 2.09281e-39 0 2.16676e-38 0 1.58329e-37 0 9.07685e-37 0 4.26949e-36 0 1.71207e-35 0 6.18029e-35 0 1.94148e-34 0 5.57681e-34 0 1.47273e-33 0 3.73331e-33 0 8.60382e-33 0 1.95047e-32 0 4.12195e-32 0 8.29413e-32 0 1.64919e-31 0 3.13186e-31 0 5.78838e-31 0 1.02502e-30 0 1.80025e-30 0 3.03634e-30 0 5.08549e-30 0 8.19624e-30 0 1.3132e-29 0 2.09183e-29 0 3.21376e-29 0 4.9134e-29 0 7.36539e-29 0 1.09927e-28 0 1.60992e-28 0 2.31481e-28 0 3.31643e-28 0 4.66805e-28 0 6.54946e-28 0 9.16013e-28 0
28.8297 0.000318623 0.000127857 0.000190766 0.598719 0.795823 0 0 0 0 1.26117e-44 0 6.60152e-42 0 5.09095e-40 0 1.36149e-38 0 1.98033e-37 0 1.82919e-36 0 1.21293e-35 0 6.38537e-35 0 2.78481e-34 0 1.0435e-33 0 3.53803e-33 0 1.05103e-32 0 2.86743e-32 0 7.2217e-32 0 1.74939e-31 0 3.87062e-31 0 8.43092e-31 0 1.7178e-30 0 3.34052e-30 0 6.42302e-30 0 1.18215e-29 0 2.12033e-29 0 3.65141e-29 0 6.23906e-29 0 1.02578e-28 0 1.67533e-28 0 2.63792e-28 0 4.1303e-28 0 6.43142e-28 0 9.67582e-28 0 1.44896e-27 0 2.12953e-27 0 3.11676e-27 0 4.48034e-27 0 6.32883e-27 0 8.90951e-27 0 1.2333e-26 0 1.702e-26 0 2.34176e-26 0
30.3095 0.000319719 0.000128269 0.00019145 0.598806 0.792288 0 0 0 0 2.14679e-42 0 8.17634e-40 0 5.09983e-38 0 1.16169e-36 0 1.48267e-35 0 1.22864e-34 0 7.42832e-34 0 3.60595e-33 0 1.46353e-32 0 5.1415e-32 0 1.64236e-31 0 4.62629e-31 0 1.2018e-30 0 2.89329e-30 0 6.71241e-30 0 1.42868e-29 0 2.99585e-29 0 5.89558e-29 0 1.10985e-28 0 2.06694e-28 0 3.69255e-28 0 6.43679e-28 0 1.07945e-27 0 1.7968e-27 0 2.88331e-27 0 4.59766e-27 0 7.08063e-27 0 1.08464e-26 0 1.6528e-26 0 2.43748e-26 0 3.57888e-26 0 5.16192e-26 0 7.41572e-26 0 1.04729e-25 0 1.45464e-25 0 2.01388e-25 0 2.74381e-25 0 3.72747e-25 0 5.04929e-25 0
31.8653 0.000320818 0.000128841 0.000191976 0.598397 0.789362 0 0 1.26117e-44 0 2.77844e-40 0 7.91719e-38 0 4.03579e-36 0 7.89191e-35 0 8.89489e-34 0 6.64786e-33 0 3.68123e-32 0 1.65433e-31 0 6.27047e-31 0 2.07179e-30 0 6.25313e-30 0 1.67457e-29 0 4.15202e-29 0 9.57615e-29 0 2.13223e-28 0 4.37392e-28 0 8.8462e-28 0 1.68426e-27 0 3.07421e-27 0 5.55407e-27 0 9.64507e-27 0 1.63631e-26 0 2.67568e-26 0 4.34439e-26 0 6.81227e-26 0 1.0618e-25 0 1.60111e-25 0 2.40211e-25 0 3.58588e-25 0 5.18895e-25 0 7.47722e-25 0 1.05935e-24 0 1.4952e-24 0 2.07631e-24 0 2.83801e-24 0 3.86718e-24 0 5.18989e-24 0 6.94579e-24 0 9.27047e-24 0
33.5009 0.000321918 0.000129375 0.000192542 0.59811 0.786188 0 0 2.08233e-42 0 2.80122e-38 0 6.05712e-36 0 2.54838e-34 0 4.30996e-33 0 4.31589e-32 0 2.92389e-31 0 1.4893e-30 0 6.21938e-30 0 2.20888e-29 0 6.88454e-29 0 1.96881e-28 0 5.02485e-28 0 1.19186e-27 0 2.63898e-27 0 5.65074e-27 0 1.1192e-26 0 2.18705e-26 0 4.03512e-26 0 7.15193e-26 0 1.25533e-25 0 2.12203e-25 0 3.50834e-25 0 5.60072e-25 0 8.88099e-25 0 1.36234e-24 0 2.07791e-24 0 3.07112e-24 0 4.51716e-24 0 6.61262e-24 0 9.39768e-24 0 1.33026e-23 0 1.85288e-23 0 2.57158e-23 0 3.51424e-23 0 4.73071e-23 0 6.3496e-23 0 8.39986e-23 0 1.1083e-22 0 1.45853e-22 0
35.2205 0.000323087 0.000130071 0.000193016 0.597412 0.78349 2.10195e-44 0 2.63659e-40 0 2.23044e-36 0 3.70944e-34 0 1.30022e-32 0 1.9154e-31 0 1.71397e-30 0 1.05761e-29 0 4.97539e-29 0 1.93769e-28 0 6.46897e-28 0 1.90736e-27 0 5.18182e-27 0 1.26338e-26 0 2.87291e-26 0 6.11897e-26 0 1.26242e-25 0 2.41833e-25 0 4.57363e-25 0 8.18976e-25 0 1.41157e-24 0 2.4105e-24 0 3.97162e-24 0 6.40706e-24 0 9.99729e-24 0 1.54997e-23 0 2.3285e-23 0 3.47909e-23 0 5.04488e-23 0 7.2818e-23 0 1.04632e-22 0 1.46171e-22 0 2.03426e-22 0 2.788e-22 0 3.80798e-22 0 5.12513e-22 0 6.79981e-22 0 8.99655e-22 0 1.174e-21 0 1.52818e-21 0 1.98431e-21 0
37.0284 0.00032427 0.000130753 0.000193516 0.596775 0.7806 3.24961e-42 0 2.60473e-38 0 1.41698e-34 0 1.83589e-32 0 5.40924e-31 0 6.9878e-30 0 5.61845e-29 0 3.17215e-28 0 1.38363e-27 0 5.04253e-27 0 1.58722e-26 0 4.43924e-26 0 1.14859e-25 0 2.68114e-25 0 5.85717e-25 0 1.2023e-24 0 2.39431e-24 0 4.44333e-24 0 8.14597e-24 0 1.41775e-23 0 2.37951e-23 0 3.95865e-23 0 6.3653e-23 0 1.00316e-22 0 1.53165e-22 0 2.32436e-22 0 3.42314e-22 0 5.01533e-22 0 7.14177e-22 0 1.01254e-21 0 1.4294e-21 0 1.96453e-21 0 2.69027e-21 0 3.63076e-21 0 4.88416e-21 0 6.47889e-21 0 8.47808e-21 0 1.10647e-20 0 1.42524e-20 0 1.83149e-20 0 2.34802e-20 0
38.9291 0.000325455 0.000131397 0.000194058 0.596267 0.777413 3.92998e-40 0 2.03122e-36 0 7.26055e-33 0 7.41846e-31 0 1.85296e-29 0 2.1126e-28 0 1.53424e-27 0 7.96029e-27 0 3.2312e-26 0 1.10553e-25 0 3.29038e-25 0 8.75204e-25 0 2.16177e-24 0 4.8416e-24 0 1.01809e-23 0 2.01773e-23 0 3.8853e-23 0 6.99588e-23 0 1.24516e-22 0 2.10927e-22 0 3.45175e-22 0 5.60151e-22 0 8.80048e-22 0 1.35647e-21 0 2.02875e-21 0 3.01667e-21 0 4.35955e-21 0 6.26928e-21 0 8.77463e-21 0 1.22302e-20 0 1.69771e-20 0 2.29734e-20 0 3.09811e-20 0 4.12042e-20 0 5.46318e-20 0 7.14768e-20 0 9.23123e-20 0 1.1892e-19 0 1.51299e-19 0 1.92059e-19 0 2.43257e-19 0
40.9273 0.000326652 0.00013201 0.000194642 0.59587 0.773953 3.71536e-38 0 1.26492e-34 0 3.03246e-31 0 2.47193e-29 0 5.27659e-28 0 5.34196e-27 0 3.52157e-26 0 1.68601e-25 0 6.39128e-25 0 2.05927e-24 0 5.81115e-24 0 1.47361e-23 0 3.48263e-23 0 7.49878e-23 0 1.52065e-22 0 2.91474e-22 0 5.43586e-22 0 9.51077e-22 0 1.64578e-21 0 2.71709e-21 0 4.34078e-21 0 6.87967e-21 0 1.05728e-20 0 1.59559e-20 0 2.33992e-20 0 3.41263e-20 0 4.8439e-20 0 6.84334e-20 0 9.42215e-20 0 1.29215e-19 0 1.76518e-19 0 2.35363e-19 0 3.12802e-19 0 4.10268e-19 0 5.36525e-19 0 6.92805e-19 0 8.83652e-19 0 1.12437e-18 0 1.41378e-18 0 1.77387e-18 0 2.22096e-18 0
43.0281 0.000327858 0.000132739 0.000195119 0.595132 0.770785 2.78174e-36 0 6.36694e-33 0 1.04388e-29 0 6.86397e-28 0 1.2618e-26 0 1.14091e-25 0 6.85961e-25 0 3.0424e-24 0 1.08066e-23 0 3.28857e-23 0 8.8218e-23 0 2.13769e-22 0 4.84435e-22 0 1.00474e-21 0 1.96835e-21 0 3.65492e-21 0 6.61197e-21 0 1.12568e-20 0 1.89647e-20 0 3.05525e-20 0 4.77063e-20 0 7.39284e-20 0 1.11256e-19 0 1.64561e-19 0 2.36858e-19 0 3.39137e-19 0 4.7321e-19 0 6.57355e-19 0 8.91049e-19 0 1.20328e-18 0 1.61893e-18 0 2.12852e-18 0 2.78983e-18 0 3.61097e-18 0 4.66077e-18 0 5.94372e-18 0 7.49151e-18 0 9.42079e-18 0 1.1714e-17 0 1.45356e-17 0 1.80006e-17 0
45.2368 0.000329087 0.000133502 0.000195585 0.594325 0.767525 1.66734e-34 0 2.61583e-31 0 2.98795e-28 0 1.60155e-26 0 2.55401e-25 0 2.07394e-24 0 1.14237e-23 0 4.71127e-23 0 1.57302e-22 0 4.53372e-22 0 1.15899e-21 0 2.68969e-21 0 5.8566e-21 0 1.17219e-20 0 2.22221e-20 0 4.00348e-20 0 7.03592e-20 0 1.16714e-19 0 1.91687e-19 0 3.01705e-19 0 4.6096e-19 0 6.99215e-19 0 1.03146e-18 0 1.49678e-18 0 2.11641e-18 0 2.97765e-18 0 4.0878e-18 0 5.58812e-18 0 7.46307e-18 0 9.93148e-18 0 1.31699e-17 0 1.70856e-17 0 2.21e-17 0 2.82468e-17 0 3.60074e-17 0 4.5377e-17 0 5.65509e-17 0 7.03232e-17 0 8.6516e-17 0 1.06231e-16 0 1.30187e-16 0
47.5588 0.000330351 0.000134379 0.000195972 0.593225 0.764485 8.093e-33 0 8.86488e-30 0 7.18032e-27 0 3.16873e-25 0 4.41415e-24 0 3.23602e-23 0 1.64e-22 0 6.31149e-22 0 1.98685e-21 0 5.43799e-21 0 1.3279e-20 0 2.95756e-20 0 6.19979e-20 0 1.19954e-19 0 2.20415e-19 0 3.85844e-19 0 6.59688e-19 0 1.0676e-18 0 1.71143e-18 0 2.6347e-18 0 3.94297e-18 0 5.86052e-18 0 8.48274e-18 0 1.20877e-17 0 1.68051e-17 0 2.32528e-17 0 3.14321e-17 0 4.23175e-17 0 5.57233e-17 0 7.31265e-17 0 9.56446e-17 0 1.22514e-16 0 1.56492e-16 0 1.97636e-16 0 2.48966e-16 0 3.10228e-16 0 3.82487e-16 0 4.70603e-16 0 5.73137e-16 0 6.9672e-16 0 8.45407e-16 0
50 0.000331644 0.000135262 0.000196381 0.592145 0.761203 3.21148e-31 0 2.49957e-28 0 1.45993e-25 0 5.35515e-24 0 6.55966e-23 0 4.36319e-22 0 2.04279e-21 0 7.36099e-21 0 2.19105e-20 0 5.70923e-20 0 1.33466e-19 0 2.85866e-19 0 5.77978e-19 0 1.08282e-18 0 1.93144e-18 0 3.28987e-18 0 5.4794e-18 0 8.66157e-18 0 1.35687e-17 0 2.04533e-17 0 3.00128e-17 0 4.37539e-17 0 6.21978e-17 0 8.71113e-17 0 1.19175e-16 0 1.62305e-16 0 2.16192e-16 0 2.86867e-16 0 3.72703e-16 0 4.82655e-16 0 6.23061e-16 0 7.8851e-16 0 9.95229e-16 0 1.24264e-15 0 1.54784e-15 0 1.9081e-15 0 2.32861e-15 0 2.83621e-15 0 3.42108e-15 0 4.1193e-15 0 4.95141e-15 0
52.5665 0.000332968 0.000136237 0.000196731 0.590842 0.758006 1.05284e-29 0 5.92058e-27 0 2.53373e-24 0 7.79503e-23 0 8.44891e-22 0 5.12325e-21 0 2.2245e-20 0 7.52945e-20 0 2.12496e-19 0 5.28407e-19 0 1.18511e-18 0 2.44566e-18 0 4.77769e-18 0 8.6806e-18 0 1.50523e-17 0 2.4981e-17 0 4.05832e-17 0 6.27337e-17 0 9.61447e-17 0 1.42052e-16 0 2.04579e-16 0 2.92804e-16 0 4.09145e-16 0 5.63681e-16 0 7.59446e-16 0 1.01882e-15 0 1.33821e-15 0 1.75133e-15 0 2.24646e-15 0 2.87271e-15 0 3.66244e-15 0 4.58199e-15 0 5.71785e-15 0 7.06234e-15 0 8.70304e-15 0 1.06196e-14 0 1.28346e-14 0 1.54826e-14 0 1.85051e-14 0 2.20807e-14 0 2.63037e-14 0
55.2648 0.000334365 0.000137307 0.000197058 0.589349 0.754834 2.87833e-28 0 1.18816e-25 0 3.78266e-23 0 9.84466e-22 0 9.49842e-21 0 5.27448e-20 0 2.13173e-19 0 6.79844e-19 0 1.82388e-18 0 4.3381e-18 0 9.35321e-18 0 1.86311e-17 0 3.52258e-17 0 6.21629e-17 0 1.04933e-16 0 1.69894e-16 0 2.69541e-16 0 4.07891e-16 0 6.12232e-16 0 8.87485e-16 0 1.25557e-15 0 1.76585e-15 0 2.4275e-15 0 3.29247e-15 0 4.37184e-15 0 5.78142e-15 0 7.49341e-15 0 9.67874e-15 0 1.22651e-14 0 1.54971e-14 0 1.95244e-14 0 2.41608e-14 0 2.9826e-14 0 3.64613e-14 0 4.4476e-14 0 5.37457e-14 0 6.43576e-14 0 7.69278e-14 0 9.11487e-14 0 1.07827e-13 0 1.27356e-13 0
58.1015 0.000335778 0.00013843 0.000197348 0.587734 0.751513 6.61856e-27 0 2.03605e-24 0 4.89223e-22 0 1.08594e-20 0 9.37975e-20 0 4.79036e-19 0 1.80845e-18 0 5.44994e-18 0 1.39333e-17 0 3.17676e-17 0 6.59713e-17 0 1.27064e-16 0 2.32883e-16 0 3.99728e-16 0 6.57726e-16 0 1.04014e-15 0 1.61344e-15 0 2.3927e-15 0 3.52086e-15 0 5.01211e-15 0 6.97176e-15 0 9.64328e-15 0 1.30522e-14 0 1.74415e-14 0 2.28409e-14 0 2.9796e-14 0 3.81331e-14 0 4.86425e-14 0 6.0932e-14 0 7.61141e-14 0 9.48191e-14 0 1.16121e-13 0 1.41882e-13 0 1.71754e-13 0 2.07485e-13 0 2.48422e-13 0 2.94866e-13 0 3.49402e-13 0 4.10579e-13 0 4.81736e-13 0 5.64381e-13 0
61.0839 0.000337265 0.000139636 0.000197629 0.585976 0.748201 1.29123e-25 0 3.00298e-23 0 5.52122e-21 0 1.05342e-19 0 8.18973e-19 0 3.86252e-18 0 1.3666e-17 0 3.90243e-17 0 9.53003e-17 0 2.08712e-16 0 4.18238e-16 0 7.80174e-16 0 1.38823e-15 0 2.32077e-15 0 3.72695e-15 0 5.76344e-15 0 8.75053e-15 0 1.27296e-14 0 1.83816e-14 0 2.57198e-14 0 3.5204e-14 0 4.79287e-14 0 6.39199e-14 0 8.42148e-14 0 1.08843e-13 0 1.40155e-13 0 1.77224e-13 0 2.23395e-13 0 2.76775e-13 0 3.42002e-13 0 4.21503e-13 0 5.11115e-13 0 6.18425e-13 0 7.41675e-13 0 8.87741e-13 0 1.05359e-12 0 1.24015e-12 0 1.45739e-12 0 1.69912e-12 0 1.9781e-12 0 2.29961e-12 0
64.2193 0.000338832 0.000140958 0.000197873 0.583988 0.744805 2.15502e-24 0 3.84111e-22 0 5.47492e-20 0 9.04528e-19 0 6.36215e-18 0 2.78174e-17 0 9.25322e-17 0 2.51038e-16 0 5.86903e-16 0 1.23708e-15 0 2.39627e-15 0 4.33593e-15 0 7.50124e-15 0 1.22295e-14 0 1.91905e-14 0 2.90516e-14 0 4.32184e-14 0 6.17305e-14 0 8.75546e-14 0 1.20515e-13 0 1.62446e-13 0 2.17856e-13 0 2.86487e-13 0 3.72401e-13 0 4.75317e-13 0 6.04546e-13 0 7.55732e-13 0 9.41911e-13 0 1.15484e-12 0 1.41233e-12 0 1.72296e-12 0 2.06969e-12 0 2.48103e-12 0 2.94921e-12 0 3.49918e-12 0 4.11833e-12 0 4.80911e-12 0 5.60717e-12 0 6.48843e-12 0 7.4979e-12 0 8.65272e-12 0
67.5157 0.000340395 0.000142308 0.000198087 0.581932 0.741167 3.09853e-23 0 4.28801e-21 0 4.7975e-19 0 6.91176e-18 0 4.41985e-17 0 1.7982e-16 0 5.64066e-16 0 1.45752e-15 0 3.26914e-15 0 6.64437e-15 0 1.24615e-14 0 2.19051e-14 0 3.68954e-14 0 5.87332e-14 0 9.01586e-14 0 1.33752e-13 0 1.95153e-13 0 2.73935e-13 0 3.81958e-13 0 5.1761e-13 0 6.87607e-13 0 9.0903e-13 0 1.17952e-12 0 1.51374e-12 0 1.90919e-12 0 2.39992e-12 0 2.96757e-12 0 3.6591e-12 0 4.44184e-12 0 5.3791e-12 0 6.49881e-12 0 7.73708e-12 0 9.19306e-12 0 1.0836e-11 0 1.27498e-11 0 1.48868e-11 0 1.72528e-11 0 1.99656e-11 0 2.29394e-11 0 2.63219e-11 0 3.01642e-11 0
70.9813 0.000342086 0.000143762 0.000198323 0.579747 0.737516 3.86816e-22 0 4.20793e-20 0 3.73937e-18 0 4.72941e-17 0 2.76238e-16 0 1.04944e-15 0 3.11321e-15 0 7.68004e-15 0 1.65598e-14 0 3.25115e-14 0 5.91316e-14 0 1.01119e-13 0 1.66037e-13 0 2.58379e-13 0 3.88413e-13 0 5.65227e-13 0 8.09633e-13 0 1.11782e-12 0 1.53352e-12 0 2.04754e-12 0 2.68255e-12 0 3.49838e-12 0 4.482e-12 0 5.68233e-12 0 7.08603e-12 0 8.80845e-12 0 1.07796e-11 0 1.31563e-11 0 1.58202e-11 0 1.89802e-11 0 2.27203e-11 0 2.682e-11 0 3.15999e-11 0 3.69494e-11 0 4.31314e-11 0 4.99813e-11 0 5.75091e-11 0 6.6079e-11 0 7.54084e-11 0 8.59483e-11 0 9.78416e-11 0
74.6248 0.000343899 0.000145373 0.000198526 0.577279 0.73383 4.22339e-21 0 3.6542e-19 0 2.60842e-17 0 2.91461e-16 0 1.56183e-15 0 5.55914e-15 0 1.56387e-14 0 3.69155e-14 0 7.66668e-14 0 1.45641e-13 0 2.57267e-13 0 4.28568e-13 0 6.86875e-13 0 1.04605e-12 0 1.54151e-12 0 2.20252e-12 0 3.10003e-12 0 4.21316e-12 0 5.69146e-12 0 7.49267e-12 0 9.68778e-12 0 1.24713e-11 0 1.57857e-11 0 1.97828e-11 0 2.44052e-11 0 3.00169e-11 0 3.63736e-11 0 4.39636e-11 0 5.23916e-11 0 6.23e-11 0 7.39245e-11 0 8.65597e-11 0 1.01173e-10 0 1.17401e-10 0 1.36012e-10 0 1.56482e-10 0 1.78821e-10 0 2.0408e-10 0 2.31396e-10 0 2.62059e-10 0 2.96441e-10 0
78.4553 0.00034571 0.000146986 0.000198725 0.574829 0.72974 4.05516e-20 0 2.82202e-18 0 1.63548e-16 0 1.62432e-15 0 8.01918e-15 0 2.68277e-14 0 7.17539e-14 0 1.62421e-13 0 3.25495e-13 0 5.9926e-13 0 1.02956e-12 0 1.67288e-12 0 2.62011e-12 0 3.90911e-12 0 5.6526e-12 0 7.93699e-12 0 1.09864e-11 0 1.47093e-11 0 1.95807e-11 0 2.54338e-11 0 3.24752e-11 0 4.12937e-11 0 5.167e-11 0 6.40436e-11 0 7.82022e-11 0 9.52167e-11 0 1.14304e-10 0 1.36883e-10 0 1.61733e-10 0 1.90701e-10 0 2.24401e-10 0 2.60739e-10 0 3.02446e-10 0 3.48417e-10 0 4.00761e-10 0 4.57932e-10 0 5.19907e-10 0 5.89529e-10 0 6.64351e-10 0 7.47829e-10 0 8.40866e-10 0
82.4824 0.000347577 0.000148643 0.000198934 0.572345 0.725356 3.44667e-19 0 1.9498e-17 0 9.2682e-16 0 8.22892e-15 0 3.75788e-14 0 1.1852e-13 0 3.02129e-13 0 6.57152e-13 0 1.273e-12 0 2.27487e-12 0 3.80642e-12 0 6.04003e-12 0 9.25509e-12 0 1.35411e-11 0 1.92312e-11 0 2.65592e-11 0 3.61843e-11 0 4.77605e-11 0 6.26962e-11 0 8.04041e-11 0 1.01446e-10 0 1.2749e-10 0 1.57789e-10 0 1.93536e-10 0 2.34029e-10 0 2.82221e-10 0 3.35787e-10 0 3.98592e-10 0 4.67134e-10 0 5.46388e-10 0 6.37857e-10 0 7.35737e-10 0 8.47262e-10 0 9.69323e-10 0 1.10735e-09 0 1.25711e-09 0 1.41843e-09 0 1.59854e-09 0 1.79094e-09 0 2.00436e-09 0 2.24086e-09 0
86.7162 0.000349547 0.000150541 0.000199007 0.569327 0.720754 2.61206e-18 0 1.21341e-16 0 4.77676e-15 0 3.81223e-14 0 1.6165e-13 0 4.82022e-13 0 1.17389e-12 0 2.45823e-12 0 4.61068e-12 0 8.0091e-12 0 1.30686e-11 0 2.0275e-11 0 3.04266e-11 0 4.36976e-11 0 6.10056e-11 0 8.29344e-11 0 1.11296e-10 0 1.44926e-10 0 1.87736e-10 0 2.37854e-10 0 2.96714e-10 0 3.6875e-10 0 4.5166e-10 0 5.48488e-10 0 6.57123e-10 0 7.85229e-10 0 9.26372e-10 0 1.09047e-09 0 1.26813e-09 0 1.47197e-09 0 1.70546e-09 0 1.9535e-09 0 2.23416e-09 0 2.53929e-09 0 2.88209e-09 0 3.25166e-09 0 3.64736e-09 0 4.08657e-09 0 4.5531e-09 0 5.06775e-09 0 5.63493e-09 0
91.1674 0.000351253 0.000152476 0.000198776 0.565907 0.71515 1.77267e-17 0 6.82747e-16 0 2.2465e-14 0 1.61998e-13 0 6.40138e-13 0 1.80967e-12 0 4.21973e-12 0 8.52332e-12 0 1.5503e-11 0 2.62135e-11 0 4.17626e-11 0 6.34172e-11 0 9.33023e-11 0 1.3165e-10 0 1.80825e-10 0 2.42165e-10 0 3.20348e-10 0 4.118e-10 0 5.26746e-10 0 6.597e-10 0 8.14116e-10 0 1.00109e-09 0 1.21409e-09 0 1.46045e-09 0 1.73434e-09 0 2.05451e-09 0 2.40432e-09 0 2.80779e-09 0 3.24125e-09 0 3.73498e-09 0 4.29642e-09 0 4.88877e-09 0 5.55463e-09 0 6.27391e-09 0 7.07698e-09 0 7.93758e-09 0 8.85373e-09 0 9.86497e-09 0 1.09333e-08 0 1.21057e-08 0 1.3391e-08 0
95.847 0.000352934 0.000154189 0.000198745 0.563122 0.708466 1.08127e-16 0 3.48456e-15 0 9.66753e-14 0 6.33035e-13 0 2.33914e-12 0 6.28558e-12 0 1.4063e-11 0 2.74471e-11 0 4.84862e-11 0 7.99081e-11 0 1.24445e-10 0 1.85157e-10 0 2.67324e-10 0 3.70908e-10 0 5.01619e-10 0 6.62269e-10 0 8.64194e-10 0 1.09737e-09 0 1.3869e-09 0 1.71798e-09 0 2.09845e-09 0 2.55447e-09 0 3.06895e-09 0 3.65855e-09 0 4.30836e-09 0 5.06166e-09 0 5.87818e-09 0 6.81279e-09 0 7.8096e-09 0 8.93714e-09 0 1.02105e-08 0 1.15452e-08 0 1.30362e-08 0 1.4637e-08 0 1.64137e-08 0 1.83068e-08 0 2.03112e-08 0 2.25119e-08 0 2.48249e-08 0 2.73505e-08 0 3.01057e-08 0
100.767 0.000355796 0.000156164 0.000199633 0.561087 0.703401 5.97724e-16 0 1.62584e-14 0 3.83517e-13 0 2.29114e-12 0 7.94265e-12 0 2.03374e-11 0 4.37476e-11 0 8.26403e-11 0 1.41987e-10 0 2.28364e-10 0 3.48034e-10 0 5.07876e-10 0 7.20226e-10 0 9.83452e-10 0 1.31057e-09 0 1.70698e-09 0 2.19868e-09 0 2.75955e-09 0 3.448e-09 0 4.22669e-09 0 5.11257e-09 0 6.16411e-09 0 7.33954e-09 0 8.67484e-09 0 1.01344e-08 0 1.18131e-08 0 1.36189e-08 0 1.56709e-08 0 1.78445e-08 0 2.02868e-08 0 2.3027e-08 0 2.58814e-08 0 2.9051e-08 0 3.24344e-08 0 3.61686e-08 0 4.01258e-08 0 4.42938e-08 0 4.8847e-08 0 5.36093e-08 0 5.87845e-08 0 6.44038e-08 0
105.939 0.000359481 0.000158325 0.000201156 0.559573 0.700163 3.00762e-15 0 6.96239e-14 0 1.40748e-12 0 7.70565e-12 0 2.51398e-11 0 6.14831e-11 0 1.27401e-10 0 2.33305e-10 0 3.90394e-10 0 6.13488e-10 0 9.15937e-10 0 1.31216e-09 0 1.82933e-09 0 2.4602e-09 0 3.23287e-09 0 4.15675e-09 0 5.28836e-09 0 6.56414e-09 0 8.11306e-09 0 9.84693e-09 0 1.18006e-08 0 1.40984e-08 0 1.66444e-08 0 1.95126e-08 0 2.26233e-08 0 2.6174e-08 0 2.99662e-08 0 3.4246e-08 0 3.87493e-08 0 4.37778e-08 0 4.93847e-08 0 5.51904e-08 0 6.16009e-08 0 6.84062e-08 0 7.58773e-08 0 8.37533e-08 0 9.2008e-08 0 1.00982e-07 0 1.10325e-07 0 1.20433e-07 0 1.31358e-07 0
111.377 0.000363037 0.00016043 0.000202607 0.558088 0.697524 1.38175e-14 0 2.74374e-13 0 4.78939e-12 0 2.41322e-11 0 7.43149e-11 0 1.73983e-10 0 3.47916e-10 0 6.18581e-10 0 1.00939e-09 0 1.5516e-09 0 2.27164e-09 0 3.19772e-09 0 4.38631e-09 0 5.81427e-09 0 7.53914e-09 0 9.5754e-09 0 1.20398e-08 0 1.47875e-08 0 1.80887e-08 0 2.17479e-08 0 2.58335e-08 0 3.05968e-08 0 3.58305e-08 0 4.16803e-08 0 4.79771e-08 0 5.51133e-08 0 6.26831e-08 0 7.117e-08 0 8.00446e-08 0 8.98948e-08 0 1.00813e-07 0 1.12055e-07 0 1.24401e-07 0 1.3744e-07 0 1.51681e-07 0 1.6662e-07 0 1.82204e-07 0 1.99069e-07 0 2.1655e-07 0 2.35379e-07 0 2.55646e-07 0
117.094 0.000365938 0.000163108 0.00020283 0.554274 0.693307 5.84433e-14 0 1.00295e-12 0 1.52258e-11 0 7.08933e-11 0 2.0665e-10 0 4.64118e-10 0 8.97227e-10 0 1.55104e-09 0 2.47117e-09 0 3.71967e-09 0 5.34543e-09 0 7.40001e-09 0 9.99515e-09 0 1.3068e-08 0 1.67312e-08 0 2.10036e-08 0 2.61155e-08 0 3.17552e-08 0 3.84642e-08 0 4.5831e-08 0 5.39852e-08 0 6.34132e-08 0 7.369e-08 0 8.50902e-08 0 9.72745e-08 0 1.10989e-07 0 1.25443e-07 0 1.41547e-07 0 1.58286e-07 0 1.76761e-07 0 1.97123e-07 0 2.17977e-07 0 2.40762e-07 0 2.64704e-07 0 2.90729e-07 0 3.17902e-07 0 3.46121e-07 0 3.76528e-07 0 4.07911e-07 0 4.41579e-07 0 4.7767e-07 0
123.105 0.000366142 0.000166052 0.00020009 0.546483 0.684995 2.28077e-13 0 3.40683e-12 0 4.52871e-11 0 1.95607e-10 0 5.41165e-10 0 1.16833e-09 0 2.18707e-09 0 3.6811e-09 0 5.73299e-09 0 8.45888e-09 0 1.19427e-08 0 1.62725e-08 0 2.1659e-08 0 2.79495e-08 0 3.53551e-08 0 4.38931e-08 0 5.39986e-08 0 6.50358e-08 0 7.80423e-08 0 9.21971e-08 0 1.07736e-07 0 1.2556e-07 0 1.44843e-07 0 1.6608e-07 0 1.88625e-07 0 2.13838e-07 0 2.40245e-07 0 2.69493e-07 0 2.99723e-07 0 3.32906e-07 0 3.69285e-07 0 4.06352e-07 0 4.46654e-07 0 4.88804e-07 0 5.34409e-07 0 5.81814e-07 0 6.30834e-07 0 6.83438e-07 0 7.37514e-07 0 7.953e-07 0 8.57009e-07 0
129.424 0.00036179 0.000168051 0.000193739 0.535501 0.669044 8.1858e-13 0 1.07151e-11 0 1.25534e-10 0 5.04834e-10 0 1.32897e-09 0 2.76334e-09 0 5.01691e-09 0 8.23209e-09 0 1.25464e-08 0 1.81637e-08 0 2.52162e-08 0 3.38433e-08 0 4.44215e-08 0 5.66138e-08 0 7.07973e-08 0 8.69708e-08 0 1.05917e-07 0 1.26413e-07 0 1.5035e-07 0 1.7618e-07 0 2.04314e-07 0 2.36344e-07 0 2.70744e-07 0 3.08374e-07 0 3.48066e-07 0 3.92181e-07 0 4.38114e-07 0 4.88702e-07 0 5.40708e-07 0 5.975e-07 0 6.59446e-07 0 7.22256e-07 0 7.90233e-07 0 8.61006e-07 0 9.37247e-07 0 1.01616e-06 0 1.09743e-06 0 1.1843e-06 0 1.27327e-06 0 1.36798e-06 0 1.46876e-06 0
136.067 0.000360232 0.000170476 0.000189756 0.526762 0.640867 2.7347e-12 0 3.15728e-11 0 3.28017e-10 0 1.23247e-09 0 3.0947e-09 0 6.2089e-09 0 1.09489e-08 0 1.75366e-08 0 2.6183e-08 0 3.7227e-08 0 5.08601e-08 0 6.7287e-08 0 8.71533e-08 0 1.09767e-07 0 1.35776e-07 0 1.65127e-07 0 1.99174e-07 0 2.35672e-07 0 2.77935e-07 0 3.23172e-07 0 3.72078e-07 0 4.27357e-07 0 4.86323e-07 0 5.50408e-07 0 6.1759e-07 0 6.91825e-07 0 7.68684e-07 0 8.5288e-07 0 9.38992e-07 0 1.03257e-06 0 1.13415e-06 0 1.23666e-06 0 1.34713e-06 0 1.46164e-06 0 1.58449e-06 0 1.71113e-06 0 1.84106e-06 0 1.97942e-06 0 2.1206e-06 0 2.27038e-06 0 2.42919e-06 0
143.051 0.000366079 0.000173723 0.000192356 0.525449 0.620508 8.55379e-12 0 8.76377e-11 0 8.12158e-10 0 2.86056e-09 0 6.86708e-09 0 1.33169e-08 0 2.28419e-08 0 3.57534e-08 0 5.23472e-08 0 7.31593e-08 0 9.84402e-08 0 1.28467e-07 0 1.64308e-07 0 2.04623e-07 0 2.50495e-07 0 3.01747e-07 0 3.60647e-07 0 4.23243e-07 0 4.95139e-07 0 5.71506e-07 0 6.5348e-07 0 7.45509e-07 0 8.43035e-07 0 9.48377e-07 0 1.05817e-06 0 1.17881e-06 0 1.30305e-06 0 1.43846e-06 0 1.57627e-06 0 1.72534e-06 0 1.8864e-06 0 2.04825e-06 0 2.22191e-06 0 2.4012e-06 0 2.59278e-06 0 2.78952e-06 0 2.99062e-06 0 3.20402e-06 0 3.42102e-06 0 3.65046e-06 0 3.89293e-06 0
150.394 0.000371683 0.000176382 0.000195301 0.525451 0.617027 2.49297e-11 0 2.27988e-10 0 1.89518e-09 0 6.27718e-09 0 1.44383e-08 0 2.71085e-08 0 4.5289e-08 0 6.9355e-08 0 9.96711e-08 0 1.3704e-07 0 1.81743e-07 0 2.34116e-07 0 2.95856e-07 0 3.64522e-07 0 4.41855e-07 0 5.27444e-07 0 6.24935e-07 0 7.27694e-07 0 8.44811e-07 0 9.68304e-07 0 1.09997e-06 0 1.24683e-06 0 1.4015e-06 0 1.56759e-06 0 1.73974e-06 0 1.92789e-06 0 2.12068e-06 0 2.32979e-06 0 2.54162e-06 0 2.76973e-06 0 3.01512e-06 0 3.26068e-06 0 3.5231e-06 0 3.79299e-06 0 4.0803e-06 0 4.37426e-06 0 4.6737e-06 0 4.99037e-06 0 5.31133e-06 0 5.64963e-06 0 6.006e-06 0
158.114 0.000380877 0.000175709 0.000205168 0.538672 0.599083 6.68895e-11 0 5.49064e-10 0 4.11582e-09 0 1.28581e-08 0 2.83965e-08 0 5.17007e-08 0 8.42368e-08 0 1.26343e-07 0 1.78382e-07 0 2.41479e-07 0 3.15865e-07 0 4.0189e-07 0 5.02104e-07 0 6.12366e-07 0 7.35338e-07 0 8.70221e-07 0 1.02257e-06 0 1.18189e-06 0 1.36215e-06 0 1.5509e-06 0 1.75085e-06 0 1.97251e-06 0 2.20458e-06 0 2.45239e-06 0 2.70789e-06 0 2.98574e-06 0 3.26908e-06 0 3.57496e-06 0 3.88347e-06 0 4.21429e-06 0 4.5687e-06 0 4.92193e-06 0 5.29799e-06 0 5.68333e-06 0 6.09206e-06 0 6.50881e-06 0 6.93193e-06 0 7.37797e-06 0 7.82862e-06 0 8.30218e-06 0 8.79955e-06 0
166.23 0.000396172 0.000169224 0.000226948 0.572852 0.572452 1.63307e-10 0 1.20957e-09 0 8.21774e-09 0 2.42839e-08 0 5.15951e-08 0 9.12292e-08 0 1.4514e-07 0 2.13423e-07 0 2.96298e-07 0 3.95216e-07 0 5.10227e-07 0 6.41596e-07 0 7.92916e-07 0 9.57713e-07 0 1.13981e-06 0 1.33784e-06 0 1.55971e-06 0 1.79003e-06 0 2.04878e-06 0 2.31795e-06 0 2.60135e-06 0 2.91367e-06 0 3.23883e-06 0 3.58421e-06 0 3.93853e-06 0 4.322e-06 0 4.71123e-06 0 5.12961e-06 0 5.54981e-06 0 5.99859e-06 0 6.47746e-06 0 6.95294e-06 0 7.45733e-06 0 7.97235e-06 0 8.51678e-06 0 9.07006e-06 0 9.63002e-06 0 1.02185e-05 0 1.08113e-05 0 1.14325e-05 0 1.2083e-05 0
174.763 0.000415804 0.000168577 0.000247227 0.594576 0.583457 3.89308e-10 0 2.61494e-09 0 1.61791e-08 0 4.53466e-08 0 9.28658e-08 0 1.59697e-07 0 2.48373e-07 0 3.58411e-07 0 4.89681e-07 0 6.44036e-07 0 8.21152e-07 0 1.02109e-06 0 1.24893e-06 0 1.49466e-06 0 1.76379e-06 0 2.05411e-06 0 2.3769e-06 0 2.70961e-06 0 3.08092e-06 0 3.46473e-06 0 3.86651e-06 0 4.30682e-06 0 4.76279e-06 0 5.24467e-06 0 5.73667e-06 0 6.26672e-06 0 6.8024e-06 0 7.37577e-06 0 7.94936e-06 0 8.55962e-06 0 9.20835e-06 0 9.85017e-06 0 1.05287e-05 0 1.12192e-05 0 1.19467e-05 0 1.26838e-05 0 1.34275e-05 0 1.42069e-05 0 1.49898e-05 0 1.58078e-05 0 1.66622e-05 0
183.733 0.000429413 0.000175781 0.000253632 0.590649 0.614001 9.19617e-10 0 5.62846e-09 0 3.18595e-08 0 8.49133e-08 0 1.67914e-07 0 2.81211e-07 0 4.28032e-07 0 6.06704e-07 0 8.16378e-07 0 1.05945e-06 0 1.33487e-06 0 1.64233e-06 0 1.98914e-06 0 2.35972e-06 0 2.76219e-06 0 3.193e-06 0 3.66852e-06 0 4.15536e-06 0 4.69526e-06 0 5.25001e-06 0 5.82751e-06 0 6.45705e-06 0 7.10568e-06 0 7.78787e-06 0 8.48123e-06 0 9.22499e-06 0 9.97352e-06 0 1.07715e-05 0 1.15669e-05 0 1.24099e-05 0 1.33029e-05 0 1.41834e-05 0 1.51112e-05 0 1.60524e-05 0 1.7041e-05 0 1.80396e-05 0 1.90443e-05 0 2.00942e-05 0 2.11461e-05 0 2.22424e-05 0 2.33844e-05 0
193.164 0.000420627 0.000174008 0.000246619 0.586313 0.596981 1.9575e-09 0 1.09666e-08 0 5.70378e-08 0 1.44915e-07 0 2.77183e-07 0 4.52667e-07 0 6.75017e-07 0 9.40629e-07 0 1.24749e-06 0 1.59845e-06 0 1.99141e-06 0 2.42542e-06 0 2.91024e-06 0 3.42375e-06 0 3.97701e-06 0 4.56487e-06 0 5.20928e-06 0 5.8648e-06 0 6.5874e-06 0 7.32566e-06 0 8.09015e-06 0 8.91934e-06 0 9.76955e-06 0 1.06597e-05 0 1.15605e-05 0 1.25228e-05 0 1.34874e-05 0 1.4512e-05 0 1.55294e-05 0 1.66042e-05 0 1.77387e-05 0 1.88537e-05 0 2.00249e-05 0 2.12095e-05 0 2.24502e-05 0 2.36997e-05 0 2.49536e-05 0 2.62604e-05 0 2.75663e-05 0 2.8924e-05 0 3.03349e-05 0
203.079 0.000403304 0.000167106 0.000236198 0.585657 0.545057 3.84661e-09 0 1.98111e-08 0 9.50689e-08 0 2.30791e-07 0 4.27682e-07 0 6.81918e-07 0 9.97232e-07 0 1.3673e-06 0 1.78854e-06 0 2.26414e-06 0 2.79064e-06 0 3.36626e-06 0 4.00338e-06 0 4.67256e-06 0 5.38807e-06 0 6.14302e-06 0 6.96516e-06 0 7.7964e-06 0 8.70746e-06 0 9.63324e-06 0 1.05871e-05 0 1.16168e-05 0 1.26677e-05 0 1.37632e-05 0 1.48672e-05 0 1.6042e-05 0 1.72153e-05 0 1.8457e-05 0 1.96857e-05 0 2.09795e-05 0 2.23408e-05 0 2.36746e-05 0 2.50714e-05 0 2.64801e-05 0 2.79514e-05 0 2.94293e-05 0 3.09084e-05 0 3.24462e-05 0 3.39792e-05 0 3.55691e-05 0 3.72175e-05 0
213.503 0.000381301 0.000162587 0.000218714 0.573599 0.514973 7.30533e-09 0 3.47309e-08 0 1.5438e-07 0 3.58892e-07 0 6.45336e-07 0 1.00579e-06 0 1.44381e-06 0 1.94933e-06 0 2.51667e-06 0 3.14942e-06 0 3.84237e-06 0 4.59269e-06 0 5.4159e-06 0 6.27367e-06 0 7.18422e-06 0 8.13857e-06 0 9.17138e-06 0 1.02096e-05 0 1.13413e-05 0 1.24853e-05 0 1.36585e-05 0 1.49192e-05 0 1.62002e-05 0 1.753e-05 0 1.88651e-05 0 2.02804e-05 0 2.16888e-05 0 2.31743e-05 0 2.46394e-05 0 2.61773e-05 0 2.77905e-05 0 2.93664e-05 0 3.10122e-05 0 3.26674e-05 0 3.43917e-05 0 3.61191e-05 0 3.78438e-05 0 3.96327e-05 0 4.14118e-05 0 4.32529e-05 0 4.51575e-05 0
224.463 0.000346179 0.000163902 0.000182277 0.526539 0.500565 1.3744e-08 0 6.05524e-08 0 2.5025e-07 0 5.58291e-07 0 9.75533e-07 0 1.48783e-06 0 2.09842e-06 0 2.79192e-06 0 3.55981e-06 0 4.40632e-06 0 5.32388e-06 0 6.30833e-06 0 7.37943e-06 0 8.48705e-06 0 9.65477e-06 0 1.08709e-05 0 1.21792e-05 0 1.34871e-05 0 1.49055e-05 0 1.63323e-05 0 1.77888e-05 0 1.93471e-05 0 2.09241e-05 0 2.25547e-05 0 2.41857e-05 0 2.59085e-05 0 2.76172e-05 0 2.94134e-05 0 3.11796e-05 0 3.3028e-05 0 3.49612e-05 0 3.68444e-05 0 3.88059e-05 0 4.07736e-05 0 4.28182e-05 0 4.48615e-05 0 4.68968e-05 0 4.90031e-05 0 5.10932e-05 0 5.32517e-05 0 5.54799e-05 0
235.984 0.000320042 0.000179229 0.000140813 0.439982 0.44522 2.68769e-08 0 1.10142e-07 0 4.24727e-07 0 9.11132e-07 0 1.54928e-06 0 2.31468e-06 0 3.21025e-06 0 4.21207e-06 0 5.30723e-06 0 6.50123e-06 0 7.78282e-06 0 9.1459e-06 0 1.06172e-05 0 1.21277e-05 0 1.37098e-05 0 1.53476e-05 0 1.70996e-05 0 1.88419e-05 0 2.0722e-05 0 2.26046e-05 0 2.45181e-05 0 2.65568e-05 0 2.86118e-05 0 3.07288e-05 0 3.28388e-05 0 3.50602e-05 0 3.72561e-05 0 3.95575e-05 0 4.18137e-05 0 4.41683e-05 0 4.66241e-05 0 4.90099e-05 0 5.14887e-05 0 5.39692e-05 0 5.65403e-05 0 5.9104e-05 0 6.1652e-05 0 6.42831e-05 0 6.68887e-05 0 6.9574e-05 0 7.23405e-05 0
248.097 0.000342542 0.000205194 0.000137348 0.400966 0.314207 5.28374e-08 0 2.02119e-07 0 7.29702e-07 0 1.50811e-06 0 2.49877e-06 0 3.6608e-06 0 4.99678e-06 0 6.46977e-06 0 8.06049e-06 0 9.77658e-06 0 1.16015e-05 0 1.35264e-05 0 1.55885e-05 0 1.76911e-05 0 1.98797e-05 0 2.21324e-05 0 2.45292e-05 0 2.69008e-05 0 2.94481e-05 0 3.19874e-05 0 3.45579e-05 0 3.72859e-05 0 4.00254e-05 0 4.28375e-05 0 4.5631e-05 0 4.85624e-05 0 5.14514e-05 0 5.44702e-05 0 5.74215e-05 0 6.04933e-05 0 6.36885e-05 0 6.67849e-05 0 6.99942e-05 0 7.31981e-05 0 7.65117e-05 0 7.98082e-05 0 8.30778e-05 0 8.64471e-05 0 8.97771e-05 0 9.32024e-05 0 9.67245e-05 0
260.832 0.000391371 0.000217347 0.000174024 0.444653 0.283454 9.2463e-08 0 3.31273e-07 0 1.12332e-06 0 2.24078e-06 0 3.62232e-06 0 5.20881e-06 0 7.00258e-06 0 8.95324e-06 0 1.10355e-05 0 1.32595e-05 0 1.56037e-05 0 1.80569e-05 0 2.06662e-05 0 2.33093e-05 0 2.60443e-05 0 2.88441e-05 0 3.18078e-05 0 3.47264e-05 0 3.78474e-05 0 4.09455e-05 0 4.40695e-05 0 4.73726e-05 0 5.06777e-05 0 5.4059e-05 0 5.74072e-05 0 6.091e-05 0 6.43521e-05 0 6.79389e-05 0 7.14361e-05 0 7.50667e-05 0 7.88338e-05 0 8.24756e-05 0 8.62415e-05 0 8.99928e-05 0 9.38641e-05 0 9.77074e-05 0 0.000101512 0 0.000105424 0 0.000109284 0 0.000113247 0 0.000117315 0
274.221 0.000339875 0.000167019 0.000172856 0.508588 0.279428 1.13153e-07 0 3.80912e-07 0 1.21689e-06 0 2.34696e-06 0 3.70604e-06 0 5.23556e-06 0 6.93761e-06 0 8.76444e-06 0 1.06931e-05 0 1.27336e-05 0 1.48662e-05 0 1.70814e-05 0 1.94214e-05 0 2.17771e-05 0 2.4201e-05 0 2.66696e-05 0 2.92699e-05 0 3.18193e-05 0 3.45338e-05 0 3.72177e-05 0 3.9914e-05 0 4.27548e-05 0 4.55877e-05 0 4.84767e-05 0 5.13287e-05 0 5.43038e-05 0 5.72192e-05 0 6.02491e-05 0 6.31958e-05 0 6.62476e-05 0 6.94066e-05 0 7.24535e-05 0 7.55975e-05 0 7.87225e-05 0 8.19409e-05 0 8.51298e-05 0 8.82802e-05 0 9.15145e-05 0 9.46994e-05 0 9.79637e-05 0 0.000101309 0
288.297 0.000273546 0.000138754 0.000134791 0.492756 0.274983 1.44563e-07 0 4.58648e-07 0 1.38446e-06 0 2.58589e-06 0 3.9933e-06 0 5.54704e-06 0 7.25008e-06 0 9.05533e-06 0 1.09414e-05 0 1.29186e-05 0 1.49689e-05 0 1.70832e-05 0 1.93023e-05 0 2.15231e-05 0 2.3796e-05 0 2.60995e-05 0 2.85147e-05 0 3.08724e-05 0 3.33728e-05 0 3.58357e-05 0 3.83012e-05 0 4.08902e-05 0 4.34636e-05 0 4.608e-05 0 4.86554e-05 0 5.13347e-05 0 5.39534e-05 0 5.66679e-05 0 5.93017e-05 0 6.20231e-05 0 6.48337e-05 0 6.75387e-05 0 7.03241e-05 0 7.30873e-05 0 7.59274e-05 0 7.87361e-05 0 8.1506e-05 0 8.43446e-05 0 8.71352e-05 0 8.99907e-05 0 9.29119e-05 0
303.095 0.000300092 0.000167454 0.000132638 0.441992 0.376034 2.59528e-07 0 7.78264e-07 0 2.22589e-06 0 4.03266e-06 0 6.09681e-06 0 8.33429e-06 0 1.07517e-05 0 1.3284e-05 0 1.59034e-05 0 1.8626e-05 0 2.14276e-05 0 2.42973e-05 0 2.72905e-05 0 3.02695e-05 0 3.33029e-05 0 3.63626e-05 0 3.95568e-05 0 4.26623e-05 0 4.59432e-05 0 4.91631e-05 0 5.23759e-05 0 5.57386e-05 0 5.9071e-05 0 6.24493e-05 0 6.57657e-05 0 6.92067e-05 0 7.25615e-05 0 7.60309e-05 0 7.93893e-05 0 8.2852e-05 0 8.64204e-05 0 8.98478e-05 0 9.337e-05 0 9.68575e-05 0 0.000100436 0 0.000103968 0 0.000107445 0 0.000111003 0 0.000114495 0 0.000118062 0 0.000121706 0
318.653 0.000458787 0.000252907 0.00020588 0.448749 0.399342 5.64938e-07 0 1.60568e-06 0 4.36275e-06 0 7.67808e-06 0 1.13764e-05 0 1.53162e-05 0 1.95149e-05 0 2.38638e-05 0 2.832e-05 0 3.29137e-05 0 3.76069e-05 0 4.23833e-05 0 4.73362e-05 0 5.22393e-05 0 5.72079e-05 0 6.21975e-05 0 6.73847e-05 0 7.24084e-05 0 7.76967e-05 0 8.2869e-05 0 8.80135e-05 0 9.33818e-05 0 9.86863e-05 0 0.000104049 0 0.0001093 0 0.000114735 0 0.000120021 0 0.000125475 0 0.000130744 0 0.000136164 0 0.000141739 0 0.000147083 0 0.000152565 0 0.000157983 0 0.000163532 0 0.000169001 0 0.000174376 0 0.000179866 0 0.000185247 0 0.000190737 0 0.000196335 0
335.009 0.00057283 0.000241641 0.00033119 0.578164 0.252974 7.54927e-07 0 2.039e-06 0 5.27633e-06 0 9.03333e-06 0 1.31303e-05 0 1.7423e-05 0 2.19387e-05 0 2.65662e-05 0 3.12652e-05 0 3.60718e-05 0 4.09488e-05 0 4.58821e-05 0 5.09692e-05 0 5.59799e-05 0 6.10343e-05 0 6.60888e-05 0 7.13227e-05 0 7.63731e-05 0 8.16712e-05 0 8.68364e-05 0 9.19583e-05 0 9.72878e-05 0 0.000102539 0 0.000107835 0 0.000113007 0 0.000118348 0 0.000123532 0 0.000128868 0 0.000134013 0 0.000139295 0 0.000144718 0 0.000149906 0 0.000155219 0 0.000160461 0 0.00016582 0 0.000171094 0 0.000176269 0 0.000181548 0 0.000186714 0 0.000191977 0 0.000197337 0
352.205 0.00062218 0.000155812 0.000466368 0.749571 0.161319 6.61622e-07 0 1.70239e-06 0 4.20558e-06 0 7.0138e-06 0 1.00107e-05 0 1.31016e-05 0 1.63133e-05 0 1.95711e-05 0 2.28511e-05 0 2.61815e-05 0 2.95387e-05 0 3.2915e-05 0 3.63784e-05 0 3.97733e-05 0 4.31831e-05 0 4.65792e-05 0 5.00828e-05 0 5.34519e-05 0 5.69747e-05 0 6.03985e-05 0 6.37841e-05 0 6.72973e-05 0 7.07501e-05 0 7.42233e-05 0 7.76078e-05 0 8.10949e-05 0 8.44718e-05 0 8.79416e-05 0 9.12799e-05 0 9.47016e-05 0 9.82074e-05 0 0.000101556 0 0.000104979 0 0.000108352 0 0.000111794 0 0.000115176 0 0.000118491 0 0.000121867 0 0.000125166 0 0.000128522 0 0.000131937 0
370.284 0.000655859 0.000114641 0.000541218 0.825205 0.0877407 6.43894e-07 0 1.5821e-06 0 3.73973e-06 0 6.08332e-06 0 8.53343e-06 0 1.1023e-05 0 1.35795e-05 0 1.61478e-05 0 1.87127e-05 0 2.12989e-05 0 2.38898e-05 0 2.64812e-05 0 2.91261e-05 0 3.17069e-05 0 3.42885e-05 0 3.685e-05 0 3.94832e-05 0 4.20069e-05 0 4.46378e-05 0 4.71872e-05 0 4.97014e-05 0 5.23037e-05 0 5.48549e-05 0 5.74152e-05 0 5.99047e-05 0 6.24643e-05 0 6.4938e-05 0 6.74749e-05 0 6.99112e-05 0 7.24039e-05 0 7.49536e-05 0 7.7385e-05 0 7.98666e-05 0 8.23075e-05 0 8.47956e-05 0 8.72365e-05 0 8.96253e-05 0 9.20552e-05 0 9.44268e-05 0 9.68367e-05 0 9.9285e-05 0
389.291 0.000645978 9.5322e-05 0.000550656 0.852438 0.0254778 6.90077e-07 0 1.6228e-06 0 3.67839e-06 0 5.84341e-06 0 8.06301e-06 0 1.02865e-05 0 1.25445e-05 0 1.47922e-05 0 1.70197e-05 0 1.92509e-05 0 2.1473e-05 0 2.3684e-05 0 2.593e-05 0 2.81122e-05 0 3.02864e-05 0 3.24361e-05 0 3.46386e-05 0 3.67429e-05 0 3.89302e-05 0 4.1044e-05 0 4.31232e-05 0 4.52701e-05 0 4.73699e-05 0 4.94726e-05 0 5.15129e-05 0 5.36065e-05 0 5.56259e-05 0 5.76933e-05 0 5.96752e-05 0 6.16997e-05 0 6.37671e-05 0 6.57355e-05 0 6.77416e-05 0 6.97119e-05 0 7.17175e-05 0 7.36825e-05 0 7.5603e-05 0 7.75541e-05 0 7.94562e-05 0 8.13866e-05 0 8.33456e-05 0
409.273 0.000635501 9.66359e-05 0.000538865 0.847938 -0.0157942 8.79814e-07 0 1.98447e-06 0 4.32234e-06 0 6.71346e-06 0 9.11974e-06 0 1.14979e-05 0 1.38876e-05 0 1.62458e-05 0 1.85658e-05 0 2.0875e-05 0 2.31623e-05 0 2.54267e-05 0 2.77167e-05 0 2.99327e-05 0 3.21325e-05 0 3.43001e-05 0 3.65139e-05 0 3.86228e-05 0 4.08088e-05 0 4.29159e-05 0 4.49835e-05 0 4.71135e-05 0 4.91923e-05 0 5.12696e-05 0 5.32813e-05 0 5.53417e-05 0 5.73256e-05 0 5.9353e-05 0 6.12935e-05 0 6.32727e-05 0 6.52906e-05 0 6.72091e-05 0 6.91617e-05 0 7.10768e-05 0 7.30237e-05 0 7.49286e-05 0 7.67882e-05 0 7.86753e-05 0 8.05128e-05 0 8.23757e-05 0 8.4264e-05 0
430.281 0.00068006 0.000127118 0.000552942 0.813078 -0.00831334 1.42183e-06 0 3.08233e-06 0 6.4639e-06 0 9.82718e-06 0 1.31526e-05 0 1.63974e-05 0 1.96253e-05 0 2.27846e-05 0 2.58713e-05 0 2.89254e-05 0 3.19345e-05 0 3.48999e-05 0 3.78861e-05 0 4.07646e-05 0 4.36122e-05 0 4.64091e-05 0 4.9257e-05 0 5.19626e-05 0 5.47597e-05 0 5.74493e-05 0 6.00825e-05 0 6.27893e-05 0 6.54256e-05 0 6.80547e-05 0 7.05962e-05 0 7.31946e-05 0 7.56924e-05 0 7.82409e-05 0 8.06763e-05 0 8.31566e-05 0 8.56819e-05 0 8.80794e-05 0 9.05162e-05 0 9.29033e-05 0 9.53271e-05 0 9.76957e-05 0 0.000100005 0 0.000102347 0 0.000104624 0 0.00010693 0 0.000109265 0
452.368 0.000831596 0.000204303 0.000627293 0.754325 0.101599 2.74564e-06 0 5.73195e-06 0 1.15952e-05 0 1.72737e-05 0 2.2795e-05 0 2.81175e-05 0 3.33622e-05 0 3.84556e-05 0 4.33996e-05 0 4.82638e-05 0 5.30328e-05 0 5.77118e-05 0 6.24046e-05 0 6.69119e-05 0 7.13562e-05 0 7.57083e-05 0 8.01272e-05 0 8.43143e-05 0 8.86325e-05 0 9.2775e-05 0 9.68222e-05 0 0.000100974 0 0.00010501 0 0.000109027 0 0.000112904 0 0.000116861 0 0.000120658 0 0.000124527 0 0.000128219 0 0.000131974 0 0.000135792 0 0.000139411 0 0.000143086 0 0.000146682 0 0.000150328 0 0.000153887 0 0.000157354 0 0.000160865 0 0.000164277 0 0.000167728 0 0.00017122 0
475.588 0.000866991 0.000256054 0.000610937 0.704664 0.317751 4.04804e-06 0 8.15349e-06 0 1.5939e-05 0 2.3291e-05 0 3.03269e-05 0 3.70319e-05 0 4.35798e-05 0 4.98921e-05 0 5.59816e-05 0 6.1941e-05 0 6.77566e-05 0 7.34386e-05 0 7.91159e-05 0 8.45502e-05 0 8.9892e-05 0 9.51081e-05 0 0.00010039 0 0.000105383 0 0.00011052 0 0.000115438 0 0.000120233 0 0.000125142 0 0.000129905 0 0.000134638 0 0.000139198 0 0.000143846 0 0.000148299 0 0.00015283 0 0.000157148 0 0.000161533 0 0.000165987 0 0.000170204 0 0.00017448 0 0.00017866 0 0.000182894 0 0.000187023 0 0.00019104 0 0.000195104 0 0.00019905 0 0.000203038 0 0.00020707 0
500 0.000523094 0.000155664 0.00036743 0.702417 0.479209 2.83739e-06 0 5.52371e-06 0 1.04529e-05 0 1.49973e-05 0 1.92813e-05 0 2.33198e-05 0 2.72302e-05 0 3.09738e-05 0 3.45643e-05 0 3.80605e-05 0 4.14573e-05 0 4.47632e-05 0 4.80546e-05 0 5.11949e-05 0 5.42729e-05 0 5.72704e-05 0 6.02983e-05 0 6.31536e-05 0 6.60853e-05 0 6.88858e-05 0 7.16113e-05 0 7.43967e-05 0 7.70947e-05 0 7.97715e-05 0 8.23464e-05 0 8.49667e-05 0 8.74743e-05 0 9.00219e-05 0 9.24467e-05 0 9.49065e-05 0 9.74014e-05 0 9.97614e-05 0 0.000102152 0 0.000104486 0 0.000106847 0 0.000109148 0 0.000111385 0 0.000113646 0 0.000115839 0 0.000118054 0 0.00012029 0
525.665 0.000289952 7.79615e-05 0.000211991 0.731123 0.495468 1.60743e-06 0 3.02969e-06 0 5.5592e-06 0 7.83871e-06 0 9.95725e-06 0 1.19339e-05 0 1.38327e-05 0 1.56385e-05 0 1.73611e-05 0 1.90304e-05 0 2.06456e-05 0 2.22118e-05 0 2.37659e-05 0 2.52443e-05 0 2.66892e-05 0 2.80929e-05 0 2.95075e-05 0 3.08386e-05 0 3.22026e-05 0 3.3503e-05 0 3.47663e-05 0 3.60552e-05 0 3.73017e-05 0 3.85365e-05 0 3.97226e-05 0 4.09279e-05 0 4.20799e-05 0 4.32489e-05 0 4.43601e-05 0 4.54862e-05 0 4.6627e-05 0 4.7705e-05 0 4.87958e-05 0 4.98597e-05 0 5.09354e-05 0 5.19823e-05 0 5.29992e-05 0 5.40262e-05 0 5.50214e-05 0 5.60258e-05 0 5.70393e-05 0
552.648 0.000182588 4.32175e-05 0.000139371 0.763306 0.444481 9.8981e-07 0 1.80918e-06 0 3.22394e-06 0 4.47165e-06 0 5.61576e-06 0 6.67295e-06 0 7.68083e-06 0 8.63351e-06 0 9.53753e-06 0 1.04098e-05 0 1.12504e-05 0 1.20628e-05 0 1.28663e-05 0 1.36285e-05 0 1.43716e-05 0 1.50918e-05 0 1.58159e-05 0 1.6496e-05 0 1.71915e-05 0 1.78534e-05 0 1.84953e-05 0 1.91493e-05 0 1.97808e-05 0 2.04054e-05 0 2.10046e-05 0 2.16128e-05 0 2.21933e-05 0 2.27817e-05 0 2.33405e-05 0 2.3906e-05 0 2.44784e-05 0 2.50188e-05 0 2.5565e-05 0 2.60973e-05 0 2.6635e-05 0 2.71579e-05 0 2.76654e-05 0 2.81775e-05 0 2.86733e-05 0 2.91734e-05 0 2.96776e-05 0
581.015 0.000126711 2.69834e-05 9.97276e-05 0.787048 0.382527 6.74752e-07 0 1.19788e-06 0 2.0762e-06 0 2.83514e-06 0 3.52228e-06 0 4.15146e-06 0 4.74703e-06 0 5.30672e-06 0 5.83526e-06 0 6.34311e-06 0 6.83077e-06 0 7.30046e-06 0 7.76373e-06 0 8.20198e-06 0 8.62823e-06 0 9.04042e-06 0 9.45405e-06 0 9.84173e-06 0 1.02375e-05 0 1.06136e-05 0 1.09777e-05 0 1.13481e-05 0 1.17053e-05 0 1.20581e-05 0 1.23962e-05 0 1.27389e-05 0 1.30657e-05 0 1.33965e-05 0 1.37103e-05 0 1.40276e-05 0 1.43485e-05 0 1.46511e-05 0 1.49568e-05 0 1.52544e-05 0 1.55547e-05 0 1.58466e-05 0 1.61296e-05 0 1.6415e-05 0 1.66912e-05 0 1.69695e-05 0 1.725e-05 0
610.839 9.30432e-05 1.83634e-05 7.46798e-05 0.802636 0.327393 4.93232e-07 0 8.51745e-07 0 1.43795e-06 0 1.93479e-06 0 2.37927e-06 0 2.78278e-06 0 3.1622e-06 0 3.51682e-06 0 3.85018e-06 0 4.16924e-06 0 4.47457e-06 0 4.76776e-06 0 5.05615e-06 0 5.32828e-06 0 5.59237e-06 0 5.84723e-06 0 6.10248e-06 0 6.3413e-06 0 6.5847e-06 0 6.8156e-06 0 7.03889e-06 0 7.26569e-06 0 7.4841e-06 0 7.6996e-06 0 7.90583e-06 0 8.11466e-06 0 8.31356e-06 0 8.51473e-06 0 8.70539e-06 0 8.89801e-06 0 9.09258e-06 0 9.27594e-06 0 9.46099e-06 0 9.641e-06 0 9.82256e-06 0 9.99885e-06 0 1.01697e-05 0 1.03418e-05 0 1.05083e-05 0 1.0676e-05 0 1.08448e-05 0
642.193 7.06322e-05 1.33231e-05 5.73091e-05 0.811373 0.281667 3.78452e-07 0 6.36621e-07 0 1.04833e-06 0 1.39097e-06 0 1.69407e-06 0 1.96702e-06 0 2.22207e-06 0 2.45924e-06 0 2.68124e-06 0 2.89294e-06 0 3.09488e-06 0 3.28825e-06 0 3.47796e-06 0 3.65656e-06 0 3.82952e-06 0 3.99611e-06 0 4.16267e-06 0 4.31824e-06 0 4.47656e-06 0 4.62653e-06 0 4.77135e-06 0 4.91827e-06 0 5.05958e-06 0 5.19885e-06 0 5.33198e-06 0 5.46665e-06 0 5.59479e-06 0 5.72428e-06 0 5.84688e-06 0 5.97065e-06 0 6.09556e-06 0 6.21319e-06 0 6.3318e-06 0 6.4471e-06 0 6.56331e-06 0 6.67607e-06 0 6.78527e-06 0 6.89523e-06 0 7.00151e-06 0 7.10848e-06 0 7.21614e-06 0
675.157 5.46791e-05 1.0102e-05 4.45771e-05 0.81525 0.243984 2.99036e-07 0 4.90681e-07 0 7.89179e-07 0 1.03337e-06 0 1.24711e-06 0 1.43814e-06 0 1.6156e-06 0 1.77983e-06 0 1.93294e-06 0 2.07846e-06 0 2.21685e-06 0 2.34901e-06 0 2.47836e-06 0 2.59988e-06 0 2.71733e-06 0 2.83026e-06 0 2.94297e-06 0 3.04809e-06 0 3.15491e-06 0 3.25595e-06 0 3.35341e-06 0 3.45217e-06 0 3.54704e-06 0 3.64045e-06 0 3.72965e-06 0 3.81979e-06 0 3.90549e-06 0 3.99201e-06 0 4.07386e-06 0 4.15643e-06 0 4.23969e-06 0 4.31804e-06 0 4.39699e-06 0 4.47369e-06 0 4.55093e-06 0 4.62584e-06 0 4.69834e-06 0 4.7713e-06 0 4.84178e-06 0 4.91267e-06 0 4.98399e-06 0
709.813 4.29021e-05 7.92235e-06 3.49798e-05 0.815339 0.212755 2.41002e-07 0 3.86256e-07 0 6.07527e-07 0 7.85641e-07 0 9.40008e-07 0 1.07699e-06 0 1.20355e-06 0 1.32016e-06 0 1.42847e-06 0 1.53107e-06 0 1.62839e-06 0 1.72109e-06 0 1.81162e-06 0 1.8965e-06 0 1.97839e-06 0 2.05699e-06 0 2.13532e-06 0 2.20827e-06 0 2.2823e-06 0 2.35224e-06 0 2.41963e-06 0 2.48783e-06 0 2.55328e-06 0 2.61766e-06 0 2.67908e-06 0 2.7411e-06 0 2.8e-06 0 2.85943e-06 0 2.9156e-06 0 2.97223e-06 0 3.02929e-06 0 3.08295e-06 0 3.13698e-06 0 3.18944e-06 0 3.24224e-06 0 3.29341e-06 0 3.34291e-06 0 3.3927e-06 0 3.44077e-06 0 3.4891e-06 0 3.53769e-06 0
746.248 3.40276e-05 6.37928e-06 2.76483e-05 0.812526 0.186687 1.96809e-07 0 3.08478e-07 0 4.75074e-07 0 6.07156e-07 0 7.2057e-07 0 8.20551e-07 0 9.12451e-07 0 9.96768e-07 0 1.07482e-06 0 1.14854e-06 0 1.21828e-06 0 1.28456e-06 0 1.34915e-06 0 1.4096e-06 0 1.46782e-06 0 1.52362e-06 0 1.57915e-06 0 1.63079e-06 0 1.68314e-06 0 1.73253e-06 0 1.78007e-06 0 1.82814e-06 0 1.87422e-06 0 1.91951e-06 0 1.96268e-06 0 2.00623e-06 0 2.04756e-06 0 2.08923e-06 0 2.12859e-06 0 2.16824e-06 0 2.20817e-06 0 2.24569e-06 0 2.28345e-06 0 2.32009e-06 0 2.35696e-06 0 2.39266e-06 0 2.42718e-06 0 2.46188e-06 0 2.49537e-06 0 2.52902e-06 0 2.56284e-06 0
784.553 2.71989e-05 5.24236e-06 2.19566e-05 0.807258 0.164618 1.61984e-07 0 2.48599e-07 0 3.7531e-07 0 4.7435e-07 0 5.58658e-07 0 6.32523e-07 0 7.00095e-07 0 7.61852e-07 0 8.18834e-07 0 8.72509e-07 0 9.23161e-07 0 9.71202e-07 0 1.01793e-06 0 1.06158e-06 0 1.10356e-06 0 1.14373e-06 0 1.18366e-06 0 1.22075e-06 0 1.25829e-06 0 1.29369e-06 0 1.32772e-06 0 1.3621e-06 0 1.39503e-06 0 1.42736e-06 0 1.45815e-06 0 1.4892e-06 0 1.51864e-06 0 1.5483e-06 0 1.5763e-06 0 1.60449e-06 0 1.63285e-06 0 1.6595e-06 0 1.6863e-06 0 1.71229e-06 0 1.73842e-06 0 1.76371e-06 0 1.78816e-06 0 1.81273e-06 0 1.83642e-06 0 1.86022e-06 0 1.88413e-06 0
824.824 2.18778e-05 4.37876e-06 1.74991e-05 0.799854 0.145758 1.33913e-07 0 2.01466e-07 0 2.98492e-07 0 3.73327e-07 0 4.36516e-07 0 4.91561e-07 0 5.41693e-07 0 5.87347e-07 0 6.29345e-07 0 6.68805e-07 0 7.0596e-07 0 7.41129e-07 0 7.75277e-07 0 8.07126e-07 0 8.37709e-07 0 8.6694e-07 0 8.95955e-07 0 9.22876e-07 0 9.50103e-07 0 9.75744e-07 0 1.00037e-06 0 1.02523e-06 0 1.04902e-06 0 1.07236e-06 0 1.09458e-06 0 1.11696e-06 0 1.13817e-06 0 1.15953e-06 0 1.17967e-06 0 1.19994e-06 0 1.22033e-06 0 1.23947e-06 0 1.25871e-06 0 1.27736e-06 0 1.2961e-06 0 1.31424e-06 0 1.33176e-06 0 1.34936e-06 0 1.36632e-06 0 1.38336e-06 0 1.40047e-06 0
867.163 1.76902e-05 3.70079e-06 1.39894e-05 0.7908 0.129501 1.10772e-07 0 1.63547e-07 0 2.38054e-07 0 2.94811e-07 0 3.42376e-07 0 3.83589e-07 0 4.20969e-07 0 4.54897e-07 0 4.86022e-07 0 5.15197e-07 0 5.42611e-07 0 5.68513e-07 0 5.93621e-07 0 6.17004e-07 0 6.39428e-07 0 6.60835e-07 0 6.82058e-07 0 7.01731e-07 0 7.21607e-07 0 7.40308e-07 0 7.58255e-07 0 7.76355e-07 0 7.93666e-07 0 8.10636e-07 0 8.26777e-07 0 8.43028e-07 0 8.58421e-07 0 8.73908e-07 0 8.88512e-07 0 9.03196e-07 0 9.1796e-07 0 9.3181e-07 0 9.45729e-07 0 9.59214e-07 0 9.72761e-07 0 9.85863e-07 0 9.98515e-07 0 1.01122e-06 0 1.02346e-06 0 1.03575e-06 0 1.04808e-06 0
911.674 1.43809e-05 3.15898e-06 1.1222e-05 0.780336 0.115412 9.15698e-08 0 1.32819e-07 0 1.90125e-07 0 2.33276e-07 0 2.69185e-07 0 3.00146e-07 0 3.2812e-07 0 3.53432e-07 0 3.76594e-07 0 3.98257e-07 0 4.18574e-07 0 4.37737e-07 0 4.56286e-07 0 4.73536e-07 0 4.90059e-07 0 5.05814e-07 0 5.21418e-07 0 5.35868e-07 0 5.50454e-07 0 5.64167e-07 0 5.77317e-07 0 5.90569e-07 0 6.03233e-07 0 6.15641e-07 0 6.27435e-07 0 6.39302e-07 0 6.50536e-07 0 6.61834e-07 0 6.72481e-07 0 6.83181e-07 0 6.93935e-07 0 7.04019e-07 0 7.14148e-07 0 7.23957e-07 0 7.33807e-07 0 7.43331e-07 0 7.52523e-07 0 7.6175e-07 0 7.70638e-07 0 7.79558e-07 0 7.88507e-07 0
958.471 1.17445e-05 2.72405e-06 9.02041e-06 0.768056 0.103101 7.57103e-08 0 1.07992e-07 0 1.52175e-07 0 1.85087e-07 0 2.12298e-07 0 2.35651e-07 0 2.56677e-07 0 2.75648e-07 0 2.92967e-07 0 3.09132e-07 0 3.24266e-07 0 3.38519e-07 0 3.52295e-07 0 3.65091e-07 0 3.77333e-07 0 3.88995e-07 0 4.00533e-07 0 4.11209e-07 0 4.21976e-07 0 4.32091e-07 0 4.41783e-07 0 4.51545e-07 0 4.60867e-07 0 4.69995e-07 0 4.78667e-07 0 4.87387e-07 0 4.95639e-07 0 5.03932e-07 0 5.11744e-07 0 5.19593e-07 0 5.27476e-07 0 5.34866e-07 0 5.42285e-07 0 5.49468e-07 0 5.56678e-07 0 5.63647e-07 0 5.7037e-07 0 5.77117e-07 0 5.83614e-07 0 5.90132e-07 0 5.9667e-07 0
1007.67 9.62573e-06 2.36311e-06 7.26262e-06 0.754501 0.0922653 6.23833e-08 0 8.75907e-08 0 1.21613e-07 0 1.46703e-07 0 1.67323e-07 0 1.84944e-07 0 2.00758e-07 0 2.14989e-07 0 2.27951e-07 0 2.40028e-07 0 2.51316e-07 0 2.61932e-07 0 2.7218e-07 0 2.81687e-07 0 2.90773e-07 0 2.99421e-07 0 3.07969e-07 0 3.15872e-07 0 3.23837e-07 0 3.31313e-07 0 3.38473e-07 0 3.45679e-07 0 3.52557e-07 0 3.59288e-07 0 3.65679e-07 0 3.72102e-07 0 3.78178e-07 0 3.84281e-07 0 3.90028e-07 0 3.95799e-07 0 4.01594e-07 0 4.07023e-07 0 4.12473e-07 0 4.17747e-07 0 4.23039e-07 0 4.28152e-07 0 4.33084e-07 0 4.38031e-07 0 4.42794e-07 0 4.47571e-07 0 4.52361e-07 0
1059.39 7.92971e-06 2.07121e-06 5.85849e-06 0.738804 0.0826889 5.14751e-08 0 7.12094e-08 0 9.75019e-08 0 1.16712e-07 0 1.32412e-07 0 1.45776e-07 0 1.57733e-07 0 1.68467e-07 0 1.78225e-07 0 1.87301e-07 0 1.95771e-07 0 2.03726e-07 0 2.11396e-07 0 2.18505e-07 0 2.25293e-07 0 2.31746e-07 0 2.38121e-07 0 2.4401e-07 0 2.49941e-07 0 2.55505e-07 0 2.6083e-07 0 2.66186e-07 0 2.71296e-07 0 2.76293e-07 0 2.81036e-07 0 2.85801e-07 0 2.90306e-07 0 2.9483e-07 0 2.99088e-07 0 3.03362e-07 0 3.07652e-07 0 3.1167e-07 0 3.15702e-07 0 3.19603e-07 0 3.23515e-07 0 3.27295e-07 0 3.30939e-07 0 3.34594e-07 0 3.38111e-07 0 3.41638e-07 0 3.45174e-07 0
1113.77 6.55614e-06 1.82187e-06 4.73428e-06 0.722113 0.0742115 4.22714e-08 0 5.76658e-08 0 7.7931e-08 0 9.26103e-08 0 1.04546e-07 0 1.14669e-07 0 1.23701e-07 0 1.31791e-07 0 1.39132e-07 0 1.45949e-07 0 1.52302e-07 0 1.58262e-07 0 1.64002e-07 0 1.69317e-07 0 1.74387e-07 0 1.79204e-07 0 1.83959e-07 0 1.88348e-07 0 1.92765e-07 0 1.96907e-07 0 2.00869e-07 0 2.04851e-07 0 2.08649e-07 0 2.12362e-07 0 2.15884e-07 0 2.19421e-07 0 2.22763e-07 0 2.26118e-07 0 2.29275e-07 0 2.32443e-07 0 2.35621e-07 0 2.38597e-07 0 2.41583e-07 0 2.4447e-07 0 2.47365e-07 0 2.50161e-07 0 2.52857e-07 0 2.55559e-07 0 2.58159e-07 0 2.60766e-07 0 2.63379e-07 0
1170.94 5.43598e-06 1.60629e-06 3.82969e-06 0.704508 0.0666711 3.45217e-08 0 4.64789e-08 0 6.20451e-08 0 7.32312e-08 0 8.22832e-08 0 8.99351e-08 0 9.67453e-08 0 1.02832e-07 0 1.08347e-07 0 1.1346e-07 0 1.18219e-07 0 1.22679e-07 0 1.2697e-07 0 1.30939e-07 0 1.34723e-07 0 1.38315e-07 0 1.41858e-07 0 1.45127e-07 0 1.48415e-07 0 1.51496e-07 0 1.54442e-07 0 1.57402e-07 0 1.60223e-07 0 1.62979e-07 0 1.65593e-07 0 1.68218e-07 0 1.70696e-07 0 1.73184e-07 0 1.75524e-07 0 1.77871e-07 0 1.80225e-07 0 1.82429e-07 0 1.84639e-07 0 1.86776e-07 0 1.88918e-07 0 1.90986e-07 0 1.9298e-07 0 1.94978e-07 0 1.969e-07 0 1.98826e-07 0 2.00757e-07 0
1231.05 4.52357e-06 1.4222e-06 3.10137e-06 0.685603 0.0599645 2.81029e-08 0 3.73723e-08 0 4.93157e-08 0 5.78357e-08 0 6.47e-08 0 7.0485e-08 0 7.56214e-08 0 8.0204e-08 0 8.43486e-08 0 8.81867e-08 0 9.17553e-08 0 9.50958e-08 0 9.83068e-08 0 1.01275e-07 0 1.04102e-07 0 1.06784e-07 0 1.09428e-07 0 1.11866e-07 0 1.14317e-07 0 1.16612e-07 0 1.18805e-07 0 1.21009e-07 0 1.23108e-07 0 1.25158e-07 0 1.27101e-07 0 1.29052e-07 0 1.30893e-07 0 1.32741e-07 0 1.34478e-07 0 1.3622e-07 0 1.37967e-07 0 1.39602e-07 0 1.41241e-07 0 1.42826e-07 0 1.44414e-07 0 1.45947e-07 0 1.47424e-07 0 1.48904e-07 0 1.50328e-07 0 1.51754e-07 0 1.53184e-07 0
1294.24 3.78614e-06 1.2705e-06 2.51564e-06 0.664434 0.05398 2.29228e-08 0 3.01318e-08 0 3.93326e-08 0 4.58517e-08 0 5.1083e-08 0 5.54792e-08 0 5.93743e-08 0 6.28433e-08 0 6.59763e-08 0 6.88741e-08 0 7.15655e-08 0 7.40826e-08 0 7.65001e-08 0 7.8733e-08 0 8.08584e-08 0 8.28736e-08 0 8.48591e-08 0 8.66886e-08 0 8.85272e-08 0 9.02483e-08 0 9.18923e-08 0 9.35429e-08 0 9.51148e-08 0 9.66497e-08 0 9.81042e-08 0 9.95633e-08 0 1.00941e-07 0 1.02322e-07 0 1.03621e-07 0 1.04923e-07 0 1.06228e-07 0 1.07449e-07 0 1.08673e-07 0 1.09856e-07 0 1.11042e-07 0 1.12186e-07 0 1.13288e-07 0 1.14392e-07 0 1.15454e-07 0 1.16518e-07 0 1.17583e-07 0
1360.67 3.17942e-06 1.1373e-06 2.04212e-06 0.642292 0.0486211 1.86134e-08 0 2.4202e-08 0 3.12723e-08 0 3.62508e-08 0 4.0231e-08 0 4.35673e-08 0 4.65174e-08 0 4.91407e-08 0 5.15067e-08 0 5.36927e-08 0 5.57211e-08 0 5.76165e-08 0 5.94355e-08 0 6.11144e-08 0 6.27116e-08 0 6.42251e-08 0 6.57154e-08 0 6.70881e-08 0 6.84669e-08 0 6.9757e-08 0 7.09889e-08 0 7.22254e-08 0 7.34024e-08 0 7.45514e-08 0 7.56398e-08 0 7.67314e-08 0 7.77616e-08 0 7.87945e-08 0 7.97652e-08 0 8.07382e-08 0 8.17135e-08 0 8.26257e-08 0 8.35399e-08 0 8.44232e-08 0 8.53082e-08 0 8.6162e-08 0 8.69845e-08 0 8.78084e-08 0 8.86006e-08 0 8.93941e-08 0 9.01889e-08 0
1430.51 2.67736e-06 1.01866e-06 1.6587e-06 0.619529 0.0438174 1.50303e-08 0 1.93441e-08 0 2.47579e-08 0 2.85481e-08 0 3.15681e-08 0 3.40934e-08 0 3.63225e-08 0 3.83017e-08 0 4.00847e-08 0 4.17304e-08 0 4.32561e-08 0 4.46806e-08 0 4.60467e-08 0 4.73069e-08 0 4.8505e-08 0 4.96398e-08 0 5.07566e-08 0 5.17849e-08 0 5.28173e-08 0 5.3783e-08 0 5.47048e-08 0 5.56296e-08 0 5.65097e-08 0 5.73686e-08 0 5.8182e-08 0 5.89975e-08 0 5.9767e-08 0 6.05383e-08 0 6.12631e-08 0 6.19893e-08 0 6.27171e-08 0 6.33978e-08 0 6.40797e-08 0 6.47385e-08 0 6.53984e-08 0 6.6035e-08 0 6.66481e-08 0 6.72622e-08 0 6.78525e-08 0 6.84438e-08 0 6.90359e-08 0
1503.94 2.26127e-06 9.13067e-07 1.3482e-06 0.596215 0.0395076 1.20762e-08 0 1.53936e-08 0 1.95261e-08 0 2.24042e-08 0 2.46902e-08 0 2.65978e-08 0 2.82787e-08 0 2.97692e-08 0 3.11105e-08 0 3.23474e-08 0 3.34931e-08 0 3.45621e-08 0 3.55866e-08 0 3.65312e-08 0 3.74287e-08 0 3.82784e-08 0 3.91144e-08 0 3.98837e-08 0 4.06558e-08 0 4.13778e-08 0 4.20667e-08 0 4.27577e-08 0 4.34151e-08 0 4.40565e-08 0 4.46638e-08 0 4.52725e-08 0 4.58467e-08 0 4.64221e-08 0 4.69627e-08 0 4.75043e-08 0 4.80469e-08 0 4.85543e-08 0 4.90626e-08 0 4.95535e-08 0 5.00452e-08 0 5.05195e-08 0 5.09761e-08 0 5.14334e-08 0 5.1873e-08 0 5.23132e-08 0 5.2754e-08 0
1581.14 1.92456e-06 8.27394e-07 1.09717e-06 0.570087 0.0356402 9.75606e-09 0 1.23246e-08 0 1.55025e-08 0 1.77051e-08 0 1.94496e-08 0 2.09024e-08 0 2.21807e-08 0 2.33128e-08 0 2.43306e-08 0 2.52683e-08 0 2.61363e-08 0 2.69456e-08 0 2.77208e-08 0 2.84352e-08 0 2.91136e-08 0 2.97556e-08 0 3.0387e-08 0 3.09679e-08 0 3.15506e-08 0 3.20954e-08 0 3.2615e-08 0 3.31361e-08 0 3.36317e-08 0 3.41151e-08 0 3.45727e-08 0 3.50313e-08 0 3.54638e-08 0 3.58971e-08 0 3.63041e-08 0 3.67118e-08 0 3.71203e-08 0 3.75021e-08 0 3.78845e-08 0 3.82538e-08 0 3.86237e-08 0 3.89803e-08 0 3.93237e-08 0 3.96676e-08 0 3.99981e-08 0 4.03289e-08 0 4.06602e-08 0
1662.3 1.64312e-06 7.49956e-07 8.93169e-07 0.54358 0.032161 7.8438e-09 0 9.82551e-09 0 1.22621e-08 0 1.39434e-08 0 1.52716e-08 0 1.63758e-08 0 1.73459e-08 0 1.82041e-08 0 1.8975e-08 0 1.96847e-08 0 2.03412e-08 0 2.09529e-08 0 2.15386e-08 0 2.2078e-08 0 2.25901e-08 0 2.30745e-08 0 2.35507e-08 0 2.39886e-08 0 2.44279e-08 0 2.48384e-08 0 2.52298e-08 0 2.56223e-08 0 2.59955e-08 0 2.63594e-08 0 2.67038e-08 0 2.70488e-08 0 2.73742e-08 0 2.77001e-08 0 2.80062e-08 0 2.83128e-08 0 2.86199e-08 0 2.89069e-08 0 2.91943e-08 0 2.94719e-08 0 2.97498e-08 0 3.00177e-08 0 3.02757e-08 0 3.0534e-08 0 3.07822e-08 0 3.10306e-08 0 3.12794e-08 0
1747.63 1.40687e-06 6.79574e-07 7.27298e-07 0.516961 0.0290289 6.27461e-09 0 7.79784e-09 0 9.66002e-09 0 1.09398e-08 0 1.19484e-08 0 1.27854e-08 0 1.352e-08 0 1.41691e-08 0 1.47517e-08 0 1.52877e-08 0 1.57832e-08 0 1.62447e-08 0 1.66863e-08 0 1.70928e-08 0 1.74786e-08 0 1.78434e-08 0 1.82019e-08 0 1.85315e-08 0 1.8862e-08 0 1.91708e-08 0 1.94652e-08 0 1.97603e-08 0 2.00408e-08 0 2.03143e-08 0 2.05731e-08 0 2.08323e-08 0 2.10767e-08 0 2.13215e-08 0 2.15514e-08 0 2.17816e-08 0 2.20121e-08 0 2.22275e-08 0 2.24432e-08 0 2.26515e-08 0 2.286e-08 0 2.3061e-08 0 2.32545e-08 0 2.34482e-08 0 2.36344e-08 0 2.38207e-08 0 2.40072e-08 0
1837.33 1.20814e-06 6.15441e-07 5.92694e-07 0.490586 0.026212 4.99408e-09 0 6.1605e-09 0 7.57902e-09 0 8.55027e-09 0 9.31409e-09 0 9.94702e-09 0 1.05018e-08 0 1.09917e-08 0 1.1431e-08 0 1.18348e-08 0 1.2208e-08 0 1.25554e-08 0 1.28876e-08 0 1.31934e-08 0 1.34835e-08 0 1.37577e-08 0 1.40271e-08 0 1.42747e-08 0 1.45229e-08 0 1.47547e-08 0 1.49757e-08 0 1.51971e-08 0 1.54076e-08 0 1.56128e-08 0 1.58069e-08 0 1.60013e-08 0 1.61846e-08 0 1.63681e-08 0 1.65404e-08 0 1.6713e-08 0 1.68857e-08 0 1.70471e-08 0 1.72088e-08 0 1.73648e-08 0 1.7521e-08 0 1.76715e-08 0 1.78164e-08 0 1.79615e-08 0 1.81009e-08 0 1.82404e-08 0 1.838e-08 0
1931.64 1.0401e-06 5.56765e-07 4.83331e-07 0.464698 0.0236766 3.95403e-09 0 4.84367e-09 0 5.92041e-09 0 6.65517e-09 0 7.23186e-09 0 7.70906e-09 0 8.12692e-09 0 8.49557e-09 0 8.82593e-09 0 9.12947e-09 0 9.4098e-09 0 9.67064e-09 0 9.92003e-09 0 1.01494e-08 0 1.0367e-08 0 1.05726e-08 0 1.07746e-08 0 1.09601e-08 0 1.11461e-08 0 1.13198e-08 0 1.14853e-08 0 1.16511e-08 0 1.18087e-08 0 1.19623e-08 0 1.21076e-08 0 1.22531e-08 0 1.23902e-08 0 1.25275e-08 0 1.26564e-08 0 1.27855e-08 0 1.29146e-08 0 1.30354e-08 0 1.31562e-08 0 1.32728e-08 0 1.33896e-08 0 1.35021e-08 0 1.36104e-08 0 1.37188e-08 0 1.3823e-08 0 1.39272e-08 0 1.40315e-08 0
2030.79 8.99003e-07 5.04821e-07 3.94182e-07 0.438466 0.0213883 3.12535e-09 0 3.8036e-09 0 4.62092e-09 0 5.17693e-09 0 5.61254e-09 0 5.97255e-09 0 6.28749e-09 0 6.56512e-09 0 6.81377e-09 0 7.04212e-09 0 7.25289e-09 0 7.44894e-09 0 7.63632e-09 0 7.80862e-09 0 7.97199e-09 0 8.12634e-09 0 8.27789e-09 0 8.41713e-09 0 8.55665e-09 0 8.6869e-09 0 8.81102e-09 0 8.93535e-09 0 9.05348e-09 0 9.1686e-09 0 9.27747e-09 0 9.38649e-09 0 9.48922e-09 0 9.59208e-09 0 9.68861e-09 0 9.78526e-09 0 9.882e-09 0 9.97238e-09 0 1.00629e-08 0 1.01502e-08 0 1.02376e-08 0 1.03218e-08 0 1.04029e-08 0 1.0484e-08 0 1.05619e-08 0 1.06399e-08 0 1.0718e-08 0
2135.03 7.82832e-07 4.61346e-07 3.21486e-07 0.41067 0.0193212 2.48073e-09 0 3.00065e-09 0 3.62467e-09 0 4.04799e-09 0 4.3791e-09 0 4.65243e-09 0 4.89134e-09 0 5.10181e-09 0 5.29019e-09 0 5.4631e-09 0 5.62265e-09 0 5.77099e-09 0 5.91272e-09 0 6.04302e-09 0 6.16653e-09 0 6.28318e-09 0 6.3977e-09 0 6.50289e-09 0 6.60827e-09 0 6.70664e-09 0 6.80036e-09 0 6.89422e-09 0 6.9834e-09 0 7.07028e-09 0 7.15244e-09 0 7.2347e-09 0 7.31221e-09 0 7.3898e-09 0 7.46262e-09 0 7.5355e-09 0 7.60846e-09 0 7.67662e-09 0 7.74484e-09 0 7.81067e-09 0 7.87656e-09 0 7.94005e-09 0 8.00115e-09 0 8.0623e-09 0 8.12104e-09 0 8.17981e-09 0 8.23863e-09 0
2244.63 6.83693e-07 4.21249e-07 2.62444e-07 0.383863 0.0174603 1.96057e-09 0 2.35789e-09 0 2.83302e-09 0 3.15451e-09 0 3.4056e-09 0 3.61266e-09 0 3.7935e-09 0 3.95271e-09 0 4.09514e-09 0 4.22582e-09 0 4.34635e-09 0 4.45837e-09 0 4.56538e-09 0 4.66372e-09 0 4.75692e-09 0 4.84492e-09 0 4.9313e-09 0 5.01063e-09 0 5.09009e-09 0 5.16424e-09 0 5.23489e-09 0 5.30563e-09 0 5.37282e-09 0 5.43829e-09 0 5.50018e-09 0 5.56215e-09 0 5.62053e-09 0 5.67896e-09 0 5.7338e-09 0 5.78868e-09 0 5.84361e-09 0 5.89492e-09 0 5.94628e-09 0 5.99583e-09 0 6.04543e-09 0 6.09321e-09 0 6.1392e-09 0 6.18521e-09 0 6.2294e-09 0 6.27363e-09 0 6.31788e-09 0
2359.84 5.98374e-07 3.84094e-07 2.1428e-07 0.358103 0.0157806 1.54229e-09 0 1.84488e-09 0 2.20552e-09 0 2.44897e-09 0 2.63885e-09 0 2.79529e-09 0 2.93182e-09 0 3.05195e-09 0 3.15937e-09 0 3.25789e-09 0 3.34872e-09 0 3.43313e-09 0 3.51372e-09 0 3.58778e-09 0 3.65794e-09 0 3.72418e-09 0 3.78919e-09 0 3.84887e-09 0 3.90865e-09 0 3.96443e-09 0 4.01756e-09 0 4.07076e-09 0 4.12129e-09 0 4.1705e-09 0 4.21703e-09 0 4.26361e-09 0 4.30749e-09 0 4.3514e-09 0 4.39261e-09 0 4.43385e-09 0 4.47512e-09 0 4.51367e-09 0 4.55225e-09 0 4.58947e-09 0 4.62672e-09 0 4.66262e-09 0 4.69715e-09 0 4.7317e-09 0 4.76489e-09 0 4.7981e-09 0 4.83133e-09 0
2480.97 5.24691e-07 3.49737e-07 1.74953e-07 0.333441 0.0142633 1.20791e-09 0 1.43761e-09 0 1.71055e-09 0 1.89441e-09 0 2.03763e-09 0 2.15553e-09 0 2.25835e-09 0 2.34878e-09 0 2.4296e-09 0 2.5037e-09 0 2.572e-09 0 2.63545e-09 0 2.69602e-09 0 2.75166e-09 0 2.80436e-09 0 2.85412e-09 0 2.90293e-09 0 2.94775e-09 0 2.99262e-09 0 3.0345e-09 0 3.07437e-09 0 3.11429e-09 0 3.15221e-09 0 3.18913e-09 0 3.22404e-09 0 3.25898e-09 0 3.29189e-09 0 3.32483e-09 0 3.35573e-09 0 3.38665e-09 0 3.4176e-09 0 3.44651e-09 0 3.47543e-09 0 3.50333e-09 0 3.53126e-09 0 3.55816e-09 0 3.58405e-09 0 3.60995e-09 0 3.63482e-09 0 3.65971e-09 0 3.68461e-09 0
2608.32 4.63692e-07 3.20811e-07 1.4288e-07 0.308136 0.0128946 9.50322e-10 0 1.12568e-09 0 1.33348e-09 0 1.47319e-09 0 1.5819e-09 0 1.67131e-09 0 1.74925e-09 0 1.81776e-09 0 1.87897e-09 0 1.93507e-09 0 1.98676e-09 0 2.03477e-09 0 2.08059e-09 0 2.12268e-09 0 2.16253e-09 0 2.20015e-09 0 2.23705e-09 0 2.27093e-09 0 2.30485e-09 0 2.33649e-09 0 2.36662e-09 0 2.39678e-09 0 2.42542e-09 0 2.45331e-09 0 2.47968e-09 0 2.50606e-09 0 2.53092e-09 0 2.55579e-09 0 2.57912e-09 0 2.60247e-09 0 2.62583e-09 0 2.64765e-09 0 2.66949e-09 0 2.69055e-09 0 2.71163e-09 0 2.73193e-09 0 2.75147e-09 0 2.77101e-09 0 2.78978e-09 0 2.80856e-09 0 2.82735e-09 0
2742.21 4.1078e-07 2.94006e-07 1.16774e-07 0.284275 0.0116605 7.44974e-10 0 8.78521e-10 0 1.03638e-09 0 1.14232e-09 0 1.22467e-09 0 1.29236e-09 0 1.35133e-09 0 1.40314e-09 0 1.44942e-09 0 1.49182e-09 0 1.53088e-09 0 1.56714e-09 0 1.60175e-09 0 1.63353e-09 0 1.66362e-09 0 1.69202e-09 0 1.71987e-09 0 1.74544e-09 0 1.77103e-09 0 1.7949e-09 0 1.81763e-09 0 1.84039e-09 0 1.86199e-09 0 1.88303e-09 0 1.90291e-09 0 1.92281e-09 0 1.94155e-09 0 1.96031e-09 0 1.9779e-09 0 1.9955e-09 0 2.01312e-09 0 2.02956e-09 0 2.04602e-09 0 2.0619e-09 0 2.07778e-09 0 2.09309e-09 0 2.10781e-09 0 2.12254e-09 0 2.13668e-09 0 2.15083e-09 0 2.16499e-09 0
2882.97 3.6439e-07 2.68958e-07 9.54322e-08 0.261896 0.0105448 5.81494e-10 0 6.82874e-10 0 8.02435e-10 0 8.82551e-10 0 9.44767e-10 0 9.95873e-10 0 1.04037e-09 0 1.07946e-09 0 1.11436e-09 0 1.14632e-09 0 1.17576e-09 0 1.20309e-09 0 1.22916e-09 0 1.2531e-09 0 1.27577e-09 0 1.29715e-09 0 1.31813e-09 0 1.33738e-09 0 1.35664e-09 0 1.37461e-09 0 1.39172e-09 0 1.40885e-09 0 1.42511e-09 0 1.44094e-09 0 1.4559e-09 0 1.47087e-09 0 1.48497e-09 0 1.49908e-09 0 1.51231e-09 0 1.52556e-09 0 1.5388e-09 0 1.55118e-09 0 1.56355e-09 0 1.57549e-09 0 1.58744e-09 0 1.59895e-09 0 1.61002e-09 0 1.62109e-09 0 1.63173e-09 0 1.64237e-09 0 1.65301e-09 0
3030.95 3.2408e-07 2.46098e-07 7.79821e-08 0.240626 0.00953573 4.5292e-10 0 5.298e-10 0 6.2028e-10 0 6.80821e-10 0 7.27797e-10 0 7.66361e-10 0 7.99926e-10 0 8.29396e-10 0 8.55701e-10 0 8.79789e-10 0 9.0197e-10 0 9.22556e-10 0 9.42194e-10 0 9.60222e-10 0 9.77288e-10 0 9.93388e-10 0 1.00918e-09 0 1.02366e-09 0 1.03817e-09 0 1.05169e-09 0 1.06456e-09 0 1.07745e-09 0 1.08968e-09 0 1.10159e-09 0 1.11285e-09 0 1.12411e-09 0 1.13471e-09 0 1.14533e-09 0 1.15528e-09 0 1.16524e-09 0 1.1752e-09 0 1.1845e-09 0 1.19381e-09 0 1.20279e-09 0 1.21177e-09 0 1.22042e-09 0 1.22875e-09 0 1.23707e-09 0 1.24507e-09 0 1.25307e-09 0 1.26107e-09 0
3186.53 2.90635e-07 2.2689e-07 6.37451e-08 0.219331 0.00862336 3.54666e-10 0 4.13342e-10 0 4.82267e-10 0 5.28325e-10 0 5.64035e-10 0 5.93336e-10 0 6.18828e-10 0 6.41202e-10 0 6.61169e-10 0 6.79448e-10 0 6.96277e-10 0 7.11894e-10 0 7.26789e-10 0 7.40461e-10 0 7.53402e-10 0 7.65609e-10 0 7.77579e-10 0 7.88561e-10 0 7.99553e-10 0 8.09803e-10 0 8.1956e-10 0 8.29324e-10 0 8.38594e-10 0 8.47618e-10 0 8.56146e-10 0 8.64678e-10 0 8.72713e-10 0 8.80751e-10 0 8.88291e-10 0 8.95834e-10 0 9.03381e-10 0 9.10427e-10 0 9.17476e-10 0 9.24276e-10 0 9.31078e-10 0 9.3763e-10 0 9.43933e-10 0 9.50238e-10 0 9.56292e-10 0 9.62349e-10 0 9.68407e-10 0
3350.09 2.61004e-07 2.08879e-07 5.21248e-08 0.199709 0.00779933 2.7675e-10 0 3.21421e-10 0 3.73804e-10 0 4.08767e-10 0 4.35855e-10 0 4.58071e-10 0 4.77393e-10 0 4.94346e-10 0 5.09471e-10 0 5.23316e-10 0 5.36059e-10 0 5.47883e-10 0 5.59159e-10 0 5.69507e-10 0 5.79302e-10 0 5.8854e-10 0 5.97597e-10 0 6.05907e-10 0 6.14223e-10 0 6.21977e-10 0 6.29359e-10 0 6.36744e-10 0 6.43755e-10 0 6.50581e-10 0 6.5703e-10 0 6.63483e-10 0 6.69559e-10 0 6.75637e-10 0 6.81338e-10 0 6.87042e-10 0 6.92747e-10 0 6.98075e-10 0 7.03404e-10 0 7.08544e-10 0 7.13687e-10 0 7.1864e-10 0 7.23404e-10 0 7.2817e-10 0 7.32746e-10 0 7.37324e-10 0 7.41903e-10 0
3522.05 2.3457e-07 1.91952e-07 4.26173e-08 0.181683 0.007054 2.15144e-10 0 2.49059e-10 0 2.88767e-10 0 3.15241e-10 0 3.3574e-10 0 3.52545e-10 0 3.67155e-10 0 3.79971e-10 0 3.91402e-10 0 4.01864e-10 0 4.11492e-10 0 4.20424e-10 0 4.28941e-10 0 4.36757e-10 0 4.44153e-10 0 4.51129e-10 0 4.57968e-10 0 4.64242e-10 0 4.7052e-10 0 4.76374e-10 0 4.81945e-10 0 4.8752e-10 0 4.92811e-10 0 4.97962e-10 0 5.0283e-10 0 5.07699e-10 0 5.12284e-10 0 5.16871e-10 0 5.21172e-10 0 5.25476e-10 0 5.2978e-10 0 5.338e-10 0 5.3782e-10 0 5.41698e-10 0 5.45577e-10 0 5.49314e-10 0 5.52908e-10 0 5.56503e-10 0 5.59955e-10 0 5.63408e-10 0 5.66861e-10 0
3702.84 2.10864e-07 1.76026e-07 3.48388e-08 0.165219 0.00637978 1.66593e-10 0 1.92265e-10 0 2.2228e-10 0 2.42272e-10 0 2.57743e-10 0 2.7042e-10 0 2.81439e-10 0 2.91102e-10 0 2.9972e-10 0 3.07605e-10 0 3.14861e-10 0 3.21592e-10 0 3.28009e-10 0 3.33897e-10 0 3.39469e-10 0 3.44724e-10 0 3.49875e-10 0 3.54599e-10 0 3.59327e-10 0 3.63735e-10 0 3.67931e-10 0 3.72128e-10 0 3.76112e-10 0 3.7999e-10 0 3.83655e-10 0 3.8732e-10 0 3.90772e-10 0 3.94225e-10 0 3.97463e-10 0 4.00702e-10 0 4.03942e-10 0 4.06967e-10 0 4.09993e-10 0 4.12912e-10 0 4.15831e-10 0 4.18643e-10 0 4.21348e-10 0 4.24053e-10 0 4.26651e-10 0 4.29249e-10 0 4.31848e-10 0
3892.91 1.89555e-07 1.61055e-07 2.85004e-08 0.150354 0.0057714 1.28484e-10 0 1.47858e-10 0 1.7048e-10 0 1.85534e-10 0 1.97177e-10 0 2.06715e-10 0 2.15003e-10 0 2.2227e-10 0 2.28749e-10 0 2.34677e-10 0 2.40131e-10 0 2.45189e-10 0 2.50012e-10 0 2.54436e-10 0 2.58622e-10 0 2.6257e-10 0 2.66439e-10 0 2.69989e-10 0 2.7354e-10 0 2.76851e-10 0 2.80002e-10 0 2.83154e-10 0 2.86146e-10 0 2.89059e-10 0 2.9181e-10 0 2.94563e-10 0 2.97155e-10 0 2.99747e-10 0 3.02178e-10 0 3.0461e-10 0 3.07043e-10 0 3.09314e-10 0 3.11586e-10 0 3.13777e-10 0 3.15968e-10 0 3.18079e-10 0 3.2011e-10 0 3.2214e-10 0 3.2409e-10 0 3.2604e-10 0 3.27991e-10 0
4092.73 1.71148e-07 1.47834e-07 2.33135e-08 0.136219 0.00522088 9.92532e-11 0 1.1391e-10 0 1.31005e-10 0 1.42372e-10 0 1.51159e-10 0 1.58355e-10 0 1.64606e-10 0 1.70086e-10 0 1.74972e-10 0 1.79441e-10 0 1.83552e-10 0 1.87365e-10 0 1.90999e-10 0 1.94334e-10 0 1.97488e-10 0 2.00463e-10 0 2.03378e-10 0 2.06052e-10 0 2.08728e-10 0 2.11222e-10 0 2.13596e-10 0 2.1597e-10 0 2.18224e-10 0 2.20417e-10 0 2.2249e-10 0 2.24563e-10 0 2.26515e-10 0 2.28467e-10 0 2.30298e-10 0 2.32129e-10 0 2.33961e-10 0 2.35671e-10 0 2.37382e-10 0 2.39032e-10 0 2.40682e-10 0 2.42272e-10 0 2.438e-10 0 2.45329e-10 0 2.46797e-10 0 2.48265e-10 0 2.49734e-10 0
4302.81 1.55447e-07 1.3638e-07 1.90667e-08 0.122657 0.00472249 7.69399e-11 0 8.80769e-11 0 1.01053e-10 0 1.09675e-10 0 1.16337e-10 0 1.21791e-10 0 1.26528e-10 0 1.3068e-10 0 1.34381e-10 0 1.37766e-10 0 1.4088e-10 0 1.43767e-10 0 1.4652e-10 0 1.49044e-10 0 1.51433e-10 0 1.53685e-10 0 1.55892e-10 0 1.57916e-10 0 1.59941e-10 0 1.61829e-10 0 1.63626e-10 0 1.65423e-10 0 1.67128e-10 0 1.68789e-10 0 1.70357e-10 0 1.71926e-10 0 1.73403e-10 0 1.7488e-10 0 1.76266e-10 0 1.77651e-10 0 1.79038e-10 0 1.80331e-10 0 1.81626e-10 0 1.82874e-10 0 1.84123e-10 0 1.85325e-10 0 1.86482e-10 0 1.87638e-10 0 1.88749e-10 0 1.8986e-10 0 1.90971e-10 0
4523.68 1.41164e-07 1.2557e-07 1.55939e-08 0.110467 0.0042718 5.9442e-11 0 6.78832e-11 0 7.77089e-11 0 8.4233e-11 0 8.92727e-11 0 9.33973e-11 0 9.69788e-11 0 1.00117e-10 0 1.02915e-10 0 1.05473e-10 0 1.07826e-10 0 1.10008e-10 0 1.12087e-10 0 1.13995e-10 0 1.15799e-10 0 1.175e-10 0 1.19167e-10 0 1.20696e-10 0 1.22226e-10 0 1.23652e-10 0 1.25009e-10 0 1.26366e-10 0 1.27654e-10 0 1.28908e-10 0 1.30092e-10 0 1.31277e-10 0 1.32392e-10 0 1.33508e-10 0 1.34554e-10 0 1.356e-10 0 1.36647e-10 0 1.37624e-10 0 1.38601e-10 0 1.39544e-10 0 1.40486e-10 0 1.41394e-10 0 1.42267e-10 0 1.4314e-10 0 1.43979e-10 0 1.44817e-10 0 1.45656e-10 0
4755.88 1.28133e-07 1.15372e-07 1.27612e-08 0.0995937 0.00386487 4.57643e-11 0 5.21453e-11 0 5.95664e-11 0 6.44909e-11 0 6.82937e-11 0 7.14051e-11 0 7.41065e-11 0 7.64734e-11 0 7.85827e-11 0 8.05115e-11 0 8.22854e-11 0 8.39301e-11 0 8.54976e-11 0 8.69352e-11 0 8.82951e-11 0 8.95772e-11 0 9.08337e-11 0 9.1986e-11 0 9.31387e-11 0 9.42132e-11 0 9.52356e-11 0 9.62583e-11 0 9.72288e-11 0 9.81734e-11 0 9.90658e-11 0 9.99583e-11 0 1.00799e-10 0 1.01639e-10 0 1.02427e-10 0 1.03215e-10 0 1.04004e-10 0 1.0474e-10 0 1.05476e-10 0 1.06186e-10 0 1.06896e-10 0 1.0758e-10 0 1.08237e-10 0 1.08895e-10 0 1.09526e-10 0 1.10158e-10 0 1.1079e-10 0
5000 1.16242e-07 1.05801e-07 1.04409e-08 0.0898198 0.00349654 3.51226e-11 0 3.99348e-11 0 4.55269e-11 0 4.92357e-11 0 5.20988e-11 0 5.44409e-11 0 5.64739e-11 0 5.8255e-11 0 5.98421e-11 0 6.12933e-11 0 6.26278e-11 0 6.3865e-11 0 6.5044e-11 0 6.61253e-11 0 6.71482e-11 0 6.81124e-11 0 6.90574e-11 0 6.99239e-11 0 7.07907e-11 0 7.15987e-11 0 7.23675e-11 0 7.31365e-11 0 7.38662e-11 0 7.45764e-11 0 7.52474e-11 0 7.59184e-11 0 7.65502e-11 0 7.7182e-11 0 7.77745e-11 0 7.83671e-11 0 7.89597e-11 0 7.9513e-11 0 8.00664e-11 0 8.06e-11 0 8.11338e-11 0 8.16478e-11 0 8.21422e-11 0 8.26366e-11 0 8.31113e-11 0 8.35861e-11 0 8.40609e-11 0
