# 0.00730728 0 117 : grain size, compostion index, size index
# Heating and cooling timescale: 3.16465e-08 inf
# Ratio of heating to cooling to determine stochastic cutoff: 100
# Equilibrium emission is recorded even for those grains in the stochastic regime.
# Emission spectrum was computed for: 
# Type: ISRF
# Scales: 0.25 0.5 1 1.5 2 2.5 3 3.5 4 4.5 5 5.5 6 6.5 7 7.5 8 8.5 9 9.5 10 10.5 11 11.5 12 12.5 13 13.5 14 14.5 15 15.5 16 16.5 17 17.5 18 18.5 19 19.5 20
# StochasticallyHeated: 0 0 0 0 0 0 0 0 0 0 0 0 0 0 0 0 0 0 0 0 0 0 0 0 0 0 0 0 0 0 0 0 0 0 0 0 0 0 0 0 0
# Temperature: -1
# Wavelength  CExt  CAbs  CSca  Albedo G EqEm1 StEm1 EqEm2 StEm2 EqEm3 StEm3 EqEm4 StEm4 EqEm5 StEm5 EqEm6 StEm6 EqEm7 StEm7 EqEm8 StEm8 EqEm9 StEm9 EqEm10 StEm10 EqEm11 StEm11 EqEm12 StEm12 EqEm13 StEm13 EqEm14 StEm14 EqEm15 StEm15 EqEm16 StEm16 EqEm17 StEm17 EqEm18 StEm18 EqEm19 StEm19 EqEm20 StEm20 EqEm21 StEm21 EqEm22 StEm22 EqEm23 StEm23 EqEm24 StEm24 EqEm25 StEm25 EqEm26 StEm26 EqEm27 StEm27 EqEm28 StEm28 EqEm29 StEm29 EqEm30 StEm30 EqEm31 StEm31 EqEm32 StEm32 EqEm33 StEm33 EqEm34 StEm34 EqEm35 StEm35 EqEm36 StEm36 EqEm37 StEm37 EqEm38 StEm38 EqEm39 StEm39 EqEm40 StEm40 EqEm41 StEm41
0.05 0.000336119 0.000158749 0.00017737 0.5277 0.989926 0 0 0 0 0 0 0 0 0 0 0 0 0 0 0 0 0 0 0 0 0 0 0 0 0 0 0 0 0 0 0 0 0 0 0 0 0 0 0 0 0 0 0 0 0 0 0 0 0 0 0 0 0 0 0 0 0 0 0 0 0 0 0 0 0 0 0 0 0 0 0 0 0 0 0 0 0 0 0 0 0 0
0.0525665 0.000336164 0.000155715 0.000180449 0.536788 0.983232 0 0 0 0 0 0 0 0 0 0 0 0 0 0 0 0 0 0 0 0 0 0 0 0 0 0 0 0 0 0 0 0 0 0 0 0 0 0 0 0 0 0 0 0 0 0 0 0 0 0 0 0 0 0 0 0 0 0 0 0 0 0 0 0 0 0 0 0 0 0 0 0 0 0 0 0 0 0 0 0 0 0
0.0552647 0.000336201 0.000154699 0.000181502 0.539863 0.979608 0 0 0 0 0 0 0 0 0 0 0 0 0 0 0 0 0 0 0 0 0 0 0 0 0 0 0 0 0 0 0 0 0 0 0 0 0 0 0 0 0 0 0 0 0 0 0 0 0 0 0 0 0 0 0 0 0 0 0 0 0 0 0 0 0 0 0 0 0 0 0 0 0 0 0 0 0 0 0 0 0 0
0.0581015 0.000336233 0.000154195 0.000182038 0.541405 0.977101 0 0 0 0 0 0 0 0 0 0 0 0 0 0 0 0 0 0 0 0 0 0 0 0 0 0 0 0 0 0 0 0 0 0 0 0 0 0 0 0 0 0 0 0 0 0 0 0 0 0 0 0 0 0 0 0 0 0 0 0 0 0 0 0 0 0 0 0 0 0 0 0 0 0 0 0 0 0 0 0 0 0
0.0610839 0.000336266 0.000153902 0.000182363 0.542319 0.975231 0 0 0 0 0 0 0 0 0 0 0 0 0 0 0 0 0 0 0 0 0 0 0 0 0 0 0 0 0 0 0 0 0 0 0 0 0 0 0 0 0 0 0 0 0 0 0 0 0 0 0 0 0 0 0 0 0 0 0 0 0 0 0 0 0 0 0 0 0 0 0 0 0 0 0 0 0 0 0 0 0 0
0.0642193 0.000336297 0.000153643 0.000182654 0.543133 0.973593 0 0 0 0 0 0 0 0 0 0 0 0 0 0 0 0 0 0 0 0 0 0 0 0 0 0 0 0 0 0 0 0 0 0 0 0 0 0 0 0 0 0 0 0 0 0 0 0 0 0 0 0 0 0 0 0 0 0 0 0 0 0 0 0 0 0 0 0 0 0 0 0 0 0 0 0 0 0 0 0 0 0
0.0675157 0.000336328 0.000153311 0.000183017 0.544161 0.97187 0 0 0 0 0 0 0 0 0 0 0 0 0 0 0 0 0 0 0 0 0 0 0 0 0 0 0 0 0 0 0 0 0 0 0 0 0 0 0 0 0 0 0 0 0 0 0 0 0 0 0 0 0 0 0 0 0 0 0 0 0 0 0 0 0 0 0 0 0 0 0 0 0 0 0 0 0 0 0 0 0 0
0.0709813 0.000336361 0.000152886 0.000183476 0.545471 0.969889 0 0 0 0 0 0 0 0 0 0 0 0 0 0 0 0 0 0 0 0 0 0 0 0 0 0 0 0 0 0 0 0 0 0 0 0 0 0 0 0 0 0 0 0 0 0 0 0 0 0 0 0 0 0 0 0 0 0 0 0 0 0 0 0 0 0 0 0 0 0 0 0 0 0 0 0 0 0 0 0 0 0
0.0746248 0.000336395 0.000152396 0.000183999 0.546974 0.967646 0 0 0 0 0 0 0 0 0 0 0 0 0 0 0 0 0 0 0 0 0 0 0 0 0 0 0 0 0 0 0 0 0 0 0 0 0 0 0 0 0 0 0 0 0 0 0 0 0 0 0 0 0 0 0 0 0 0 0 0 0 0 0 0 0 0 0 0 0 0 0 0 0 0 0 0 0 0 0 0 0 0
0.0784553 0.00033643 0.000151902 0.000184528 0.548489 0.965302 0 0 0 0 0 0 0 0 0 0 0 0 0 0 0 0 0 0 0 0 0 0 0 0 0 0 0 0 0 0 0 0 0 0 0 0 0 0 0 0 0 0 0 0 0 0 0 0 0 0 0 0 0 0 0 0 0 0 0 0 0 0 0 0 0 0 0 0 0 0 0 0 0 0 0 0 0 0 0 0 0 0
0.0824824 0.000336466 0.00015142 0.000185046 0.54997 0.96292 0 0 0 0 0 0 0 0 0 0 0 0 0 0 0 0 0 0 0 0 0 0 0 0 0 0 0 0 0 0 0 0 0 0 0 0 0 0 0 0 0 0 0 0 0 0 0 0 0 0 0 0 0 0 0 0 0 0 0 0 0 0 0 0 0 0 0 0 0 0 0 0 0 0 0 0 0 0 0 0 0 0
0.0867162 0.000336504 0.000150941 0.000185563 0.551443 0.960487 0 0 0 0 0 0 0 0 0 0 0 0 0 0 0 0 0 0 0 0 0 0 0 0 0 0 0 0 0 0 0 0 0 0 0 0 0 0 0 0 0 0 0 0 0 0 0 0 0 0 0 0 0 0 0 0 0 0 0 0 0 0 0 0 0 0 0 0 0 0 0 0 0 0 0 0 0 0 0 0 0 0
0.0911674 0.000336544 0.000150464 0.00018608 0.552915 0.957992 0 0 0 0 0 0 0 0 0 0 0 0 0 0 0 0 0 0 0 0 0 0 0 0 0 0 0 0 0 0 0 0 0 0 0 0 0 0 0 0 0 0 0 0 0 0 0 0 0 0 0 0 0 0 0 0 0 0 0 0 0 0 0 0 0 0 0 0 0 0 0 0 0 0 0 0 0 0 0 0 0 0
0.095847 0.000336584 0.000149992 0.000186592 0.55437 0.955443 0 0 0 0 0 0 0 0 0 0 0 0 0 0 0 0 0 0 0 0 0 0 0 0 0 0 0 0 0 0 0 0 0 0 0 0 0 0 0 0 0 0 0 0 0 0 0 0 0 0 0 0 0 0 0 0 0 0 0 0 0 0 0 0 0 0 0 0 0 0 0 0 0 0 0 0 0 0 0 0 0 0
0.100767 0.000336626 0.000149545 0.000187081 0.555754 0.9529 0 0 0 0 0 0 0 0 0 0 0 0 0 0 0 0 0 0 0 0 0 0 0 0 0 0 0 0 0 0 0 0 0 0 0 0 0 0 0 0 0 0 0 0 0 0 0 0 0 0 0 0 0 0 0 0 0 0 0 0 0 0 0 0 0 0 0 0 0 0 0 0 0 0 0 0 0 0 0 0 0 0
0.105939 0.00033667 0.000149189 0.00018748 0.556867 0.950569 0 0 0 0 0 0 0 0 0 0 0 0 0 0 0 0 0 0 0 0 0 0 0 0 0 0 0 0 0 0 0 0 0 0 0 0 0 0 0 0 0 0 0 0 0 0 0 0 0 0 0 0 0 0 0 0 0 0 0 0 0 0 0 0 0 0 0 0 0 0 0 0 0 0 0 0 0 0 0 0 0 0
0.111377 0.000336714 0.00014899 0.000187725 0.557519 0.948831 0 0 0 0 0 0 0 0 0 0 0 0 0 0 0 0 0 0 0 0 0 0 0 0 0 0 0 0 0 0 0 0 0 0 0 0 0 0 0 0 0 0 0 0 0 0 0 0 0 0 0 0 0 0 0 0 0 0 0 0 0 0 0 0 0 0 0 0 0 0 0 0 0 0 0 0 0 0 0 0 0 0
0.117094 0.00033676 0.000148899 0.000187861 0.557848 0.947652 0 0 0 0 0 0 0 0 0 0 0 0 0 0 0 0 0 0 0 0 0 0 0 0 0 0 0 0 0 0 0 0 0 0 0 0 0 0 0 0 0 0 0 0 0 0 0 0 0 0 0 0 0 0 0 0 0 0 0 0 0 0 0 0 0 0 0 0 0 0 0 0 0 0 0 0 0 0 0 0 0 0
0.123105 0.000336807 0.000148737 0.000188069 0.55839 0.946259 0 0 0 0 0 0 0 0 0 0 0 0 0 0 0 0 0 0 0 0 0 0 0 0 0 0 0 0 0 0 0 0 0 0 0 0 0 0 0 0 0 0 0 0 0 0 0 0 0 0 0 0 0 0 0 0 0 0 0 0 0 0 0 0 0 0 0 0 0 0 0 0 0 0 0 0 0 0 0 0 0 0
0.129424 0.000336856 0.000148672 0.000188183 0.558646 0.945172 0 0 0 0 0 0 0 0 0 0 0 0 0 0 0 0 0 0 0 0 0 0 0 0 0 0 0 0 0 0 0 0 0 0 0 0 0 0 0 0 0 0 0 0 0 0 0 0 0 0 0 0 0 0 0 0 0 0 0 0 0 0 0 0 0 0 0 0 0 0 0 0 0 0 0 0 0 0 0 0 0 0
0.136067 0.000336904 0.000148874 0.00018803 0.558111 0.945304 0 0 0 0 0 0 0 0 0 0 0 0 0 0 0 0 0 0 0 0 0 0 0 0 0 0 0 0 0 0 0 0 0 0 0 0 0 0 0 0 0 0 0 0 0 0 0 0 0 0 0 0 0 0 0 0 0 0 0 0 0 0 0 0 0 0 0 0 0 0 0 0 0 0 0 0 0 0 0 0 0 0
0.143051 0.000336954 0.000148927 0.000188027 0.558019 0.945028 0 0 0 0 0 0 0 0 0 0 0 0 0 0 0 0 0 0 0 0 0 0 0 0 0 0 0 0 0 0 0 0 0 0 0 0 0 0 0 0 0 0 0 0 0 0 0 0 0 0 0 0 0 0 0 0 0 0 0 0 0 0 0 0 0 0 0 0 0 0 0 0 0 0 0 0 0 0 0 0 0 0
0.150394 0.000337005 0.000149276 0.000187729 0.55705 0.94573 0 0 0 0 0 0 0 0 0 0 0 0 0 0 0 0 0 0 0 0 0 0 0 0 0 0 0 0 0 0 0 0 0 0 0 0 0 0 0 0 0 0 0 0 0 0 0 0 0 0 0 0 0 0 0 0 0 0 0 0 0 0 0 0 0 0 0 0 0 0 0 0 0 0 0 0 0 0 0 0 0 0
0.158114 0.00033705 0.000150443 0.000186606 0.553647 0.950442 0 0 0 0 0 0 0 0 0 0 0 0 0 0 0 0 0 0 0 0 0 0 0 0 0 0 0 0 0 0 0 0 0 0 0 0 0 0 0 0 0 0 0 0 0 0 0 0 0 0 0 0 0 0 0 0 0 0 0 0 0 0 0 0 0 0 0 0 0 0 0 0 0 0 0 0 0 0 0 0 0 0
0.16623 0.00033709 0.000150573 0.000186517 0.553316 0.951944 0 0 0 0 0 0 0 0 0 0 0 0 0 0 0 0 0 0 0 0 0 0 0 0 0 0 0 0 0 0 0 0 0 0 0 0 0 0 0 0 0 0 0 0 0 0 0 0 0 0 0 0 0 0 0 0 0 0 0 0 0 0 0 0 0 0 0 0 0 0 0 0 0 0 0 0 0 0 0 0 0 0
0.174762 0.000337137 0.000149479 0.000187659 0.556624 0.948511 0 0 0 0 0 0 0 0 0 0 0 0 0 0 0 0 0 0 0 0 0 0 0 0 0 0 0 0 0 0 0 0 0 0 0 0 0 0 0 0 0 0 0 0 0 0 0 0 0 0 0 0 0 0 0 0 0 0 0 0 0 0 0 0 0 0 0 0 0 0 0 0 0 0 0 0 0 0 0 0 0 0
0.183733 0.000337193 0.000147762 0.000189431 0.561788 0.942329 0 0 0 0 0 0 0 0 0 0 0 0 0 0 0 0 0 0 0 0 0 0 0 0 0 0 0 0 0 0 0 0 0 0 0 0 0 0 0 0 0 0 0 0 0 0 0 0 0 0 0 0 0 0 0 0 0 0 0 0 0 0 0 0 0 0 0 0 0 0 0 0 0 0 0 0 0 0 0 0 0 0
0.193164 0.000337258 0.000145244 0.000192014 0.569339 0.93253 0 0 0 0 0 0 0 0 0 0 0 0 0 0 0 0 0 0 0 0 0 0 0 0 0 0 0 0 0 0 0 0 0 0 0 0 0 0 0 0 0 0 0 0 0 0 0 0 0 0 0 0 0 0 0 0 0 0 0 0 0 0 0 0 0 0 0 0 0 0 0 0 0 0 0 0 0 0 0 0 0 0
0.203079 0.000337334 0.000142575 0.000194759 0.577347 0.92088 0 0 0 0 0 0 0 0 0 0 0 0 0 0 0 0 0 0 0 0 0 0 0 0 0 0 0 0 0 0 0 0 0 0 0 0 0 0 0 0 0 0 0 0 0 0 0 0 0 0 0 0 0 0 0 0 0 0 0 0 0 0 0 0 0 0 0 0 0 0 0 0 0 0 0 0 0 0 0 0 0 0
0.213503 0.000337413 0.000140493 0.000196919 0.583616 0.911156 0 0 0 0 0 0 0 0 0 0 0 0 0 0 0 0 0 0 0 0 0 0 0 0 0 0 0 0 0 0 0 0 0 0 0 0 0 0 0 0 0 0 0 0 0 0 0 0 0 0 0 0 0 0 0 0 0 0 0 0 0 0 0 0 0 0 0 0 0 0 0 0 0 0 0 0 0 0 0 0 0 0
0.224463 0.000337494 0.000138686 0.000198807 0.589069 0.902411 0 0 0 0 0 0 0 0 0 0 0 0 0 0 0 0 0 0 0 0 0 0 0 0 0 0 0 0 0 0 0 0 0 0 0 0 0 0 0 0 0 0 0 0 0 0 0 0 0 0 0 0 0 0 0 0 0 0 0 0 0 0 0 0 0 0 0 0 0 0 0 0 0 0 0 0 0 0 0 0 0 0
0.235984 0.000337576 0.000136858 0.000200718 0.594586 0.893613 0 0 0 0 0 0 0 0 0 0 0 0 0 0 0 0 0 0 0 0 0 0 0 0 0 0 0 0 0 0 0 0 0 0 0 0 0 0 0 0 0 0 0 0 0 0 0 0 0 0 0 0 0 0 0 0 0 0 0 0 0 0 0 0 0 0 0 0 0 0 0 0 0 0 0 0 0 0 0 0 0 0
0.248097 0.000337666 0.000134708 0.000202958 0.601062 0.883191 0 0 0 0 0 0 0 0 0 0 0 0 0 0 0 0 0 0 0 0 0 0 0 0 0 0 0 0 0 0 0 0 0 0 0 0 0 0 0 0 0 0 0 0 0 0 0 0 0 0 0 0 0 0 0 0 0 0 0 0 0 0 0 0 0 0 0 0 0 0 0 0 0 0 0 0 0 0 0 0 0 0
0.260832 0.00033776 0.000133008 0.000204752 0.606207 0.874338 0 0 0 0 0 0 0 0 0 0 0 0 0 0 0 0 0 0 0 0 0 0 0 0 0 0 0 0 0 0 0 0 0 0 0 0 0 0 0 0 0 0 0 0 0 0 0 0 0 0 0 0 0 0 0 0 0 0 0 0 0 0 0 0 0 0 0 0 0 0 0 0 0 0 0 0 0 0 0 0 0 0
0.274221 0.000337856 0.000131652 0.000206204 0.61033 0.866895 0 0 0 0 0 0 0 0 0 0 0 0 0 0 0 0 0 0 0 0 0 0 0 0 0 0 0 0 0 0 0 0 0 0 0 0 0 0 0 0 0 0 0 0 0 0 0 0 0 0 0 0 0 0 0 0 0 0 0 0 0 0 0 0 0 0 0 0 0 0 0 0 0 0 0 0 0 0 0 0 0 0
0.288297 0.000337955 0.000130565 0.000207389 0.61366 0.86074 0 0 0 0 0 0 0 0 0 0 0 0 0 0 0 0 0 0 0 0 0 0 0 0 0 0 0 0 0 0 0 0 0 0 0 0 0 0 0 0 0 0 0 0 0 0 0 0 0 0 0 0 0 0 0 0 0 0 0 0 0 0 0 0 0 0 0 0 0 0 0 0 0 0 0 0 0 0 0 0 0 0
0.303095 0.000338057 0.000129644 0.000208413 0.616502 0.855284 0 0 0 0 0 0 0 0 0 0 0 0 0 0 0 0 0 0 0 0 0 0 0 0 0 0 0 0 0 0 0 0 0 0 0 0 0 0 0 0 0 0 0 0 0 0 0 0 0 0 0 0 0 0 0 0 0 0 0 0 0 0 0 0 0 0 0 0 0 0 0 0 0 0 0 0 0 0 0 0 0 0
0.318653 0.000338161 0.000128866 0.000209294 0.61892 0.850568 0 0 0 0 0 0 0 0 0 0 0 0 0 0 0 0 0 0 0 0 0 0 0 0 0 0 0 0 0 0 0 0 0 0 0 0 0 0 0 0 0 0 0 0 0 0 0 0 0 0 0 0 0 0 0 0 0 0 0 0 0 0 0 0 0 0 0 0 0 0 0 0 0 0 0 0 0 0 0 0 0 0
0.335009 0.000338268 0.000128168 0.0002101 0.621105 0.846268 0 0 0 0 0 0 0 0 0 0 0 0 0 0 0 0 0 0 0 0 0 0 0 0 0 0 0 0 0 0 0 0 0 0 0 0 0 0 0 0 0 0 0 0 0 0 0 0 0 0 0 0 0 0 0 0 0 0 0 0 0 0 0 0 0 0 0 0 0 0 0 0 0 0 0 0 0 0 0 0 0 0
0.352205 0.000338378 0.000127546 0.000210832 0.623066 0.842353 0 0 0 0 0 0 0 0 0 0 0 0 0 0 0 0 0 0 0 0 0 0 0 0 0 0 0 0 0 0 0 0 0 0 0 0 0 0 0 0 0 0 0 0 0 0 0 0 0 0 0 0 0 0 0 0 0 0 0 0 0 0 0 0 0 0 0 0 0 0 0 0 0 0 0 0 0 0 0 0 0 0
0.370284 0.000338493 0.000126925 0.000211568 0.625029 0.838519 0 0 0 0 0 0 0 0 0 0 0 0 0 0 0 0 0 0 0 0 0 0 0 0 0 0 0 0 0 0 0 0 0 0 0 0 0 0 0 0 0 0 0 0 0 0 0 0 0 0 0 0 0 0 0 0 0 0 0 0 0 0 0 0 0 0 0 0 0 0 0 0 0 0 0 0 0 0 0 0 0 0
0.389291 0.000338611 0.000126327 0.000212284 0.626926 0.834833 0 0 0 0 0 0 0 0 0 0 0 0 0 0 0 0 0 0 0 0 0 0 0 0 0 0 0 0 0 0 0 0 0 0 0 0 0 0 0 0 0 0 0 0 0 0 0 0 0 0 0 0 0 0 0 0 0 0 0 0 0 0 0 0 0 0 0 0 0 0 0 0 0 0 0 0 0 0 0 0 0 0
0.409273 0.000338734 0.000125704 0.000213031 0.628902 0.831093 0 0 0 0 0 0 0 0 0 0 0 0 0 0 0 0 0 0 0 0 0 0 0 0 0 0 0 0 0 0 0 0 0 0 0 0 0 0 0 0 0 0 0 0 0 0 0 0 0 0 0 0 0 0 0 0 0 0 0 0 0 0 0 0 0 0 0 0 0 0 0 0 0 0 0 0 0 0 0 0 0 0
0.430281 0.000338862 0.00012507 0.000213791 0.63091 0.827335 0 0 0 0 0 0 0 0 0 0 0 0 0 0 0 0 0 0 0 0 0 0 0 0 0 0 0 0 0 0 0 0 0 0 0 0 0 0 0 0 0 0 0 0 0 0 0 0 0 0 0 0 0 0 0 0 0 0 0 0 0 0 0 0 0 0 0 0 0 0 0 0 0 0 0 0 0 0 0 0 0 0
0.452368 0.000338994 0.000124472 0.000214522 0.63282 0.823721 0 0 0 0 0 0 0 0 0 0 0 0 0 0 0 0 0 0 0 0 0 0 0 0 0 0 0 0 0 0 0 0 0 0 0 0 0 0 0 0 0 0 0 0 0 0 0 0 0 0 0 0 0 0 0 0 0 0 0 0 0 0 0 0 0 0 0 0 0 0 0 0 0 0 0 0 0 0 0 0 0 0
0.475588 0.000339131 0.000123883 0.000215248 0.634704 0.82016 0 0 0 0 0 0 0 0 0 0 0 0 0 0 0 0 0 0 0 0 0 0 0 0 0 0 0 0 0 0 0 0 0 0 0 0 0 0 0 0 0 0 0 0 0 0 0 0 0 0 0 0 0 0 0 0 0 0 0 0 0 0 0 0 0 0 0 0 0 0 0 0 0 0 0 0 0 0 0 0 0 0
0.5 0.000339272 0.00012339 0.000215882 0.636309 0.816996 0 0 0 0 0 0 0 0 0 0 0 0 0 0 0 0 0 0 0 0 0 0 0 0 0 0 0 0 0 0 0 0 0 0 0 0 0 0 0 0 0 0 0 0 0 0 0 0 0 0 0 0 0 0 0 0 0 0 0 0 0 0 0 0 0 0 0 0 0 0 0 0 0 0 0 0 0 0 0 0 0 0
0.525665 0.000339417 0.000122987 0.00021643 0.637652 0.814236 0 0 0 0 0 0 0 0 0 0 0 0 0 0 0 0 0 0 0 0 0 0 0 0 0 0 0 0 0 0 0 0 0 0 0 0 0 0 0 0 0 0 0 0 0 0 0 0 0 0 0 0 0 0 0 0 0 0 0 0 0 0 0 0 0 0 0 0 0 0 0 0 0 0 0 0 0 0 0 0 0 0
0.552648 0.000339565 0.000122664 0.000216901 0.638761 0.811855 0 0 0 0 0 0 0 0 0 0 0 0 0 0 0 0 0 0 0 0 0 0 0 0 0 0 0 0 0 0 0 0 0 0 0 0 0 0 0 0 0 0 0 0 0 0 0 0 0 0 0 0 0 0 0 0 0 0 0 0 0 0 0 0 0 0 0 0 0 0 0 0 0 0 0 0 0 0 0 0 0 0
0.581015 0.000339717 0.000122391 0.000217325 0.639725 0.809727 0 0 0 0 0 0 0 0 0 0 0 0 0 0 0 0 0 0 0 0 0 0 0 0 0 0 0 0 0 0 0 0 0 0 0 0 0 0 0 0 0 0 0 0 0 0 0 0 0 0 0 0 0 0 0 0 0 0 0 0 0 0 0 0 0 0 0 0 0 0 0 0 0 0 0 0 0 0 0 0 0 0
0.610839 0.000339872 0.000122132 0.00021774 0.640654 0.80769 0 0 0 0 0 0 0 0 0 0 0 0 0 0 0 0 0 0 0 0 0 0 0 0 0 0 0 0 0 0 0 0 0 0 0 0 0 0 0 0 0 0 0 0 0 0 0 0 0 0 0 0 0 0 0 0 0 0 0 0 0 0 0 0 0 0 0 0 0 0 0 0 0 0 0 0 0 0 0 0 0 0
0.642193 0.000340032 0.000121888 0.000218144 0.64154 0.805759 0 0 0 0 0 0 0 0 0 0 0 0 0 0 0 0 0 0 0 0 0 0 0 0 0 0 0 0 0 0 0 0 0 0 0 0 0 0 0 0 0 0 0 0 0 0 0 0 0 0 0 0 0 0 0 0 0 0 0 0 0 0 0 0 0 0 0 0 0 0 0 0 0 0 0 0 0 0 0 0 0 0
0.675157 0.000340197 0.000121642 0.000218555 0.642435 0.803852 0 0 0 0 0 0 0 0 0 0 0 0 0 0 0 0 0 0 0 0 0 0 0 0 0 0 0 0 0 0 0 0 0 0 0 0 0 0 0 0 0 0 0 0 0 0 0 0 0 0 0 0 0 0 0 0 0 0 0 0 0 0 0 0 0 0 0 0 0 0 0 0 0 0 0 0 0 0 0 0 0 0
0.709813 0.000340367 0.000121395 0.000218972 0.643341 0.801949 0 0 0 0 0 0 0 0 0 0 0 0 0 0 0 0 0 0 0 0 0 0 0 0 0 0 0 0 0 0 0 0 0 0 0 0 0 0 0 0 0 0 0 0 0 0 0 0 0 0 0 0 0 0 0 0 0 0 0 0 0 0 0 0 0 0 0 0 0 0 0 0 0 0 0 0 0 0 0 0 0 0
0.746248 0.00034054 0.000121165 0.000219376 0.644199 0.800131 0 0 0 0 0 0 0 0 0 0 0 0 0 0 0 0 0 0 0 0 0 0 0 0 0 0 0 0 0 0 0 0 0 0 0 0 0 0 0 0 0 0 0 0 0 0 0 0 0 0 0 0 0 0 0 0 0 0 0 0 0 0 0 0 0 0 0 0 0 0 0 0 0 0 0 0 0 0 0 0 0 0
0.784553 0.000340718 0.000120966 0.000219752 0.644967 0.798438 0 0 0 0 0 0 0 0 0 0 0 0 0 0 0 0 0 0 0 0 0 0 0 0 0 0 0 0 0 0 0 0 0 0 0 0 0 0 0 0 0 0 0 0 0 0 0 0 0 0 0 0 0 0 0 0 0 0 0 0 0 0 0 0 0 0 0 0 0 0 0 0 0 0 0 0 0 0 0 0 0 0
0.824824 0.000340898 0.000120885 0.000220013 0.645392 0.797241 0 0 0 0 0 0 0 0 0 0 0 0 0 0 0 0 0 0 0 0 0 0 0 0 0 0 0 0 0 0 0 0 0 0 0 0 0 0 0 0 0 0 0 0 0 0 0 0 0 0 0 0 0 0 0 0 0 0 0 0 0 0 0 0 0 0 0 0 0 0 0 0 0 0 0 0 0 0 0 0 0 0
0.867162 0.000341081 0.000120916 0.000220165 0.645491 0.796573 0 0 0 0 0 0 0 0 0 0 0 0 0 0 0 0 0 0 0 0 0 0 0 0 0 0 0 0 0 0 0 0 0 0 0 0 0 0 0 0 0 0 0 0 0 0 0 0 0 0 0 0 0 0 0 0 0 0 0 0 0 0 0 0 0 0 0 0 0 0 0 0 0 0 0 0 0 0 0 0 0 0
0.911674 0.000341267 0.000120956 0.000220312 0.645569 0.796004 0 0 0 0 0 0 0 0 0 0 0 0 0 0 0 0 0 0 0 0 0 0 0 0 0 0 0 0 0 0 0 0 0 0 0 0 0 0 0 0 0 0 0 0 0 0 0 0 0 0 0 0 0 0 0 0 0 0 0 0 0 0 0 0 0 0 0 0 0 0 0 0 0 0 0 0 0 0 0 0 0 0
0.95847 0.000341464 0.000120889 0.000220575 0.645968 0.795033 0 0 0 0 0 0 0 0 0 0 0 0 0 0 0 0 0 0 0 0 0 0 0 0 0 0 0 0 0 0 0 0 0 0 0 0 0 0 0 0 0 0 0 0 0 0 0 0 0 0 0 0 0 0 0 0 0 0 0 0 0 0 0 0 0 0 0 0 0 0 0 0 0 0 0 0 0 0 0 0 0 0
1.00767 0.000341668 0.00012076 0.000220908 0.646557 0.793791 0 0 0 0 0 0 0 0 0 0 0 0 0 0 0 0 0 0 0 0 0 0 0 0 0 0 0 0 0 0 0 0 0 0 0 0 0 0 0 0 0 0 0 0 0 0 0 0 0 0 0 0 0 0 0 0 0 0 0 0 0 0 0 0 0 0 0 0 0 0 0 0 0 0 0 0 0 0 0 0 0 0
1.05939 0.000341876 0.000120645 0.000221231 0.647108 0.792609 0 0 0 0 0 0 0 0 0 0 0 0 0 0 0 0 0 0 0 0 0 0 0 0 0 0 0 0 0 0 0 0 0 0 0 0 0 0 0 0 0 0 0 0 0 0 0 0 0 0 0 0 0 0 0 0 0 0 0 0 0 0 0 0 0 0 0 0 0 0 0 0 0 0 0 0 0 0 0 0 0 0
1.11377 0.000342091 0.000120536 0.000221555 0.647649 0.791454 0 0 0 0 0 0 0 0 0 0 0 0 0 0 0 0 0 0 0 0 0 0 0 0 0 0 0 0 0 0 0 0 0 0 0 0 0 0 0 0 0 0 0 0 0 0 0 0 0 0 0 0 0 0 0 0 0 0 0 0 0 0 0 0 0 0 0 0 0 0 0 0 0 0 0 0 0 0 0 0 0 0
1.17094 0.000342313 0.000120398 0.000221915 0.64828 0.790176 0 0 0 0 0 0 0 0 0 0 0 0 0 0 0 0 0 0 0 0 0 0 0 0 0 0 0 0 0 0 0 0 0 0 0 0 0 0 0 0 0 0 0 0 0 0 0 0 0 0 0 0 0 0 0 0 0 0 0 0 0 0 0 0 0 0 0 0 0 0 0 0 0 0 0 0 0 0 0 0 0 0
1.23105 0.00034254 0.000120259 0.000222281 0.64892 0.788894 0 0 0 0 0 0 0 0 0 0 0 0 0 0 0 0 0 0 0 0 0 0 0 0 0 0 0 0 0 0 0 0 0 0 0 0 0 0 0 0 0 0 0 0 0 0 0 0 0 0 0 0 0 0 0 0 0 0 0 0 0 0 0 0 0 0 0 0 0 0 0 0 0 0 0 0 0 0 0 0 0 0
1.29424 0.000342774 0.000120142 0.000222633 0.649502 0.787694 0 0 0 0 0 0 0 0 0 0 0 0 0 0 0 0 0 0 0 0 0 0 0 0 0 0 0 0 0 0 0 0 0 0 0 0 0 0 0 0 0 0 0 0 0 0 0 0 0 0 0 0 0 0 0 0 0 0 0 0 0 0 0 0 0 0 0 0 0 0 0 0 0 0 0 0 0 0 0 0 0 0
1.36067 0.000343012 0.000120109 0.000222903 0.649841 0.786845 0 0 0 0 0 0 0 0 0 0 0 0 0 0 0 0 0 0 0 0 0 0 0 0 0 0 0 0 0 0 0 0 0 0 0 0 0 0 0 0 0 0 0 0 0 0 0 0 0 0 0 0 0 0 0 0 0 0 0 0 0 0 0 0 0 0 0 0 0 0 0 0 0 0 0 0 0 0 0 0 0 0
1.43051 0.000343259 0.000120077 0.000223182 0.650186 0.786034 0 0 0 0 0 0 0 0 0 0 0 0 0 0 0 0 0 0 0 0 0 0 0 0 0 0 0 0 0 0 0 0 0 0 0 0 0 0 0 0 0 0 0 0 0 0 0 0 0 0 0 0 0 0 0 0 0 0 0 0 0 0 0 0 0 0 0 0 0 0 0 0 0 0 0 0 0 0 0 0 0 0
1.50394 0.000343518 0.000119941 0.000223577 0.650846 0.784781 0 0 0 0 0 0 0 0 0 0 0 0 0 0 0 0 0 0 0 0 0 0 0 0 0 0 0 0 0 0 0 0 0 0 0 0 0 0 0 0 0 0 0 0 0 0 0 0 0 0 0 0 0 0 0 0 0 0 0 0 0 0 0 0 0 0 0 0 0 0 0 0 0 0 0 0 0 0 0 0 0 0
1.58114 0.000343785 0.000119783 0.000224002 0.651576 0.783414 0 0 0 0 0 0 0 0 0 0 0 0 0 0 0 0 0 0 0 0 0 0 0 0 0 0 0 0 0 0 0 0 0 0 0 0 0 0 0 0 0 0 0 0 0 0 0 0 0 0 0 0 0 0 0 0 0 0 0 0 0 0 0 0 0 0 0 0 0 0 0 0 0 0 0 0 0 0 0 0 0 0
1.6623 0.000344056 0.00011965 0.000224406 0.652236 0.782136 0 0 0 0 0 0 0 0 0 0 0 0 0 0 0 0 0 0 0 0 0 0 0 0 0 0 0 0 0 0 0 0 0 0 0 0 0 0 0 0 0 0 0 0 0 0 0 0 0 0 0 0 0 0 0 0 0 0 0 0 0 0 0 0 0 0 0 0 0 0 0 0 0 0 0 0 0 0 0 0 0 0
1.74763 0.000344336 0.000119561 0.000224775 0.652778 0.781028 0 0 0 0 0 0 0 0 0 0 0 0 0 0 0 0 0 0 0 0 0 0 0 0 0 0 0 0 0 0 0 0 0 0 0 0 0 0 0 0 0 0 0 0 0 0 0 0 0 0 0 0 0 0 0 0 0 0 0 0 0 0 0 0 0 0 0 0 0 0 0 0 0 0 0 0 0 0 0 0 0 0
1.83733 0.000344628 0.000119466 0.000225162 0.653349 0.779906 0 0 0 0 0 0 0 0 0 0 0 0 0 0 0 0 0 0 0 0 0 0 0 0 0 0 0 0 0 0 0 0 0 0 0 0 0 0 0 0 0 0 0 0 0 0 0 0 0 0 0 0 0 0 0 0 0 0 0 0 0 0 0 0 0 0 0 0 0 0 0 0 0 0 0 0 0 0 0 0 0 0
1.93164 0.000344929 0.000119283 0.000225647 0.654182 0.778397 0 0 0 0 0 0 0 0 0 0 0 0 0 0 0 0 0 0 0 0 0 0 0 0 0 0 0 0 0 0 0 0 0 0 0 0 0 0 0 0 0 0 0 0 0 0 0 0 0 0 0 0 0 0 0 0 0 0 0 0 0 0 0 0 0 0 0 0 0 0 0 0 0 0 0 0 0 0 0 0 0 0
2.03079 0.000345234 0.000119159 0.000226076 0.654847 0.777103 0 0 0 0 0 0 0 0 0 0 0 0 0 0 0 0 0 0 0 0 0 0 0 0 0 0 0 0 0 0 0 0 0 0 0 0 0 0 0 0 0 0 0 0 0 0 0 0 0 0 0 0 0 0 0 0 0 0 0 0 0 0 0 0 0 0 0 0 0 0 0 0 0 0 0 0 0 0 0 0 0 0
2.13503 0.00034555 0.000119072 0.000226478 0.655414 0.775958 0 0 0 0 0 0 0 0 0 0 0 0 0 0 0 0 0 0 0 0 0 0 0 0 0 0 0 0 0 0 0 0 0 0 0 0 0 0 0 0 0 0 0 0 0 0 0 0 0 0 0 0 0 0 0 0 0 0 0 0 0 0 0 0 0 0 0 0 0 0 0 0 0 0 0 0 0 0 0 0 0 0
2.24463 0.000345876 0.000118986 0.00022689 0.655987 0.774806 0 0 0 0 0 0 0 0 0 0 0 0 0 0 0 0 0 0 0 0 0 0 0 0 0 0 0 0 0 0 0 0 0 0 0 0 0 0 0 0 0 0 0 0 0 0 0 0 0 0 0 0 0 0 0 0 0 0 0 0 0 0 0 0 0 0 0 0 0 0 0 0 0 0 0 0 0 0 0 0 0 0
2.35984 0.000346214 0.000118899 0.000227315 0.656574 0.773636 0 0 0 0 0 0 0 0 0 0 0 0 0 0 0 0 0 0 0 0 0 0 0 0 0 0 0 0 0 0 0 0 0 0 0 0 0 0 0 0 0 0 0 0 0 0 0 0 0 0 0 0 0 0 0 0 0 0 0 0 0 0 0 0 0 0 0 0 0 0 0 0 0 0 0 0 0 0 0 0 0 0
2.48097 0.00034656 0.000118772 0.000227787 0.657282 0.772278 0 0 0 0 0 0 0 0 0 0 0 0 0 0 0 0 0 0 0 0 0 0 0 0 0 0 0 0 0 0 0 0 0 0 0 0 0 0 0 0 0 0 0 0 0 0 0 0 0 0 0 0 0 0 0 0 0 0 0 0 0 0 0 0 0 0 0 0 0 0 0 0 0 0 0 0 0 0 0 0 0 0
2.60832 0.000346913 0.000118794 0.000228119 0.657567 0.771514 0 0 0 0 0 0 0 0 0 0 0 0 0 0 0 0 0 0 0 0 0 0 0 0 0 0 0 0 0 0 0 0 0 0 0 0 0 0 0 0 0 0 0 0 0 0 0 0 0 0 0 0 0 0 0 0 0 0 0 0 0 0 0 0 0 0 0 0 0 0 0 0 0 0 0 0 0 0 0 0 0 0
2.74221 0.000347295 0.000118665 0.00022863 0.658317 0.770135 0 0 0 0 0 0 0 0 0 0 0 0 0 0 0 0 0 0 0 0 0 0 0 0 0 0 0 0 0 0 0 0 0 0 0 0 0 0 0 0 0 0 0 0 0 0 0 0 0 0 0 0 0 0 0 0 0 0 0 0 0 0 0 0 0 0 0 0 0 0 0 0 0 0 0 0 0 0 0 0 0 0
2.88297 0.000347678 0.000118499 0.000229179 0.659169 0.768562 0 0 0 0 0 0 0 0 0 0 0 0 0 0 0 0 0 0 0 0 0 0 0 0 0 0 0 0 0 0 0 0 0 0 0 0 0 0 0 0 0 0 0 0 0 0 0 0 0 0 0 0 0 0 0 0 0 0 0 0 0 0 0 0 0 0 0 0 0 0 0 0 0 0 0 0 0 0 0 0 0 0
3.03095 0.000348076 0.000118433 0.000229643 0.659749 0.767382 0 0 0 0 0 0 0 0 0 0 0 0 0 0 0 0 0 0 0 0 0 0 0 0 0 0 0 0 0 0 0 0 0 0 0 0 0 0 0 0 0 0 0 0 0 0 0 0 0 0 0 0 0 0 0 0 0 0 0 0 0 0 0 0 0 0 0 0 0 0 0 0 0 0 0 0 0 0 0 0 0 0
3.18653 0.000348496 0.000118213 0.000230282 0.660789 0.765563 0 0 0 0 0 0 0 0 0 0 0 0 0 0 0 0 0 0 0 0 0 0 0 0 0 0 0 0 0 0 0 0 0 0 0 0 0 0 0 0 0 0 0 0 0 0 0 0 0 0 0 0 0 0 0 0 0 0 0 0 0 0 0 0 0 0 0 0 0 0 0 0 0 0 0 0 0 0 0 0 0 0
3.35009 0.000348904 0.000117994 0.00023091 0.661817 0.763696 0 0 0 0 0 0 0 0 0 0 0 0 0 0 0 0 0 0 0 0 0 0 0 0 0 0 0 0 0 0 0 0 0 0 0 0 0 0 0 0 0 0 0 0 0 0 0 0 0 0 0 0 0 0 0 0 0 0 0 0 0 0 0 0 0 0 0 0 0 0 0 0 0 0 0 0 0 0 0 0 0 0
3.52205 0.000349342 0.00011795 0.000231392 0.662366 0.762537 0 0 0 0 0 0 0 0 0 0 0 0 0 0 0 0 0 0 0 0 0 0 0 0 0 0 0 0 0 0 0 0 0 0 0 0 0 0 0 0 0 0 0 0 0 0 0 0 0 0 0 0 0 0 0 0 0 0 0 0 0 0 0 0 0 0 0 0 0 0 0 0 0 0 0 0 0 0 0 0 0 0
3.70284 0.00034979 0.000117779 0.00023201 0.663285 0.760842 0 0 0 0 0 0 0 0 0 0 0 0 0 0 0 0 0 0 0 0 0 0 0 0 0 0 0 0 0 0 0 0 0 0 0 0 0 0 0 0 0 0 0 0 0 0 0 0 0 0 0 0 0 0 0 0 0 0 0 0 0 0 0 0 0 0 0 0 0 0 0 0 0 0 0 0 0 0 0 0 0 0
3.89291 0.000350244 0.000117555 0.000232689 0.664362 0.758907 0 0 0 0 0 0 0 0 0 0 0 0 0 0 0 0 0 0 0 0 0 0 0 0 0 0 0 0 0 0 0 0 0 0 0 0 0 0 0 0 0 0 0 0 0 0 0 0 0 0 0 0 0 0 0 0 0 0 0 0 0 0 0 0 0 0 0 0 0 0 0 0 0 0 0 0 0 0 0 0 0 0
4.09273 0.000350716 0.000117394 0.000233322 0.665273 0.757204 0 0 0 0 0 0 0 0 0 0 0 0 0 0 0 0 0 0 0 0 0 0 0 0 0 0 0 0 0 0 0 0 0 0 0 0 0 0 0 0 0 0 0 0 0 0 0 0 0 0 0 0 0 0 0 0 0 0 0 0 0 0 0 0 0 0 0 0 0 0 0 0 0 0 0 0 0 0 0 0 0 0
4.30281 0.000351196 0.00011737 0.000233826 0.665798 0.756011 0 0 0 0 0 0 0 0 0 0 0 0 0 0 0 0 0 0 0 0 0 0 0 0 0 0 0 0 0 0 0 0 0 0 0 0 0 0 0 0 0 0 0 0 0 0 0 0 0 0 0 0 0 0 0 0 0 0 0 0 0 0 0 0 0 0 0 0 0 0 0 0 0 0 0 0 0 0 0 0 0 0
4.52368 0.000351677 0.000117334 0.000234343 0.666359 0.754737 0 0 0 0 0 0 0 0 0 0 0 0 0 0 0 0 0 0 0 0 0 0 0 0 0 0 0 0 0 0 0 0 0 0 0 0 0 0 0 0 0 0 0 0 0 0 0 0 0 0 0 0 0 0 0 0 0 0 0 0 0 0 0 0 0 0 0 0 0 0 0 0 0 0 0 0 0 0 0 0 0 0
4.75588 0.000352182 0.000117251 0.000234931 0.667074 0.753258 0 0 0 0 0 0 0 0 0 0 0 0 0 0 0 0 0 0 0 0 0 0 0 0 0 0 0 0 0 0 0 0 0 0 0 0 0 0 0 0 0 0 0 0 0 0 0 0 0 0 0 0 0 0 0 0 0 0 0 0 0 0 0 0 0 0 0 0 0 0 0 0 0 0 0 0 0 0 0 0 0 0
5 0.00035268 0.000117194 0.000235486 0.667705 0.751851 0 0 0 0 0 0 0 0 0 0 0 0 0 0 0 0 0 0 0 0 0 0 0 0 0 0 0 0 0 0 0 0 0 0 0 0 0 0 0 0 0 0 0 0 0 0 0 0 0 0 0 0 0 0 0 0 0 0 0 0 0 0 0 0 0 0 0 0 0 0 0 0 0 0 0 0 0 0 0 0 0 0
5.25665 0.000353204 0.000117365 0.00023584 0.667715 0.751282 0 0 0 0 0 0 0 0 0 0 0 0 0 0 0 0 0 0 0 0 0 0 0 0 0 0 0 0 0 0 0 0 0 0 0 0 0 0 0 0 0 0 0 0 0 0 0 0 0 0 0 0 0 0 0 0 0 0 0 0 0 0 0 0 0 0 0 0 0 0 0 0 0 0 0 0 0 0 0 0 0 0
5.52648 0.000353756 0.000117601 0.000236155 0.667565 0.750924 0 0 0 0 0 0 0 0 0 0 0 0 0 0 0 0 0 0 0 0 0 0 0 0 0 0 0 0 0 0 0 0 0 0 0 0 0 0 0 0 0 0 0 0 0 0 0 0 0 0 0 0 0 0 0 0 0 0 0 0 0 0 0 0 0 0 0 0 0 0 0 0 0 0 0 0 0 0 0 0 0 0
5.81015 0.000354377 0.000118118 0.000236259 0.666689 0.751571 0 0 0 0 0 0 0 0 0 0 0 0 0 0 0 0 0 0 0 0 0 0 0 0 0 0 0 0 0 0 0 0 0 0 0 0 0 0 0 0 0 0 0 0 0 0 0 0 0 0 0 0 0 0 0 0 0 0 0 0 0 0 0 0 0 0 0 0 0 0 0 0 0 0 0 0 0 0 0 0 0 0
6.10839 0.000355107 0.000118183 0.000236923 0.667189 0.750456 0 0 0 0 0 0 0 0 0 0 0 0 0 0 0 0 0 0 0 0 0 0 0 0 0 0 0 0 0 0 0 0 0 0 0 0 0 0 0 0 0 0 0 0 0 0 0 0 0 0 0 0 0 0 0 0 0 0 0 0 0 0 0 0 0 0 0 0 0 0 0 0 0 0 0 0 0 0 0 0 0 0
6.42193 0.00035582 0.000117156 0.000238664 0.670743 0.745242 0 0 0 0 0 0 0 0 0 0 0 0 0 0 0 0 0 0 0 0 0 0 0 0 0 0 0 0 0 0 0 0 0 0 0 0 0 0 0 0 0 0 0 0 0 0 0 0 0 0 0 0 0 0 0 0 0 0 0 0 0 0 0 0 0 0 0 0 0 0 0 0 0 0 0 0 0 0 0 0 0 0
6.75157 0.000356465 0.000116897 0.000239568 0.672067 0.742891 0 0 0 0 0 0 0 0 0 0 0 0 0 0 0 0 0 0 0 0 0 0 0 0 0 0 0 0 0 0 0 0 0 0 0 0 0 0 0 0 0 0 0 0 0 0 0 0 0 0 0 0 0 0 0 0 0 0 0 0 0 0 0 0 0 0 0 0 0 0 0 0 0 0 0 0 0 0 0 0 0 0
7.09813 0.000357219 0.000116689 0.000240529 0.673339 0.740693 0 0 0 0 0 0 0 0 0 0 0 0 0 0 0 0 0 0 0 0 0 0 0 0 0 0 0 0 0 0 0 0 0 0 0 0 0 0 0 0 0 0 0 0 0 0 0 0 0 0 0 0 0 0 0 0 0 0 0 0 0 0 0 0 0 0 0 0 0 0 0 0 0 0 0 0 0 0 0 0 0 0
7.46248 0.000357972 0.000115805 0.000242166 0.676495 0.73607 0 0 0 0 0 0 0 0 0 0 0 0 0 0 0 0 0 0 0 0 0 0 0 0 0 0 0 0 0 0 0 0 0 0 0 0 0 0 0 0 0 0 0 0 0 0 0 0 0 0 0 0 0 0 0 0 0 0 0 0 0 0 0 0 0 0 0 0 0 0 0 0 0 0 0 0 0 0 0 0 0 0
7.84553 0.000358653 0.000115102 0.000243551 0.679071 0.732144 0 0 0 0 0 0 0 0 0 0 0 0 0 0 0 0 0 0 0 0 0 0 0 0 0 0 0 0 0 0 0 0 0 0 0 0 0 0 0 0 0 0 0 0 0 0 0 0 0 0 0 0 0 0 0 0 0 0 0 0 0 0 0 0 0 0 0 0 0 0 0 0 0 0 0 0 0 0 0 0 0 0
8.24824 0.000359336 0.000114199 0.000245137 0.682194 0.727576 0 0 0 0 0 0 0 0 0 0 0 0 0 0 0 0 0 0 0 0 0 0 0 0 0 0 0 0 0 0 0 0 0 0 0 0 0 0 0 0 0 0 0 0 0 0 0 0 0 0 0 0 0 0 0 0 0 0 0 0 0 0 0 0 0 0 0 0 0 0 0 0 0 0 0 0 0 0 0 0 0 0
8.67162 0.000359965 0.000113533 0.000246432 0.684599 0.723886 0 0 0 0 0 0 0 0 0 0 0 0 0 0 0 0 0 0 0 0 0 0 0 0 0 0 0 0 0 0 0 0 0 0 0 0 0 0 0 0 0 0 0 0 0 0 0 0 0 0 0 0 0 0 0 0 0 0 0 0 0 0 0 0 0 0 0 0 0 0 0 0 0 0 0 0 0 0 0 0 0 0
9.11674 0.000360548 0.000113072 0.000247476 0.686389 0.72093 0 0 0 0 0 0 0 0 0 0 0 0 0 0 0 0 0 0 0 0 0 0 0 0 0 0 0 0 0 0 0 0 0 0 0 0 0 0 0 0 0 0 0 0 0 0 0 0 0 0 0 0 0 0 0 0 0 0 0 0 0 0 0 0 0 0 0 0 0 0 0 0 0 0 0 0 0 0 0 0 0 0
9.5847 0.000361113 0.000112806 0.000248307 0.687616 0.718642 0 0 0 0 0 0 0 0 0 0 0 0 0 0 0 0 0 0 0 0 0 0 0 0 0 0 0 0 0 0 0 0 0 0 0 0 0 0 0 0 0 0 0 0 0 0 0 0 0 0 0 0 0 0 0 0 0 0 0 0 0 0 0 0 0 0 0 0 0 0 0 0 0 0 0 0 0 0 0 0 0 0
10.0767 0.000361713 0.000112883 0.00024883 0.687921 0.717453 0 0 0 0 0 0 0 0 0 0 0 0 0 0 0 0 0 0 0 0 0 0 0 0 0 0 0 0 0 0 0 0 0 0 0 0 0 0 0 0 0 0 0 0 0 0 0 0 0 0 0 0 0 0 0 0 0 0 0 0 0 0 0 0 0 0 0 0 0 0 0 0 0 0 0 0 0 0 0 0 0 0
10.5939 0.000362404 0.000113311 0.000249093 0.687335 0.717324 0 0 0 0 0 0 0 0 0 0 0 0 0 0 0 0 0 0 0 0 0 0 0 0 0 0 0 0 0 0 0 0 0 0 0 0 0 0 0 0 0 0 0 0 0 0 0 0 0 0 0 0 0 0 0 0 0 0 0 0 0 0 0 0 0 0 0 0 0 0 0 0 0 0 0 0 0 0 0 0 0 0
11.1377 0.000363261 0.000113317 0.000249944 0.688057 0.715725 0 0 0 0 0 0 0 0 0 0 0 0 0 0 0 0 0 0 0 0 0 0 0 0 0 0 0 0 0 0 0 0 0 0 0 0 0 0 0 0 0 0 0 0 0 0 0 0 0 0 0 0 0 0 0 0 0 0 0 0 0 0 0 0 0 0 0 0 0 0 0 0 0 0 0 0 0 0 0 0 0 0
11.7094 0.000363998 0.000112828 0.00025117 0.690031 0.712612 0 0 0 0 0 0 0 0 0 0 0 0 0 0 0 0 0 0 0 0 0 0 0 0 0 0 0 0 0 0 0 0 0 0 0 0 0 0 0 0 0 0 0 0 0 0 0 0 0 0 0 0 0 0 0 0 0 0 0 0 0 0 0 0 0 0 0 0 0 0 0 0 0 0 0 0 0 0 0 0 0 0
12.3105 0.00036472 0.0001126 0.00025212 0.69127 0.710331 0 0 0 0 0 0 0 0 0 0 0 0 0 0 0 0 0 0 0 0 0 0 0 0 0 0 0 0 0 0 0 0 0 0 0 0 0 0 0 0 0 0 0 0 0 0 0 0 0 0 0 0 0 0 0 0 0 0 0 0 0 0 0 0 0 0 0 0 0 0 0 0 0 0 0 0 0 0 0 0 0 0
12.9424 0.000365672 0.00011278 0.000252892 0.691582 0.709175 0 0 0 0 0 0 0 0 0 0 0 0 0 0 0 0 0 0 0 0 0 0 0 0 0 0 0 0 0 0 0 0 0 0 0 0 0 0 0 0 0 0 0 0 0 0 0 0 0 0 0 0 0 0 0 0 0 0 0 0 0 0 0 0 0 0 0 0 0 0 0 0 0 0 0 0 0 0 0 0 0 0
13.6067 0.000366242 0.00011177 0.000254471 0.694818 0.704606 0 0 0 0 0 0 0 0 0 0 0 0 0 0 0 0 0 0 0 0 0 0 0 0 0 0 0 0 0 0 0 0 0 0 0 0 0 0 0 0 0 0 0 0 0 0 0 0 0 0 0 0 0 0 0 0 0 0 0 0 0 0 0 0 0 0 0 0 0 0 0 0 0 0 0 0 0 0 0 0 0 0
14.3051 0.000367033 0.00011185 0.000255184 0.69526 0.703198 0 0 0 0 0 0 0 0 0 0 0 0 0 0 0 0 0 0 0 0 0 0 0 0 0 0 0 0 0 0 0 0 0 0 0 0 0 0 0 0 0 0 0 0 0 0 0 0 0 0 0 0 0 0 0 0 0 0 0 0 0 0 0 0 0 0 0 0 0 0 0 0 0 0 0 0 0 0 0 0 0 0
15.0394 0.000367825 0.000112011 0.000255815 0.695479 0.701998 0 0 0 0 0 0 0 0 0 0 0 0 0 0 0 0 0 0 0 0 0 0 0 0 0 0 0 0 0 0 0 0 0 0 0 0 0 0 0 0 0 0 0 0 0 0 0 0 0 0 0 0 0 0 0 0 0 0 0 0 0 0 0 0 0 0 0 0 0 0 0 0 0 0 0 0 0 0 0 0 0 0
15.8114 0.000368616 0.000111942 0.000256674 0.696319 0.7001 0 0 0 0 0 0 0 0 0 0 0 0 0 0 0 0 0 0 0 0 0 0 0 0 0 0 0 0 0 0 0 0 0 0 0 0 0 0 0 0 0 0 0 0 0 0 0 0 0 0 0 0 0 0 0 0 0 0 0 0 0 0 0 0 0 0 0 0 0 0 0 0 0 0 0 0 0 0 0 0 0 0
16.623 0.000369537 0.000111579 0.000257957 0.698057 0.697292 0 0 0 0 0 0 0 0 0 0 0 0 0 0 0 0 0 0 0 0 0 0 0 0 0 0 0 0 0 0 0 0 0 0 0 0 0 0 0 0 0 0 0 0 0 0 0 0 0 0 0 0 0 0 0 0 0 0 0 0 0 0 0 0 0 0 0 0 0 0 0 0 0 0 0 0 0 0 0 0 0 0
17.4762 0.000370412 0.000111391 0.000259021 0.699278 0.694995 0 0 0 0 0 0 0 0 0 0 0 0 0 0 0 0 0 0 0 0 0 0 0 0 0 0 0 0 0 0 0 0 0 0 0 0 0 0 0 0 0 0 0 0 0 0 0 0 0 0 0 0 0 0 0 0 0 0 0 0 0 0 0 0 0 0 0 0 0 0 0 0 0 0 0 0 0 0 0 0 0 0
18.3733 0.000371167 0.000111014 0.000260154 0.700907 0.692222 0 0 0 0 0 0 0 0 0 0 0 0 0 0 0 0 0 0 0 0 0 0 0 0 0 0 0 0 0 0 0 0 0 0 0 0 0 0 0 0 0 0 0 0 0 0 0 0 0 0 0 0 0 0 0 0 0 0 0 0 0 0 0 0 0 0 0 0 0 0 1.4013e-45 0 1.4013e-45 0 2.8026e-45 0 7.00649e-45 0 1.26117e-44 0 2.66247e-44 0
19.3164 0.000371947 0.000111163 0.000260784 0.701133 0.690849 0 0 0 0 0 0 0 0 0 0 0 0 0 0 0 0 0 0 0 0 0 0 0 0 0 0 0 0 0 0 0 0 0 0 0 0 0 0 0 0 0 0 0 0 0 0 0 0 0 0 0 0 0 0 0 0 0 0 1.4013e-45 0 2.8026e-45 0 7.00649e-45 0 1.68156e-44 0 3.78351e-44 0 7.9874e-44 0 1.66755e-43 0 3.30706e-43 0 6.7963e-43 0 1.32423e-42 0 2.44667e-42 0 4.69155e-42 0
20.3079 0.00037295 0.000111357 0.000261593 0.701416 0.689457 0 0 0 0 0 0 0 0 0 0 0 0 0 0 0 0 0 0 0 0 0 0 0 0 0 0 0 0 0 0 0 0 0 0 0 0 0 0 0 0 0 0 0 0 0 0 1.4013e-45 0 2.8026e-45 0 7.00649e-45 0 1.82169e-44 0 4.48416e-44 0 1.14906e-43 0 2.71852e-43 0 6.34788e-43 0 1.3999e-42 0 3.05063e-42 0 6.57209e-42 0 1.34006e-41 0 2.70633e-41 0 5.18635e-41 0 1.02872e-40 0 1.93903e-40 0 3.47914e-40 0 6.46077e-40 0
21.3503 0.000373903 0.000110765 0.000263139 0.703761 0.685987 0 0 0 0 0 0 0 0 0 0 0 0 0 0 0 0 0 0 0 0 0 0 0 0 0 0 0 0 0 0 0 0 0 0 0 0 0 0 1.4013e-45 0 4.2039e-45 0 1.54143e-44 0 5.1848e-44 0 1.58347e-43 0 4.51218e-43 0 1.20091e-42 0 3.13611e-42 0 7.68192e-42 0 1.85406e-41 0 4.21441e-41 0 9.45764e-41 0 2.00593e-40 0 4.20816e-40 0 8.73399e-40 0 1.71995e-39 0 3.35636e-39 0 6.23095e-39 0 1.19528e-38 0 2.18434e-38 0 3.809e-38 0 6.86275e-38 0
22.4463 0.000374781 0.000110713 0.000264069 0.704594 0.683945 0 0 0 0 0 0 0 0 0 0 0 0 0 0 0 0 0 0 0 0 0 0 0 0 0 0 0 0 0 0 0 0 2.8026e-45 0 1.54143e-44 0 6.72623e-44 0 2.53635e-43 0 8.7441e-43 0 2.78718e-42 0 8.67123e-42 0 2.51071e-41 0 6.78929e-41 0 1.7204e-40 0 4.28726e-40 0 1.00544e-39 0 2.32444e-39 0 5.07612e-39 0 1.09506e-38 0 2.23885e-38 0 4.52991e-38 0 9.07251e-38 0 1.72847e-37 0 3.26466e-37 0 5.88038e-37 0 1.09272e-36 0 1.93898e-36 0 3.29059e-36 0 5.76073e-36 0
23.5984 0.000375686 0.000110315 0.000265371 0.706363 0.680988 0 0 0 0 0 0 0 0 0 0 0 0 0 0 0 0 0 0 0 0 0 0 0 0 0 0 4.2039e-45 0 2.52234e-44 0 1.34525e-43 0 6.55808e-43 0 2.73533e-42 0 1.09932e-41 0 3.8589e-41 0 1.25247e-40 0 3.77486e-40 0 1.11109e-39 0 3.05416e-39 0 7.86731e-39 0 1.9051e-38 0 4.54051e-38 0 1.02143e-37 0 2.26672e-37 0 4.76487e-37 0 9.9004e-37 0 1.95469e-36 0 3.82119e-36 0 7.39791e-36 0 1.36577e-35 0 2.50074e-35 0 4.37681e-35 0 7.89084e-35 0 1.36153e-34 0 2.25171e-34 0 3.83568e-34 0
24.8097 0.00037656 0.000110098 0.000266462 0.707623 0.678477 0 0 0 0 0 0 0 0 0 0 0 0 0 0 0 0 0 0 0 0 1.4013e-45 0 1.26117e-44 0 1.079e-43 0 7.27274e-43 0 4.23753e-42 0 2.09985e-41 0 9.42275e-41 0 3.66765e-40 0 1.37731e-39 0 4.54737e-39 0 1.39348e-38 0 3.97965e-38 0 1.11123e-37 0 2.9074e-37 0 7.15113e-37 0 1.65849e-36 0 3.78865e-36 0 8.19211e-36 0 1.74858e-35 0 3.54474e-35 0 7.10688e-35 0 1.35731e-34 0 2.56796e-34 0 4.81382e-34 0 8.62497e-34 0 1.53329e-33 0 2.61123e-33 0 4.57417e-33 0 7.6851e-33 0 1.24013e-32 0 2.05827e-32 0
26.0832 0.000377485 0.000109914 0.000267571 0.708825 0.676 0 0 0 0 0 0 0 0 0 0 0 0 0 0 0 0 1.4013e-45 0 1.82169e-44 0 2.29813e-43 0 2.2659e-42 0 1.67063e-41 0 1.02775e-40 0 5.49613e-40 0 2.51867e-39 0 1.05036e-38 0 3.82586e-38 0 1.34684e-37 0 4.19488e-37 0 1.21707e-36 0 3.30223e-36 0 8.76985e-36 0 2.18927e-35 0 5.15331e-35 0 1.14706e-34 0 2.51676e-34 0 5.24085e-34 0 1.07799e-33 0 2.1112e-33 0 4.09142e-33 0 7.57105e-33 0 1.38849e-32 0 2.52419e-32 0 4.39565e-32 0 7.59784e-32 0 1.26073e-31 0 2.14883e-31 0 3.51996e-31 0 5.54894e-31 0 8.98466e-31 0
27.4221 0.000378372 0.000109614 0.000268759 0.710302 0.673221 0 0 0 0 0 0 0 0 0 0 0 0 0 0 8.40779e-45 0 1.91978e-43 0 3.11509e-42 0 3.39983e-41 0 2.99009e-40 0 1.99944e-39 0 1.12564e-38 0 5.54646e-38 0 2.35967e-37 0 9.17778e-37 0 3.13849e-36 0 1.03902e-35 0 3.0615e-35 0 8.43228e-35 0 2.17907e-34 0 5.51755e-34 0 1.31721e-33 0 2.97365e-33 0 6.36538e-33 0 1.34406e-32 0 2.70037e-32 0 5.36221e-32 0 1.01626e-31 0 1.90688e-31 0 3.42416e-31 0 6.09653e-31 0 1.07643e-30 0 1.82443e-30 0 3.07036e-30 0 4.97031e-30 0 8.25386e-30 0 1.31986e-29 0 2.03493e-29 0 3.21827e-29 0
28.8297 0.000379324 0.000109491 0.000269832 0.711351 0.670809 0 0 0 0 0 0 0 0 0 0 0 0 3.64338e-44 0 1.34104e-42 0 2.82768e-41 0 4.00425e-40 0 3.88839e-39 0 3.0753e-38 0 1.87422e-37 0 9.69775e-37 0 4.4205e-36 0 1.75229e-35 0 6.37808e-35 0 2.05401e-34 0 6.41386e-34 0 1.79274e-33 0 4.69944e-33 0 1.15942e-32 0 2.80554e-32 0 6.4191e-32 0 1.39265e-31 0 2.87236e-31 0 5.8477e-31 0 1.13553e-30 0 2.18058e-30 0 4.00569e-30 0 7.28868e-30 0 1.27195e-29 0 2.20173e-29 0 3.78106e-29 0 6.24549e-29 0 1.02469e-28 0 1.62021e-28 0 2.62477e-28 0 4.10212e-28 0 6.19226e-28 0 9.57642e-28 0
30.3095 0.000380213 0.000109131 0.000271082 0.712974 0.667821 0 0 0 0 0 0 0 0 0 0 8.26766e-44 0 5.7215e-42 0 1.77013e-40 0 3.21638e-39 0 4.00178e-38 0 3.47776e-37 0 2.48638e-36 0 1.38732e-35 0 6.62483e-35 0 2.8042e-34 0 1.0393e-33 0 3.55166e-33 0 1.0803e-32 0 3.19093e-32 0 8.48245e-32 0 2.12136e-31 0 5.00797e-31 0 1.16064e-30 0 2.55039e-30 0 5.32786e-30 0 1.06072e-29 0 2.08579e-29 0 3.92113e-29 0 7.29373e-29 0 1.30065e-28 0 2.29848e-28 0 3.90349e-28 0 6.57831e-28 0 1.10027e-27 0 1.77341e-27 0 2.84012e-27 0 4.39138e-27 0 6.9485e-27 0 1.06253e-26 0 1.57199e-26 0 2.3799e-26 0
31.8653 0.000381108 0.00010899 0.000272118 0.714019 0.665287 0 0 0 0 0 0 0 0 7.56701e-44 0 1.24323e-41 0 6.96365e-40 0 1.82197e-38 0 2.87354e-37 0 3.16116e-36 0 2.47198e-35 0 1.60548e-34 0 8.23686e-34 0 3.64424e-33 0 1.43763e-32 0 4.99805e-32 0 1.60855e-31 0 4.63404e-31 0 1.29828e-30 0 3.29034e-30 0 7.8686e-30 0 1.78127e-29 0 3.96228e-29 0 8.37838e-29 0 1.68844e-28 0 3.25035e-28 0 6.18392e-28 0 1.12725e-27 0 2.03422e-27 0 3.52651e-27 0 6.06108e-27 0 1.00307e-26 0 1.64789e-26 0 2.68785e-26 0 4.23247e-26 0 6.62423e-26 0 1.00267e-25 0 1.55138e-25 0 2.32361e-25 0 3.37261e-25 0 5.00359e-25 0
33.5009 0.000382064 0.000109037 0.000273027 0.714611 0.663088 0 0 0 0 0 0 1.54143e-44 0 1.13071e-41 0 1.44148e-39 0 6.63352e-38 0 1.47989e-36 0 2.03996e-35 0 1.99619e-34 0 1.41186e-33 0 8.36911e-33 0 3.96428e-32 0 1.63108e-31 0 6.01749e-31 0 1.96855e-30 0 5.98406e-30 0 1.63714e-29 0 4.36164e-29 0 1.05634e-28 0 2.42088e-28 0 5.26601e-28 0 1.12654e-27 0 2.29658e-27 0 4.47247e-27 0 8.33883e-27 0 1.53745e-26 0 2.72161e-26 0 4.77184e-26 0 8.05316e-26 0 1.348e-25 0 2.17665e-25 0 3.49026e-25 0 5.55854e-25 0 8.56096e-25 0 1.31089e-24 0 1.94447e-24 0 2.94513e-24 0 4.32497e-24 0 6.16434e-24 0 8.97093e-24 0
35.2205 0.000383124 0.000109089 0.000274035 0.715264 0.660798 0 0 0 0 0 0 2.43125e-42 0 1.30125e-39 0 1.30923e-37 0 4.99757e-36 0 9.58092e-35 0 1.1619e-33 0 1.01715e-32 0 6.53874e-32 0 3.55342e-31 0 1.56009e-30 0 5.9906e-30 0 2.07362e-29 0 6.4022e-29 0 1.84333e-28 0 4.80124e-28 0 1.21938e-27 0 2.82838e-27 0 6.22475e-27 0 1.30362e-26 0 2.68714e-26 0 5.29082e-26 0 9.97371e-26 0 1.80387e-25 0 3.22795e-25 0 5.55703e-25 0 9.47976e-25 0 1.55948e-24 0 2.54554e-24 0 4.01532e-24 0 6.29183e-24 0 9.79517e-24 0 1.47712e-23 0 2.21526e-23 0 3.22329e-23 0 4.7841e-23 0 6.89495e-23 0 9.65873e-23 0 1.38011e-22 0
37.0284 0.000384118 0.000108944 0.000275174 0.716378 0.658029 0 0 0 0 3.50325e-44 0 2.97423e-40 0 1.17126e-37 0 9.40869e-36 0 3.0064e-34 0 4.98965e-33 0 5.35694e-32 0 4.21825e-31 0 2.4762e-30 0 1.23892e-29 0 5.06034e-29 0 1.81957e-28 0 5.92788e-28 0 1.73219e-27 0 4.73638e-27 0 1.17733e-26 0 2.85707e-26 0 6.36031e-26 0 1.3469e-25 0 2.72078e-25 0 5.41369e-25 0 1.03124e-24 0 1.88474e-24 0 3.31157e-24 0 5.75995e-24 0 9.6564e-24 0 1.60489e-23 0 2.57676e-23 0 4.1066e-23 0 6.33518e-23 0 9.71163e-23 0 1.47959e-22 0 2.18693e-22 0 3.21552e-22 0 4.59381e-22 0 6.68807e-22 0 9.4685e-22 0 1.30474e-21 0 1.83211e-21 0
38.9291 0.000385165 0.00010895 0.000276215 0.717135 0.65548 0 0 0 0 5.1806e-42 0 2.84594e-38 0 8.37129e-36 0 5.42831e-34 0 1.46462e-32 0 2.11925e-31 0 2.02628e-30 0 1.44264e-29 0 7.76752e-29 0 3.59253e-28 0 1.36993e-27 0 4.62756e-27 0 1.42311e-26 0 3.94637e-26 0 1.02735e-25 0 2.44266e-25 0 5.67659e-25 0 1.21528e-24 0 2.48099e-24 0 4.84253e-24 0 9.31718e-24 0 1.71984e-23 0 3.05205e-23 0 5.21703e-23 0 8.83224e-23 0 1.44382e-22 0 2.34083e-22 0 3.67247e-22 0 5.72118e-22 0 8.6411e-22 0 1.29731e-21 0 1.93627e-21 0 2.80786e-21 0 4.0515e-21 0 5.68819e-21 0 8.13088e-21 0 1.13174e-20 0 1.53529e-20 0 2.12041e-20 0
40.9273 0.000386249 0.000109021 0.000277228 0.717744 0.652965 0 0 0 0 5.9714e-40 0 2.15437e-36 0 4.80134e-34 0 2.53964e-32 0 5.83394e-31 0 7.40902e-30 0 6.34461e-29 0 4.10434e-28 0 2.0355e-27 0 8.73607e-27 0 3.12055e-26 0 9.93288e-26 0 2.89162e-25 0 7.6291e-25 0 1.89543e-24 0 4.32003e-24 0 9.63452e-24 0 1.98737e-23 0 3.91826e-23 0 7.40219e-23 0 1.37942e-22 0 2.47117e-22 0 4.26426e-22 0 7.10081e-22 0 1.17163e-21 0 1.86987e-21 0 2.9609e-21 0 4.54426e-21 0 6.92771e-21 0 1.02549e-20 0 1.50935e-20 0 2.20912e-20 0 3.14592e-20 0 4.45876e-20 0 6.15712e-20 0 8.64898e-20 0 1.18457e-19 0 1.58321e-19 0 2.1524e-19 0
43.0281 0.000387394 0.000108998 0.000278396 0.718639 0.65016 0 0 1.68156e-44 0 5.38808e-38 0 1.30317e-34 0 2.23049e-32 0 9.72e-31 0 1.91601e-29 0 2.14934e-28 0 1.65735e-27 0 9.7873e-27 0 4.48888e-26 0 1.7943e-25 0 6.02302e-25 0 1.81179e-24 0 5.00628e-24 0 1.25973e-23 0 2.99374e-23 0 6.55428e-23 0 1.4056e-22 0 2.7987e-22 0 5.33799e-22 0 9.77588e-22 0 1.76723e-21 0 3.07706e-21 0 5.17022e-21 0 8.39771e-21 0 1.35215e-20 0 2.10928e-20 0 3.26588e-20 0 4.90858e-20 0 7.33064e-20 0 1.06455e-19 0 1.53755e-19 0 2.20893e-19 0 3.09182e-19 0 4.3081e-19 0 5.85606e-19 0 8.09073e-19 0 1.09123e-18 0 1.43794e-18 0 1.92581e-18 0
45.2368 0.000388558 0.000109081 0.000279477 0.719267 0.647434 0 0 2.57979e-42 0 3.85868e-36 0 6.37977e-33 0 8.49498e-31 0 3.07888e-29 0 5.24699e-28 0 5.23066e-27 0 3.65051e-26 0 1.97673e-25 0 8.4164e-25 0 3.14414e-24 0 9.94821e-24 0 2.83586e-23 0 7.45663e-23 0 1.79365e-22 0 4.0862e-22 0 8.61023e-22 0 1.77899e-21 0 3.42505e-21 0 6.32989e-21 0 1.1255e-20 0 1.97664e-20 0 3.34974e-20 0 5.48758e-20 0 8.70458e-20 0 1.36935e-19 0 2.09022e-19 0 3.16802e-19 0 4.66772e-19 0 6.83575e-19 0 9.74763e-19 0 1.38282e-18 0 1.95181e-18 0 2.68745e-18 0 3.68449e-18 0 4.93388e-18 0 6.7099e-18 0 8.91868e-18 0 1.15952e-17 0 1.53092e-17 0
47.5588 0.000389677 0.000108989 0.000280688 0.72031 0.644289 0 0 2.96213e-40 0 2.21251e-34 0 2.54752e-31 0 2.6715e-29 0 8.12563e-28 0 1.20572e-26 0 1.07432e-25 0 6.81922e-25 0 3.40025e-24 0 1.34887e-23 0 4.725e-23 0 1.41325e-22 0 3.8278e-22 0 9.60078e-22 0 2.21253e-21 0 4.84188e-21 0 9.83795e-21 0 1.9619e-20 0 3.6583e-20 0 6.56124e-20 0 1.13431e-19 0 1.93808e-19 0 3.20089e-19 0 5.11888e-19 0 7.93886e-19 0 1.22157e-18 0 1.82654e-18 0 2.71273e-18 0 3.92198e-18 0 5.63764e-18 0 7.90107e-18 0 1.10189e-17 0 1.52933e-17 0 2.07311e-17 0 2.79878e-17 0 3.69478e-17 0 4.94991e-17 0 6.48855e-17 0 8.32836e-17 0 1.08478e-16 0
50 0.000390843 0.000109045 0.000281798 0.721001 0.641257 8.40779e-45 0 2.66819e-38 0 1.02977e-32 0 8.40448e-30 0 7.02252e-28 0 1.80794e-26 0 2.3517e-25 0 1.88319e-24 0 1.09221e-23 0 5.03518e-23 0 1.86748e-22 0 6.15325e-22 0 1.74458e-21 0 4.50083e-21 0 1.07933e-20 0 2.38799e-20 0 5.0298e-20 0 9.8721e-20 0 1.90347e-19 0 3.44299e-19 0 6.00144e-19 0 1.01017e-18 0 1.68142e-18 0 2.70979e-18 0 4.2353e-18 0 6.42929e-18 0 9.68687e-18 0 1.42025e-17 0 2.06898e-17 0 2.93791e-17 0 4.14893e-17 0 5.71963e-17 0 7.84816e-17 0 1.07196e-16 0 1.43169e-16 0 1.90473e-16 0 2.48064e-16 0 3.2762e-16 0 4.23821e-16 0 5.37403e-16 0 6.91004e-16 0
52.5665 0.000392107 0.000109092 0.000283015 0.72178 0.638115 1.299e-42 0 1.9058e-36 0 3.92502e-31 0 2.30913e-28 0 1.5545e-26 0 3.41512e-25 0 3.91925e-24 0 2.83532e-23 0 1.50918e-22 0 6.4572e-22 0 2.24643e-21 0 6.98326e-21 0 1.88169e-20 0 4.63503e-20 0 1.06504e-19 0 2.26677e-19 0 4.60395e-19 0 8.7436e-19 0 1.63269e-18 0 2.86898e-18 0 4.86705e-18 0 7.9866e-18 0 1.2967e-17 0 2.04165e-17 0 3.1222e-17 0 4.64396e-17 0 6.85832e-17 0 9.86927e-17 0 1.41156e-16 0 1.97036e-16 0 2.73606e-16 0 3.71321e-16 0 5.01696e-16 0 6.74904e-16 0 8.88743e-16 0 1.16602e-15 0 1.49911e-15 0 1.95318e-15 0 2.49514e-15 0 3.12737e-15 0 3.97217e-15 0
55.2648 0.00039336 0.000109163 0.000284197 0.722486 0.634817 1.48853e-40 0 1.09197e-34 0 1.23747e-29 0 5.33235e-27 0 2.92283e-25 0 5.52212e-24 0 5.62549e-23 0 3.69487e-22 0 1.81253e-21 0 7.22382e-21 0 2.36472e-20 0 6.95497e-20 0 1.78553e-19 0 4.20879e-19 0 9.28603e-19 0 1.90483e-18 0 3.73726e-18 0 6.87881e-18 0 1.24591e-17 0 2.12988e-17 0 3.52117e-17 0 5.64002e-17 0 8.94299e-17 0 1.37721e-16 0 2.06287e-16 0 3.0094e-16 0 4.36056e-16 0 6.16442e-16 0 8.66399e-16 0 1.18985e-15 0 1.62596e-15 0 2.174e-15 0 2.89448e-15 0 3.8378e-15 0 4.98633e-15 0 6.45583e-15 0 8.19885e-15 0 1.05451e-14 0 1.3311e-14 0 1.65008e-14 0 2.0715e-14 0
58.1015 0.000394616 0.000109089 0.000285527 0.723557 0.631137 1.33523e-38 0 5.06564e-33 0 3.25228e-28 0 1.0422e-25 0 4.69824e-24 0 7.68995e-23 0 6.99456e-22 0 4.19072e-21 0 1.90219e-20 0 7.08624e-20 0 2.18919e-19 0 6.10837e-19 0 1.49763e-18 0 3.38543e-18 0 7.18632e-18 0 1.4233e-17 0 2.70212e-17 0 4.82756e-17 0 8.49386e-17 0 1.41451e-16 0 2.2818e-16 0 3.57176e-16 0 5.53744e-16 0 8.34969e-16 0 1.22624e-15 0 1.75621e-15 0 2.49905e-15 0 3.47363e-15 0 4.80168e-15 0 6.49293e-15 0 8.73851e-15 0 1.15193e-14 0 1.51241e-14 0 1.97788e-14 0 2.53715e-14 0 3.2437e-14 0 4.07168e-14 0 5.17292e-14 0 6.4559e-14 0 7.91947e-14 0 9.83225e-14 0
61.0839 0.000395998 0.000109326 0.000286672 0.723922 0.627847 9.5264e-37 0 1.93025e-31 0 7.21844e-27 0 1.74527e-24 0 6.53273e-23 0 9.32849e-22 0 7.61788e-21 0 4.18216e-20 0 1.76315e-19 0 6.15979e-19 0 1.80101e-18 0 4.77969e-18 0 1.12167e-17 0 2.43656e-17 0 4.98552e-17 0 9.55017e-17 0 1.75722e-16 0 3.05171e-16 0 5.22325e-16 0 8.48451e-16 0 1.33708e-15 0 2.04768e-15 0 3.10736e-15 0 4.59246e-15 0 6.61912e-15 0 9.31506e-15 0 1.30288e-14 0 1.7821e-14 0 2.42479e-14 0 3.23091e-14 0 4.28571e-14 0 5.57383e-14 0 7.22141e-14 0 9.32103e-14 0 1.18122e-13 0 1.49216e-13 0 1.85237e-13 0 2.32603e-13 0 2.87169e-13 0 3.48774e-13 0 4.28463e-13 0
64.2193 0.000397198 0.000108999 0.000288199 0.72558 0.623307 5.42385e-35 0 6.052e-30 0 1.35352e-25 0 2.50332e-23 0 7.85121e-22 0 9.84634e-21 0 7.2572e-20 0 3.66629e-19 0 1.44081e-18 0 4.73541e-18 0 1.31389e-17 0 3.32465e-17 0 7.4838e-17 0 1.56526e-16 0 3.09271e-16 0 5.73927e-16 0 1.02504e-15 0 1.73283e-15 0 2.88907e-15 0 4.58308e-15 0 7.0639e-15 0 1.05952e-14 0 1.57542e-14 0 2.28437e-14 0 3.23423e-14 0 4.47622e-14 0 6.15907e-14 0 8.29662e-14 0 1.11203e-13 0 1.4611e-13 0 1.91155e-13 0 2.4544e-13 0 3.13995e-13 0 4.00269e-13 0 5.01414e-13 0 6.2622e-13 0 7.69226e-13 0 9.5524e-13 0 1.16726e-12 0 1.40428e-12 0 1.70788e-12 0
67.5157 0.000398581 0.000108937 0.000289643 0.726687 0.619197 2.50996e-33 0 1.58786e-28 0 2.17779e-24 0 3.12163e-22 0 8.27446e-21 0 9.17177e-20 0 6.13187e-19 0 2.86223e-18 0 1.05212e-17 0 3.26276e-17 0 8.61285e-17 0 2.08281e-16 0 4.50632e-16 0 9.0916e-16 0 1.73761e-15 0 3.12867e-15 0 5.43184e-15 0 8.95011e-15 0 1.45543e-14 0 2.25739e-14 0 3.40659e-14 0 5.00945e-14 0 7.30575e-14 0 1.04029e-13 0 1.44806e-13 0 1.97259e-13 0 2.67223e-13 0 3.54766e-13 0 4.68754e-13 0 6.07743e-13 0 7.84747e-13 0 9.95378e-13 0 1.25818e-12 0 1.58498e-12 0 1.96377e-12 0 2.4261e-12 0 2.95036e-12 0 3.62527e-12 0 4.38677e-12 0 5.23011e-12 0 6.30037e-12 0
70.9813 0.00039997 0.000109053 0.000290917 0.727347 0.615052 9.53018e-32 0 3.51429e-27 0 3.02722e-23 0 3.40508e-21 0 7.69117e-20 0 7.58051e-19 0 4.61904e-18 0 1.99984e-17 0 6.89844e-17 0 2.0243e-16 0 5.09629e-16 0 1.18041e-15 0 2.45946e-15 0 4.79486e-15 0 8.87878e-15 0 1.55343e-14 0 2.62531e-14 0 4.22156e-14 0 6.70386e-14 0 1.01773e-13 0 1.5053e-13 0 2.17228e-13 0 3.11021e-13 0 4.35298e-13 0 5.96219e-13 0 8.00019e-13 0 1.06782e-12 0 1.39817e-12 0 1.82245e-12 0 2.33305e-12 0 2.97518e-12 0 3.73019e-12 0 4.6614e-12 0 5.80634e-12 0 7.11911e-12 0 8.70483e-12 0 1.04852e-11 0 1.27549e-11 0 1.5291e-11 0 1.80748e-11 0 2.15766e-11 0
74.6248 0.000401185 0.000108843 0.000292343 0.728697 0.610045 2.9843e-30 0 6.58586e-26 0 3.64491e-22 0 3.25557e-20 0 6.31526e-19 0 5.56648e-18 0 3.10537e-17 0 1.25165e-16 0 4.06428e-16 0 1.13157e-15 0 2.72322e-15 0 6.05413e-15 0 1.21701e-14 0 2.29654e-14 0 4.12655e-14 0 7.02527e-14 0 1.15725e-13 0 1.81822e-13 0 2.82288e-13 0 4.19903e-13 0 6.0931e-13 0 8.63683e-13 0 1.21512e-12 0 1.67296e-12 0 2.2565e-12 0 2.98466e-12 0 3.92801e-12 0 5.07595e-12 0 6.53119e-12 0 8.26084e-12 0 1.04102e-11 0 1.29086e-11 0 1.59566e-11 0 1.96639e-11 0 2.3871e-11 0 2.89029e-11 0 3.44995e-11 0 4.15677e-11 0 4.93937e-11 0 5.79113e-11 0 6.85355e-11 0
78.4553 0.000402759 0.000108737 0.000294022 0.730019 0.605281 7.80945e-29 0 1.05757e-24 0 3.84267e-21 0 2.75626e-19 0 4.62606e-18 0 3.6665e-17 0 1.88077e-16 0 7.0819e-16 0 2.17109e-15 0 5.74993e-15 0 1.32569e-14 0 2.83446e-14 0 5.5069e-14 0 1.00745e-13 0 1.75918e-13 0 2.91812e-13 0 4.69119e-13 0 7.20981e-13 0 1.09558e-12 0 1.59838e-12 0 2.27758e-12 0 3.17389e-12 0 4.39154e-12 0 5.95258e-12 0 7.91242e-12 0 1.03238e-11 0 1.34058e-11 0 1.71081e-11 0 2.17436e-11 0 2.71883e-11 0 3.38776e-11 0 4.15693e-11 0 5.08556e-11 0 6.20351e-11 0 7.45981e-11 0 8.94834e-11 0 1.05891e-10 0 1.26431e-10 0 1.48974e-10 0 1.73312e-10 0 2.03427e-10 0
82.4824 0.000404037 0.00010867 0.000295368 0.73104 0.600152 1.72188e-27 0 1.46543e-23 0 3.56828e-20 0 2.07752e-18 0 3.0383e-17 0 2.1766e-16 0 1.03084e-15 0 3.63825e-15 0 1.056e-14 0 2.66685e-14 0 5.90292e-14 0 1.21614e-13 0 2.28737e-13 0 4.06297e-13 0 6.90416e-13 0 1.11731e-12 0 1.75504e-12 0 2.64128e-12 0 3.93243e-12 0 5.63234e-12 0 7.88814e-12 0 1.08158e-11 0 1.47298e-11 0 1.96714e-11 0 2.57872e-11 0 3.32119e-11 0 4.25803e-11 0 5.36965e-11 0 6.74516e-11 0 8.34265e-11 0 1.02842e-10 0 1.24937e-10 0 1.5135e-10 0 1.82839e-10 0 2.17896e-10 0 2.59063e-10 0 3.04056e-10 0 3.59903e-10 0 4.20693e-10 0 4.85819e-10 0 5.65794e-10 0
86.7162 0.000405107 0.000108687 0.00029642 0.731708 0.594484 3.22709e-26 0 1.76563e-22 0 2.93799e-19 0 1.40268e-17 0 1.79953e-16 0 1.17099e-15 0 5.14036e-15 0 1.70589e-14 0 4.70035e-14 0 1.13454e-13 0 2.41569e-13 0 4.80429e-13 0 8.76169e-13 0 1.51326e-12 0 2.50576e-12 0 3.9609e-12 0 6.08601e-12 0 8.97827e-12 0 1.31099e-11 0 1.84506e-11 0 2.54187e-11 0 3.43196e-11 0 4.60397e-11 0 6.0623e-11 0 7.84272e-11 0 9.97679e-11 0 1.26368e-10 0 1.57563e-10 0 1.95734e-10 0 2.39591e-10 0 2.92348e-10 0 3.518e-10 0 4.22202e-10 0 5.05356e-10 0 5.97115e-10 0 7.03956e-10 0 8.19782e-10 0 9.62399e-10 0 1.11641e-09 0 1.28021e-09 0 1.47991e-09 0
91.1674 0.00040664 0.000108486 0.000298154 0.733213 0.588608 5.16778e-25 0 1.8573e-21 0 2.15161e-18 0 8.50552e-17 0 9.63376e-16 0 5.72107e-15 0 2.33642e-14 0 7.31262e-14 0 1.91761e-13 0 4.4337e-13 0 9.09832e-13 0 1.74973e-12 0 3.09877e-12 0 5.21108e-12 0 8.41897e-12 0 1.30138e-11 0 1.95811e-11 0 2.83434e-11 0 4.06286e-11 0 5.62336e-11 0 7.62686e-11 0 1.01477e-10 0 1.34193e-10 0 1.74341e-10 0 2.22725e-10 0 2.80021e-10 0 3.5061e-10 0 4.32479e-10 0 5.31588e-10 0 6.44307e-10 0 7.7858e-10 0 9.28482e-10 0 1.10441e-09 0 1.31037e-09 0 1.53574e-09 0 1.79604e-09 0 2.07605e-09 0 2.41821e-09 0 2.78494e-09 0 3.17227e-09 0 3.64124e-09 0
95.847 0.000408398 0.000108864 0.000299534 0.733436 0.583587 7.17722e-24 0 1.72957e-20 0 1.4198e-17 0 4.69025e-16 0 4.71873e-15 0 2.56882e-14 0 9.79423e-14 0 2.89935e-13 0 7.25347e-13 0 1.60983e-12 0 3.18957e-12 0 5.94121e-12 0 1.02323e-11 0 1.67761e-11 0 2.64759e-11 0 4.00647e-11 0 5.90922e-11 0 8.40048e-11 0 1.18318e-10 0 1.61184e-10 0 2.15382e-10 0 2.82603e-10 0 3.68648e-10 0 4.7286e-10 0 5.96909e-10 0 7.42121e-10 0 9.19056e-10 0 1.1221e-09 0 1.36543e-09 0 1.63949e-09 0 1.96293e-09 0 2.32082e-09 0 2.73727e-09 0 3.22076e-09 0 3.74555e-09 0 4.34703e-09 0 4.98935e-09 0 5.76852e-09 0 6.5977e-09 0 7.46768e-09 0 8.51415e-09 0
100.767 0.000409552 0.000108877 0.000300675 0.734155 0.577019 8.63231e-23 0 1.42228e-19 0 8.41374e-17 0 2.34312e-15 0 2.10607e-14 0 1.05548e-13 0 3.76971e-13 0 1.05834e-12 0 2.53179e-12 0 5.40451e-12 0 1.03564e-11 0 1.87139e-11 0 3.1386e-11 0 5.02308e-11 0 7.75272e-11 0 1.14969e-10 0 1.66383e-10 0 2.32501e-10 0 3.22038e-10 0 4.32139e-10 0 5.69331e-10 0 7.37179e-10 0 9.49232e-10 0 1.20286e-09 0 1.50124e-09 0 1.84671e-09 0 2.26325e-09 0 2.73647e-09 0 3.29811e-09 0 3.92488e-09 0 4.65806e-09 0 5.46248e-09 0 6.39098e-09 0 7.46033e-09 0 8.61222e-09 0 9.9228e-09 0 1.13126e-08 0 1.29869e-08 0 1.47566e-08 0 1.66018e-08 0 1.88074e-08 0
105.939 0.000410594 0.000108537 0.000302057 0.735659 0.569026 9.05417e-22 0 1.03908e-18 0 4.501e-16 0 1.06555e-14 0 8.60374e-14 0 3.98556e-13 0 1.33769e-12 0 3.57095e-12 0 8.18636e-12 0 1.68399e-11 0 3.12611e-11 0 5.48798e-11 0 8.97468e-11 0 1.40372e-10 0 2.12111e-10 0 3.08557e-10 0 4.38557e-10 0 6.02901e-10 0 8.21904e-10 0 1.08718e-09 0 1.41318e-09 0 1.80687e-09 0 2.29808e-09 0 2.87863e-09 0 3.55404e-09 0 4.32793e-09 0 5.25171e-09 0 6.29119e-09 0 7.51361e-09 0 8.86586e-09 0 1.04344e-08 0 1.21416e-08 0 1.40969e-08 0 1.63318e-08 0 1.87217e-08 0 2.14221e-08 0 2.42667e-08 0 2.76712e-08 0 3.12464e-08 0 3.49517e-08 0 3.93548e-08 0
111.377 0.000412551 0.000108713 0.000303839 0.736487 0.562084 8.4026e-21 0 6.8363e-18 0 2.20167e-15 0 4.466e-14 0 3.25645e-13 0 1.39971e-12 0 4.42823e-12 0 1.12678e-11 0 2.48059e-11 0 4.92618e-11 0 8.87272e-11 0 1.51542e-10 0 2.41941e-10 0 3.70244e-10 0 5.48298e-10 0 7.83144e-10 0 1.09415e-09 0 1.48098e-09 0 1.98863e-09 0 2.59479e-09 0 3.32994e-09 0 4.20683e-09 0 5.28804e-09 0 6.55148e-09 0 8.00585e-09 0 9.6558e-09 0 1.16066e-08 0 1.37819e-08 0 1.63177e-08 0 1.90995e-08 0 2.23006e-08 0 2.57579e-08 0 2.96888e-08 0 3.41493e-08 0 3.88865e-08 0 4.42036e-08 0 4.97695e-08 0 5.63893e-08 0 6.32982e-08 0 7.0418e-08 0 7.88311e-08 0
117.094 0.000414601 0.000109035 0.000305566 0.737011 0.55577 6.91925e-20 0 4.05852e-17 0 9.8594e-15 0 1.72662e-13 0 1.1426e-12 0 4.57372e-12 0 1.36785e-11 0 3.32541e-11 0 7.04413e-11 0 1.35281e-10 0 2.36758e-10 0 3.9394e-10 0 6.14735e-10 0 9.21391e-10 0 1.33859e-09 0 1.87894e-09 0 2.5826e-09 0 3.44437e-09 0 4.55895e-09 0 5.87181e-09 0 7.44419e-09 0 9.29778e-09 0 1.15576e-08 0 1.417e-08 0 1.7147e-08 0 2.04925e-08 0 2.44124e-08 0 2.87456e-08 0 3.37552e-08 0 3.92072e-08 0 4.54332e-08 0 5.21088e-08 0 5.96461e-08 0 6.81403e-08 0 7.71021e-08 0 8.70978e-08 0 9.74985e-08 0 1.09795e-07 0 1.22554e-07 0 1.35631e-07 0 1.51001e-07 0
123.105 0.000415804 0.000109229 0.000306575 0.737307 0.548223 5.07256e-19 0 2.1796e-16 0 4.0494e-14 0 6.1664e-13 0 3.72102e-12 0 1.39196e-11 0 3.94609e-11 0 9.1862e-11 0 1.87587e-10 0 3.48958e-10 0 5.94258e-10 0 9.64504e-10 0 1.47274e-09 0 2.16422e-09 0 3.08734e-09 0 4.26247e-09 0 5.76847e-09 0 7.58591e-09 0 9.90417e-09 0 1.25997e-08 0 1.57897e-08 0 1.95084e-08 0 2.39937e-08 0 2.91258e-08 0 3.49182e-08 0 4.13694e-08 0 4.88634e-08 0 5.70795e-08 0 6.65032e-08 0 7.6682e-08 0 8.82217e-08 0 1.00509e-07 0 1.14291e-07 0 1.29722e-07 0 1.459e-07 0 1.63836e-07 0 1.82393e-07 0 2.0421e-07 0 2.2672e-07 0 2.49673e-07 0 2.76513e-07 0
129.424 0.000416525 0.000109226 0.000307299 0.737768 0.538316 3.32748e-18 0 1.06342e-15 0 1.53086e-13 0 2.04096e-12 0 1.12811e-11 0 3.95676e-11 0 1.06607e-10 0 2.38143e-10 0 4.6964e-10 0 8.47568e-10 0 1.40633e-09 0 2.2292e-09 0 3.33423e-09 0 4.80849e-09 0 6.74154e-09 0 9.16212e-09 0 1.22174e-08 0 1.58533e-08 0 2.04303e-08 0 2.5687e-08 0 3.18377e-08 0 3.89318e-08 0 4.74015e-08 0 5.69984e-08 0 6.77315e-08 0 7.95836e-08 0 9.32391e-08 0 1.08093e-07 0 1.25003e-07 0 1.43137e-07 0 1.63554e-07 0 1.85152e-07 0 2.09223e-07 0 2.36006e-07 0 2.63921e-07 0 2.94694e-07 0 3.26358e-07 0 3.63384e-07 0 4.01386e-07 0 4.39946e-07 0 4.84818e-07 0
136.067 0.000417703 0.000109021 0.000308682 0.738998 0.526979 1.96335e-17 0 4.73482e-15 0 5.34763e-13 0 6.28259e-12 0 3.1945e-11 0 1.05386e-10 0 2.70529e-10 0 5.81063e-10 0 1.10854e-09 0 1.94376e-09 0 3.14644e-09 0 4.87653e-09 0 7.15191e-09 0 1.01314e-08 0 1.39719e-08 0 1.87063e-08 0 2.45963e-08 0 3.15127e-08 0 4.0111e-08 0 4.98708e-08 0 6.11678e-08 0 7.40663e-08 0 8.93171e-08 0 1.06438e-07 0 1.2542e-07 0 1.46211e-07 0 1.69979e-07 0 1.95642e-07 0 2.24648e-07 0 2.55541e-07 0 2.90097e-07 0 3.26422e-07 0 3.66665e-07 0 4.11178e-07 0 4.57308e-07 0 5.07888e-07 0 5.59665e-07 0 6.19898e-07 0 6.81408e-07 0 7.43532e-07 0 8.15492e-07 0
143.051 0.000420069 0.000109178 0.000310891 0.740096 0.516853 1.05279e-16 0 1.94238e-14 0 1.74166e-12 0 1.81426e-11 0 8.52079e-11 0 2.65187e-10 0 6.50117e-10 0 1.34521e-09 0 2.4867e-09 0 4.24234e-09 0 6.70764e-09 0 1.01758e-08 0 1.46474e-08 0 2.03998e-08 0 2.76947e-08 0 3.65545e-08 0 4.74262e-08 0 6.00316e-08 0 7.55165e-08 0 9.28979e-08 0 1.12812e-07 0 1.3533e-07 0 1.6171e-07 0 1.91065e-07 0 2.23342e-07 0 2.58423e-07 0 2.98232e-07 0 3.40909e-07 0 3.8882e-07 0 4.39516e-07 0 4.9587e-07 0 5.54757e-07 0 6.19623e-07 0 6.90967e-07 0 7.64508e-07 0 8.44728e-07 0 9.26442e-07 0 1.02104e-06 0 1.11718e-06 0 1.21386e-06 0 1.32534e-06 0
150.394 0.000422829 0.000109752 0.000313077 0.740434 0.508544 5.15766e-16 0 7.37579e-14 0 5.3101e-12 0 4.93344e-11 0 2.14848e-10 0 6.326e-10 0 1.48441e-09 0 2.9644e-09 0 5.3179e-09 0 8.83887e-09 0 1.36662e-08 0 2.03147e-08 0 2.87262e-08 0 3.93657e-08 0 5.2651e-08 0 6.85591e-08 0 8.78258e-08 0 1.09897e-07 0 1.36704e-07 0 1.66477e-07 0 2.00255e-07 0 2.38103e-07 0 2.82054e-07 0 3.30551e-07 0 3.83458e-07 0 4.4054e-07 0 5.0486e-07 0 5.73349e-07 0 6.49741e-07 0 7.30076e-07 0 8.18847e-07 0 9.11084e-07 0 1.01213e-06 0 1.12268e-06 0 1.23606e-06 0 1.35912e-06 0 1.48389e-06 0 1.62766e-06 0 1.77311e-06 0 1.91876e-06 0 2.08602e-06 0
158.114 0.000424533 0.000110269 0.000314264 0.740258 0.49989 2.30907e-15 0 2.59155e-13 0 1.51417e-11 0 1.2617e-10 0 5.11376e-10 0 1.42837e-09 0 3.21499e-09 0 6.20719e-09 0 1.0822e-08 0 1.75465e-08 0 2.65583e-08 0 3.8722e-08 0 5.38368e-08 0 7.26505e-08 0 9.57989e-08 0 1.23146e-07 0 1.55857e-07 0 1.92902e-07 0 2.37413e-07 0 2.86351e-07 0 3.41358e-07 0 4.02459e-07 0 4.72821e-07 0 5.49843e-07 0 6.33243e-07 0 7.22597e-07 0 8.22604e-07 0 9.28415e-07 0 1.04571e-06 0 1.16833e-06 0 1.30307e-06 0 1.44232e-06 0 1.59408e-06 0 1.75927e-06 0 1.92785e-06 0 2.10998e-06 0 2.29382e-06 0 2.50474e-06 0 2.71719e-06 0 2.92907e-06 0 3.17143e-06 0
166.23 0.000424666 0.000110332 0.000314334 0.740192 0.487983 9.45435e-15 0 8.42674e-13 0 4.03664e-11 0 3.03282e-10 0 1.14804e-09 0 3.04983e-09 0 6.59802e-09 0 1.23361e-08 0 2.09317e-08 0 3.31467e-08 0 4.91656e-08 0 7.0376e-08 0 9.62847e-08 0 1.28045e-07 0 1.66579e-07 0 2.11522e-07 0 2.64646e-07 0 3.24156e-07 0 3.9493e-07 0 4.71998e-07 0 5.57861e-07 0 6.52448e-07 0 7.6051e-07 0 8.77903e-07 0 1.00412e-06 0 1.13844e-06 0 1.28783e-06 0 1.44492e-06 0 1.61804e-06 0 1.79802e-06 0 1.99472e-06 0 2.19695e-06 0 2.41629e-06 0 2.65387e-06 0 2.89521e-06 0 3.1548e-06 0 3.41572e-06 0 3.71381e-06 0 4.01283e-06 0 4.30991e-06 0 4.64845e-06 0
174.763 0.000424204 0.000110164 0.000314041 0.740305 0.471776 3.56238e-14 0 2.55012e-12 0 1.0113e-10 0 6.88562e-10 0 2.44246e-09 0 6.18627e-09 0 1.28885e-08 0 2.33723e-08 0 3.86469e-08 0 5.98417e-08 0 8.70693e-08 0 1.22468e-07 0 1.6501e-07 0 2.16406e-07 0 2.77938e-07 0 3.48834e-07 0 4.31696e-07 0 5.2356e-07 0 6.31748e-07 0 7.48487e-07 0 8.77459e-07 0 1.01842e-06 0 1.17824e-06 0 1.35062e-06 0 1.53469e-06 0 1.72936e-06 0 1.94455e-06 0 2.16952e-06 0 2.41607e-06 0 2.67103e-06 0 2.94825e-06 0 3.23189e-06 0 3.53808e-06 0 3.86821e-06 0 4.20208e-06 0 4.5597e-06 0 4.91769e-06 0 5.32506e-06 0 5.73211e-06 0 6.13503e-06 0 6.59256e-06 0
183.733 0.000424835 0.000109907 0.000314927 0.741294 0.452584 1.24173e-13 0 7.21583e-12 0 2.39094e-10 0 1.48238e-09 0 4.94306e-09 0 1.19645e-08 0 2.40494e-08 0 4.23623e-08 0 6.83487e-08 0 1.03597e-07 0 1.47999e-07 0 2.0473e-07 0 2.71861e-07 0 3.5185e-07 0 4.46406e-07 0 5.54094e-07 0 6.78616e-07 0 8.15306e-07 0 9.74801e-07 0 1.14541e-06 0 1.33239e-06 0 1.53522e-06 0 1.76356e-06 0 2.00814e-06 0 2.26764e-06 0 2.54042e-06 0 2.84022e-06 0 3.15192e-06 0 3.49172e-06 0 3.84132e-06 0 4.21962e-06 0 4.60487e-06 0 5.01891e-06 0 5.46336e-06 0 5.91098e-06 0 6.38851e-06 0 6.86471e-06 0 7.40454e-06 0 7.94193e-06 0 8.47205e-06 0 9.07195e-06 0
193.164 0.000426915 0.000109462 0.000317453 0.743599 0.432824 4.01541e-13 0 1.9136e-11 0 5.34449e-10 0 3.03117e-09 0 9.53037e-09 0 2.20934e-08 0 4.2921e-08 0 7.3543e-08 0 1.15917e-07 0 1.72166e-07 0 2.4171e-07 0 3.29108e-07 0 4.31012e-07 0 5.50847e-07 0 6.90807e-07 0 8.48453e-07 0 1.02889e-06 0 1.22511e-06 0 1.45205e-06 0 1.69281e-06 0 1.95467e-06 0 2.2367e-06 0 2.55203e-06 0 2.88759e-06 0 3.24145e-06 0 3.61129e-06 0 4.01553e-06 0 4.43363e-06 0 4.88712e-06 0 5.35145e-06 0 5.85157e-06 0 6.35864e-06 0 6.90129e-06 0 7.48138e-06 0 8.06328e-06 0 8.6817e-06 0 9.29615e-06 0 9.9902e-06 0 1.06787e-05 0 1.13556e-05 0 1.21191e-05 0
203.079 0.000430717 0.000110254 0.000320464 0.744023 0.416536 1.22475e-12 0 4.83321e-11 0 1.14733e-09 0 5.97853e-09 0 1.77748e-08 0 3.95485e-08 0 7.43799e-08 0 1.24139e-07 0 1.91367e-07 0 2.78791e-07 0 3.84974e-07 0 5.16334e-07 0 6.67363e-07 0 8.42757e-07 0 1.04527e-06 0 1.27099e-06 0 1.52684e-06 0 1.8026e-06 0 2.11886e-06 0 2.45174e-06 0 2.81119e-06 0 3.19571e-06 0 3.62285e-06 0 4.07455e-06 0 4.54812e-06 0 5.0404e-06 0 5.57566e-06 0 6.1265e-06 0 6.72112e-06 0 7.32715e-06 0 7.97705e-06 0 8.63321e-06 0 9.33259e-06 0 1.00773e-05 0 1.08214e-05 0 1.16094e-05 0 1.23897e-05 0 1.3268e-05 0 1.41363e-05 0 1.49873e-05 0 1.59444e-05 0
213.503 0.000434715 0.000111503 0.000323212 0.743502 0.403436 3.5102e-12 0 1.15768e-10 0 2.35443e-09 0 1.13185e-08 0 3.19076e-08 0 6.8275e-08 0 1.24507e-07 0 2.02668e-07 0 3.05892e-07 0 4.37523e-07 0 5.94717e-07 0 7.86294e-07 0 1.00364e-06 0 1.25305e-06 0 1.5379e-06 0 1.85223e-06 0 2.20526e-06 0 2.58252e-06 0 3.01176e-06 0 3.46018e-06 0 3.94107e-06 0 4.45218e-06 0 5.01644e-06 0 5.60964e-06 0 6.22811e-06 0 6.86768e-06 0 7.55965e-06 0 8.26838e-06 0 9.02996e-06 0 9.80279e-06 0 1.06281e-05 0 1.1458e-05 0 1.23392e-05 0 1.3274e-05 0 1.42047e-05 0 1.51869e-05 0 1.61562e-05 0 1.72438e-05 0 1.83155e-05 0 1.93629e-05 0 2.05372e-05 0
224.463 0.000437387 0.000113021 0.000324366 0.7416 0.39198 9.46656e-12 0 2.63221e-10 0 4.62108e-09 0 2.05756e-08 0 5.5142e-08 0 1.13689e-07 0 2.01332e-07 0 3.20018e-07 0 4.734e-07 0 6.65384e-07 0 8.90991e-07 0 1.16206e-06 0 1.46569e-06 0 1.81021e-06 0 2.19961e-06 0 2.62525e-06 0 3.0991e-06 0 3.60141e-06 0 4.16859e-06 0 4.75691e-06 0 5.3837e-06 0 6.04582e-06 0 6.77249e-06 0 7.53213e-06 0 8.31998e-06 0 9.1307e-06 0 1.00037e-05 0 1.08938e-05 0 1.18462e-05 0 1.28086e-05 0 1.38323e-05 0 1.48578e-05 0 1.59427e-05 0 1.70895e-05 0 1.82274e-05 0 1.94242e-05 0 2.06017e-05 0 2.19187e-05 0 2.32126e-05 0 2.44735e-05 0 2.58833e-05 0
235.984 0.000437445 0.000114054 0.000323391 0.739272 0.378611 2.39378e-11 0 5.65853e-10 0 8.6371e-09 0 3.57528e-08 0 9.13138e-08 0 1.81732e-07 0 3.12973e-07 0 4.86342e-07 0 7.05818e-07 0 9.75706e-07 0 1.28804e-06 0 1.65826e-06 0 2.06798e-06 0 2.52788e-06 0 3.04258e-06 0 3.60011e-06 0 4.21564e-06 0 4.86313e-06 0 5.58897e-06 0 6.33678e-06 0 7.12855e-06 0 7.96007e-06 0 8.86756e-06 0 9.81116e-06 0 1.07849e-05 0 1.17822e-05 0 1.28513e-05 0 1.39367e-05 0 1.50933e-05 0 1.62574e-05 0 1.7491e-05 0 1.87223e-05 0 2.00205e-05 0 2.13879e-05 0 2.27405e-05 0 2.41586e-05 0 2.55496e-05 0 2.71009e-05 0 2.86205e-05 0 3.00975e-05 0 3.17444e-05 0
248.097 0.000434879 0.000114215 0.000320664 0.737363 0.359661 5.67342e-11 0 1.14921e-09 0 1.53558e-08 0 5.93054e-08 0 1.4469e-07 0 2.78446e-07 0 4.66971e-07 0 7.10197e-07 0 1.01212e-06 0 1.37719e-06 0 1.79356e-06 0 2.28077e-06 0 2.81381e-06 0 3.40603e-06 0 4.06261e-06 0 4.76774e-06 0 5.54006e-06 0 6.34655e-06 0 7.24444e-06 0 8.16358e-06 0 9.13098e-06 0 1.01413e-05 0 1.12381e-05 0 1.23728e-05 0 1.35381e-05 0 1.47264e-05 0 1.59947e-05 0 1.72771e-05 0 1.86382e-05 0 2.00032e-05 0 2.14443e-05 0 2.28779e-05 0 2.43844e-05 0 2.59661e-05 0 2.75257e-05 0 2.91561e-05 0 3.07508e-05 0 3.25244e-05 0 3.42569e-05 0 3.59364e-05 0 3.78045e-05 0
260.832 0.000430751 0.000113861 0.00031689 0.735668 0.332573 1.26787e-10 0 2.21738e-09 0 2.61062e-08 0 9.43871e-08 0 2.20468e-07 0 4.1093e-07 0 6.71976e-07 0 1.00127e-06 0 1.40248e-06 0 1.87986e-06 0 2.41684e-06 0 3.03752e-06 0 3.7092e-06 0 4.44821e-06 0 5.26023e-06 0 6.12519e-06 0 7.06545e-06 0 8.0405e-06 0 9.11897e-06 0 1.02162e-05 0 1.13646e-05 0 1.25576e-05 0 1.38462e-05 0 1.51729e-05 0 1.65292e-05 0 1.79063e-05 0 1.93704e-05 0 2.08449e-05 0 2.24041e-05 0 2.39621e-05 0 2.56015e-05 0 2.7227e-05 0 2.89298e-05 0 3.07121e-05 0 3.24644e-05 0 3.4291e-05 0 3.60729e-05 0 3.80493e-05 0 3.99749e-05 0 4.18371e-05 0 4.39035e-05 0
274.221 0.00042699 0.000113008 0.000313981 0.735337 0.296437 2.67896e-10 0 4.07429e-09 0 4.25275e-08 0 1.44407e-07 0 3.23618e-07 0 5.85129e-07 0 9.34136e-07 0 1.36507e-06 0 1.88085e-06 0 2.48527e-06 0 3.15623e-06 0 3.92279e-06 0 4.74374e-06 0 5.63864e-06 0 6.61365e-06 0 7.64416e-06 0 8.75637e-06 0 9.90212e-06 0 1.11616e-05 0 1.24355e-05 0 1.37616e-05 0 1.51325e-05 0 1.6606e-05 0 1.8116e-05 0 1.96532e-05 0 2.12078e-05 0 2.2854e-05 0 2.45059e-05 0 2.62465e-05 0 2.798e-05 0 2.9798e-05 0 3.15951e-05 0 3.3472e-05 0 3.54309e-05 0 3.73513e-05 0 3.9348e-05 0 4.12906e-05 0 4.344e-05 0 4.55289e-05 0 4.75444e-05 0 4.97757e-05 0
288.297 0.000425182 0.000112146 0.000313036 0.736241 0.252831 5.38841e-10 0 7.17519e-09 0 6.6791e-08 0 2.13656e-07 0 4.6031e-07 0 8.0856e-07 0 1.26169e-06 0 1.8099e-06 0 2.45505e-06 0 3.20017e-06 0 4.01701e-06 0 4.93993e-06 0 5.91862e-06 0 6.9761e-06 0 8.11895e-06 0 9.31797e-06 0 1.06032e-05 0 1.19189e-05 0 1.33567e-05 0 1.48029e-05 0 1.63009e-05 0 1.78419e-05 0 1.94907e-05 0 2.11731e-05 0 2.28788e-05 0 2.45971e-05 0 2.64101e-05 0 2.8223e-05 0 3.01268e-05 0 3.20166e-05 0 3.39927e-05 0 3.59401e-05 0 3.79684e-05 0 4.00794e-05 0 4.21434e-05 0 4.42839e-05 0 4.63615e-05 0 4.86547e-05 0 5.08781e-05 0 5.30186e-05 0 5.53833e-05 0
303.095 0.00042634 0.000111796 0.000314544 0.737777 0.205124 1.03907e-09 0 1.21933e-08 0 1.01789e-07 0 3.07639e-07 0 6.38416e-07 0 1.09099e-06 0 1.66583e-06 0 2.34792e-06 0 3.1378e-06 0 4.03759e-06 0 5.01227e-06 0 6.10198e-06 0 7.24671e-06 0 8.47327e-06 0 9.78871e-06 0 1.11591e-05 0 1.26186e-05 0 1.41038e-05 0 1.57176e-05 0 1.73324e-05 0 1.89969e-05 0 2.07015e-05 0 2.25175e-05 0 2.43628e-05 0 2.62263e-05 0 2.80968e-05 0 3.00636e-05 0 3.20236e-05 0 3.40755e-05 0 3.6106e-05 0 3.8223e-05 0 4.03036e-05 0 4.24647e-05 0 4.4708e-05 0 4.68959e-05 0 4.91593e-05 0 5.13512e-05 0 5.3765e-05 0 5.61002e-05 0 5.83437e-05 0 6.0817e-05 0
318.653 0.000430549 0.000112034 0.000318515 0.739789 0.156757 1.92666e-09 0 2.00477e-08 0 1.50887e-07 0 4.32058e-07 0 8.65218e-07 0 1.4404e-06 0 2.15437e-06 0 2.98607e-06 0 3.93458e-06 0 5.00095e-06 0 6.14305e-06 0 7.40719e-06 0 8.72336e-06 0 1.01224e-05 0 1.16119e-05 0 1.31533e-05 0 1.47848e-05 0 1.64356e-05 0 1.82199e-05 0 1.99964e-05 0 2.18191e-05 0 2.36777e-05 0 2.56497e-05 0 2.76456e-05 0 2.96537e-05 0 3.16625e-05 0 3.37677e-05 0 3.58591e-05 0 3.80418e-05 0 4.01956e-05 0 4.24349e-05 0 4.46297e-05 0 4.69038e-05 0 4.92585e-05 0 5.15495e-05 0 5.39143e-05 0 5.61993e-05 0 5.87102e-05 0 6.11341e-05 0 6.34584e-05 0 6.60158e-05 0
335.009 0.000436923 0.000112843 0.00032408 0.741732 0.110327 3.44206e-09 0 3.19457e-08 0 2.17871e-07 0 5.92633e-07 0 1.14722e-06 0 1.86296e-06 0 2.73217e-06 0 3.72709e-06 0 4.84534e-06 0 6.08695e-06 0 7.40247e-06 0 8.84474e-06 0 1.03336e-05 0 1.19044e-05 0 1.35651e-05 0 1.52728e-05 0 1.70698e-05 0 1.88783e-05 0 2.08231e-05 0 2.27503e-05 0 2.4719e-05 0 2.67183e-05 0 2.88313e-05 0 3.09618e-05 0 3.3098e-05 0 3.52279e-05 0 3.7453e-05 0 3.96569e-05 0 4.19504e-05 0 4.42074e-05 0 4.65478e-05 0 4.8836e-05 0 5.12011e-05 0 5.36442e-05 0 5.60159e-05 0 5.84587e-05 0 6.08141e-05 0 6.33972e-05 0 6.58858e-05 0 6.82676e-05 0 7.08835e-05 0
352.205 0.00044451 0.000114764 0.000329746 0.74182 0.0681521 5.96449e-09 0 4.96508e-08 0 3.08324e-07 0 7.98691e-07 0 1.49706e-06 0 2.37422e-06 0 3.41753e-06 0 4.59196e-06 0 5.89381e-06 0 7.32222e-06 0 8.82022e-06 0 1.04477e-05 0 1.21144e-05 0 1.386e-05 0 1.56936e-05 0 1.75676e-05 0 1.95288e-05 0 2.14923e-05 0 2.35938e-05 0 2.56669e-05 0 2.77759e-05 0 2.99094e-05 0 3.21559e-05 0 3.4413e-05 0 3.66686e-05 0 3.89106e-05 0 4.12459e-05 0 4.35524e-05 0 4.59461e-05 0 4.82956e-05 0 5.07258e-05 0 5.30962e-05 0 5.55407e-05 0 5.80601e-05 0 6.05007e-05 0 6.30093e-05 0 6.54234e-05 0 6.80658e-05 0 7.06066e-05 0 7.30342e-05 0 7.56957e-05 0
370.284 0.000451536 0.000117237 0.000334299 0.74036 0.0303721 9.99207e-09 0 7.5002e-08 0 4.26026e-07 0 1.05349e-06 0 1.91504e-06 0 2.96953e-06 0 4.19919e-06 0 5.56157e-06 0 7.05203e-06 0 8.66904e-06 0 1.03484e-05 0 1.21573e-05 0 1.39956e-05 0 1.59078e-05 0 1.79039e-05 0 1.99325e-05 0 2.20441e-05 0 2.41481e-05 0 2.63896e-05 0 2.85915e-05 0 3.08227e-05 0 3.30715e-05 0 3.54312e-05 0 3.7794e-05 0 4.01479e-05 0 4.24807e-05 0 4.49038e-05 0 4.72905e-05 0 4.97611e-05 0 5.21802e-05 0 5.46764e-05 0 5.71058e-05 0 5.96057e-05 0 6.21768e-05 0 6.46623e-05 0 6.72121e-05 0 6.96615e-05 0 7.23374e-05 0 7.4906e-05 0 7.73559e-05 0 8.00376e-05 0
389.291 0.000456787 0.00012091 0.000335877 0.735303 -0.00216314 1.62959e-08 0 1.10855e-07 0 5.78488e-07 0 1.36867e-06 0 2.41649e-06 0 3.6678e-06 0 5.09976e-06 0 6.66251e-06 0 8.35093e-06 0 1.01632e-05 0 1.2028e-05 0 1.40203e-05 0 1.60303e-05 0 1.81077e-05 0 2.02633e-05 0 2.24421e-05 0 2.46989e-05 0 2.69372e-05 0 2.93115e-05 0 3.16344e-05 0 3.39795e-05 0 3.6335e-05 0 3.87983e-05 0 4.12572e-05 0 4.36994e-05 0 4.6113e-05 0 4.86134e-05 0 5.107e-05 0 5.36068e-05 0 5.60848e-05 0 5.86363e-05 0 6.11141e-05 0 6.36586e-05 0 6.62704e-05 0 6.87905e-05 0 7.1371e-05 0 7.38455e-05 0 7.65443e-05 0 7.91303e-05 0 8.15931e-05 0 8.42846e-05 0
409.273 0.000458226 0.000123674 0.000334551 0.730102 -0.0314058 2.54623e-08 0 1.57733e-07 0 7.5934e-07 0 1.72263e-06 0 2.95828e-06 0 4.39976e-06 0 6.02008e-06 0 7.76321e-06 0 9.62429e-06 0 1.16016e-05 0 1.36185e-05 0 1.57568e-05 0 1.78991e-05 0 2.00997e-05 0 2.23704e-05 0 2.46538e-05 0 2.70076e-05 0 2.93321e-05 0 3.17878e-05 0 3.41811e-05 0 3.65888e-05 0 3.89993e-05 0 4.15121e-05 0 4.40129e-05 0 4.64898e-05 0 4.89313e-05 0 5.14541e-05 0 5.39269e-05 0 5.64745e-05 0 5.89576e-05 0 6.1509e-05 0 6.39817e-05 0 6.65162e-05 0 6.91127e-05 0 7.16135e-05 0 7.41699e-05 0 7.66172e-05 0 7.9282e-05 0 8.18314e-05 0 8.42557e-05 0 8.69014e-05 0
430.281 0.000454028 0.000125671 0.000328357 0.723209 -0.057664 3.82441e-08 0 2.16732e-07 0 9.66332e-07 0 2.10636e-06 0 3.52316e-06 0 5.13959e-06 0 6.92592e-06 0 8.82164e-06 0 1.0823e-05 0 1.29289e-05 0 1.50591e-05 0 1.7301e-05 0 1.95325e-05 0 2.18115e-05 0 2.41505e-05 0 2.64912e-05 0 2.88933e-05 0 3.12557e-05 0 3.37419e-05 0 3.61561e-05 0 3.85769e-05 0 4.09928e-05 0 4.35039e-05 0 4.59959e-05 0 4.84575e-05 0 5.08779e-05 0 5.33731e-05 0 5.58132e-05 0 5.83217e-05 0 6.07617e-05 0 6.32637e-05 0 6.56841e-05 0 6.81603e-05 0 7.06927e-05 0 7.31276e-05 0 7.56126e-05 0 7.79878e-05 0 8.05703e-05 0 8.30371e-05 0 8.53797e-05 0 8.79326e-05 0
452.368 0.000443255 0.000126514 0.000316741 0.714579 -0.0813628 5.51555e-08 0 2.87191e-07 0 1.19041e-06 0 2.49806e-06 0 4.07497e-06 0 5.83638e-06 0 7.75175e-06 0 9.7583e-06 0 1.18541e-05 0 1.40393e-05 0 1.62324e-05 0 1.85245e-05 0 2.07919e-05 0 2.30948e-05 0 2.54464e-05 0 2.77891e-05 0 3.0183e-05 0 3.25282e-05 0 3.49872e-05 0 3.7367e-05 0 3.97457e-05 0 4.21127e-05 0 4.45661e-05 0 4.69943e-05 0 4.93869e-05 0 5.1734e-05 0 5.41481e-05 0 5.6504e-05 0 5.89209e-05 0 6.12672e-05 0 6.36688e-05 0 6.59878e-05 0 6.83563e-05 0 7.07744e-05 0 7.30958e-05 0 7.54612e-05 0 7.7719e-05 0 8.01701e-05 0 8.25082e-05 0 8.47256e-05 0 8.7139e-05 0
475.588 0.000425632 0.000126174 0.000299458 0.70356 -0.102807 7.64912e-08 0 3.67464e-07 0 1.42108e-06 0 2.87636e-06 0 4.5817e-06 0 6.44864e-06 0 8.44787e-06 0 1.05167e-05 0 1.26558e-05 0 1.4867e-05 0 1.70696e-05 0 1.93566e-05 0 2.16057e-05 0 2.38781e-05 0 2.61877e-05 0 2.84784e-05 0 3.081e-05 0 3.30856e-05 0 3.54636e-05 0 3.77575e-05 0 4.00437e-05 0 4.23123e-05 0 4.46575e-05 0 4.69728e-05 0 4.92488e-05 0 5.14765e-05 0 5.37631e-05 0 5.59901e-05 0 5.82703e-05 0 6.04799e-05 0 6.27376e-05 0 6.4914e-05 0 6.71333e-05 0 6.93955e-05 0 7.15639e-05 0 7.37704e-05 0 7.58735e-05 0 7.81537e-05 0 8.03259e-05 0 8.23833e-05 0 8.462e-05 0
500 0.000401909 0.000124738 0.000277172 0.689637 -0.122157 1.02219e-07 0 4.54853e-07 0 1.64677e-06 0 3.22072e-06 0 5.0155e-06 0 6.9432e-06 0 8.97769e-06 0 1.10587e-05 0 1.31899e-05 0 1.53748e-05 0 1.7536e-05 0 1.9766e-05 0 2.19471e-05 0 2.41399e-05 0 2.63587e-05 0 2.85503e-05 0 3.07726e-05 0 3.29341e-05 0 3.51855e-05 0 3.73507e-05 0 3.95027e-05 0 4.16325e-05 0 4.38288e-05 0 4.59919e-05 0 4.81137e-05 0 5.01861e-05 0 5.23092e-05 0 5.43729e-05 0 5.64822e-05 0 5.85227e-05 0 6.06041e-05 0 6.26074e-05 0 6.46472e-05 0 6.67233e-05 0 6.87106e-05 0 7.073e-05 0 7.26524e-05 0 7.47339e-05 0 7.67144e-05 0 7.85882e-05 0 8.06228e-05 0
525.665 0.00037349 0.000122271 0.000251219 0.672627 -0.139617 1.31843e-07 0 5.45454e-07 0 1.85478e-06 0 3.51116e-06 0 5.35161e-06 0 7.29287e-06 0 9.31364e-06 0 1.1358e-05 0 1.34327e-05 0 1.55434e-05 0 1.76173e-05 0 1.97446e-05 0 2.18144e-05 0 2.38859e-05 0 2.59729e-05 0 2.80265e-05 0 3.01014e-05 0 3.21131e-05 0 3.4202e-05 0 3.62052e-05 0 3.81909e-05 0 4.01515e-05 0 4.21685e-05 0 4.41506e-05 0 4.60908e-05 0 4.79822e-05 0 4.99162e-05 0 5.17929e-05 0 5.37078e-05 0 5.55572e-05 0 5.74407e-05 0 5.9251e-05 0 6.10916e-05 0 6.29625e-05 0 6.47509e-05 0 6.65659e-05 0 6.82916e-05 0 7.01581e-05 0 7.19318e-05 0 7.36082e-05 0 7.54266e-05 0
552.648 0.00034206 0.000118813 0.000223246 0.652653 -0.155505 1.64315e-07 0 6.34302e-07 0 2.03212e-06 0 3.72955e-06 0 5.56975e-06 0 7.47768e-06 0 9.43803e-06 0 1.14008e-05 0 1.33756e-05 0 1.53701e-05 0 1.73174e-05 0 1.9304e-05 0 2.12274e-05 0 2.31439e-05 0 2.50672e-05 0 2.69528e-05 0 2.88517e-05 0 3.0687e-05 0 3.25873e-05 0 3.44048e-05 0 3.62021e-05 0 3.79725e-05 0 3.97899e-05 0 4.15721e-05 0 4.33133e-05 0 4.50076e-05 0 4.6737e-05 0 4.84124e-05 0 5.01192e-05 0 5.17651e-05 0 5.34391e-05 0 5.50457e-05 0 5.6677e-05 0 5.83331e-05 0 5.99142e-05 0 6.1517e-05 0 6.30392e-05 0 6.46837e-05 0 6.62448e-05 0 6.77188e-05 0 6.9316e-05 0
581.015 0.000309568 0.000114655 0.000194912 0.629628 -0.169932 1.98474e-07 0 7.17334e-07 0 2.17162e-06 0 3.87005e-06 0 5.66882e-06 0 7.50372e-06 0 9.36593e-06 0 1.12122e-05 0 1.30549e-05 0 1.49031e-05 0 1.6697e-05 0 1.85175e-05 0 2.0272e-05 0 2.2013e-05 0 2.37537e-05 0 2.54545e-05 0 2.71619e-05 0 2.88074e-05 0 3.05067e-05 0 3.21278e-05 0 3.37271e-05 0 3.52993e-05 0 3.69098e-05 0 3.84861e-05 0 4.00232e-05 0 4.15165e-05 0 4.30382e-05 0 4.45101e-05 0 4.60074e-05 0 4.74493e-05 0 4.89137e-05 0 5.03174e-05 0 5.1741e-05 0 5.31844e-05 0 5.45609e-05 0 5.59547e-05 0 5.72771e-05 0 5.87043e-05 0 6.00577e-05 0 6.13344e-05 0 6.27166e-05 0
610.839 0.000277602 0.000109985 0.000167618 0.603805 -0.183124 2.32854e-07 0 7.90513e-07 0 2.26782e-06 0 3.93023e-06 0 5.65229e-06 0 7.38214e-06 0 9.1174e-06 0 1.08219e-05 0 1.25103e-05 0 1.41927e-05 0 1.58166e-05 0 1.74566e-05 0 1.90302e-05 0 2.05858e-05 0 2.21356e-05 0 2.36451e-05 0 2.5156e-05 0 2.66083e-05 0 2.81042e-05 0 2.9528e-05 0 3.09296e-05 0 3.23046e-05 0 3.37105e-05 0 3.5084e-05 0 3.64212e-05 0 3.77181e-05 0 3.90377e-05 0 4.03123e-05 0 4.16071e-05 0 4.28523e-05 0 4.41154e-05 0 4.53246e-05 0 4.65497e-05 0 4.77903e-05 0 4.89722e-05 0 5.01678e-05 0 5.1301e-05 0 5.25227e-05 0 5.36803e-05 0 5.47713e-05 0 5.59514e-05 0
642.193 0.000247444 0.000105087 0.000142356 0.575308 -0.19515 2.66182e-07 0 8.5145e-07 0 2.32098e-06 0 3.91724e-06 0 5.53648e-06 0 7.13956e-06 0 8.73011e-06 0 1.02789e-05 0 1.1802e-05 0 1.33106e-05 0 1.47591e-05 0 1.62153e-05 0 1.76068e-05 0 1.89775e-05 0 2.03386e-05 0 2.16603e-05 0 2.29797e-05 0 2.42446e-05 0 2.55445e-05 0 2.6779e-05 0 2.79919e-05 0 2.91795e-05 0 3.03917e-05 0 3.15739e-05 0 3.27229e-05 0 3.38358e-05 0 3.49665e-05 0 3.60572e-05 0 3.71638e-05 0 3.82266e-05 0 3.93035e-05 0 4.03334e-05 0 4.13756e-05 0 4.24299e-05 0 4.34333e-05 0 4.44474e-05 0 4.54077e-05 0 4.64421e-05 0 4.74214e-05 0 4.83435e-05 0 4.93402e-05 0
675.157 0.000219837 0.000100148 0.000119689 0.544442 -0.206079 2.97206e-07 0 8.9842e-07 0 2.33309e-06 0 3.84003e-06 0 5.33865e-06 0 6.80213e-06 0 8.23923e-06 0 9.62719e-06 0 1.0983e-05 0 1.23181e-05 0 1.35938e-05 0 1.48708e-05 0 1.60865e-05 0 1.72799e-05 0 1.84613e-05 0 1.96054e-05 0 2.07445e-05 0 2.1834e-05 0 2.29512e-05 0 2.40101e-05 0 2.50484e-05 0 2.60634e-05 0 2.70976e-05 0 2.81046e-05 0 2.9082e-05 0 3.00273e-05 0 3.09865e-05 0 3.19106e-05 0 3.2847e-05 0 3.37454e-05 0 3.46547e-05 0 3.55233e-05 0 3.64015e-05 0 3.72891e-05 0 3.81331e-05 0 3.89852e-05 0 3.97915e-05 0 4.06593e-05 0 4.14802e-05 0 4.22526e-05 0 4.30868e-05 0
709.813 0.000195162 9.53446e-05 9.98175e-05 0.511459 -0.215946 3.24977e-07 0 9.30987e-07 0 2.30893e-06 0 3.71092e-06 0 5.07931e-06 0 6.39847e-06 0 7.68131e-06 0 8.91079e-06 0 1.01042e-05 0 1.12732e-05 0 1.2385e-05 0 1.34934e-05 0 1.45449e-05 0 1.55739e-05 0 1.65897e-05 0 1.75708e-05 0 1.85452e-05 0 1.94753e-05 0 2.0427e-05 0 2.13273e-05 0 2.22086e-05 0 2.30687e-05 0 2.39437e-05 0 2.47946e-05 0 2.56191e-05 0 2.64156e-05 0 2.72229e-05 0 2.79997e-05 0 2.8786e-05 0 2.95396e-05 0 3.03016e-05 0 3.10288e-05 0 3.17633e-05 0 3.2505e-05 0 3.32096e-05 0 3.39205e-05 0 3.45926e-05 0 3.53155e-05 0 3.59987e-05 0 3.66412e-05 0 3.73346e-05 0
746.248 0.000173471 9.07821e-05 8.2689e-05 0.476673 -0.224836 3.4873e-07 0 9.49344e-07 0 2.25393e-06 0 3.54179e-06 0 4.77681e-06 0 5.95302e-06 0 7.08647e-06 0 8.16495e-06 0 9.20562e-06 0 1.02199e-05 0 1.11805e-05 0 1.21345e-05 0 1.30365e-05 0 1.39167e-05 0 1.47832e-05 0 1.56181e-05 0 1.64455e-05 0 1.72336e-05 0 1.80386e-05 0 1.87987e-05 0 1.95416e-05 0 2.02655e-05 0 2.10009e-05 0 2.1715e-05 0 2.24062e-05 0 2.30731e-05 0 2.37482e-05 0 2.43971e-05 0 2.50533e-05 0 2.56816e-05 0 2.63163e-05 0 2.69215e-05 0 2.75323e-05 0 2.81485e-05 0 2.87335e-05 0 2.93232e-05 0 2.98803e-05 0 3.04791e-05 0 3.10447e-05 0 3.15762e-05 0 3.21495e-05 0
784.553 0.000154783 8.66502e-05 6.81324e-05 0.440181 -0.232566 3.68459e-07 0 9.55633e-07 0 2.17693e-06 0 3.34863e-06 0 4.45372e-06 0 5.49427e-06 0 6.48845e-06 0 7.42804e-06 0 8.32971e-06 0 9.2044e-06 0 1.00295e-05 0 1.08461e-05 0 1.16158e-05 0 1.23648e-05 0 1.31003e-05 0 1.38074e-05 0 1.45068e-05 0 1.51716e-05 0 1.58495e-05 0 1.64886e-05 0 1.71123e-05 0 1.77191e-05 0 1.83348e-05 0 1.89319e-05 0 1.95092e-05 0 2.00655e-05 0 2.06282e-05 0 2.11684e-05 0 2.17142e-05 0 2.22364e-05 0 2.27633e-05 0 2.32654e-05 0 2.37717e-05 0 2.42822e-05 0 2.47664e-05 0 2.52542e-05 0 2.57147e-05 0 2.62094e-05 0 2.66763e-05 0 2.71148e-05 0 2.75875e-05 0
824.824 0.000138824 8.29276e-05 5.58961e-05 0.402641 -0.239205 3.83743e-07 0 9.50575e-07 0 2.08221e-06 0 3.13898e-06 0 4.12023e-06 0 5.03436e-06 0 5.90079e-06 0 6.7145e-06 0 7.49135e-06 0 8.24168e-06 0 8.94681e-06 0 9.64244e-06 0 1.02963e-05 0 1.09308e-05 0 1.15526e-05 0 1.21491e-05 0 1.27379e-05 0 1.32967e-05 0 1.38655e-05 0 1.4401e-05 0 1.49227e-05 0 1.54298e-05 0 1.59437e-05 0 1.64414e-05 0 1.69221e-05 0 1.73848e-05 0 1.78524e-05 0 1.8301e-05 0 1.87538e-05 0 1.91865e-05 0 1.9623e-05 0 2.00385e-05 0 2.04572e-05 0 2.0879e-05 0 2.12789e-05 0 2.16815e-05 0 2.20613e-05 0 2.2469e-05 0 2.28537e-05 0 2.32147e-05 0 2.36037e-05 0
867.163 0.000125385 7.96845e-05 4.57002e-05 0.36448 -0.244518 3.94825e-07 0 9.3632e-07 0 1.97631e-06 0 2.9231e-06 0 3.78944e-06 0 4.58849e-06 0 5.3402e-06 0 6.04204e-06 0 6.70888e-06 0 7.35035e-06 0 7.95109e-06 0 8.54195e-06 0 9.09581e-06 0 9.63212e-06 0 1.01565e-05 0 1.06586e-05 0 1.11533e-05 0 1.1622e-05 0 1.20985e-05 0 1.25463e-05 0 1.29822e-05 0 1.34053e-05 0 1.38335e-05 0 1.42479e-05 0 1.46476e-05 0 1.50321e-05 0 1.54203e-05 0 1.57924e-05 0 1.61676e-05 0 1.6526e-05 0 1.68872e-05 0 1.72308e-05 0 1.75768e-05 0 1.79252e-05 0 1.82552e-05 0 1.85873e-05 0 1.89005e-05 0 1.92364e-05 0 1.95532e-05 0 1.98503e-05 0 2.01704e-05 0
911.674 0.000114033 7.67688e-05 3.72641e-05 0.326784 -0.248597 4.01081e-07 0 9.1267e-07 0 1.85998e-06 0 2.70198e-06 0 3.46193e-06 0 4.15633e-06 0 4.80507e-06 0 5.40745e-06 0 5.97726e-06 0 6.52332e-06 0 7.03307e-06 0 7.53303e-06 0 8.00054e-06 0 8.45224e-06 0 8.89302e-06 0 9.31429e-06 0 9.72873e-06 0 1.01208e-05 0 1.05188e-05 0 1.08924e-05 0 1.12555e-05 0 1.16077e-05 0 1.19637e-05 0 1.23079e-05 0 1.26396e-05 0 1.29584e-05 0 1.328e-05 0 1.3588e-05 0 1.38984e-05 0 1.41947e-05 0 1.4493e-05 0 1.47767e-05 0 1.50621e-05 0 1.53494e-05 0 1.56213e-05 0 1.58948e-05 0 1.61526e-05 0 1.6429e-05 0 1.66895e-05 0 1.69337e-05 0 1.71967e-05 0
958.471 0.00010438 7.40566e-05 3.03231e-05 0.290507 -0.251392 4.02068e-07 0 8.79811e-07 0 1.73453e-06 0 2.47732e-06 0 3.13916e-06 0 3.73869e-06 0 4.29518e-06 0 4.80927e-06 0 5.29355e-06 0 5.75604e-06 0 6.18649e-06 0 6.60759e-06 0 7.00045e-06 0 7.37926e-06 0 7.74824e-06 0 8.10031e-06 0 8.44614e-06 0 8.77287e-06 0 9.10407e-06 0 9.41462e-06 0 9.71618e-06 0 1.00083e-05 0 1.03033e-05 0 1.05883e-05 0 1.08627e-05 0 1.11262e-05 0 1.13918e-05 0 1.16461e-05 0 1.19021e-05 0 1.21463e-05 0 1.2392e-05 0 1.26255e-05 0 1.28604e-05 0 1.30966e-05 0 1.33202e-05 0 1.35449e-05 0 1.37565e-05 0 1.39834e-05 0 1.41971e-05 0 1.43974e-05 0 1.46129e-05 0
1007.67 9.60082e-05 7.1364e-05 2.46442e-05 0.256688 -0.253366 3.97105e-07 0 8.37358e-07 0 1.59993e-06 0 2.24877e-06 0 2.82004e-06 0 3.33333e-06 0 3.80692e-06 0 4.24237e-06 0 4.651e-06 0 5.03998e-06 0 5.40102e-06 0 5.75336e-06 0 6.08139e-06 0 6.39711e-06 0 6.70411e-06 0 6.99659e-06 0 7.2835e-06 0 7.55421e-06 0 7.82829e-06 0 8.08501e-06 0 8.33405e-06 0 8.57505e-06 0 8.81828e-06 0 9.05297e-06 0 9.27882e-06 0 9.49554e-06 0 9.71382e-06 0 9.9226e-06 0 1.01327e-05 0 1.0333e-05 0 1.05345e-05 0 1.07258e-05 0 1.09182e-05 0 1.11116e-05 0 1.12944e-05 0 1.14782e-05 0 1.16512e-05 0 1.18365e-05 0 1.20111e-05 0 1.21746e-05 0 1.23505e-05 0
1059.39 8.8644e-05 6.86218e-05 2.00222e-05 0.225872 -0.254961 3.86275e-07 0 7.8648e-07 0 1.45894e-06 0 2.0199e-06 0 2.50831e-06 0 2.94387e-06 0 3.34349e-06 0 3.70933e-06 0 4.05142e-06 0 4.37609e-06 0 4.67668e-06 0 4.96938e-06 0 5.24135e-06 0 5.50266e-06 0 5.75637e-06 0 5.99774e-06 0 6.2342e-06 0 6.45706e-06 0 6.68245e-06 0 6.89334e-06 0 7.09774e-06 0 7.29536e-06 0 7.49465e-06 0 7.6868e-06 0 7.87158e-06 0 8.04877e-06 0 8.22712e-06 0 8.39761e-06 0 8.5691e-06 0 8.73248e-06 0 8.89673e-06 0 9.05264e-06 0 9.20931e-06 0 9.36671e-06 0 9.51552e-06 0 9.66496e-06 0 9.80564e-06 0 9.95629e-06 0 1.00981e-05 0 1.02309e-05 0 1.03737e-05 0
1113.77 8.21519e-05 6.58748e-05 1.6277e-05 0.198133 -0.256711 3.70498e-07 0 7.29784e-07 0 1.31653e-06 0 1.79704e-06 0 2.21107e-06 0 2.57773e-06 0 2.91241e-06 0 3.21756e-06 0 3.50197e-06 0 3.77115e-06 0 4.01977e-06 0 4.26139e-06 0 4.48549e-06 0 4.70047e-06 0 4.90889e-06 0 5.10692e-06 0 5.3007e-06 0 5.48313e-06 0 5.66746e-06 0 5.83976e-06 0 6.00662e-06 0 6.16782e-06 0 6.33026e-06 0 6.48677e-06 0 6.63718e-06 0 6.78132e-06 0 6.92632e-06 0 7.06484e-06 0 7.20412e-06 0 7.33673e-06 0 7.46999e-06 0 7.59643e-06 0 7.72343e-06 0 7.85097e-06 0 7.97149e-06 0 8.09249e-06 0 8.20634e-06 0 8.32822e-06 0 8.44289e-06 0 8.55026e-06 0 8.66568e-06 0
1170.94 7.65154e-05 6.32649e-05 1.32505e-05 0.173174 -0.258919 3.51376e-07 0 6.70806e-07 0 1.17875e-06 0 1.5876e-06 0 1.93651e-06 0 2.24351e-06 0 2.5224e-06 0 2.77573e-06 0 3.01113e-06 0 3.23336e-06 0 3.43818e-06 0 3.63686e-06 0 3.82082e-06 0 3.99704e-06 0 4.16767e-06 0 4.3296e-06 0 4.48788e-06 0 4.63674e-06 0 4.78701e-06 0 4.92736e-06 0 5.06317e-06 0 5.19428e-06 0 5.32631e-06 0 5.45343e-06 0 5.57552e-06 0 5.69247e-06 0 5.81004e-06 0 5.92231e-06 0 6.03513e-06 0 6.14251e-06 0 6.25036e-06 0 6.35265e-06 0 6.45535e-06 0 6.55845e-06 0 6.65584e-06 0 6.75358e-06 0 6.84552e-06 0 6.94391e-06 0 7.03644e-06 0 7.12307e-06 0 7.21615e-06 0
1231.05 7.17475e-05 6.09397e-05 1.08079e-05 0.150638 -0.261718 3.30556e-07 0 6.127e-07 0 1.05032e-06 0 1.39695e-06 0 1.69014e-06 0 1.94657e-06 0 2.1785e-06 0 2.38845e-06 0 2.58299e-06 0 2.76622e-06 0 2.93477e-06 0 3.09797e-06 0 3.24886e-06 0 3.39321e-06 0 3.53281e-06 0 3.66515e-06 0 3.79437e-06 0 3.9158e-06 0 4.03827e-06 0 4.15258e-06 0 4.2631e-06 0 4.36973e-06 0 4.47703e-06 0 4.5803e-06 0 4.67941e-06 0 4.7743e-06 0 4.86966e-06 0 4.96067e-06 0 5.05209e-06 0 5.13906e-06 0 5.22638e-06 0 5.30916e-06 0 5.39224e-06 0 5.47562e-06 0 5.55436e-06 0 5.63336e-06 0 5.70764e-06 0 5.78711e-06 0 5.86183e-06 0 5.93176e-06 0 6.00688e-06 0
1294.24 6.78552e-05 5.90194e-05 8.83573e-06 0.130215 -0.265006 3.0941e-07 0 5.57754e-07 0 9.34106e-07 0 1.2278e-06 0 1.47416e-06 0 1.68845e-06 0 1.88147e-06 0 2.05566e-06 0 2.21665e-06 0 2.36795e-06 0 2.50687e-06 0 2.64118e-06 0 2.76518e-06 0 2.88366e-06 0 2.99812e-06 0 3.10651e-06 0 3.21226e-06 0 3.31155e-06 0 3.41161e-06 0 3.50493e-06 0 3.59511e-06 0 3.68206e-06 0 3.76951e-06 0 3.85361e-06 0 3.9343e-06 0 4.01152e-06 0 4.08907e-06 0 4.16307e-06 0 4.23736e-06 0 4.30801e-06 0 4.37892e-06 0 4.44612e-06 0 4.51355e-06 0 4.58119e-06 0 4.64505e-06 0 4.70909e-06 0 4.7693e-06 0 4.8337e-06 0 4.89423e-06 0 4.95087e-06 0 5.01169e-06 0
1360.67 6.48388e-05 5.75983e-05 7.24054e-06 0.11167 -0.268485 2.88972e-07 0 5.07419e-07 0 8.31384e-07 0 1.08072e-06 0 1.28828e-06 0 1.46791e-06 0 1.6291e-06 0 1.77413e-06 0 1.90787e-06 0 2.03331e-06 0 2.1483e-06 0 2.2593e-06 0 2.36166e-06 0 2.45935e-06 0 2.55363e-06 0 2.64283e-06 0 2.72978e-06 0 2.81136e-06 0 2.89352e-06 0 2.97009e-06 0 3.04404e-06 0 3.1153e-06 0 3.18693e-06 0 3.25579e-06 0 3.32183e-06 0 3.38499e-06 0 3.44841e-06 0 3.50889e-06 0 3.56959e-06 0 3.62729e-06 0 3.68519e-06 0 3.74005e-06 0 3.79507e-06 0 3.85025e-06 0 3.90232e-06 0 3.95454e-06 0 4.00362e-06 0 4.05609e-06 0 4.10541e-06 0 4.15154e-06 0 4.20108e-06 0
1430.51 6.26847e-05 5.67389e-05 5.94582e-06 0.0948528 -0.271768 2.69893e-07 0 4.62345e-07 0 7.42084e-07 0 9.54635e-07 0 1.13034e-06 0 1.28168e-06 0 1.41702e-06 0 1.53847e-06 0 1.65022e-06 0 1.75485e-06 0 1.85061e-06 0 1.94294e-06 0 2.02797e-06 0 2.10904e-06 0 2.18721e-06 0 2.26111e-06 0 2.33309e-06 0 2.40057e-06 0 2.46849e-06 0 2.53176e-06 0 2.59282e-06 0 2.65163e-06 0 2.71073e-06 0 2.76751e-06 0 2.82194e-06 0 2.87398e-06 0 2.92621e-06 0 2.976e-06 0 3.02596e-06 0 3.07344e-06 0 3.12106e-06 0 3.16617e-06 0 3.21139e-06 0 3.25674e-06 0 3.29953e-06 0 3.34242e-06 0 3.38273e-06 0 3.42581e-06 0 3.4663e-06 0 3.50415e-06 0 3.5448e-06 0
1503.94 6.13665e-05 5.64745e-05 4.89192e-06 0.0797166 -0.274542 2.52474e-07 0 4.2256e-07 0 6.65223e-07 0 8.47428e-07 0 9.9707e-07 0 1.12541e-06 0 1.23982e-06 0 1.34224e-06 0 1.43629e-06 0 1.52421e-06 0 1.60455e-06 0 1.68192e-06 0 1.75311e-06 0 1.82091e-06 0 1.88623e-06 0 1.94794e-06 0 2.008e-06 0 2.06428e-06 0 2.12088e-06 0 2.17358e-06 0 2.22442e-06 0 2.27336e-06 0 2.32252e-06 0 2.36973e-06 0 2.41497e-06 0 2.4582e-06 0 2.50158e-06 0 2.54293e-06 0 2.58439e-06 0 2.62379e-06 0 2.6633e-06 0 2.70071e-06 0 2.73821e-06 0 2.7758e-06 0 2.81126e-06 0 2.8468e-06 0 2.88019e-06 0 2.91587e-06 0 2.94939e-06 0 2.98074e-06 0 3.01438e-06 0
1581.14 6.11047e-05 5.70693e-05 4.03539e-06 0.0660405 -0.276418 2.37811e-07 0 3.89403e-07 0 6.01978e-07 0 7.59853e-07 0 8.88741e-07 0 9.98846e-07 0 1.09672e-06 0 1.18414e-06 0 1.26426e-06 0 1.33905e-06 0 1.40731e-06 0 1.47297e-06 0 1.53332e-06 0 1.59076e-06 0 1.64605e-06 0 1.69825e-06 0 1.74902e-06 0 1.79656e-06 0 1.84436e-06 0 1.88883e-06 0 1.93172e-06 0 1.97299e-06 0 2.01442e-06 0 2.0542e-06 0 2.0923e-06 0 2.12871e-06 0 2.16522e-06 0 2.20001e-06 0 2.2349e-06 0 2.26803e-06 0 2.30125e-06 0 2.3327e-06 0 2.36422e-06 0 2.3958e-06 0 2.42559e-06 0 2.45544e-06 0 2.48348e-06 0 2.51344e-06 0 2.54158e-06 0 2.56788e-06 0 2.59611e-06 0
1662.3 6.22637e-05 5.89281e-05 3.33565e-06 0.0535729 -0.2744 2.27112e-07 0 3.6431e-07 0 5.53655e-07 0 6.92864e-07 0 8.05892e-07 0 9.02099e-07 0 9.87391e-07 0 1.06341e-06 0 1.13298e-06 0 1.19782e-06 0 1.25694e-06 0 1.31374e-06 0 1.36591e-06 0 1.41552e-06 0 1.46324e-06 0 1.50826e-06 0 1.55203e-06 0 1.59299e-06 0 1.63415e-06 0 1.67243e-06 0 1.70933e-06 0 1.74483e-06 0 1.78045e-06 0 1.81464e-06 0 1.84738e-06 0 1.87865e-06 0 1.91001e-06 0 1.93987e-06 0 1.96982e-06 0 1.99825e-06 0 2.02675e-06 0 2.05372e-06 0 2.08074e-06 0 2.10782e-06 0 2.13336e-06 0 2.15894e-06 0 2.18296e-06 0 2.20863e-06 0 2.23273e-06 0 2.25526e-06 0 2.27943e-06 0
1747.63 6.3906e-05 6.1159e-05 2.74694e-06 0.0429841 -0.264535 2.16416e-07 0 3.40506e-07 0 5.09255e-07 0 6.32173e-07 0 7.31472e-07 0 8.15714e-07 0 8.90217e-07 0 9.56499e-07 0 1.01706e-06 0 1.07344e-06 0 1.12478e-06 0 1.17407e-06 0 1.2193e-06 0 1.26228e-06 0 1.3036e-06 0 1.34256e-06 0 1.38041e-06 0 1.41582e-06 0 1.45139e-06 0 1.48445e-06 0 1.51631e-06 0 1.54695e-06 0 1.57769e-06 0 1.60718e-06 0 1.63541e-06 0 1.66237e-06 0 1.68939e-06 0 1.71512e-06 0 1.74092e-06 0 1.7654e-06 0 1.78994e-06 0 1.81316e-06 0 1.83642e-06 0 1.85973e-06 0 1.8817e-06 0 1.90371e-06 0 1.92437e-06 0 1.94644e-06 0 1.96717e-06 0 1.98654e-06 0 2.00732e-06 0
1837.33 6.47794e-05 6.25271e-05 2.25227e-06 0.0347683 -0.250445 2.01754e-07 0 3.11725e-07 0 4.59256e-07 0 5.65803e-07 0 6.51482e-07 0 7.23947e-07 0 7.87894e-07 0 8.44686e-07 0 8.96507e-07 0 9.4469e-07 0 9.88528e-07 0 1.03058e-06 0 1.06913e-06 0 1.10575e-06 0 1.14093e-06 0 1.17408e-06 0 1.20628e-06 0 1.23639e-06 0 1.26661e-06 0 1.2947e-06 0 1.32176e-06 0 1.34777e-06 0 1.37386e-06 0 1.39888e-06 0 1.42283e-06 0 1.44569e-06 0 1.4686e-06 0 1.49041e-06 0 1.51227e-06 0 1.53302e-06 0 1.55381e-06 0 1.57348e-06 0 1.59318e-06 0 1.61291e-06 0 1.63151e-06 0 1.65014e-06 0 1.66762e-06 0 1.6863e-06 0 1.70384e-06 0 1.72023e-06 0 1.73781e-06 0
1931.64 6.57333e-05 6.38847e-05 1.84862e-06 0.028123 -0.233747 1.86753e-07 0 2.83672e-07 0 4.12074e-07 0 5.04082e-07 0 5.77757e-07 0 6.39896e-07 0 6.9462e-07 0 7.43146e-07 0 7.87367e-07 0 8.28441e-07 0 8.65779e-07 0 9.01565e-07 0 9.34356e-07 0 9.6548e-07 0 9.95365e-07 0 1.02352e-06 0 1.05084e-06 0 1.07639e-06 0 1.10202e-06 0 1.12584e-06 0 1.14877e-06 0 1.17081e-06 0 1.1929e-06 0 1.21409e-06 0 1.23437e-06 0 1.25372e-06 0 1.27311e-06 0 1.29157e-06 0 1.31006e-06 0 1.32761e-06 0 1.34519e-06 0 1.36182e-06 0 1.37847e-06 0 1.39515e-06 0 1.41087e-06 0 1.42661e-06 0 1.44138e-06 0 1.45716e-06 0 1.47197e-06 0 1.48582e-06 0 1.50066e-06 0
2030.79 6.69789e-05 6.54633e-05 1.51563e-06 0.0226285 -0.208255 1.72327e-07 0 2.57604e-07 0 3.69291e-07 0 4.48748e-07 0 5.12127e-07 0 5.65447e-07 0 6.12317e-07 0 6.53819e-07 0 6.91597e-07 0 7.26652e-07 0 7.58492e-07 0 7.88988e-07 0 8.16915e-07 0 8.43407e-07 0 8.68833e-07 0 8.92772e-07 0 9.16003e-07 0 9.37709e-07 0 9.59485e-07 0 9.79709e-07 0 9.99178e-07 0 1.01788e-06 0 1.03663e-06 0 1.05461e-06 0 1.07181e-06 0 1.08822e-06 0 1.10466e-06 0 1.1203e-06 0 1.13597e-06 0 1.15084e-06 0 1.16574e-06 0 1.17982e-06 0 1.19393e-06 0 1.20805e-06 0 1.22137e-06 0 1.23469e-06 0 1.2472e-06 0 1.26056e-06 0 1.2731e-06 0 1.28481e-06 0 1.29737e-06 0
2135.03 6.73953e-05 6.6158e-05 1.23729e-06 0.0183587 -0.173944 1.55936e-07 0 2.2963e-07 0 3.25131e-07 0 3.92626e-07 0 4.46275e-07 0 4.91304e-07 0 5.30819e-07 0 5.65763e-07 0 5.97539e-07 0 6.26998e-07 0 6.53736e-07 0 6.79329e-07 0 7.02752e-07 0 7.24962e-07 0 7.46268e-07 0 7.6632e-07 0 7.85772e-07 0 8.03941e-07 0 8.22164e-07 0 8.39083e-07 0 8.55366e-07 0 8.71006e-07 0 8.86681e-07 0 9.01706e-07 0 9.16075e-07 0 9.29784e-07 0 9.43517e-07 0 9.56584e-07 0 9.69671e-07 0 9.82087e-07 0 9.9452e-07 0 1.00628e-06 0 1.01805e-06 0 1.02984e-06 0 1.04094e-06 0 1.05206e-06 0 1.0625e-06 0 1.07364e-06 0 1.08409e-06 0 1.09386e-06 0 1.10434e-06 0
2244.63 6.6306e-05 6.53019e-05 1.00412e-06 0.0151438 -0.13191 1.37081e-07 0 1.99042e-07 0 2.78564e-07 0 3.34427e-07 0 3.78687e-07 0 4.15758e-07 0 4.4824e-07 0 4.76929e-07 0 5.02993e-07 0 5.27137e-07 0 5.49036e-07 0 5.69986e-07 0 5.8915e-07 0 6.07312e-07 0 6.24729e-07 0 6.41115e-07 0 6.57006e-07 0 6.71843e-07 0 6.86721e-07 0 7.0053e-07 0 7.13818e-07 0 7.26578e-07 0 7.39364e-07 0 7.51616e-07 0 7.63333e-07 0 7.74509e-07 0 7.85703e-07 0 7.96352e-07 0 8.07017e-07 0 8.17133e-07 0 8.27262e-07 0 8.36839e-07 0 8.46427e-07 0 8.56026e-07 0 8.6507e-07 0 8.74123e-07 0 8.82618e-07 0 8.91687e-07 0 9.00198e-07 0 9.08148e-07 0 9.16672e-07 0
2359.84 6.33413e-05 6.25315e-05 8.09725e-07 0.0127835 -0.0852211 1.16321e-07 0 1.66684e-07 0 2.30748e-07 0 2.75505e-07 0 3.10861e-07 0 3.40417e-07 0 3.66278e-07 0 3.89096e-07 0 4.09806e-07 0 4.28978e-07 0 4.46357e-07 0 4.62973e-07 0 4.78166e-07 0 4.92559e-07 0 5.06357e-07 0 5.19333e-07 0 5.31913e-07 0 5.43656e-07 0 5.55428e-07 0 5.66353e-07 0 5.76862e-07 0 5.86953e-07 0 5.97061e-07 0 6.06747e-07 0 6.16007e-07 0 6.24839e-07 0 6.33683e-07 0 6.42096e-07 0 6.5052e-07 0 6.5851e-07 0 6.66508e-07 0 6.74071e-07 0 6.81641e-07 0 6.89219e-07 0 6.96358e-07 0 7.03504e-07 0 7.10208e-07 0 7.17366e-07 0 7.24081e-07 0 7.30354e-07 0 7.3708e-07 0
2480.97 5.85643e-05 5.79151e-05 6.4924e-07 0.0110859 -0.0377758 9.50206e-08 0 1.34485e-07 0 1.8428e-07 0 2.18893e-07 0 2.46162e-07 0 2.68919e-07 0 2.88805e-07 0 3.06333e-07 0 3.2223e-07 0 3.36936e-07 0 3.5026e-07 0 3.62993e-07 0 3.7463e-07 0 3.85651e-07 0 3.96212e-07 0 4.06142e-07 0 4.15766e-07 0 4.24747e-07 0 4.33748e-07 0 4.421e-07 0 4.50133e-07 0 4.57844e-07 0 4.65567e-07 0 4.72967e-07 0 4.8004e-07 0 4.86785e-07 0 4.93538e-07 0 4.99962e-07 0 5.06393e-07 0 5.12492e-07 0 5.18598e-07 0 5.24369e-07 0 5.30146e-07 0 5.35929e-07 0 5.41376e-07 0 5.46827e-07 0 5.51942e-07 0 5.57401e-07 0 5.62524e-07 0 5.67308e-07 0 5.72437e-07 0
2608.32 5.24548e-05 5.19363e-05 5.18492e-07 0.00988455 0.00619006 7.48251e-08 0 1.04679e-07 0 1.42069e-07 0 1.6794e-07 0 1.88273e-07 0 2.05213e-07 0 2.19999e-07 0 2.33021e-07 0 2.44822e-07 0 2.55733e-07 0 2.65613e-07 0 2.75051e-07 0 2.83674e-07 0 2.91837e-07 0 2.99657e-07 0 3.07008e-07 0 3.1413e-07 0 3.20776e-07 0 3.27435e-07 0 3.33612e-07 0 3.39552e-07 0 3.45253e-07 0 3.50963e-07 0 3.56432e-07 0 3.6166e-07 0 3.66644e-07 0 3.71634e-07 0 3.7638e-07 0 3.81131e-07 0 3.85636e-07 0 3.90145e-07 0 3.94407e-07 0 3.98673e-07 0 4.02943e-07 0 4.06964e-07 0 4.10989e-07 0 4.14765e-07 0 4.18795e-07 0 4.22575e-07 0 4.26106e-07 0 4.29892e-07 0
2742.21 4.57111e-05 4.52977e-05 4.13366e-07 0.00904301 0.0433336 5.70697e-08 0 7.89752e-08 0 1.06224e-07 0 1.25e-07 0 1.39723e-07 0 1.51972e-07 0 1.62652e-07 0 1.7205e-07 0 1.80561e-07 0 1.88427e-07 0 1.95545e-07 0 2.02343e-07 0 2.08551e-07 0 2.14427e-07 0 2.20054e-07 0 2.25342e-07 0 2.30465e-07 0 2.35243e-07 0 2.40031e-07 0 2.44471e-07 0 2.48741e-07 0 2.52838e-07 0 2.5694e-07 0 2.60869e-07 0 2.64624e-07 0 2.68205e-07 0 2.71788e-07 0 2.75196e-07 0 2.78607e-07 0 2.81842e-07 0 2.85079e-07 0 2.88139e-07 0 2.91201e-07 0 2.94265e-07 0 2.97152e-07 0 3.0004e-07 0 3.02749e-07 0 3.05641e-07 0 3.08353e-07 0 3.10887e-07 0 3.13602e-07 0
2882.97 3.89887e-05 3.86589e-05 3.29701e-07 0.00845633 0.0719415 4.24275e-08 0 5.81164e-08 0 7.75118e-08 0 9.08245e-08 0 1.01243e-07 0 1.09899e-07 0 1.1744e-07 0 1.2407e-07 0 1.30071e-07 0 1.35614e-07 0 1.40629e-07 0 1.45416e-07 0 1.49786e-07 0 1.53921e-07 0 1.5788e-07 0 1.616e-07 0 1.65203e-07 0 1.68563e-07 0 1.71929e-07 0 1.7505e-07 0 1.78051e-07 0 1.8093e-07 0 1.83813e-07 0 1.86573e-07 0 1.89211e-07 0 1.91726e-07 0 1.94243e-07 0 1.96637e-07 0 1.99032e-07 0 2.01303e-07 0 2.03576e-07 0 2.05724e-07 0 2.07874e-07 0 2.10025e-07 0 2.12051e-07 0 2.14078e-07 0 2.15979e-07 0 2.18009e-07 0 2.19912e-07 0 2.2169e-07 0 2.23595e-07 0
3030.95 3.27562e-05 3.24927e-05 2.63503e-07 0.00804436 0.0918764 3.09508e-08 0 4.19917e-08 0 5.55642e-08 0 6.48477e-08 0 7.20996e-08 0 7.81176e-08 0 8.33553e-08 0 8.79577e-08 0 9.21214e-08 0 9.59652e-08 0 9.94415e-08 0 1.02759e-07 0 1.05786e-07 0 1.0865e-07 0 1.11392e-07 0 1.13967e-07 0 1.16461e-07 0 1.18787e-07 0 1.21116e-07 0 1.23275e-07 0 1.25351e-07 0 1.27343e-07 0 1.29336e-07 0 1.31245e-07 0 1.33069e-07 0 1.34808e-07 0 1.36548e-07 0 1.38203e-07 0 1.39859e-07 0 1.41428e-07 0 1.42999e-07 0 1.44484e-07 0 1.45969e-07 0 1.47456e-07 0 1.48855e-07 0 1.50256e-07 0 1.5157e-07 0 1.52972e-07 0 1.54287e-07 0 1.55515e-07 0 1.56831e-07 0
3186.53 2.72572e-05 2.7046e-05 2.11194e-07 0.00774819 0.104122 2.22841e-08 0 2.99631e-08 0 3.93543e-08 0 4.57575e-08 0 5.0751e-08 0 5.48904e-08 0 5.84901e-08 0 6.16514e-08 0 6.45099e-08 0 6.71477e-08 0 6.95325e-08 0 7.18075e-08 0 7.38834e-08 0 7.58466e-08 0 7.77256e-08 0 7.94903e-08 0 8.11988e-08 0 8.27919e-08 0 8.43871e-08 0 8.5866e-08 0 8.72873e-08 0 8.86508e-08 0 9.00157e-08 0 9.13225e-08 0 9.2571e-08 0 9.3761e-08 0 9.49519e-08 0 9.60841e-08 0 9.7217e-08 0 9.82911e-08 0 9.93658e-08 0 1.00381e-07 0 1.01398e-07 0 1.02414e-07 0 1.03372e-07 0 1.0433e-07 0 1.05228e-07 0 1.06187e-07 0 1.07086e-07 0 1.07926e-07 0 1.08826e-07 0
3350.09 2.25684e-05 2.23986e-05 1.69795e-07 0.00752359 0.110179 1.59122e-08 0 2.12159e-08 0 2.76719e-08 0 3.2061e-08 0 3.54787e-08 0 3.8309e-08 0 4.07686e-08 0 4.29273e-08 0 4.48785e-08 0 4.66783e-08 0 4.83051e-08 0 4.98564e-08 0 5.12717e-08 0 5.26099e-08 0 5.38904e-08 0 5.50929e-08 0 5.62569e-08 0 5.73421e-08 0 5.84286e-08 0 5.94358e-08 0 6.04036e-08 0 6.1332e-08 0 6.22613e-08 0 6.31509e-08 0 6.40008e-08 0 6.48107e-08 0 6.56213e-08 0 6.63918e-08 0 6.71628e-08 0 6.78936e-08 0 6.86249e-08 0 6.93159e-08 0 7.00073e-08 0 7.0699e-08 0 7.13503e-08 0 7.2002e-08 0 7.26131e-08 0 7.32653e-08 0 7.3877e-08 0 7.44481e-08 0 7.50602e-08 0
3522.05 1.86523e-05 1.85154e-05 1.36915e-07 0.0073404 0.111616 1.13072e-08 0 1.49574e-08 0 1.93815e-08 0 2.23815e-08 0 2.47142e-08 0 2.66443e-08 0 2.83205e-08 0 2.97909e-08 0 3.11194e-08 0 3.23444e-08 0 3.34513e-08 0 3.45067e-08 0 3.54693e-08 0 3.63793e-08 0 3.725e-08 0 3.80674e-08 0 3.88586e-08 0 3.95961e-08 0 4.03344e-08 0 4.10188e-08 0 4.16763e-08 0 4.2307e-08 0 4.29383e-08 0 4.35425e-08 0 4.41197e-08 0 4.46698e-08 0 4.52202e-08 0 4.57435e-08 0 4.6267e-08 0 4.67632e-08 0 4.72597e-08 0 4.77288e-08 0 4.81982e-08 0 4.86677e-08 0 4.91099e-08 0 4.95522e-08 0 4.9967e-08 0 5.04096e-08 0 5.08248e-08 0 5.12124e-08 0 5.16278e-08 0
3702.84 1.54234e-05 1.53127e-05 1.10692e-07 0.00717687 0.109819 8.01617e-09 0 1.05256e-08 0 1.35552e-08 0 1.56047e-08 0 1.71964e-08 0 1.85122e-08 0 1.96543e-08 0 2.06557e-08 0 2.15601e-08 0 2.23939e-08 0 2.3147e-08 0 2.3865e-08 0 2.45197e-08 0 2.51385e-08 0 2.57305e-08 0 2.62862e-08 0 2.6824e-08 0 2.73252e-08 0 2.7827e-08 0 2.8292e-08 0 2.87388e-08 0 2.91674e-08 0 2.95962e-08 0 3.00067e-08 0 3.03988e-08 0 3.07724e-08 0 3.11462e-08 0 3.15016e-08 0 3.18571e-08 0 3.21941e-08 0 3.25312e-08 0 3.28497e-08 0 3.31684e-08 0 3.34872e-08 0 3.37874e-08 0 3.40877e-08 0 3.43693e-08 0 3.46698e-08 0 3.49516e-08 0 3.52147e-08 0 3.54967e-08 0
3892.91 1.27787e-05 1.2689e-05 8.96916e-08 0.00701883 0.105892 5.6792e-09 0 7.40528e-09 0 9.48186e-09 0 1.08836e-08 0 1.19709e-08 0 1.28692e-08 0 1.36484e-08 0 1.43314e-08 0 1.4948e-08 0 1.55163e-08 0 1.60295e-08 0 1.65186e-08 0 1.69646e-08 0 1.7386e-08 0 1.77892e-08 0 1.81675e-08 0 1.85337e-08 0 1.88749e-08 0 1.92165e-08 0 1.9533e-08 0 1.98371e-08 0 2.01287e-08 0 2.04205e-08 0 2.06998e-08 0 2.09666e-08 0 2.12208e-08 0 2.14751e-08 0 2.17168e-08 0 2.19587e-08 0 2.21879e-08 0 2.24172e-08 0 2.26338e-08 0 2.28506e-08 0 2.30674e-08 0 2.32715e-08 0 2.34758e-08 0 2.36673e-08 0 2.38716e-08 0 2.40632e-08 0 2.42421e-08 0 2.44338e-08 0
4092.73 1.06177e-05 1.05449e-05 7.28097e-08 0.00685741 0.10066 4.02501e-09 0 5.21414e-09 0 6.64012e-09 0 7.60079e-09 0 8.34523e-09 0 8.9598e-09 0 9.49267e-09 0 9.95955e-09 0 1.03809e-08 0 1.07692e-08 0 1.11198e-08 0 1.14538e-08 0 1.17584e-08 0 1.20461e-08 0 1.23213e-08 0 1.25796e-08 0 1.28295e-08 0 1.30624e-08 0 1.32954e-08 0 1.35114e-08 0 1.37189e-08 0 1.39178e-08 0 1.41169e-08 0 1.43074e-08 0 1.44894e-08 0 1.46628e-08 0 1.48363e-08 0 1.50011e-08 0 1.51661e-08 0 1.53224e-08 0 1.54788e-08 0 1.56265e-08 0 1.57743e-08 0 1.59221e-08 0 1.60613e-08 0 1.62006e-08 0 1.63311e-08 0 1.64704e-08 0 1.66011e-08 0 1.6723e-08 0 1.68538e-08 0
4302.81 8.85189e-06 8.79269e-06 5.91948e-08 0.00668725 0.0947151 2.85566e-09 0 3.67667e-09 0 4.65835e-09 0 5.3185e-09 0 5.8296e-09 0 6.25127e-09 0 6.61673e-09 0 6.93681e-09 0 7.22564e-09 0 7.4917e-09 0 7.73188e-09 0 7.96071e-09 0 8.16929e-09 0 8.36635e-09 0 8.55479e-09 0 8.73162e-09 0 8.90271e-09 0 9.06213e-09 0 9.22167e-09 0 9.36949e-09 0 9.51149e-09 0 9.64765e-09 0 9.78388e-09 0 9.91426e-09 0 1.00388e-08 0 1.01574e-08 0 1.02761e-08 0 1.03889e-08 0 1.05017e-08 0 1.06087e-08 0 1.07156e-08 0 1.08167e-08 0 1.09178e-08 0 1.10189e-08 0 1.11141e-08 0 1.12094e-08 0 1.12987e-08 0 1.1394e-08 0 1.14833e-08 0 1.15667e-08 0 1.16561e-08 0
4523.68 7.40657e-06 7.35838e-06 4.81849e-08 0.0065057 0.0884664 2.02897e-09 0 2.59727e-09 0 3.27499e-09 0 3.73001e-09 0 4.08198e-09 0 4.37221e-09 0 4.62365e-09 0 4.8438e-09 0 5.04241e-09 0 5.22532e-09 0 5.39042e-09 0 5.54768e-09 0 5.69101e-09 0 5.82641e-09 0 5.95588e-09 0 6.07736e-09 0 6.19488e-09 0 6.30438e-09 0 6.41395e-09 0 6.51547e-09 0 6.61298e-09 0 6.70648e-09 0 6.80002e-09 0 6.88954e-09 0 6.97503e-09 0 7.05648e-09 0 7.13796e-09 0 7.2154e-09 0 7.29286e-09 0 7.36627e-09 0 7.4397e-09 0 7.50908e-09 0 7.57847e-09 0 7.64788e-09 0 7.71322e-09 0 7.77859e-09 0 7.83988e-09 0 7.90527e-09 0 7.96659e-09 0 8.02383e-09 0 8.08518e-09 0
4755.88 6.22088e-06 6.18161e-06 3.92671e-08 0.00631214 0.0821882 1.44415e-09 0 1.83866e-09 0 2.30798e-09 0 2.62262e-09 0 2.86582e-09 0 3.06625e-09 0 3.23983e-09 0 3.39178e-09 0 3.52882e-09 0 3.65501e-09 0 3.76889e-09 0 3.87735e-09 0 3.97619e-09 0 4.06955e-09 0 4.15882e-09 0 4.24257e-09 0 4.32358e-09 0 4.39906e-09 0 4.47459e-09 0 4.54456e-09 0 4.61176e-09 0 4.6762e-09 0 4.74066e-09 0 4.80235e-09 0 4.86126e-09 0 4.91738e-09 0 4.97352e-09 0 5.02687e-09 0 5.08024e-09 0 5.13082e-09 0 5.18141e-09 0 5.2292e-09 0 5.277e-09 0 5.32482e-09 0 5.36983e-09 0 5.41485e-09 0 5.45707e-09 0 5.50211e-09 0 5.54435e-09 0 5.58378e-09 0 5.62603e-09 0
5000 5.24402e-06 5.212e-06 3.20259e-08 0.00610712 0.0760528 1.02966e-09 0 1.30427e-09 0 1.63026e-09 0 1.8485e-09 0 2.01708e-09 0 2.15595e-09 0 2.27618e-09 0 2.38139e-09 0 2.47626e-09 0 2.56361e-09 0 2.64243e-09 0 2.71748e-09 0 2.78587e-09 0 2.85047e-09 0 2.91222e-09 0 2.97016e-09 0 3.0262e-09 0 3.0784e-09 0 3.13064e-09 0 3.17903e-09 0 3.22551e-09 0 3.27006e-09 0 3.31464e-09 0 3.3573e-09 0 3.39803e-09 0 3.43683e-09 0 3.47565e-09 0 3.51254e-09 0 3.54943e-09 0 3.5844e-09 0 3.61937e-09 0 3.65241e-09 0 3.68545e-09 0 3.71851e-09 0 3.74962e-09 0 3.78075e-09 0 3.80993e-09 0 3.84106e-09 0 3.87025e-09 0 3.89751e-09 0 3.92671e-09 0
