# 0.00900711 0 119 : grain size, compostion index, size index
# Heating and cooling timescale: 2.09539e-08 inf
# Ratio of heating to cooling to determine stochastic cutoff: 100
# Equilibrium emission is recorded even for those grains in the stochastic regime.
# Emission spectrum was computed for: 
# Type: ISRF
# Scales: 0.25 0.5 1 1.5 2 2.5 3 3.5 4 4.5 5 5.5 6 6.5 7 7.5 8 8.5 9 9.5 10 10.5 11 11.5 12 12.5 13 13.5 14 14.5 15 15.5 16 16.5 17 17.5 18 18.5 19 19.5 20
# StochasticallyHeated: 0 0 0 0 0 0 0 0 0 0 0 0 0 0 0 0 0 0 0 0 0 0 0 0 0 0 0 0 0 0 0 0 0 0 0 0 0 0 0 0 0
# Temperature: -1
# Wavelength  CExt  CAbs  CSca  Albedo G EqEm1 StEm1 EqEm2 StEm2 EqEm3 StEm3 EqEm4 StEm4 EqEm5 StEm5 EqEm6 StEm6 EqEm7 StEm7 EqEm8 StEm8 EqEm9 StEm9 EqEm10 StEm10 EqEm11 StEm11 EqEm12 StEm12 EqEm13 StEm13 EqEm14 StEm14 EqEm15 StEm15 EqEm16 StEm16 EqEm17 StEm17 EqEm18 StEm18 EqEm19 StEm19 EqEm20 StEm20 EqEm21 StEm21 EqEm22 StEm22 EqEm23 StEm23 EqEm24 StEm24 EqEm25 StEm25 EqEm26 StEm26 EqEm27 StEm27 EqEm28 StEm28 EqEm29 StEm29 EqEm30 StEm30 EqEm31 StEm31 EqEm32 StEm32 EqEm33 StEm33 EqEm34 StEm34 EqEm35 StEm35 EqEm36 StEm36 EqEm37 StEm37 EqEm38 StEm38 EqEm39 StEm39 EqEm40 StEm40 EqEm41 StEm41
0.05 0.000510576 0.000241182 0.000269394 0.527627 0.989923 0 0 0 0 0 0 0 0 0 0 0 0 0 0 0 0 0 0 0 0 0 0 0 0 0 0 0 0 0 0 0 0 0 0 0 0 0 0 0 0 0 0 0 0 0 0 0 0 0 0 0 0 0 0 0 0 0 0 0 0 0 0 0 0 0 0 0 0 0 0 0 0 0 0 0 0 0 0 0 0 0 0
0.0525665 0.000510633 0.000236573 0.000274059 0.536705 0.983226 0 0 0 0 0 0 0 0 0 0 0 0 0 0 0 0 0 0 0 0 0 0 0 0 0 0 0 0 0 0 0 0 0 0 0 0 0 0 0 0 0 0 0 0 0 0 0 0 0 0 0 0 0 0 0 0 0 0 0 0 0 0 0 0 0 0 0 0 0 0 0 0 0 0 0 0 0 0 0 0 0 0
0.0552647 0.00051068 0.000235026 0.000275655 0.539779 0.979601 0 0 0 0 0 0 0 0 0 0 0 0 0 0 0 0 0 0 0 0 0 0 0 0 0 0 0 0 0 0 0 0 0 0 0 0 0 0 0 0 0 0 0 0 0 0 0 0 0 0 0 0 0 0 0 0 0 0 0 0 0 0 0 0 0 0 0 0 0 0 0 0 0 0 0 0 0 0 0 0 0 0
0.0581015 0.000510722 0.000234257 0.000276464 0.541321 0.977092 0 0 0 0 0 0 0 0 0 0 0 0 0 0 0 0 0 0 0 0 0 0 0 0 0 0 0 0 0 0 0 0 0 0 0 0 0 0 0 0 0 0 0 0 0 0 0 0 0 0 0 0 0 0 0 0 0 0 0 0 0 0 0 0 0 0 0 0 0 0 0 0 0 0 0 0 0 0 0 0 0 0
0.0610839 0.000510763 0.000233811 0.000276953 0.542233 0.975222 0 0 0 0 0 0 0 0 0 0 0 0 0 0 0 0 0 0 0 0 0 0 0 0 0 0 0 0 0 0 0 0 0 0 0 0 0 0 0 0 0 0 0 0 0 0 0 0 0 0 0 0 0 0 0 0 0 0 0 0 0 0 0 0 0 0 0 0 0 0 0 0 0 0 0 0 0 0 0 0 0 0
0.0642193 0.000510805 0.000233414 0.000277392 0.543048 0.973583 0 0 0 0 0 0 0 0 0 0 0 0 0 0 0 0 0 0 0 0 0 0 0 0 0 0 0 0 0 0 0 0 0 0 0 0 0 0 0 0 0 0 0 0 0 0 0 0 0 0 0 0 0 0 0 0 0 0 0 0 0 0 0 0 0 0 0 0 0 0 0 0 0 0 0 0 0 0 0 0 0 0
0.0675157 0.000510847 0.000232908 0.000277939 0.544075 0.971858 0 0 0 0 0 0 0 0 0 0 0 0 0 0 0 0 0 0 0 0 0 0 0 0 0 0 0 0 0 0 0 0 0 0 0 0 0 0 0 0 0 0 0 0 0 0 0 0 0 0 0 0 0 0 0 0 0 0 0 0 0 0 0 0 0 0 0 0 0 0 0 0 0 0 0 0 0 0 0 0 0 0
0.0709813 0.00051089 0.000232259 0.000278631 0.545383 0.969877 0 0 0 0 0 0 0 0 0 0 0 0 0 0 0 0 0 0 0 0 0 0 0 0 0 0 0 0 0 0 0 0 0 0 0 0 0 0 0 0 0 0 0 0 0 0 0 0 0 0 0 0 0 0 0 0 0 0 0 0 0 0 0 0 0 0 0 0 0 0 0 0 0 0 0 0 0 0 0 0 0 0
0.0746248 0.000510935 0.000231513 0.000279423 0.546885 0.967632 0 0 0 0 0 0 0 0 0 0 0 0 0 0 0 0 0 0 0 0 0 0 0 0 0 0 0 0 0 0 0 0 0 0 0 0 0 0 0 0 0 0 0 0 0 0 0 0 0 0 0 0 0 0 0 0 0 0 0 0 0 0 0 0 0 0 0 0 0 0 0 0 0 0 0 0 0 0 0 0 0 0
0.0784553 0.000510981 0.00023076 0.000280221 0.548398 0.965287 0 0 0 0 0 0 0 0 0 0 0 0 0 0 0 0 0 0 0 0 0 0 0 0 0 0 0 0 0 0 0 0 0 0 0 0 0 0 0 0 0 0 0 0 0 0 0 0 0 0 0 0 0 0 0 0 0 0 0 0 0 0 0 0 0 0 0 0 0 0 0 0 0 0 0 0 0 0 0 0 0 0
0.0824824 0.00051103 0.000230025 0.000281005 0.54988 0.962903 0 0 0 0 0 0 0 0 0 0 0 0 0 0 0 0 0 0 0 0 0 0 0 0 0 0 0 0 0 0 0 0 0 0 0 0 0 0 0 0 0 0 0 0 0 0 0 0 0 0 0 0 0 0 0 0 0 0 0 0 0 0 0 0 0 0 0 0 0 0 0 0 0 0 0 0 0 0 0 0 0 0
0.0867162 0.000511078 0.000229295 0.000281783 0.55135 0.960468 0 0 0 0 0 0 0 0 0 0 0 0 0 0 0 0 0 0 0 0 0 0 0 0 0 0 0 0 0 0 0 0 0 0 0 0 0 0 0 0 0 0 0 0 0 0 0 0 0 0 0 0 0 0 0 0 0 0 0 0 0 0 0 0 0 0 0 0 0 0 0 0 0 0 0 0 0 0 0 0 0 0
0.0911674 0.00051113 0.000228567 0.000282564 0.552821 0.957972 0 0 0 0 0 0 0 0 0 0 0 0 0 0 0 0 0 0 0 0 0 0 0 0 0 0 0 0 0 0 0 0 0 0 0 0 0 0 0 0 0 0 0 0 0 0 0 0 0 0 0 0 0 0 0 0 0 0 0 0 0 0 0 0 0 0 0 0 0 0 0 0 0 0 0 0 0 0 0 0 0 0
0.095847 0.000511184 0.000227848 0.000283336 0.554275 0.955421 0 0 0 0 0 0 0 0 0 0 0 0 0 0 0 0 0 0 0 0 0 0 0 0 0 0 0 0 0 0 0 0 0 0 0 0 0 0 0 0 0 0 0 0 0 0 0 0 0 0 0 0 0 0 0 0 0 0 0 0 0 0 0 0 0 0 0 0 0 0 0 0 0 0 0 0 0 0 0 0 0 0
0.100767 0.000511239 0.000227164 0.000284075 0.555659 0.952875 0 0 0 0 0 0 0 0 0 0 0 0 0 0 0 0 0 0 0 0 0 0 0 0 0 0 0 0 0 0 0 0 0 0 0 0 0 0 0 0 0 0 0 0 0 0 0 0 0 0 0 0 0 0 0 0 0 0 0 0 0 0 0 0 0 0 0 0 0 0 0 0 0 0 0 0 0 0 0 0 0 0
0.105939 0.000511297 0.000226621 0.000284676 0.556772 0.950543 0 0 0 0 0 0 0 0 0 0 0 0 0 0 0 0 0 0 0 0 0 0 0 0 0 0 0 0 0 0 0 0 0 0 0 0 0 0 0 0 0 0 0 0 0 0 0 0 0 0 0 0 0 0 0 0 0 0 0 0 0 0 0 0 0 0 0 0 0 0 0 0 0 0 0 0 0 0 0 0 0 0
0.111377 0.000511357 0.000226314 0.000285043 0.557425 0.948803 0 0 0 0 0 0 0 0 0 0 0 0 0 0 0 0 0 0 0 0 0 0 0 0 0 0 0 0 0 0 0 0 0 0 0 0 0 0 0 0 0 0 0 0 0 0 0 0 0 0 0 0 0 0 0 0 0 0 0 0 0 0 0 0 0 0 0 0 0 0 0 0 0 0 0 0 0 0 0 0 0 0
0.117094 0.000511417 0.000226172 0.000285245 0.557754 0.947623 0 0 0 0 0 0 0 0 0 0 0 0 0 0 0 0 0 0 0 0 0 0 0 0 0 0 0 0 0 0 0 0 0 0 0 0 0 0 0 0 0 0 0 0 0 0 0 0 0 0 0 0 0 0 0 0 0 0 0 0 0 0 0 0 0 0 0 0 0 0 0 0 0 0 0 0 0 0 0 0 0 0
0.123105 0.000511478 0.000225922 0.000285556 0.558295 0.946228 0 0 0 0 0 0 0 0 0 0 0 0 0 0 0 0 0 0 0 0 0 0 0 0 0 0 0 0 0 0 0 0 0 0 0 0 0 0 0 0 0 0 0 0 0 0 0 0 0 0 0 0 0 0 0 0 0 0 0 0 0 0 0 0 0 0 0 0 0 0 0 0 0 0 0 0 0 0 0 0 0 0
0.129424 0.000511541 0.000225819 0.000285722 0.558551 0.945139 0 0 0 0 0 0 0 0 0 0 0 0 0 0 0 0 0 0 0 0 0 0 0 0 0 0 0 0 0 0 0 0 0 0 0 0 0 0 0 0 0 0 0 0 0 0 0 0 0 0 0 0 0 0 0 0 0 0 0 0 0 0 0 0 0 0 0 0 0 0 0 0 0 0 0 0 0 0 0 0 0 0
0.136067 0.000511607 0.000226121 0.000285486 0.558018 0.945271 0 0 0 0 0 0 0 0 0 0 0 0 0 0 0 0 0 0 0 0 0 0 0 0 0 0 0 0 0 0 0 0 0 0 0 0 0 0 0 0 0 0 0 0 0 0 0 0 0 0 0 0 0 0 0 0 0 0 0 0 0 0 0 0 0 0 0 0 0 0 0 0 0 0 0 0 0 0 0 0 0 0
0.143051 0.000511672 0.000226197 0.000285475 0.557925 0.944995 0 0 0 0 0 0 0 0 0 0 0 0 0 0 0 0 0 0 0 0 0 0 0 0 0 0 0 0 0 0 0 0 0 0 0 0 0 0 0 0 0 0 0 0 0 0 0 0 0 0 0 0 0 0 0 0 0 0 0 0 0 0 0 0 0 0 0 0 0 0 0 0 0 0 0 0 0 0 0 0 0 0
0.150394 0.000511742 0.000226722 0.00028502 0.55696 0.945696 0 0 0 0 0 0 0 0 0 0 0 0 0 0 0 0 0 0 0 0 0 0 0 0 0 0 0 0 0 0 0 0 0 0 0 0 0 0 0 0 0 0 0 0 0 0 0 0 0 0 0 0 0 0 0 0 0 0 0 0 0 0 0 0 0 0 0 0 0 0 0 0 0 0 0 0 0 0 0 0 0 0
0.158114 0.000511801 0.000228489 0.000283312 0.553559 0.950412 0 0 0 0 0 0 0 0 0 0 0 0 0 0 0 0 0 0 0 0 0 0 0 0 0 0 0 0 0 0 0 0 0 0 0 0 0 0 0 0 0 0 0 0 0 0 0 0 0 0 0 0 0 0 0 0 0 0 0 0 0 0 0 0 0 0 0 0 0 0 0 0 0 0 0 0 0 0 0 0 0 0
0.16623 0.000511854 0.000228685 0.00028317 0.553223 0.951914 0 0 0 0 0 0 0 0 0 0 0 0 0 0 0 0 0 0 0 0 0 0 0 0 0 0 0 0 0 0 0 0 0 0 0 0 0 0 0 0 0 0 0 0 0 0 0 0 0 0 0 0 0 0 0 0 0 0 0 0 0 0 0 0 0 0 0 0 0 0 0 0 0 0 0 0 0 0 0 0 0 0
0.174762 0.000511919 0.000227023 0.000284896 0.556526 0.948478 0 0 0 0 0 0 0 0 0 0 0 0 0 0 0 0 0 0 0 0 0 0 0 0 0 0 0 0 0 0 0 0 0 0 0 0 0 0 0 0 0 0 0 0 0 0 0 0 0 0 0 0 0 0 0 0 0 0 0 0 0 0 0 0 0 0 0 0 0 0 0 0 0 0 0 0 0 0 0 0 0 0
0.183733 0.000511993 0.000224415 0.000287578 0.561684 0.94229 0 0 0 0 0 0 0 0 0 0 0 0 0 0 0 0 0 0 0 0 0 0 0 0 0 0 0 0 0 0 0 0 0 0 0 0 0 0 0 0 0 0 0 0 0 0 0 0 0 0 0 0 0 0 0 0 0 0 0 0 0 0 0 0 0 0 0 0 0 0 0 0 0 0 0 0 0 0 0 0 0 0
0.193164 0.000512079 0.000220589 0.000291491 0.56923 0.932479 0 0 0 0 0 0 0 0 0 0 0 0 0 0 0 0 0 0 0 0 0 0 0 0 0 0 0 0 0 0 0 0 0 0 0 0 0 0 0 0 0 0 0 0 0 0 0 0 0 0 0 0 0 0 0 0 0 0 0 0 0 0 0 0 0 0 0 0 0 0 0 0 0 0 0 0 0 0 0 0 0 0
0.203079 0.000512177 0.000216531 0.000295646 0.577234 0.920819 0 0 0 0 0 0 0 0 0 0 0 0 0 0 0 0 0 0 0 0 0 0 0 0 0 0 0 0 0 0 0 0 0 0 0 0 0 0 0 0 0 0 0 0 0 0 0 0 0 0 0 0 0 0 0 0 0 0 0 0 0 0 0 0 0 0 0 0 0 0 0 0 0 0 0 0 0 0 0 0 0 0
0.213503 0.00051228 0.000213363 0.000298917 0.583503 0.911084 0 0 0 0 0 0 0 0 0 0 0 0 0 0 0 0 0 0 0 0 0 0 0 0 0 0 0 0 0 0 0 0 0 0 0 0 0 0 0 0 0 0 0 0 0 0 0 0 0 0 0 0 0 0 0 0 0 0 0 0 0 0 0 0 0 0 0 0 0 0 0 0 0 0 0 0 0 0 0 0 0 0
0.224463 0.000512386 0.000210612 0.000301774 0.588958 0.902328 0 0 0 0 0 0 0 0 0 0 0 0 0 0 0 0 0 0 0 0 0 0 0 0 0 0 0 0 0 0 0 0 0 0 0 0 0 0 0 0 0 0 0 0 0 0 0 0 0 0 0 0 0 0 0 0 0 0 0 0 0 0 0 0 0 0 0 0 0 0 0 0 0 0 0 0 0 0 0 0 0 0
0.235984 0.000512495 0.000207828 0.000304666 0.594477 0.89352 0 0 0 0 0 0 0 0 0 0 0 0 0 0 0 0 0 0 0 0 0 0 0 0 0 0 0 0 0 0 0 0 0 0 0 0 0 0 0 0 0 0 0 0 0 0 0 0 0 0 0 0 0 0 0 0 0 0 0 0 0 0 0 0 0 0 0 0 0 0 0 0 0 0 0 0 0 0 0 0 0 0
0.248097 0.00051261 0.000204554 0.000308056 0.600956 0.883085 0 0 0 0 0 0 0 0 0 0 0 0 0 0 0 0 0 0 0 0 0 0 0 0 0 0 0 0 0 0 0 0 0 0 0 0 0 0 0 0 0 0 0 0 0 0 0 0 0 0 0 0 0 0 0 0 0 0 0 0 0 0 0 0 0 0 0 0 0 0 0 0 0 0 0 0 0 0 0 0 0 0
0.260832 0.000512733 0.000201962 0.000310771 0.606106 0.874219 0 0 0 0 0 0 0 0 0 0 0 0 0 0 0 0 0 0 0 0 0 0 0 0 0 0 0 0 0 0 0 0 0 0 0 0 0 0 0 0 0 0 0 0 0 0 0 0 0 0 0 0 0 0 0 0 0 0 0 0 0 0 0 0 0 0 0 0 0 0 0 0 0 0 0 0 0 0 0 0 0 0
0.274221 0.00051286 0.000199893 0.000312967 0.610238 0.866766 0 0 0 0 0 0 0 0 0 0 0 0 0 0 0 0 0 0 0 0 0 0 0 0 0 0 0 0 0 0 0 0 0 0 0 0 0 0 0 0 0 0 0 0 0 0 0 0 0 0 0 0 0 0 0 0 0 0 0 0 0 0 0 0 0 0 0 0 0 0 0 0 0 0 0 0 0 0 0 0 0 0
0.288297 0.000512988 0.000198231 0.000314757 0.613575 0.860602 0 0 0 0 0 0 0 0 0 0 0 0 0 0 0 0 0 0 0 0 0 0 0 0 0 0 0 0 0 0 0 0 0 0 0 0 0 0 0 0 0 0 0 0 0 0 0 0 0 0 0 0 0 0 0 0 0 0 0 0 0 0 0 0 0 0 0 0 0 0 0 0 0 0 0 0 0 0 0 0 0 0
0.303095 0.000513122 0.00019682 0.000316301 0.616425 0.855138 0 0 0 0 0 0 0 0 0 0 0 0 0 0 0 0 0 0 0 0 0 0 0 0 0 0 0 0 0 0 0 0 0 0 0 0 0 0 0 0 0 0 0 0 0 0 0 0 0 0 0 0 0 0 0 0 0 0 0 0 0 0 0 0 0 0 0 0 0 0 0 0 0 0 0 0 0 0 0 0 0 0
0.318653 0.000513257 0.000195627 0.000317631 0.618852 0.850413 0 0 0 0 0 0 0 0 0 0 0 0 0 0 0 0 0 0 0 0 0 0 0 0 0 0 0 0 0 0 0 0 0 0 0 0 0 0 0 0 0 0 0 0 0 0 0 0 0 0 0 0 0 0 0 0 0 0 0 0 0 0 0 0 0 0 0 0 0 0 0 0 0 0 0 0 0 0 0 0 0 0
0.335009 0.000513396 0.000194554 0.000318842 0.621045 0.846105 0 0 0 0 0 0 0 0 0 0 0 0 0 0 0 0 0 0 0 0 0 0 0 0 0 0 0 0 0 0 0 0 0 0 0 0 0 0 0 0 0 0 0 0 0 0 0 0 0 0 0 0 0 0 0 0 0 0 0 0 0 0 0 0 0 0 0 0 0 0 0 0 0 0 0 0 0 0 0 0 0 0
0.352205 0.000513541 0.000193595 0.000319946 0.623019 0.842182 0 0 0 0 0 0 0 0 0 0 0 0 0 0 0 0 0 0 0 0 0 0 0 0 0 0 0 0 0 0 0 0 0 0 0 0 0 0 0 0 0 0 0 0 0 0 0 0 0 0 0 0 0 0 0 0 0 0 0 0 0 0 0 0 0 0 0 0 0 0 0 0 0 0 0 0 0 0 0 0 0 0
0.370284 0.000513691 0.000192639 0.000321053 0.624992 0.83834 0 0 0 0 0 0 0 0 0 0 0 0 0 0 0 0 0 0 0 0 0 0 0 0 0 0 0 0 0 0 0 0 0 0 0 0 0 0 0 0 0 0 0 0 0 0 0 0 0 0 0 0 0 0 0 0 0 0 0 0 0 0 0 0 0 0 0 0 0 0 0 0 0 0 0 0 0 0 0 0 0 0
0.389291 0.000513845 0.000191715 0.00032213 0.626901 0.834646 0 0 0 0 0 0 0 0 0 0 0 0 0 0 0 0 0 0 0 0 0 0 0 0 0 0 0 0 0 0 0 0 0 0 0 0 0 0 0 0 0 0 0 0 0 0 0 0 0 0 0 0 0 0 0 0 0 0 0 0 0 0 0 0 0 0 0 0 0 0 0 0 0 0 0 0 0 0 0 0 0 0
0.409273 0.000514006 0.000190753 0.000323253 0.628889 0.830898 0 0 0 0 0 0 0 0 0 0 0 0 0 0 0 0 0 0 0 0 0 0 0 0 0 0 0 0 0 0 0 0 0 0 0 0 0 0 0 0 0 0 0 0 0 0 0 0 0 0 0 0 0 0 0 0 0 0 0 0 0 0 0 0 0 0 0 0 0 0 0 0 0 0 0 0 0 0 0 0 0 0
0.430281 0.000514174 0.000189775 0.000324399 0.630912 0.82713 0 0 0 0 0 0 0 0 0 0 0 0 0 0 0 0 0 0 0 0 0 0 0 0 0 0 0 0 0 0 0 0 0 0 0 0 0 0 0 0 0 0 0 0 0 0 0 0 0 0 0 0 0 0 0 0 0 0 0 0 0 0 0 0 0 0 0 0 0 0 0 0 0 0 0 0 0 0 0 0 0 0
0.452368 0.000514345 0.000188849 0.000325496 0.632836 0.823509 0 0 0 0 0 0 0 0 0 0 0 0 0 0 0 0 0 0 0 0 0 0 0 0 0 0 0 0 0 0 0 0 0 0 0 0 0 0 0 0 0 0 0 0 0 0 0 0 0 0 0 0 0 0 0 0 0 0 0 0 0 0 0 0 0 0 0 0 0 0 0 0 0 0 0 0 0 0 0 0 0 0
0.475588 0.000514526 0.000187937 0.000326589 0.634738 0.819939 0 0 0 0 0 0 0 0 0 0 0 0 0 0 0 0 0 0 0 0 0 0 0 0 0 0 0 0 0 0 0 0 0 0 0 0 0 0 0 0 0 0 0 0 0 0 0 0 0 0 0 0 0 0 0 0 0 0 0 0 0 0 0 0 0 0 0 0 0 0 0 0 0 0 0 0 0 0 0 0 0 0
0.5 0.00051471 0.000187169 0.000327541 0.636361 0.816767 0 0 0 0 0 0 0 0 0 0 0 0 0 0 0 0 0 0 0 0 0 0 0 0 0 0 0 0 0 0 0 0 0 0 0 0 0 0 0 0 0 0 0 0 0 0 0 0 0 0 0 0 0 0 0 0 0 0 0 0 0 0 0 0 0 0 0 0 0 0 0 0 0 0 0 0 0 0 0 0 0 0
0.525665 0.000514899 0.000186536 0.000328363 0.637722 0.814 0 0 0 0 0 0 0 0 0 0 0 0 0 0 0 0 0 0 0 0 0 0 0 0 0 0 0 0 0 0 0 0 0 0 0 0 0 0 0 0 0 0 0 0 0 0 0 0 0 0 0 0 0 0 0 0 0 0 0 0 0 0 0 0 0 0 0 0 0 0 0 0 0 0 0 0 0 0 0 0 0 0
0.552648 0.000515093 0.000186026 0.000329068 0.638851 0.811612 0 0 0 0 0 0 0 0 0 0 0 0 0 0 0 0 0 0 0 0 0 0 0 0 0 0 0 0 0 0 0 0 0 0 0 0 0 0 0 0 0 0 0 0 0 0 0 0 0 0 0 0 0 0 0 0 0 0 0 0 0 0 0 0 0 0 0 0 0 0 0 0 0 0 0 0 0 0 0 0 0 0
0.581015 0.000515293 0.00018559 0.000329702 0.639835 0.809478 0 0 0 0 0 0 0 0 0 0 0 0 0 0 0 0 0 0 0 0 0 0 0 0 0 0 0 0 0 0 0 0 0 0 0 0 0 0 0 0 0 0 0 0 0 0 0 0 0 0 0 0 0 0 0 0 0 0 0 0 0 0 0 0 0 0 0 0 0 0 0 0 0 0 0 0 0 0 0 0 0 0
0.610839 0.000515497 0.000185174 0.000330323 0.640785 0.807434 0 0 0 0 0 0 0 0 0 0 0 0 0 0 0 0 0 0 0 0 0 0 0 0 0 0 0 0 0 0 0 0 0 0 0 0 0 0 0 0 0 0 0 0 0 0 0 0 0 0 0 0 0 0 0 0 0 0 0 0 0 0 0 0 0 0 0 0 0 0 0 0 0 0 0 0 0 0 0 0 0 0
0.642193 0.000515709 0.000184782 0.000330926 0.641693 0.805496 0 0 0 0 0 0 0 0 0 0 0 0 0 0 0 0 0 0 0 0 0 0 0 0 0 0 0 0 0 0 0 0 0 0 0 0 0 0 0 0 0 0 0 0 0 0 0 0 0 0 0 0 0 0 0 0 0 0 0 0 0 0 0 0 0 0 0 0 0 0 0 0 0 0 0 0 0 0 0 0 0 0
0.675157 0.000515924 0.000184386 0.000331538 0.642609 0.803583 0 0 0 0 0 0 0 0 0 0 0 0 0 0 0 0 0 0 0 0 0 0 0 0 0 0 0 0 0 0 0 0 0 0 0 0 0 0 0 0 0 0 0 0 0 0 0 0 0 0 0 0 0 0 0 0 0 0 0 0 0 0 0 0 0 0 0 0 0 0 0 0 0 0 0 0 0 0 0 0 0 0
0.709813 0.000516148 0.000183987 0.000332161 0.643538 0.801674 0 0 0 0 0 0 0 0 0 0 0 0 0 0 0 0 0 0 0 0 0 0 0 0 0 0 0 0 0 0 0 0 0 0 0 0 0 0 0 0 0 0 0 0 0 0 0 0 0 0 0 0 0 0 0 0 0 0 0 0 0 0 0 0 0 0 0 0 0 0 0 0 0 0 0 0 0 0 0 0 0 0
0.746248 0.000516378 0.000183613 0.000332765 0.644421 0.799849 0 0 0 0 0 0 0 0 0 0 0 0 0 0 0 0 0 0 0 0 0 0 0 0 0 0 0 0 0 0 0 0 0 0 0 0 0 0 0 0 0 0 0 0 0 0 0 0 0 0 0 0 0 0 0 0 0 0 0 0 0 0 0 0 0 0 0 0 0 0 0 0 0 0 0 0 0 0 0 0 0 0
0.784553 0.000516611 0.000183287 0.000333324 0.645213 0.79815 0 0 0 0 0 0 0 0 0 0 0 0 0 0 0 0 0 0 0 0 0 0 0 0 0 0 0 0 0 0 0 0 0 0 0 0 0 0 0 0 0 0 0 0 0 0 0 0 0 0 0 0 0 0 0 0 0 0 0 0 0 0 0 0 0 0 0 0 0 0 0 0 0 0 0 0 0 0 0 0 0 0
0.824824 0.00051685 0.000183139 0.000333711 0.645663 0.796948 0 0 0 0 0 0 0 0 0 0 0 0 0 0 0 0 0 0 0 0 0 0 0 0 0 0 0 0 0 0 0 0 0 0 0 0 0 0 0 0 0 0 0 0 0 0 0 0 0 0 0 0 0 0 0 0 0 0 0 0 0 0 0 0 0 0 0 0 0 0 0 0 0 0 0 0 0 0 0 0 0 0
0.867162 0.00051709 0.000183161 0.000333929 0.645784 0.796276 0 0 0 0 0 0 0 0 0 0 0 0 0 0 0 0 0 0 0 0 0 0 0 0 0 0 0 0 0 0 0 0 0 0 0 0 0 0 0 0 0 0 0 0 0 0 0 0 0 0 0 0 0 0 0 0 0 0 0 0 0 0 0 0 0 0 0 0 0 0 0 0 0 0 0 0 0 0 0 0 0 0
0.911674 0.000517338 0.000183196 0.000334142 0.645887 0.795703 0 0 0 0 0 0 0 0 0 0 0 0 0 0 0 0 0 0 0 0 0 0 0 0 0 0 0 0 0 0 0 0 0 0 0 0 0 0 0 0 0 0 0 0 0 0 0 0 0 0 0 0 0 0 0 0 0 0 0 0 0 0 0 0 0 0 0 0 0 0 0 0 0 0 0 0 0 0 0 0 0 0
0.95847 0.000517599 0.000183068 0.000334531 0.646312 0.794728 0 0 0 0 0 0 0 0 0 0 0 0 0 0 0 0 0 0 0 0 0 0 0 0 0 0 0 0 0 0 0 0 0 0 0 0 0 0 0 0 0 0 0 0 0 0 0 0 0 0 0 0 0 0 0 0 0 0 0 0 0 0 0 0 0 0 0 0 0 0 0 0 0 0 0 0 0 0 0 0 0 0
1.00767 0.000517868 0.000182845 0.000335022 0.646926 0.793479 0 0 0 0 0 0 0 0 0 0 0 0 0 0 0 0 0 0 0 0 0 0 0 0 0 0 0 0 0 0 0 0 0 0 0 0 0 0 0 0 0 0 0 0 0 0 0 0 0 0 0 0 0 0 0 0 0 0 0 0 0 0 0 0 0 0 0 0 0 0 0 0 0 0 0 0 0 0 0 0 0 0
1.05939 0.000518144 0.000182643 0.000335501 0.647505 0.792292 0 0 0 0 0 0 0 0 0 0 0 0 0 0 0 0 0 0 0 0 0 0 0 0 0 0 0 0 0 0 0 0 0 0 0 0 0 0 0 0 0 0 0 0 0 0 0 0 0 0 0 0 0 0 0 0 0 0 0 0 0 0 0 0 0 0 0 0 0 0 0 0 0 0 0 0 0 0 0 0 0 0
1.11377 0.000518429 0.000182449 0.000335981 0.648074 0.791132 0 0 0 0 0 0 0 0 0 0 0 0 0 0 0 0 0 0 0 0 0 0 0 0 0 0 0 0 0 0 0 0 0 0 0 0 0 0 0 0 0 0 0 0 0 0 0 0 0 0 0 0 0 0 0 0 0 0 0 0 0 0 0 0 0 0 0 0 0 0 0 0 0 0 0 0 0 0 0 0 0 0
1.17094 0.000518722 0.00018221 0.000336512 0.648733 0.789849 0 0 0 0 0 0 0 0 0 0 0 0 0 0 0 0 0 0 0 0 0 0 0 0 0 0 0 0 0 0 0 0 0 0 0 0 0 0 0 0 0 0 0 0 0 0 0 0 0 0 0 0 0 0 0 0 0 0 0 0 0 0 0 0 0 0 0 0 0 0 0 0 0 0 0 0 0 0 0 0 0 0
1.23105 0.000519024 0.000181968 0.000337056 0.649404 0.788561 0 0 0 0 0 0 0 0 0 0 0 0 0 0 0 0 0 0 0 0 0 0 0 0 0 0 0 0 0 0 0 0 0 0 0 0 0 0 0 0 0 0 0 0 0 0 0 0 0 0 0 0 0 0 0 0 0 0 0 0 0 0 0 0 0 0 0 0 0 0 0 0 0 0 0 0 0 0 0 0 0 0
1.29424 0.000519335 0.000181759 0.000337576 0.650016 0.787357 0 0 0 0 0 0 0 0 0 0 0 0 0 0 0 0 0 0 0 0 0 0 0 0 0 0 0 0 0 0 0 0 0 0 0 0 0 0 0 0 0 0 0 0 0 0 0 0 0 0 0 0 0 0 0 0 0 0 0 0 0 0 0 0 0 0 0 0 0 0 0 0 0 0 0 0 0 0 0 0 0 0
1.36067 0.000519652 0.000181678 0.000337974 0.650385 0.786503 0 0 0 0 0 0 0 0 0 0 0 0 0 0 0 0 0 0 0 0 0 0 0 0 0 0 0 0 0 0 0 0 0 0 0 0 0 0 0 0 0 0 0 0 0 0 0 0 0 0 0 0 0 0 0 0 0 0 0 0 0 0 0 0 0 0 0 0 0 0 0 0 0 0 0 0 0 0 0 0 0 0
1.43051 0.000519981 0.000181597 0.000338383 0.650761 0.785689 0 0 0 0 0 0 0 0 0 0 0 0 0 0 0 0 0 0 0 0 0 0 0 0 0 0 0 0 0 0 0 0 0 0 0 0 0 0 0 0 0 0 0 0 0 0 0 0 0 0 0 0 0 0 0 0 0 0 0 0 0 0 0 0 0 0 0 0 0 0 0 0 0 0 0 0 0 0 0 0 0 0
1.50394 0.000520325 0.000181357 0.000338968 0.651454 0.784431 0 0 0 0 0 0 0 0 0 0 0 0 0 0 0 0 0 0 0 0 0 0 0 0 0 0 0 0 0 0 0 0 0 0 0 0 0 0 0 0 0 0 0 0 0 0 0 0 0 0 0 0 0 0 0 0 0 0 0 0 0 0 0 0 0 0 0 0 0 0 0 0 0 0 0 0 0 0 0 0 0 0
1.58114 0.000520681 0.000181082 0.000339599 0.652221 0.783058 0 0 0 0 0 0 0 0 0 0 0 0 0 0 0 0 0 0 0 0 0 0 0 0 0 0 0 0 0 0 0 0 0 0 0 0 0 0 0 0 0 0 0 0 0 0 0 0 0 0 0 0 0 0 0 0 0 0 0 0 0 0 0 0 0 0 0 0 0 0 0 0 0 0 0 0 0 0 0 0 0 0
1.6623 0.000521043 0.000180846 0.000340197 0.652915 0.781776 0 0 0 0 0 0 0 0 0 0 0 0 0 0 0 0 0 0 0 0 0 0 0 0 0 0 0 0 0 0 0 0 0 0 0 0 0 0 0 0 0 0 0 0 0 0 0 0 0 0 0 0 0 0 0 0 0 0 0 0 0 0 0 0 0 0 0 0 0 0 0 0 0 0 0 0 0 0 0 0 0 0
1.74763 0.000521415 0.000180674 0.00034074 0.653492 0.780664 0 0 0 0 0 0 0 0 0 0 0 0 0 0 0 0 0 0 0 0 0 0 0 0 0 0 0 0 0 0 0 0 0 0 0 0 0 0 0 0 0 0 0 0 0 0 0 0 0 0 0 0 0 0 0 0 0 0 0 0 0 0 0 0 0 0 0 0 0 0 0 0 0 0 0 0 0 0 0 0 0 0
1.83733 0.000521804 0.000180492 0.000341312 0.6541 0.779538 0 0 0 0 0 0 0 0 0 0 0 0 0 0 0 0 0 0 0 0 0 0 0 0 0 0 0 0 0 0 0 0 0 0 0 0 0 0 0 0 0 0 0 0 0 0 0 0 0 0 0 0 0 0 0 0 0 0 0 0 0 0 0 0 0 0 0 0 0 0 0 0 0 0 0 0 0 0 0 0 0 0
1.93164 0.000522207 0.000180176 0.000342031 0.654973 0.778024 0 0 0 0 0 0 0 0 0 0 0 0 0 0 0 0 0 0 0 0 0 0 0 0 0 0 0 0 0 0 0 0 0 0 0 0 0 0 0 0 0 0 0 0 0 0 0 0 0 0 0 0 0 0 0 0 0 0 0 0 0 0 0 0 0 0 0 0 0 0 0 0 0 0 0 0 0 0 0 0 0 0
2.03079 0.000522616 0.000179948 0.000342668 0.655678 0.776726 0 0 0 0 0 0 0 0 0 0 0 0 0 0 0 0 0 0 0 0 0 0 0 0 0 0 0 0 0 0 0 0 0 0 0 0 0 0 0 0 0 0 0 0 0 0 0 0 0 0 0 0 0 0 0 0 0 0 0 0 0 0 0 0 0 0 0 0 0 0 0 0 0 0 0 0 0 0 0 0 0 0
2.13503 0.000523038 0.000179775 0.000343262 0.656286 0.775578 0 0 0 0 0 0 0 0 0 0 0 0 0 0 0 0 0 0 0 0 0 0 0 0 0 0 0 0 0 0 0 0 0 0 0 0 0 0 0 0 0 0 0 0 0 0 0 0 0 0 0 0 0 0 0 0 0 0 0 0 0 0 0 0 0 0 0 0 0 0 0 0 0 0 0 0 0 0 0 0 0 0
2.24463 0.000523472 0.000179604 0.000343868 0.656898 0.774422 0 0 0 0 0 0 0 0 0 0 0 0 0 0 0 0 0 0 0 0 0 0 0 0 0 0 0 0 0 0 0 0 0 0 0 0 0 0 0 0 0 0 0 0 0 0 0 0 0 0 0 0 0 0 0 0 0 0 0 0 0 0 0 0 0 0 0 0 0 0 0 0 0 0 0 0 0 0 0 0 0 0
2.35984 0.000523925 0.000179429 0.000344496 0.657529 0.77325 0 0 0 0 0 0 0 0 0 0 0 0 0 0 0 0 0 0 0 0 0 0 0 0 0 0 0 0 0 0 0 0 0 0 0 0 0 0 0 0 0 0 0 0 0 0 0 0 0 0 0 0 0 0 0 0 0 0 0 0 0 0 0 0 0 0 0 0 0 0 0 0 0 0 0 0 0 0 0 0 0 0
2.48097 0.000524389 0.000179193 0.000345196 0.658282 0.771889 0 0 0 0 0 0 0 0 0 0 0 0 0 0 0 0 0 0 0 0 0 0 0 0 0 0 0 0 0 0 0 0 0 0 0 0 0 0 0 0 0 0 0 0 0 0 0 0 0 0 0 0 0 0 0 0 0 0 0 0 0 0 0 0 0 0 0 0 0 0 0 0 0 0 0 0 0 0 0 0 0 0
2.60832 0.000524861 0.000179182 0.000345679 0.65861 0.771124 0 0 0 0 0 0 0 0 0 0 0 0 0 0 0 0 0 0 0 0 0 0 0 0 0 0 0 0 0 0 0 0 0 0 0 0 0 0 0 0 0 0 0 0 0 0 0 0 0 0 0 0 0 0 0 0 0 0 0 0 0 0 0 0 0 0 0 0 0 0 0 0 0 0 0 0 0 0 0 0 0 0
2.74221 0.000525373 0.000178938 0.000346435 0.659408 0.769742 0 0 0 0 0 0 0 0 0 0 0 0 0 0 0 0 0 0 0 0 0 0 0 0 0 0 0 0 0 0 0 0 0 0 0 0 0 0 0 0 0 0 0 0 0 0 0 0 0 0 0 0 0 0 0 0 0 0 0 0 0 0 0 0 0 0 0 0 0 0 0 0 0 0 0 0 0 0 0 0 0 0
2.88297 0.000525887 0.00017864 0.000347248 0.660309 0.768167 0 0 0 0 0 0 0 0 0 0 0 0 0 0 0 0 0 0 0 0 0 0 0 0 0 0 0 0 0 0 0 0 0 0 0 0 0 0 0 0 0 0 0 0 0 0 0 0 0 0 0 0 0 0 0 0 0 0 0 0 0 0 0 0 0 0 0 0 0 0 0 0 0 0 0 0 0 0 0 0 0 0
3.03095 0.00052642 0.00017849 0.00034793 0.660937 0.766985 0 0 0 0 0 0 0 0 0 0 0 0 0 0 0 0 0 0 0 0 0 0 0 0 0 0 0 0 0 0 0 0 0 0 0 0 0 0 0 0 0 0 0 0 0 0 0 0 0 0 0 0 0 0 0 0 0 0 0 0 0 0 0 0 0 0 0 0 0 0 0 0 0 0 0 0 0 0 0 0 0 0
3.18653 0.000526983 0.000178105 0.000348878 0.662029 0.765164 0 0 0 0 0 0 0 0 0 0 0 0 0 0 0 0 0 0 0 0 0 0 0 0 0 0 0 0 0 0 0 0 0 0 0 0 0 0 0 0 0 0 0 0 0 0 0 0 0 0 0 0 0 0 0 0 0 0 0 0 0 0 0 0 0 0 0 0 0 0 0 0 0 0 0 0 0 0 0 0 0 0
3.35009 0.000527533 0.000177722 0.000349811 0.663108 0.763295 0 0 0 0 0 0 0 0 0 0 0 0 0 0 0 0 0 0 0 0 0 0 0 0 0 0 0 0 0 0 0 0 0 0 0 0 0 0 0 0 0 0 0 0 0 0 0 0 0 0 0 0 0 0 0 0 0 0 0 0 0 0 0 0 0 0 0 0 0 0 0 0 0 0 0 0 0 0 0 0 0 0
3.52205 0.00052812 0.000177602 0.000350518 0.663709 0.762137 0 0 0 0 0 0 0 0 0 0 0 0 0 0 0 0 0 0 0 0 0 0 0 0 0 0 0 0 0 0 0 0 0 0 0 0 0 0 0 0 0 0 0 0 0 0 0 0 0 0 0 0 0 0 0 0 0 0 0 0 0 0 0 0 0 0 0 0 0 0 0 0 0 0 0 0 0 0 0 0 0 0
3.70284 0.000528725 0.00017729 0.000351435 0.664684 0.760441 0 0 0 0 0 0 0 0 0 0 0 0 0 0 0 0 0 0 0 0 0 0 0 0 0 0 0 0 0 0 0 0 0 0 0 0 0 0 0 0 0 0 0 0 0 0 0 0 0 0 0 0 0 0 0 0 0 0 0 0 0 0 0 0 0 0 0 0 0 0 0 0 0 0 0 0 0 0 0 0 0 0
3.89291 0.000529338 0.000176897 0.000352441 0.665815 0.758507 0 0 0 0 0 0 0 0 0 0 0 0 0 0 0 0 0 0 0 0 0 0 0 0 0 0 0 0 0 0 0 0 0 0 0 0 0 0 0 0 0 0 0 0 0 0 0 0 0 0 0 0 0 0 0 0 0 0 0 0 0 0 0 0 0 0 0 0 0 0 0 0 0 0 0 0 0 0 0 0 0 0
4.09273 0.000529977 0.000176596 0.00035338 0.666785 0.756805 0 0 0 0 0 0 0 0 0 0 0 0 0 0 0 0 0 0 0 0 0 0 0 0 0 0 0 0 0 0 0 0 0 0 0 0 0 0 0 0 0 0 0 0 0 0 0 0 0 0 0 0 0 0 0 0 0 0 0 0 0 0 0 0 0 0 0 0 0 0 0 0 0 0 0 0 0 0 0 0 0 0
4.30281 0.000530622 0.000176504 0.000354118 0.667364 0.755616 0 0 0 0 0 0 0 0 0 0 0 0 0 0 0 0 0 0 0 0 0 0 0 0 0 0 0 0 0 0 0 0 0 0 0 0 0 0 0 0 0 0 0 0 0 0 0 0 0 0 0 0 0 0 0 0 0 0 0 0 0 0 0 0 0 0 0 0 0 0 0 0 0 0 0 0 0 0 0 0 0 0
4.52368 0.000531273 0.000176392 0.000354881 0.667982 0.754348 0 0 0 0 0 0 0 0 0 0 0 0 0 0 0 0 0 0 0 0 0 0 0 0 0 0 0 0 0 0 0 0 0 0 0 0 0 0 0 0 0 0 0 0 0 0 0 0 0 0 0 0 0 0 0 0 0 0 0 0 0 0 0 0 0 0 0 0 0 0 0 0 0 0 0 0 0 0 0 0 0 0
4.75588 0.000531956 0.000176208 0.000355748 0.668754 0.752873 0 0 0 0 0 0 0 0 0 0 0 0 0 0 0 0 0 0 0 0 0 0 0 0 0 0 0 0 0 0 0 0 0 0 0 0 0 0 0 0 0 0 0 0 0 0 0 0 0 0 0 0 0 0 0 0 0 0 0 0 0 0 0 0 0 0 0 0 0 0 0 0 0 0 0 0 0 0 0 0 0 0
5 0.000532633 0.000176065 0.000356568 0.669444 0.751475 0 0 0 0 0 0 0 0 0 0 0 0 0 0 0 0 0 0 0 0 0 0 0 0 0 0 0 0 0 0 0 0 0 0 0 0 0 0 0 0 0 0 0 0 0 0 0 0 0 0 0 0 0 0 0 0 0 0 0 0 0 0 0 0 0 0 0 0 0 0 0 0 0 0 0 0 0 0 0 0 0 0
5.25665 0.00053334 0.000176262 0.000357077 0.669512 0.750917 0 0 0 0 0 0 0 0 0 0 0 0 0 0 0 0 0 0 0 0 0 0 0 0 0 0 0 0 0 0 0 0 0 0 0 0 0 0 0 0 0 0 0 0 0 0 0 0 0 0 0 0 0 0 0 0 0 0 0 0 0 0 0 0 0 0 0 0 0 0 0 0 0 0 0 0 0 0 0 0 0 0
5.52648 0.000534085 0.000176556 0.000357529 0.669424 0.75057 0 0 0 0 0 0 0 0 0 0 0 0 0 0 0 0 0 0 0 0 0 0 0 0 0 0 0 0 0 0 0 0 0 0 0 0 0 0 0 0 0 0 0 0 0 0 0 0 0 0 0 0 0 0 0 0 0 0 0 0 0 0 0 0 0 0 0 0 0 0 0 0 0 0 0 0 0 0 0 0 0 0
5.81015 0.000534918 0.000177263 0.000357655 0.668617 0.751231 0 0 0 0 0 0 0 0 0 0 0 0 0 0 0 0 0 0 0 0 0 0 0 0 0 0 0 0 0 0 0 0 0 0 0 0 0 0 0 0 0 0 0 0 0 0 0 0 0 0 0 0 0 0 0 0 0 0 0 0 0 0 0 0 0 0 0 0 0 0 0 0 0 0 0 0 0 0 0 0 0 0
6.10839 0.000535897 0.000177278 0.00035862 0.669195 0.750118 0 0 0 0 0 0 0 0 0 0 0 0 0 0 0 0 0 0 0 0 0 0 0 0 0 0 0 0 0 0 0 0 0 0 0 0 0 0 0 0 0 0 0 0 0 0 0 0 0 0 0 0 0 0 0 0 0 0 0 0 0 0 0 0 0 0 0 0 0 0 0 0 0 0 0 0 0 0 0 0 0 0
6.42193 0.000536868 0.000175651 0.000361216 0.672822 0.744897 0 0 0 0 0 0 0 0 0 0 0 0 0 0 0 0 0 0 0 0 0 0 0 0 0 0 0 0 0 0 0 0 0 0 0 0 0 0 0 0 0 0 0 0 0 0 0 0 0 0 0 0 0 0 0 0 0 0 0 0 0 0 0 0 0 0 0 0 0 0 0 0 0 0 0 0 0 0 0 0 0 0
6.75157 0.000537743 0.000175191 0.000362552 0.674211 0.742556 0 0 0 0 0 0 0 0 0 0 0 0 0 0 0 0 0 0 0 0 0 0 0 0 0 0 0 0 0 0 0 0 0 0 0 0 0 0 0 0 0 0 0 0 0 0 0 0 0 0 0 0 0 0 0 0 0 0 0 0 0 0 0 0 0 0 0 0 0 0 0 0 0 0 0 0 0 0 0 0 0 0
7.09813 0.000538764 0.000174797 0.000363966 0.675559 0.740364 0 0 0 0 0 0 0 0 0 0 0 0 0 0 0 0 0 0 0 0 0 0 0 0 0 0 0 0 0 0 0 0 0 0 0 0 0 0 0 0 0 0 0 0 0 0 0 0 0 0 0 0 0 0 0 0 0 0 0 0 0 0 0 0 0 0 0 0 0 0 0 0 0 0 0 0 0 0 0 0 0 0
7.46248 0.000539794 0.000173391 0.000366403 0.678784 0.73574 0 0 0 0 0 0 0 0 0 0 0 0 0 0 0 0 0 0 0 0 0 0 0 0 0 0 0 0 0 0 0 0 0 0 0 0 0 0 0 0 0 0 0 0 0 0 0 0 0 0 0 0 0 0 0 0 0 0 0 0 0 0 0 0 0 0 0 0 0 0 0 0 0 0 0 0 0 0 0 0 0 0
7.84553 0.000540728 0.000172266 0.000368462 0.681418 0.731825 0 0 0 0 0 0 0 0 0 0 0 0 0 0 0 0 0 0 0 0 0 0 0 0 0 0 0 0 0 0 0 0 0 0 0 0 0 0 0 0 0 0 0 0 0 0 0 0 0 0 0 0 0 0 0 0 0 0 0 0 0 0 0 0 0 0 0 0 0 0 0 0 0 0 0 0 0 0 0 0 0 0
8.24824 0.000541674 0.000170845 0.000370829 0.684599 0.727266 0 0 0 0 0 0 0 0 0 0 0 0 0 0 0 0 0 0 0 0 0 0 0 0 0 0 0 0 0 0 0 0 0 0 0 0 0 0 0 0 0 0 0 0 0 0 0 0 0 0 0 0 0 0 0 0 0 0 0 0 0 0 0 0 0 0 0 0 0 0 0 0 0 0 0 0 0 0 0 0 0 0
8.67162 0.000542545 0.000169786 0.000372759 0.687056 0.723597 0 0 0 0 0 0 0 0 0 0 0 0 0 0 0 0 0 0 0 0 0 0 0 0 0 0 0 0 0 0 0 0 0 0 0 0 0 0 0 0 0 0 0 0 0 0 0 0 0 0 0 0 0 0 0 0 0 0 0 0 0 0 0 0 0 0 0 0 0 0 0 0 0 0 0 0 0 0 0 0 0 0
9.11674 0.000543356 0.000169041 0.000374315 0.688895 0.72067 0 0 0 0 0 0 0 0 0 0 0 0 0 0 0 0 0 0 0 0 0 0 0 0 0 0 0 0 0 0 0 0 0 0 0 0 0 0 0 0 0 0 0 0 0 0 0 0 0 0 0 0 0 0 0 0 0 0 0 0 0 0 0 0 0 0 0 0 0 0 0 0 0 0 0 0 0 0 0 0 0 0
9.5847 0.000544141 0.00016859 0.000375551 0.690172 0.71842 0 0 0 0 0 0 0 0 0 0 0 0 0 0 0 0 0 0 0 0 0 0 0 0 0 0 0 0 0 0 0 0 0 0 0 0 0 0 0 0 0 0 0 0 0 0 0 0 0 0 0 0 0 0 0 0 0 0 0 0 0 0 0 0 0 0 0 0 0 0 0 0 0 0 0 0 0 0 0 0 0 0
10.0767 0.000544967 0.00016865 0.000376318 0.690533 0.717275 0 0 0 0 0 0 0 0 0 0 0 0 0 0 0 0 0 0 0 0 0 0 0 0 0 0 0 0 0 0 0 0 0 0 0 0 0 0 0 0 0 0 0 0 0 0 0 0 0 0 0 0 0 0 0 0 0 0 0 0 0 0 0 0 0 0 0 0 0 0 0 0 0 0 0 0 0 0 0 0 0 0
10.5939 0.000545911 0.000169224 0.000376687 0.690015 0.717192 0 0 0 0 0 0 0 0 0 0 0 0 0 0 0 0 0 0 0 0 0 0 0 0 0 0 0 0 0 0 0 0 0 0 0 0 0 0 0 0 0 0 0 0 0 0 0 0 0 0 0 0 0 0 0 0 0 0 0 0 0 0 0 0 0 0 0 0 0 0 0 0 0 0 0 0 0 0 0 0 0 0
11.1377 0.000547082 0.000169153 0.000377929 0.690808 0.715628 0 0 0 0 0 0 0 0 0 0 0 0 0 0 0 0 0 0 0 0 0 0 0 0 0 0 0 0 0 0 0 0 0 0 0 0 0 0 0 0 0 0 0 0 0 0 0 0 0 0 0 0 0 0 0 0 0 0 0 0 0 0 0 0 0 0 0 0 0 0 0 0 0 0 0 0 0 0 0 0 0 0
11.7094 0.000548104 0.000168357 0.000379747 0.692837 0.712555 0 0 0 0 0 0 0 0 0 0 0 0 0 0 0 0 0 0 0 0 0 0 0 0 0 0 0 0 0 0 0 0 0 0 0 0 0 0 0 0 0 0 0 0 0 0 0 0 0 0 0 0 0 0 0 0 0 0 0 0 0 0 0 0 0 0 0 0 0 0 0 0 0 0 0 0 0 0 0 0 0 0
12.3105 0.0005491 0.000167951 0.000381149 0.694134 0.710322 0 0 0 0 0 0 0 0 0 0 0 0 0 0 0 0 0 0 0 0 0 0 0 0 0 0 0 0 0 0 0 0 0 0 0 0 0 0 0 0 0 0 0 0 0 0 0 0 0 0 0 0 0 0 0 0 0 0 0 0 0 0 0 0 0 0 0 0 0 0 0 0 0 0 0 0 0 0 0 0 0 0
12.9424 0.000550397 0.000168136 0.000382262 0.694519 0.709212 0 0 0 0 0 0 0 0 0 0 0 0 0 0 0 0 0 0 0 0 0 0 0 0 0 0 0 0 0 0 0 0 0 0 0 0 0 0 0 0 0 0 0 0 0 0 0 0 0 0 0 0 0 0 0 0 0 0 0 0 0 0 0 0 0 0 0 0 0 0 0 0 0 0 0 0 0 0 0 0 0 0
13.6067 0.000551205 0.000166582 0.000384624 0.697787 0.704701 0 0 0 0 0 0 0 0 0 0 0 0 0 0 0 0 0 0 0 0 0 0 0 0 0 0 0 0 0 0 0 0 0 0 0 0 0 0 0 0 0 0 0 0 0 0 0 0 0 0 0 0 0 0 0 0 0 0 0 0 0 0 0 0 0 0 0 0 0 0 0 0 0 0 0 0 0 0 0 0 0 0
14.3051 0.000552293 0.00016663 0.000385663 0.698294 0.70336 0 0 0 0 0 0 0 0 0 0 0 0 0 0 0 0 0 0 0 0 0 0 0 0 0 0 0 0 0 0 0 0 0 0 0 0 0 0 0 0 0 0 0 0 0 0 0 0 0 0 0 0 0 0 0 0 0 0 0 0 0 0 0 0 0 0 0 0 0 0 0 0 0 0 0 0 0 0 0 0 0 0
15.0394 0.00055338 0.000166799 0.000386581 0.698581 0.702233 0 0 0 0 0 0 0 0 0 0 0 0 0 0 0 0 0 0 0 0 0 0 0 0 0 0 0 0 0 0 0 0 0 0 0 0 0 0 0 0 0 0 0 0 0 0 0 0 0 0 0 0 0 0 0 0 0 0 0 0 0 0 0 0 0 0 0 0 0 0 0 0 0 0 0 0 0 0 0 0 0 0
15.8114 0.000554469 0.000166627 0.000387842 0.699484 0.700414 0 0 0 0 0 0 0 0 0 0 0 0 0 0 0 0 0 0 0 0 0 0 0 0 0 0 0 0 0 0 0 0 0 0 0 0 0 0 0 0 0 0 0 0 0 0 0 0 0 0 0 0 0 0 0 0 0 0 0 0 0 0 0 0 0 0 0 0 0 0 0 0 0 0 0 0 0 0 0 0 0 0
16.623 0.00055574 0.000166011 0.000389729 0.701279 0.697676 0 0 0 0 0 0 0 0 0 0 0 0 0 0 0 0 0 0 0 0 0 0 0 0 0 0 0 0 0 0 0 0 0 0 0 0 0 0 0 0 0 0 0 0 0 0 0 0 0 0 0 0 0 0 0 0 0 0 0 0 0 0 0 0 0 0 0 0 0 0 0 0 0 0 0 0 0 0 0 0 0 0
17.4762 0.000556948 0.000165659 0.000391289 0.70256 0.695464 0 0 0 0 0 0 0 0 0 0 0 0 0 0 0 0 0 0 0 0 0 0 0 0 0 0 0 0 0 0 0 0 0 0 0 0 0 0 0 0 0 0 0 0 0 0 0 0 0 0 0 0 0 0 0 0 0 0 0 0 0 0 0 0 0 0 0 0 0 0 0 0 0 0 0 0 0 0 0 0 0 0
18.3733 0.000557994 0.000165032 0.000392962 0.70424 0.692786 0 0 0 0 0 0 0 0 0 0 0 0 0 0 0 0 0 0 0 0 0 0 0 0 0 0 0 0 0 0 0 0 0 0 0 0 0 0 0 0 0 0 0 0 0 0 0 0 0 0 0 0 0 0 0 0 0 0 0 0 0 0 0 0 0 0 0 0 0 0 0 0 1.4013e-45 0 2.8026e-45 0 7.00649e-45 0 1.26117e-44 0 2.52234e-44 0
19.3164 0.000559063 0.000165182 0.00039388 0.704537 0.691527 0 0 0 0 0 0 0 0 0 0 0 0 0 0 0 0 0 0 0 0 0 0 0 0 0 0 0 0 0 0 0 0 0 0 0 0 0 0 0 0 0 0 0 0 0 0 0 0 0 0 0 0 0 0 0 0 0 0 1.4013e-45 0 2.8026e-45 0 5.60519e-45 0 1.4013e-44 0 3.22299e-44 0 7.14662e-44 0 1.49939e-43 0 3.1249e-43 0 6.44597e-43 0 1.26257e-42 0 2.45227e-42 0 4.52199e-42 0
20.3079 0.000560439 0.000165387 0.000395052 0.704897 0.690246 0 0 0 0 0 0 0 0 0 0 0 0 0 0 0 0 0 0 0 0 0 0 0 0 0 0 0 0 0 0 0 0 0 0 0 0 0 0 0 0 0 0 0 0 0 0 0 0 1.4013e-45 0 4.2039e-45 0 1.26117e-44 0 3.36312e-44 0 8.54792e-44 0 2.158e-43 0 5.11474e-43 0 1.1911e-42 0 2.61763e-42 0 5.68367e-42 0 1.22081e-41 0 2.4817e-41 0 4.99703e-41 0 9.96884e-41 0 1.88896e-40 0 3.55123e-40 0 6.35663e-40 0
21.3503 0.00056176 0.000164433 0.000397327 0.70729 0.686883 0 0 0 0 0 0 0 0 0 0 0 0 0 0 0 0 0 0 0 0 0 0 0 0 0 0 0 0 0 0 0 0 0 0 0 0 0 0 0 0 2.8026e-45 0 9.80909e-45 0 3.36312e-44 0 1.05097e-43 0 3.0268e-43 0 8.57595e-43 0 2.2687e-42 0 5.90087e-42 0 1.44011e-41 0 3.46205e-41 0 7.84139e-41 0 1.75353e-40 0 3.70709e-40 0 7.75226e-40 0 1.60398e-39 0 3.14963e-39 0 6.12905e-39 0 1.18216e-38 0 2.17121e-38 0 3.95798e-38 0 6.88614e-38 0
22.4463 0.000562966 0.00016428 0.000398686 0.708189 0.684974 0 0 0 0 0 0 0 0 0 0 0 0 0 0 0 0 0 0 0 0 0 0 0 0 0 0 0 0 0 0 0 0 1.4013e-45 0 8.40779e-45 0 3.64338e-44 0 1.45735e-43 0 5.40901e-43 0 1.85112e-42 0 5.85743e-42 0 1.72332e-41 0 4.72938e-41 0 1.27308e-40 0 3.21238e-40 0 7.97246e-40 0 1.86259e-39 0 4.29013e-39 0 9.33677e-39 0 2.00746e-38 0 4.09163e-38 0 8.25369e-38 0 1.64817e-37 0 3.13151e-37 0 5.89889e-37 0 1.10186e-36 0 1.96454e-36 0 3.47776e-36 0 5.88924e-36 0
23.5984 0.000564214 0.000163616 0.000400598 0.710011 0.682154 0 0 0 0 0 0 0 0 0 0 0 0 0 0 0 0 0 0 0 0 0 0 0 0 0 0 1.4013e-45 0 1.12104e-44 0 6.72623e-44 0 3.47522e-43 0 1.57226e-42 0 6.1489e-42 0 2.32447e-41 0 8.09096e-41 0 2.60548e-40 0 7.79573e-40 0 2.17569e-39 0 5.68387e-39 0 1.45779e-38 0 3.51595e-38 0 8.34706e-38 0 1.87097e-37 0 4.13739e-37 0 8.6689e-37 0 1.79549e-36 0 3.53454e-36 0 6.88979e-36 0 1.33013e-35 0 2.44928e-35 0 4.47329e-35 0 8.10463e-35 0 1.40477e-34 0 2.41844e-34 0 3.99141e-34 0
24.8097 0.000565415 0.000163217 0.000402198 0.711332 0.679796 0 0 0 0 0 0 0 0 0 0 0 0 0 0 0 0 0 0 0 0 0 0 5.60519e-45 0 4.48416e-44 0 3.27904e-43 0 2.10195e-42 0 1.10619e-41 0 5.24996e-41 0 2.20633e-40 0 8.07672e-40 0 2.86112e-39 0 9.37039e-39 0 2.85003e-38 0 8.08315e-38 0 2.14565e-37 0 5.34864e-37 0 1.31016e-36 0 3.02693e-36 0 6.88907e-36 0 1.48449e-35 0 3.158e-35 0 6.38212e-35 0 1.27569e-34 0 2.42959e-34 0 4.58409e-34 0 8.57026e-34 0 1.53176e-33 0 2.71649e-33 0 4.78094e-33 0 8.06721e-33 0 1.35249e-32 0 2.17821e-32 0
26.0832 0.000566688 0.000162866 0.000403822 0.7126 0.677482 0 0 0 0 0 0 0 0 0 0 0 0 0 0 0 0 0 0 7.00649e-45 0 8.96831e-44 0 9.36067e-43 0 7.4507e-42 0 4.91295e-41 0 2.87462e-40 0 1.3949e-39 0 6.13559e-39 0 2.40396e-38 0 8.25991e-38 0 2.75079e-37 0 8.50205e-37 0 2.44922e-36 0 6.6017e-36 0 1.67083e-35 0 3.98337e-35 0 9.33971e-35 0 2.07136e-34 0 4.52873e-34 0 9.39974e-34 0 1.92727e-33 0 3.76338e-33 0 7.27232e-33 0 1.34215e-32 0 2.45504e-32 0 4.45176e-32 0 7.73421e-32 0 1.33378e-31 0 2.28351e-31 0 3.75595e-31 0 6.14007e-31 0 9.66131e-31 0
27.4221 0.000567907 0.000162343 0.000405564 0.714138 0.674881 0 0 0 0 0 0 0 0 0 0 0 0 0 0 2.8026e-45 0 6.30584e-44 0 1.14906e-42 0 1.41601e-41 0 1.31405e-40 0 9.45104e-40 0 5.68377e-39 0 3.05079e-38 0 1.37051e-37 0 5.60773e-37 0 2.05542e-36 0 6.64932e-36 0 2.08809e-35 0 6.10786e-35 0 1.67093e-34 0 4.29103e-34 0 1.03788e-33 0 2.37161e-33 0 5.33406e-33 0 1.13787e-32 0 2.39456e-32 0 4.79602e-32 0 9.49474e-32 0 1.79444e-31 0 3.3578e-31 0 6.01435e-31 0 1.06818e-30 0 1.88147e-30 0 3.18177e-30 0 5.34296e-30 0 8.91043e-30 0 1.43042e-29 0 2.28295e-29 0 3.51355e-29 0
28.8297 0.00056921 0.000162078 0.000407132 0.715259 0.672659 0 0 0 0 0 0 0 0 0 0 0 0 9.80909e-45 0 4.23192e-43 0 1.00669e-41 0 1.57966e-40 0 1.72206e-39 0 1.43336e-38 0 9.36234e-38 0 5.15821e-37 0 2.55061e-36 0 1.06478e-35 0 4.06712e-35 0 1.39913e-34 0 4.27407e-34 0 1.26926e-33 0 3.52314e-33 0 9.17615e-33 0 2.25042e-32 0 5.21343e-32 0 1.14418e-31 0 2.47357e-31 0 5.08502e-31 0 1.03193e-30 0 1.99791e-30 0 3.82558e-30 0 7.00883e-30 0 1.272e-29 0 2.21443e-29 0 3.82416e-29 0 6.55217e-29 0 1.07998e-28 0 1.76823e-28 0 2.87615e-28 0 4.51171e-28 0 7.03817e-28 0 1.06064e-27 0
30.3095 0.000570427 0.000161464 0.000408963 0.716941 0.669876 0 0 0 0 0 0 0 0 0 0 2.10195e-44 0 1.64372e-42 0 6.0267e-41 0 1.227e-39 0 1.68313e-38 0 1.63286e-37 0 1.22553e-36 0 7.304e-36 0 3.70247e-35 0 1.69335e-34 0 6.59265e-34 0 2.35869e-33 0 7.63914e-33 0 2.20978e-32 0 6.22267e-32 0 1.64327e-31 0 4.08454e-31 0 9.58792e-31 0 2.13191e-30 0 4.50272e-30 0 9.37465e-30 0 1.86056e-29 0 3.64749e-29 0 6.83774e-29 0 1.26841e-28 0 2.25615e-28 0 3.97715e-28 0 6.73893e-28 0 1.13313e-27 0 1.8911e-27 0 3.04193e-27 0 4.86202e-27 0 7.72279e-27 0 1.1851e-26 0 1.80903e-26 0 2.67214e-26 0
31.8653 0.000571653 0.000161173 0.00041048 0.718058 0.667569 0 0 0 0 0 0 0 0 1.68156e-44 0 3.39114e-42 0 2.16609e-40 0 6.66108e-39 0 1.17061e-37 0 1.41306e-36 0 1.2269e-35 0 8.34534e-35 0 4.55859e-34 0 2.13473e-33 0 9.06488e-33 0 3.30259e-32 0 1.11029e-31 0 3.3954e-31 0 9.3255e-31 0 2.4966e-30 0 6.28768e-30 0 1.49492e-29 0 3.36593e-29 0 7.19791e-29 0 1.46574e-28 0 2.94434e-28 0 5.65123e-28 0 1.07206e-27 0 1.94901e-27 0 3.50799e-27 0 6.06675e-27 0 1.04025e-26 0 1.71781e-26 0 2.81609e-26 0 4.58373e-26 0 7.20403e-26 0 1.12538e-25 0 1.74761e-25 0 2.62632e-25 0 3.92707e-25 0 5.69128e-25 0
33.5009 0.000572955 0.000161153 0.000411802 0.718734 0.665619 0 0 0 0 0 0 2.8026e-45 0 2.73674e-42 0 4.2684e-40 0 2.22535e-38 0 5.78928e-37 0 8.84529e-36 0 9.45463e-35 0 7.38697e-34 0 4.5756e-33 0 2.30056e-32 0 9.99099e-32 0 3.95334e-31 0 1.35221e-30 0 4.28464e-30 0 1.2407e-29 0 3.24359e-29 0 8.27601e-29 0 1.99241e-28 0 4.54088e-28 0 9.82694e-28 0 2.0249e-27 0 3.98268e-27 0 7.73242e-27 0 1.43762e-26 0 2.64329e-26 0 4.66728e-26 0 8.16295e-26 0 1.37445e-25 0 2.29551e-25 0 3.69897e-25 0 5.9193e-25 0 9.40834e-25 0 1.44638e-24 0 2.21079e-24 0 3.36017e-24 0 4.95024e-24 0 7.258e-24 0 1.03298e-23 0
35.2205 0.000574396 0.000161131 0.000413265 0.719478 0.66359 0 0 0 0 0 0 5.10073e-43 0 3.43891e-40 0 4.19076e-38 0 1.80131e-36 0 3.99685e-35 0 5.34556e-34 0 5.08967e-33 0 3.59683e-32 0 2.03814e-31 0 9.47053e-31 0 3.82835e-30 0 1.41645e-29 0 4.56252e-29 0 1.36654e-28 0 3.7569e-28 0 9.37154e-28 0 2.28425e-27 0 5.26832e-27 0 1.15337e-26 0 2.40368e-26 0 4.78113e-26 0 9.09829e-26 0 1.71014e-25 0 3.08469e-25 0 5.50551e-25 0 9.45498e-25 0 1.60913e-24 0 2.64134e-24 0 4.30227e-24 0 6.77304e-24 0 1.05926e-23 0 1.64597e-23 0 2.47783e-23 0 3.70972e-23 0 5.5243e-23 0 7.98596e-23 0 1.14922e-22 0 1.60766e-22 0
37.0284 0.000575746 0.000160823 0.000414922 0.72067 0.661098 0 0 0 0 5.60519e-45 0 6.85501e-41 0 3.36472e-38 0 3.24324e-36 0 1.1602e-34 0 2.21278e-33 0 2.60749e-32 0 2.224e-31 0 1.42858e-30 0 7.43768e-30 0 3.20631e-29 0 1.21066e-28 0 4.20216e-28 0 1.27842e-27 0 3.62935e-27 0 9.49717e-27 0 2.26565e-26 0 5.28731e-26 0 1.17069e-25 0 2.46674e-25 0 4.95977e-25 0 9.53969e-25 0 1.75922e-24 0 3.20635e-24 0 5.61932e-24 0 9.74958e-24 0 1.63073e-23 0 2.70419e-23 0 4.33275e-23 0 6.89115e-23 0 1.0611e-22 0 1.62365e-22 0 2.46924e-22 0 3.64368e-22 0 5.34876e-22 0 7.8117e-22 0 1.10913e-21 0 1.56798e-21 0 2.1578e-21 0
38.9291 0.000577175 0.000160736 0.000416439 0.721512 0.658861 0 0 0 0 9.66896e-43 0 7.17757e-39 0 2.60338e-36 0 2.0077e-34 0 6.03116e-33 0 9.96074e-32 0 1.04057e-30 0 7.99345e-30 0 4.68883e-29 0 2.25224e-28 0 9.04065e-28 0 3.19923e-27 0 1.04498e-26 0 3.01104e-26 0 8.12358e-26 0 2.02822e-25 0 4.63744e-25 0 1.03837e-24 0 2.21159e-24 0 4.49347e-24 0 8.73193e-24 0 1.62672e-23 0 2.91154e-23 0 5.1533e-23 0 8.78741e-23 0 1.48416e-22 0 2.42086e-22 0 3.91651e-22 0 6.13239e-22 0 9.53496e-22 0 1.43757e-21 0 2.1545e-21 0 3.21018e-21 0 4.64789e-21 0 6.6962e-21 0 9.60042e-21 0 1.33996e-20 0 1.86256e-20 0 2.52355e-20 0
40.9273 0.000578634 0.000160729 0.000417905 0.722227 0.656663 0 0 0 0 1.23216e-40 0 5.91865e-37 0 1.60996e-34 0 1.00424e-32 0 2.55501e-31 0 3.67977e-30 0 3.42808e-29 0 2.38386e-28 0 1.28262e-27 0 5.70652e-27 0 2.14036e-26 0 7.12093e-26 0 2.19533e-25 0 6.00715e-25 0 1.54403e-24 0 3.68657e-24 0 8.0956e-24 0 1.74273e-23 0 3.57727e-23 0 7.02097e-23 0 1.3208e-22 0 2.38698e-22 0 4.15256e-22 0 7.14779e-22 0 1.18749e-21 0 1.95495e-21 0 3.11352e-21 0 4.92017e-21 0 7.53709e-21 0 1.14692e-20 0 1.69488e-20 0 2.49045e-20 0 3.63918e-20 0 5.17468e-20 0 7.32341e-20 0 1.03166e-19 0 1.41667e-19 0 1.93778e-19 0 2.58681e-19 0
43.0281 0.000580197 0.000160603 0.000419594 0.723192 0.654218 0 0 2.8026e-45 0 1.22314e-38 0 3.88402e-35 0 8.03538e-33 0 4.09628e-31 0 8.89856e-30 0 1.12509e-28 0 9.39935e-28 0 5.94574e-27 0 2.94674e-26 0 1.21889e-25 0 4.28597e-25 0 1.34465e-24 0 3.92375e-24 0 1.02217e-23 0 2.50896e-23 0 5.74126e-23 0 1.21326e-22 0 2.51581e-22 0 4.98599e-22 0 9.46888e-22 0 1.72719e-21 0 3.03252e-21 0 5.13486e-21 0 8.60735e-21 0 1.39497e-20 0 2.2413e-20 0 3.48936e-20 0 5.39228e-20 0 8.09008e-20 0 1.20609e-19 0 1.74866e-19 0 2.52164e-19 0 3.61715e-19 0 5.05571e-19 0 7.03475e-19 0 9.74551e-19 0 1.31769e-18 0 1.77503e-18 0 2.33637e-18 0
45.2368 0.00058178 0.000160604 0.000421175 0.723943 0.651877 0 0 4.16186e-43 0 9.58984e-37 0 2.05421e-33 0 3.27571e-31 0 1.37825e-29 0 2.57622e-28 0 2.87776e-27 0 2.16747e-26 0 1.25299e-25 0 5.74306e-25 0 2.21646e-24 0 7.32965e-24 0 2.1747e-23 0 6.02259e-23 0 1.49729e-22 0 3.5175e-22 0 7.73027e-22 0 1.57499e-21 0 3.15164e-21 0 6.04095e-21 0 1.11187e-20 0 1.96947e-20 0 3.36416e-20 0 5.55182e-20 0 9.0745e-20 0 1.43641e-19 0 2.25507e-19 0 3.43574e-19 0 5.19778e-19 0 7.64532e-19 0 1.11778e-18 0 1.59149e-18 0 2.25434e-18 0 3.17727e-18 0 4.36888e-18 0 5.98179e-18 0 8.15598e-18 0 1.08665e-17 0 1.44266e-17 0 1.87358e-17 0
47.5588 0.000583273 0.000160364 0.000422909 0.725062 0.649123 0 0 5.32143e-41 0 5.99375e-35 0 8.82889e-32 0 1.09907e-29 0 3.85261e-28 0 6.242e-27 0 6.1976e-26 0 4.22968e-25 0 2.24439e-24 0 9.55021e-24 0 3.45059e-23 0 1.07636e-22 0 3.0284e-22 0 7.97989e-22 0 1.89761e-21 0 4.27589e-21 0 9.04255e-21 0 1.77944e-20 0 3.44218e-20 0 6.39155e-20 0 1.14187e-19 0 1.96694e-19 0 3.27315e-19 0 5.27111e-19 0 8.41146e-19 0 1.30194e-18 0 1.99943e-18 0 2.98428e-18 0 4.42444e-18 0 6.38637e-18 0 9.1656e-18 0 1.28267e-17 0 1.78628e-17 0 2.47575e-17 0 3.35173e-17 0 4.51927e-17 0 6.06931e-17 0 7.97384e-17 0 1.04408e-16 0 1.33876e-16 0
50 0.000584883 0.000160334 0.000424549 0.725869 0.646566 1.4013e-45 0 5.30801e-39 0 3.02783e-33 0 3.12359e-30 0 3.07242e-28 0 9.05298e-27 0 1.28028e-25 0 1.1364e-24 0 7.06143e-24 0 3.4538e-23 0 1.36932e-22 0 4.64672e-22 0 1.37116e-21 0 3.66783e-21 0 9.21827e-21 0 2.10132e-20 0 4.55077e-20 0 9.27831e-20 0 1.76647e-19 0 3.30877e-19 0 5.96097e-19 0 1.0352e-18 0 1.73647e-18 0 2.81866e-18 0 4.43482e-18 0 6.91728e-18 0 1.04807e-17 0 1.5762e-17 0 2.30702e-17 0 3.35522e-17 0 4.75701e-17 0 6.7078e-17 0 9.23442e-17 0 1.26538e-16 0 1.72606e-16 0 2.30248e-16 0 3.05955e-16 0 4.05019e-16 0 5.25069e-16 0 6.78527e-16 0 8.59535e-16 0
52.5665 0.000586561 0.000160282 0.000426279 0.726743 0.643874 2.0459e-43 0 4.17713e-37 0 1.24748e-31 0 9.17117e-29 0 7.2103e-27 0 1.80105e-25 0 2.23803e-24 0 1.78565e-23 0 1.0149e-22 0 4.59374e-22 0 1.70281e-21 0 5.44379e-21 0 1.52369e-20 0 3.88468e-20 0 9.3337e-20 0 2.04374e-19 0 4.26219e-19 0 8.39288e-19 0 1.54844e-18 0 2.81286e-18 0 4.92398e-18 0 8.32378e-18 0 1.36143e-17 0 2.15824e-17 0 3.32141e-17 0 5.06939e-17 0 7.52664e-17 0 1.1096e-16 0 1.59416e-16 0 2.27645e-16 0 3.173e-16 0 4.39975e-16 0 5.9632e-16 0 8.04657e-16 0 1.08109e-15 0 1.42198e-15 0 1.86349e-15 0 2.43331e-15 0 3.11482e-15 0 3.9751e-15 0 4.97771e-15 0
55.2648 0.000588277 0.000160259 0.000428018 0.727579 0.641104 2.6158e-41 0 2.62427e-35 0 4.23493e-30 0 2.25573e-27 0 1.43307e-25 0 3.05919e-24 0 3.36136e-23 0 2.42332e-22 0 1.2653e-21 0 5.32011e-21 0 1.84987e-20 0 5.58768e-20 0 1.48732e-19 0 3.62257e-19 0 8.33927e-19 0 1.75744e-18 0 3.53593e-18 0 6.73619e-18 0 1.20618e-17 0 2.12817e-17 0 3.62496e-17 0 5.97276e-17 0 9.53712e-17 0 1.47826e-16 0 2.22758e-16 0 3.33044e-16 0 4.85027e-16 0 7.01622e-16 0 9.90336e-16 0 1.38981e-15 0 1.90601e-15 0 2.60108e-15 0 3.47342e-15 0 4.61886e-15 0 6.11683e-15 0 7.9386e-15 0 1.0267e-14 0 1.3233e-14 0 1.67362e-14 0 2.11058e-14 0 2.61405e-14 0
58.1015 0.000589987 0.000160054 0.000429934 0.728717 0.638017 2.60114e-39 0 1.32905e-33 0 1.1943e-28 0 4.68208e-26 0 2.4288e-24 0 4.46504e-23 0 4.36428e-22 0 2.85708e-21 0 1.37613e-20 0 5.39429e-20 0 1.76494e-19 0 5.05104e-19 0 1.28172e-18 0 2.98904e-18 0 6.60637e-18 0 1.34248e-17 0 2.61041e-17 0 4.81894e-17 0 8.38683e-17 0 1.43931e-16 0 2.38867e-16 0 3.84096e-16 0 5.99458e-16 0 9.09494e-16 0 1.34334e-15 0 1.96937e-15 0 2.81592e-15 0 4.00064e-15 0 5.55266e-15 0 7.66457e-15 0 1.03505e-14 0 1.39122e-14 0 1.83176e-14 0 2.40216e-14 0 3.13789e-14 0 4.02094e-14 0 5.1354e-14 0 6.53741e-14 0 8.17385e-14 0 1.01918e-13 0 1.24919e-13 0
61.0839 0.000591792 0.000160228 0.000431564 0.729249 0.635241 2.04588e-37 0 5.50241e-32 0 2.83315e-27 0 8.29811e-25 0 3.54977e-23 0 5.66109e-22 0 4.95048e-21 0 2.95676e-20 0 1.31892e-19 0 4.83647e-19 0 1.49344e-18 0 4.06018e-18 0 9.84494e-18 0 2.20291e-17 0 4.68394e-17 0 9.19436e-17 0 1.73069e-16 0 3.10074e-16 0 5.25245e-16 0 8.7794e-16 0 1.42143e-15 0 2.23326e-15 0 3.41051e-15 0 5.07015e-15 0 7.34748e-15 0 1.05722e-14 0 1.48552e-14 0 2.07463e-14 0 2.83375e-14 0 3.85047e-14 0 5.12409e-14 0 6.78861e-14 0 8.819e-14 0 1.14131e-13 0 1.47155e-13 0 1.86298e-13 0 2.35108e-13 0 2.95788e-13 0 3.65817e-13 0 4.51242e-13 0 5.4761e-13 0
64.2193 0.000593532 0.000159669 0.000433863 0.730986 0.631492 1.27868e-35 0 1.86783e-30 0 5.6625e-26 0 1.25685e-23 0 4.4757e-22 0 6.23505e-21 0 4.90465e-20 0 2.68461e-19 0 1.11321e-18 0 3.8312e-18 0 1.11966e-17 0 2.89892e-17 0 6.73169e-17 0 1.4482e-16 0 2.9679e-16 0 5.63713e-16 0 1.02883e-15 0 1.79154e-15 0 2.95765e-15 0 4.82122e-15 0 7.62432e-15 0 1.17175e-14 0 1.75282e-14 0 2.55582e-14 0 3.63732e-14 0 5.14155e-14 0 7.10548e-14 0 9.76279e-14 0 1.31336e-13 0 1.75806e-13 0 2.30716e-13 0 3.01493e-13 0 3.86694e-13 0 4.94181e-13 0 6.29314e-13 0 7.87586e-13 0 9.82705e-13 0 1.22256e-12 0 1.4964e-12 0 1.82702e-12 0 2.19634e-12 0
67.5157 0.000595291 0.000159454 0.000435837 0.732141 0.628 6.46422e-34 0 5.28367e-29 0 9.67819e-25 0 1.65011e-22 0 4.93558e-21 0 6.04593e-20 0 4.30027e-19 0 2.16633e-18 0 8.38034e-18 0 2.71527e-17 0 7.53054e-17 0 1.86124e-16 0 4.14788e-16 0 8.59582e-16 0 1.70095e-15 0 3.13112e-15 0 5.54918e-15 0 9.40478e-15 0 1.51509e-14 0 2.41151e-14 0 3.7292e-14 0 5.61223e-14 0 8.23187e-14 0 1.17841e-13 0 1.64841e-13 0 2.29107e-13 0 3.11658e-13 0 4.2162e-13 0 5.59038e-13 0 7.37749e-13 0 9.55409e-13 0 1.2323e-12 0 1.56145e-12 0 1.97172e-12 0 2.48143e-12 0 3.07168e-12 0 3.79147e-12 0 4.66683e-12 0 5.65607e-12 0 6.83876e-12 0 8.14762e-12 0
70.9813 0.000597163 0.000159386 0.000437778 0.733095 0.624518 2.66777e-32 0 1.25523e-27 0 1.42381e-23 0 1.88891e-21 0 4.78607e-20 0 5.18774e-19 0 3.35283e-18 0 1.56082e-17 0 5.65203e-17 0 1.72913e-16 0 4.5626e-16 0 1.07895e-15 0 2.31225e-15 0 4.62428e-15 0 8.8507e-15 0 1.58141e-14 0 2.72547e-14 0 4.50168e-14 0 7.08523e-14 0 1.10242e-13 0 1.6689e-13 0 2.46198e-13 0 3.54425e-13 0 4.98558e-13 0 6.86068e-13 0 9.38339e-13 0 1.2574e-12 0 1.67614e-12 0 2.19204e-12 0 2.85387e-12 0 3.6495e-12 0 4.64904e-12 0 5.82313e-12 0 7.26988e-12 0 9.04706e-12 0 1.1083e-11 0 1.35402e-11 0 1.64981e-11 0 1.98084e-11 0 2.37294e-11 0 2.80303e-11 0
74.6248 0.000599044 0.000159128 0.000439916 0.734364 0.620728 9.05873e-31 0 2.52063e-26 0 1.81246e-22 0 1.89403e-20 0 4.09842e-19 0 3.95442e-18 0 2.33317e-17 0 1.00757e-16 0 3.42644e-16 0 9.92561e-16 0 2.49786e-15 0 5.6638e-15 0 1.16944e-14 0 2.26095e-14 0 4.19236e-14 0 7.28148e-14 0 1.22201e-13 0 1.96955e-13 0 3.032e-13 0 4.61689e-13 0 6.84919e-13 0 9.91398e-13 0 1.40205e-12 0 1.93963e-12 0 2.62785e-12 0 3.53959e-12 0 4.67587e-12 0 6.14615e-12 0 7.93325e-12 0 1.01963e-11 0 1.28833e-11 0 1.6219e-11 0 2.00929e-11 0 2.48146e-11 0 3.05528e-11 0 3.70592e-11 0 4.48351e-11 0 5.41051e-11 0 6.43838e-11 0 7.64512e-11 0 8.95762e-11 0
78.4553 0.000600803 0.00015871 0.000442093 0.735837 0.61646 2.55539e-29 0 4.31424e-25 0 2.01077e-21 0 1.67455e-19 0 3.11844e-18 0 2.69363e-17 0 1.45735e-16 0 5.85971e-16 0 1.87711e-15 0 5.16239e-15 0 1.24191e-14 0 2.70566e-14 0 5.39224e-14 0 1.00949e-13 0 1.81626e-13 0 3.07067e-13 0 5.02469e-13 0 7.91191e-13 0 1.1926e-12 0 1.7791e-12 0 2.58897e-12 0 3.68039e-12 0 5.11753e-12 0 6.96841e-12 0 9.30201e-12 0 1.23485e-11 0 1.60924e-11 0 2.0872e-11 0 2.66072e-11 0 3.37808e-11 0 4.21982e-11 0 5.25302e-11 0 6.44e-11 0 7.87184e-11 0 9.59418e-11 0 1.15282e-10 0 1.38179e-10 0 1.65226e-10 0 1.94952e-10 0 2.29558e-10 0 2.66896e-10 0
82.4824 0.000602695 0.000158379 0.000444316 0.737216 0.612256 6.05213e-28 0 6.35263e-24 0 1.96021e-20 0 1.31544e-18 0 2.12374e-17 0 1.65114e-16 0 8.22643e-16 0 3.09042e-15 0 9.35286e-15 0 2.44824e-14 0 5.64263e-14 0 1.18346e-13 0 2.28047e-13 0 4.1406e-13 0 7.2391e-13 0 1.1929e-12 0 1.90563e-12 0 2.93483e-12 0 4.33608e-12 0 6.34337e-12 0 9.06344e-12 0 1.26649e-11 0 1.73292e-11 0 2.32437e-11 0 3.05931e-11 0 4.00547e-11 0 5.15281e-11 0 6.59892e-11 0 8.31307e-11 0 1.0432e-10 0 1.28907e-10 0 1.58762e-10 0 1.9271e-10 0 2.33259e-10 0 2.81562e-10 0 3.35299e-10 0 3.98358e-10 0 4.72192e-10 0 5.52664e-10 0 6.45596e-10 0 7.45099e-10 0
86.7162 0.00060447 0.000158519 0.00044595 0.737755 0.608285 1.21672e-26 0 8.12669e-23 0 1.69395e-19 0 9.25713e-18 0 1.30475e-16 0 9.17744e-16 0 4.22765e-15 0 1.48881e-14 0 4.26862e-14 0 1.06609e-13 0 2.35893e-13 0 4.77178e-13 0 8.90523e-13 0 1.57049e-12 0 2.67185e-12 0 4.29676e-12 0 6.70875e-12 0 1.01165e-11 0 1.46645e-11 0 2.10583e-11 0 2.95686e-11 0 4.06484e-11 0 5.47736e-11 0 7.24223e-11 0 9.40514e-11 0 1.2153e-10 0 1.5443e-10 0 1.95396e-10 0 2.43392e-10 0 3.02065e-10 0 3.6942e-10 0 4.50375e-10 0 5.4153e-10 0 6.49392e-10 0 7.76699e-10 0 9.17079e-10 0 1.08042e-09 0 1.27009e-09 0 1.47516e-09 0 1.71019e-09 0 1.96001e-09 0
91.1674 0.000606079 0.000157978 0.000448101 0.739345 0.603198 2.0782e-25 0 9.02963e-22 0 1.29601e-18 0 5.82573e-17 0 7.21605e-16 0 4.61456e-15 0 1.97297e-14 0 6.53382e-14 0 1.77942e-13 0 4.24988e-13 0 9.04605e-13 0 1.76801e-12 0 3.20052e-12 0 5.49012e-12 0 9.10101e-12 0 1.43003e-11 0 2.18474e-11 0 3.22907e-11 0 4.59666e-11 0 6.48524e-11 0 8.95643e-11 0 1.21227e-10 0 1.60992e-10 0 2.09982e-10 0 2.69237e-10 0 3.43571e-10 0 4.31505e-10 0 5.39735e-10 0 6.65143e-10 0 8.16825e-10 0 9.89192e-10 0 1.19435e-09 0 1.42322e-09 0 1.69163e-09 0 2.00565e-09 0 2.34902e-09 0 2.74536e-09 0 3.20191e-09 0 3.69182e-09 0 4.24923e-09 0 4.83763e-09 0
95.847 0.000608387 0.000158166 0.000450221 0.740024 0.598932 3.0664e-24 0 8.85098e-21 0 8.90833e-18 0 3.3254e-16 0 3.64277e-15 0 2.12774e-14 0 8.47422e-14 0 2.64702e-13 0 6.86475e-13 0 1.57131e-12 0 3.22349e-12 0 6.09738e-12 0 1.07225e-11 0 1.79149e-11 0 2.89737e-11 0 4.45326e-11 0 6.66416e-11 0 9.66361e-11 0 1.35212e-10 0 1.87587e-10 0 2.55015e-10 0 3.40104e-10 0 4.45451e-10 0 5.73516e-10 0 7.26485e-10 0 9.16091e-10 0 1.13783e-09 0 1.40775e-09 0 1.71724e-09 0 2.0878e-09 0 2.50484e-09 0 2.99665e-09 0 3.54045e-09 0 4.17281e-09 0 4.90645e-09 0 5.70227e-09 0 6.61384e-09 0 7.656e-09 0 8.76627e-09 0 1.00208e-08 0 1.13364e-08 0
100.767 0.000610453 0.000158193 0.00045226 0.740859 0.594199 3.91541e-23 0 7.65932e-20 0 5.50029e-17 0 1.7206e-15 0 1.67691e-14 0 8.98616e-14 0 3.34543e-13 0 9.88457e-13 0 2.44692e-12 0 5.37896e-12 0 1.06543e-11 0 1.95356e-11 0 3.34203e-11 0 5.44558e-11 0 8.60283e-11 0 1.29479e-10 0 1.89986e-10 0 2.70542e-10 0 3.72383e-10 0 5.08432e-10 0 6.80903e-10 0 8.9542e-10 0 1.15743e-09 0 1.47191e-09 0 1.8431e-09 0 2.29796e-09 0 2.82413e-09 0 3.45796e-09 0 4.17744e-09 0 5.03067e-09 0 5.98213e-09 0 7.09432e-09 0 8.31376e-09 0 9.72036e-09 0 1.13393e-08 0 1.30822e-08 0 1.5064e-08 0 1.73136e-08 0 1.96938e-08 0 2.23656e-08 0 2.515e-08 0
105.939 0.000611937 0.000157708 0.000454229 0.742281 0.588217 4.34718e-22 0 5.87382e-19 0 3.0596e-16 0 8.09007e-15 0 7.05511e-14 0 3.48315e-13 0 1.21612e-12 0 3.40809e-12 0 8.07145e-12 0 1.70737e-11 0 3.27087e-11 0 5.82251e-11 0 9.70303e-11 0 1.5438e-10 0 2.38501e-10 0 3.51869e-10 0 5.06722e-10 0 7.09234e-10 0 9.61102e-10 0 1.29244e-09 0 1.70635e-09 0 2.21413e-09 0 2.82636e-09 0 3.55236e-09 0 4.39963e-09 0 5.42668e-09 0 6.60243e-09 0 8.00472e-09 0 9.58139e-09 0 1.14341e-08 0 1.34822e-08 0 1.58562e-08 0 1.84384e-08 0 2.1394e-08 0 2.47703e-08 0 2.83787e-08 0 3.24536e-08 0 3.70474e-08 0 4.18762e-08 0 4.7263e-08 0 5.28434e-08 0
111.377 0.000614301 0.000157745 0.000456556 0.743212 0.582762 4.25258e-21 0 4.04121e-18 0 1.55101e-15 0 3.4951e-14 0 2.74214e-13 0 1.25228e-12 0 4.11334e-12 0 1.09617e-11 0 2.48907e-11 0 5.07607e-11 0 9.42059e-11 0 1.63041e-10 0 2.65012e-10 0 4.12193e-10 0 6.23417e-10 0 9.02449e-10 0 1.27667e-09 0 1.7578e-09 0 2.34696e-09 0 3.11075e-09 0 4.05166e-09 0 5.19091e-09 0 6.54773e-09 0 8.1383e-09 0 9.97464e-09 0 1.21777e-08 0 1.4675e-08 0 1.76253e-08 0 2.09125e-08 0 2.47419e-08 0 2.89398e-08 0 3.37673e-08 0 3.8978e-08 0 4.48991e-08 0 5.16142e-08 0 5.87418e-08 0 6.67379e-08 0 7.56937e-08 0 8.50495e-08 0 9.54245e-08 0 1.06112e-07 0
117.094 0.000616832 0.000157902 0.00045893 0.744011 0.577572 3.6794e-20 0 2.50175e-17 0 7.18092e-15 0 1.38987e-13 0 9.86108e-13 0 4.18148e-12 0 1.296e-11 0 3.29235e-11 0 7.18251e-11 0 1.41467e-10 0 2.54739e-10 0 4.29223e-10 0 6.8132e-10 0 1.0371e-09 0 1.53718e-09 0 2.18538e-09 0 3.03967e-09 0 4.12037e-09 0 5.42429e-09 0 7.09133e-09 0 9.11785e-09 0 1.15411e-08 0 1.43937e-08 0 1.77013e-08 0 2.1481e-08 0 2.59712e-08 0 3.10133e-08 0 3.69166e-08 0 4.34376e-08 0 5.09714e-08 0 5.91652e-08 0 6.85165e-08 0 7.85374e-08 0 8.98453e-08 0 1.02582e-07 0 1.16013e-07 0 1.30986e-07 0 1.47653e-07 0 1.64962e-07 0 1.84048e-07 0 2.03603e-07 0
123.105 0.000618475 0.000157864 0.000460611 0.744753 0.571269 2.82693e-19 0 1.39795e-16 0 3.04383e-14 0 5.09787e-13 0 3.28695e-12 0 1.29887e-11 0 3.8094e-11 0 9.24671e-11 0 1.94186e-10 0 3.7002e-10 0 6.47429e-10 0 1.06345e-09 0 1.65039e-09 0 2.46121e-09 0 3.57856e-09 0 5.00092e-09 0 6.84469e-09 0 9.1414e-09 0 1.18738e-08 0 1.53212e-08 0 1.94593e-08 0 2.43493e-08 0 3.00419e-08 0 3.6574e-08 0 4.39661e-08 0 5.26661e-08 0 6.23483e-08 0 7.35875e-08 0 8.59012e-08 0 1.00016e-07 0 1.15252e-07 0 1.32515e-07 0 1.50887e-07 0 1.71482e-07 0 1.94529e-07 0 2.1868e-07 0 2.45446e-07 0 2.75063e-07 0 3.05649e-07 0 3.39195e-07 0 3.73388e-07 0
129.424 0.00062013 0.000157763 0.000462366 0.745597 0.563835 1.94152e-18 0 7.09213e-16 0 1.1873e-13 0 1.73288e-12 0 1.02012e-11 0 3.76955e-11 0 1.04897e-10 0 2.43832e-10 0 4.93843e-10 0 9.11854e-10 0 1.55249e-09 0 2.48904e-09 0 3.7808e-09 0 5.52929e-09 0 7.89394e-09 0 1.08527e-08 0 1.46281e-08 0 1.92624e-08 0 2.47026e-08 0 3.14804e-08 0 3.9519e-08 0 4.89115e-08 0 5.97307e-08 0 7.2023e-08 0 8.58052e-08 0 1.01882e-07 0 1.19622e-07 0 1.40048e-07 0 1.62253e-07 0 1.87515e-07 0 2.1459e-07 0 2.45057e-07 0 2.77268e-07 0 3.13151e-07 0 3.53057e-07 0 3.9463e-07 0 4.4044e-07 0 4.90849e-07 0 5.42629e-07 0 5.9913e-07 0 6.56441e-07 0
136.067 0.0006227 0.000157741 0.00046496 0.746683 0.556632 1.19949e-17 0 3.28485e-15 0 4.28276e-13 0 5.48393e-12 0 2.96066e-11 0 1.02639e-10 0 2.71697e-10 0 6.06075e-10 0 1.18593e-09 0 2.12516e-09 0 3.52544e-09 0 5.5234e-09 0 8.22042e-09 0 1.1801e-08 0 1.65575e-08 0 2.24125e-08 0 2.97721e-08 0 3.86809e-08 0 4.90066e-08 0 6.17179e-08 0 7.66221e-08 0 9.38509e-08 0 1.13498e-07 0 1.3561e-07 0 1.60185e-07 0 1.8861e-07 0 2.19724e-07 0 2.55269e-07 0 2.93625e-07 0 3.36952e-07 0 3.83073e-07 0 4.34634e-07 0 4.88809e-07 0 5.48798e-07 0 6.1512e-07 0 6.83824e-07 0 7.59124e-07 0 8.41543e-07 0 9.25774e-07 0 1.01724e-06 0 1.10958e-06 0
143.051 0.000625785 0.000158155 0.00046763 0.747269 0.550414 6.71647e-17 0 1.39845e-14 0 1.43742e-12 0 1.62512e-11 0 8.0803e-11 0 2.63626e-10 0 6.65458e-10 0 1.42741e-09 0 2.70302e-09 0 4.70775e-09 0 7.61907e-09 0 1.16782e-08 0 1.70463e-08 0 2.40431e-08 0 3.31806e-08 0 4.42547e-08 0 5.79772e-08 0 7.43695e-08 0 9.31397e-08 0 1.15985e-07 0 1.42481e-07 0 1.72799e-07 0 2.07043e-07 0 2.4524e-07 0 2.87336e-07 0 3.35636e-07 0 3.88099e-07 0 4.47595e-07 0 5.11341e-07 0 5.82864e-07 0 6.58507e-07 0 7.4255e-07 0 8.30328e-07 0 9.26976e-07 0 1.03323e-06 0 1.14271e-06 0 1.26209e-06 0 1.39209e-06 0 1.52431e-06 0 1.66722e-06 0 1.81088e-06 0
150.394 0.000627809 0.000158455 0.000469354 0.747607 0.543306 3.41335e-16 0 5.47634e-14 0 4.48947e-12 0 4.50889e-11 0 2.07303e-10 0 6.38398e-10 0 1.54025e-09 0 3.18301e-09 0 5.8425e-09 0 9.9037e-09 0 1.56559e-08 0 2.35015e-08 0 3.36768e-08 0 4.67088e-08 0 6.34545e-08 0 8.34508e-08 0 1.07895e-07 0 1.36729e-07 0 1.69367e-07 0 2.08662e-07 0 2.53768e-07 0 3.0488e-07 0 3.62088e-07 0 4.25359e-07 0 4.94532e-07 0 5.73296e-07 0 6.58224e-07 0 7.53862e-07 0 8.55646e-07 0 9.69115e-07 0 1.08838e-06 0 1.22011e-06 0 1.35692e-06 0 1.50674e-06 0 1.67058e-06 0 1.83853e-06 0 2.02077e-06 0 2.21828e-06 0 2.41823e-06 0 2.6334e-06 0 2.84878e-06 0
158.114 0.000628629 0.000158093 0.000470536 0.748512 0.533496 1.57643e-15 0 1.97383e-13 0 1.30491e-11 0 1.17095e-10 0 4.99719e-10 0 1.45667e-09 0 3.36656e-09 0 6.71494e-09 0 1.19653e-08 0 1.97667e-08 0 3.05565e-08 0 4.49684e-08 0 6.33163e-08 0 8.64264e-08 0 1.15668e-07 0 1.50097e-07 0 1.91645e-07 0 2.40067e-07 0 2.94281e-07 0 3.58883e-07 0 4.32311e-07 0 5.14753e-07 0 6.06229e-07 0 7.06584e-07 0 8.15469e-07 0 9.38552e-07 0 1.07034e-06 0 1.21777e-06 0 1.37367e-06 0 1.5464e-06 0 1.7269e-06 0 1.92514e-06 0 2.12993e-06 0 2.35303e-06 0 2.59578e-06 0 2.84341e-06 0 3.11087e-06 0 3.39941e-06 0 3.69025e-06 0 4.00192e-06 0 4.31264e-06 0
166.23 0.000630038 0.000157525 0.000472513 0.749976 0.522061 6.66485e-15 0 6.59193e-13 0 3.55148e-11 0 2.86314e-10 0 1.13831e-09 0 3.14929e-09 0 6.98671e-09 0 1.34738e-08 0 2.33412e-08 0 3.76259e-08 0 5.69404e-08 0 8.22303e-08 0 1.13864e-07 0 1.5308e-07 0 2.01979e-07 0 2.58786e-07 0 3.265e-07 0 4.04522e-07 0 4.90968e-07 0 5.92975e-07 0 7.07837e-07 0 8.35669e-07 0 9.76348e-07 0 1.12949e-06 0 1.29446e-06 0 1.47965e-06 0 1.67663e-06 0 1.89558e-06 0 2.12572e-06 0 2.37922e-06 0 2.64264e-06 0 2.93042e-06 0 3.22618e-06 0 3.54682e-06 0 3.89401e-06 0 4.24656e-06 0 4.62565e-06 0 5.03286e-06 0 5.44159e-06 0 5.87786e-06 0 6.31116e-06 0
174.763 0.000633327 0.000157865 0.000475461 0.750736 0.511908 2.60893e-14 0 2.06191e-12 0 9.14391e-11 0 6.65746e-10 0 2.47435e-09 0 6.5138e-09 0 1.38995e-08 0 2.59591e-08 0 4.37796e-08 0 6.89465e-08 0 1.02249e-07 0 1.45037e-07 0 1.97665e-07 0 2.61932e-07 0 3.40955e-07 0 4.31596e-07 0 5.38383e-07 0 6.60096e-07 0 7.93619e-07 0 9.49713e-07 0 1.12392e-06 0 1.31618e-06 0 1.52611e-06 0 1.75297e-06 0 1.99568e-06 0 2.26634e-06 0 2.55243e-06 0 2.86851e-06 0 3.19882e-06 0 3.56066e-06 0 3.93466e-06 0 4.34117e-06 0 4.75693e-06 0 5.20558e-06 0 5.68913e-06 0 6.17801e-06 0 6.70149e-06 0 7.26147e-06 0 7.82132e-06 0 8.41662e-06 0 9.00575e-06 0
183.733 0.00063771 0.000158924 0.000478785 0.750789 0.503795 9.48193e-14 0 6.05404e-12 0 2.23101e-10 0 1.47429e-09 0 5.13925e-09 0 1.29047e-08 0 2.65364e-08 0 4.80714e-08 0 7.90291e-08 0 1.2173e-07 0 1.77088e-07 0 2.46943e-07 0 3.31499e-07 0 4.33283e-07 0 5.56789e-07 0 6.96741e-07 0 8.59801e-07 0 1.04374e-06 0 1.24363e-06 0 1.47524e-06 0 1.73155e-06 0 2.01218e-06 0 2.31633e-06 0 2.64272e-06 0 2.98962e-06 0 3.37407e-06 0 3.77801e-06 0 4.22173e-06 0 4.68288e-06 0 5.18538e-06 0 5.70217e-06 0 6.26117e-06 0 6.83024e-06 0 7.44161e-06 0 8.09768e-06 0 8.75821e-06 0 9.46268e-06 0 1.02133e-05 0 1.09609e-05 0 1.1753e-05 0 1.25342e-05 0
193.164 0.000640268 0.000159271 0.000480997 0.751243 0.495184 3.1831e-13 0 1.65907e-11 0 5.12673e-10 0 3.08946e-09 0 1.01326e-08 0 2.43246e-08 0 4.82896e-08 0 8.49766e-08 0 1.36351e-07 0 2.05641e-07 0 2.93733e-07 0 4.03003e-07 0 5.33276e-07 0 6.87959e-07 0 8.73301e-07 0 1.08091e-06 0 1.32026e-06 0 1.5876e-06 0 1.87553e-06 0 2.20636e-06 0 2.56951e-06 0 2.96414e-06 0 3.38881e-06 0 3.84152e-06 0 4.31969e-06 0 4.84647e-06 0 5.3968e-06 0 5.99805e-06 0 6.61964e-06 0 7.29358e-06 0 7.98337e-06 0 8.72607e-06 0 9.47883e-06 0 1.02841e-05 0 1.11448e-05 0 1.20078e-05 0 1.29247e-05 0 1.38981e-05 0 1.48641e-05 0 1.5884e-05 0 1.68867e-05 0
203.079 0.000640709 0.000159849 0.00048086 0.750513 0.484281 9.96519e-13 0 4.28221e-11 0 1.11917e-09 0 6.1781e-09 0 1.91209e-08 0 4.3981e-08 0 8.44368e-08 0 1.44542e-07 0 2.26635e-07 0 3.35016e-07 0 4.70272e-07 0 6.35329e-07 0 8.29283e-07 0 1.05661e-06 0 1.32573e-06 0 1.62391e-06 0 1.96421e-06 0 2.34078e-06 0 2.7429e-06 0 3.20123e-06 0 3.70051e-06 0 4.23916e-06 0 4.81493e-06 0 5.42483e-06 0 6.06526e-06 0 6.76679e-06 0 7.49572e-06 0 8.28795e-06 0 9.10292e-06 0 9.98233e-06 0 1.08783e-05 0 1.18388e-05 0 1.28082e-05 0 1.38412e-05 0 1.49408e-05 0 1.60393e-05 0 1.72022e-05 0 1.84322e-05 0 1.96488e-05 0 2.09292e-05 0 2.21839e-05 0
213.503 0.00063993 0.000159565 0.000480364 0.750652 0.468704 2.8997e-12 0 1.03704e-10 0 2.31116e-09 0 1.17371e-08 0 3.43763e-08 0 7.59197e-08 0 1.41186e-07 0 2.35426e-07 0 3.6112e-07 0 5.23723e-07 0 7.23094e-07 0 9.62644e-07 0 1.24028e-06 0 1.56169e-06 0 1.93788e-06 0 2.35033e-06 0 2.81658e-06 0 3.32795e-06 0 3.86959e-06 0 4.48225e-06 0 5.14478e-06 0 5.85469e-06 0 6.60866e-06 0 7.40256e-06 0 8.2315e-06 0 9.13465e-06 0 1.00682e-05 0 1.10779e-05 0 1.21116e-05 0 1.32221e-05 0 1.43485e-05 0 1.5551e-05 0 1.67599e-05 0 1.80432e-05 0 1.9404e-05 0 2.07587e-05 0 2.21878e-05 0 2.36943e-05 0 2.51795e-05 0 2.67379e-05 0 2.82604e-05 0
224.463 0.000640403 0.000159255 0.000481148 0.751321 0.449845 7.90949e-12 0 2.37546e-10 0 4.54952e-09 0 2.13423e-08 0 5.93132e-08 0 1.26022e-07 0 2.27368e-07 0 3.69786e-07 0 5.55489e-07 0 7.91122e-07 0 1.07522e-06 0 1.41156e-06 0 1.79631e-06 0 2.23651e-06 0 2.74616e-06 0 3.29942e-06 0 3.91917e-06 0 4.59316e-06 0 5.30155e-06 0 6.09702e-06 0 6.9513e-06 0 7.86073e-06 0 8.82073e-06 0 9.8258e-06 0 1.08696e-05 0 1.20011e-05 0 1.3165e-05 0 1.44178e-05 0 1.56947e-05 0 1.70604e-05 0 1.84401e-05 0 1.99072e-05 0 2.13765e-05 0 2.29306e-05 0 2.45727e-05 0 2.62017e-05 0 2.79147e-05 0 2.97147e-05 0 3.14838e-05 0 3.33344e-05 0 3.51376e-05 0
235.984 0.000643515 0.000159301 0.000484215 0.752452 0.430567 2.03373e-11 0 5.17309e-10 0 8.57758e-09 0 3.73135e-08 0 9.86513e-08 0 2.02031e-07 0 3.5415e-07 0 5.62467e-07 0 8.28311e-07 0 1.15948e-06 0 1.55243e-06 0 2.01115e-06 0 2.52939e-06 0 3.11571e-06 0 3.78757e-06 0 4.51004e-06 0 5.31235e-06 0 6.17789e-06 0 7.08094e-06 0 8.08802e-06 0 9.16243e-06 0 1.02992e-05 0 1.14921e-05 0 1.27343e-05 0 1.40179e-05 0 1.54025e-05 0 1.68201e-05 0 1.83392e-05 0 1.98809e-05 0 2.15231e-05 0 2.31756e-05 0 2.49262e-05 0 2.66731e-05 0 2.85144e-05 0 3.04534e-05 0 3.23708e-05 0 3.43808e-05 0 3.64863e-05 0 3.85497e-05 0 4.07021e-05 0 4.27937e-05 0
248.097 0.000649113 0.000160078 0.000489035 0.75339 0.413701 4.95562e-11 0 1.0763e-09 0 1.55597e-08 0 6.29984e-08 0 1.58837e-07 0 3.141e-07 0 5.35717e-07 0 8.31832e-07 0 1.20206e-06 0 1.65525e-06 0 2.18487e-06 0 2.79491e-06 0 3.47599e-06 0 4.23838e-06 0 5.10345e-06 0 6.02537e-06 0 7.04075e-06 0 8.12779e-06 0 9.25404e-06 0 1.05018e-05 0 1.18247e-05 0 1.3216e-05 0 1.46682e-05 0 1.61726e-05 0 1.77195e-05 0 1.93804e-05 0 2.10733e-05 0 2.28798e-05 0 2.47058e-05 0 2.66432e-05 0 2.85855e-05 0 3.06357e-05 0 3.26747e-05 0 3.48167e-05 0 3.70652e-05 0 3.92818e-05 0 4.15985e-05 0 4.40183e-05 0 4.63831e-05 0 4.88434e-05 0 5.12281e-05 0
260.832 0.000655244 0.00016201 0.000493234 0.752749 0.400387 1.15057e-10 0 2.1502e-09 0 2.7284e-08 0 1.03177e-07 0 2.48654e-07 0 4.75614e-07 0 7.90319e-07 0 1.20108e-06 0 1.70473e-06 0 2.31107e-06 0 3.00946e-06 0 3.80374e-06 0 4.68057e-06 0 5.65218e-06 0 6.74439e-06 0 7.89845e-06 0 9.1596e-06 0 1.05e-05 0 1.18794e-05 0 1.33983e-05 0 1.49989e-05 0 1.6673e-05 0 1.84112e-05 0 2.02029e-05 0 2.20369e-05 0 2.39974e-05 0 2.59874e-05 0 2.81022e-05 0 3.02315e-05 0 3.24824e-05 0 3.47311e-05 0 3.70966e-05 0 3.94415e-05 0 4.18973e-05 0 4.44672e-05 0 4.69932e-05 0 4.9626e-05 0 5.23683e-05 0 5.50412e-05 0 5.7815e-05 0 6.0497e-05 0
274.221 0.000659641 0.000164135 0.000495506 0.751176 0.388921 2.53667e-10 0 4.1091e-09 0 4.60577e-08 0 1.6322e-07 0 3.76821e-07 0 6.983e-07 0 1.13194e-06 0 1.68546e-06 0 2.35168e-06 0 3.14111e-06 0 4.03795e-06 0 5.04567e-06 0 6.14623e-06 0 7.35409e-06 0 8.69983e-06 0 1.01103e-05 0 1.16401e-05 0 1.32549e-05 0 1.49063e-05 0 1.67137e-05 0 1.86077e-05 0 2.05782e-05 0 2.26138e-05 0 2.47024e-05 0 2.6831e-05 0 2.90968e-05 0 3.13875e-05 0 3.38126e-05 0 3.62454e-05 0 3.8808e-05 0 4.13595e-05 0 4.40349e-05 0 4.66787e-05 0 4.94395e-05 0 5.23202e-05 0 5.51437e-05 0 5.80788e-05 0 6.1128e-05 0 6.40924e-05 0 6.71615e-05 0 7.01222e-05 0
288.297 0.000660301 0.000165768 0.000494533 0.748951 0.376193 5.30224e-10 0 7.49706e-09 0 7.46798e-08 0 2.48798e-07 0 5.51403e-07 0 9.9151e-07 0 1.56977e-06 0 2.29241e-06 0 3.14695e-06 0 4.14438e-06 0 5.26276e-06 0 6.50503e-06 0 7.84799e-06 0 9.30843e-06 0 1.09219e-05 0 1.25999e-05 0 1.44071e-05 0 1.63021e-05 0 1.82284e-05 0 2.0325e-05 0 2.25101e-05 0 2.47719e-05 0 2.70976e-05 0 2.94732e-05 0 3.18841e-05 0 3.44404e-05 0 3.70149e-05 0 3.97305e-05 0 4.24453e-05 0 4.52954e-05 0 4.81239e-05 0 5.10808e-05 0 5.39943e-05 0 5.70281e-05 0 6.01849e-05 0 6.32709e-05 0 6.64708e-05 0 6.97867e-05 0 7.30028e-05 0 7.63248e-05 0 7.95226e-05 0
303.095 0.00065689 0.000166477 0.000490413 0.746568 0.358556 1.0507e-09 0 1.30539e-08 0 1.16228e-07 0 3.65122e-07 0 7.78372e-07 0 1.36011e-06 0 2.10559e-06 0 3.01858e-06 0 4.08023e-06 0 5.30174e-06 0 6.65441e-06 0 8.14058e-06 0 9.73168e-06 0 1.1447e-05 0 1.33268e-05 0 1.52675e-05 0 1.73437e-05 0 1.9507e-05 0 2.16937e-05 0 2.40608e-05 0 2.65153e-05 0 2.90438e-05 0 3.1632e-05 0 3.42646e-05 0 3.69259e-05 0 3.9737e-05 0 4.25579e-05 0 4.55231e-05 0 4.84775e-05 0 5.15694e-05 0 5.46286e-05 0 5.78173e-05 0 6.09505e-05 0 6.42044e-05 0 6.75813e-05 0 7.08743e-05 0 7.42805e-05 0 7.78019e-05 0 8.12096e-05 0 8.4722e-05 0 8.8096e-05 0
318.653 0.000650863 0.000165845 0.000485018 0.745192 0.332828 1.97367e-09 0 2.16825e-08 0 1.73508e-07 0 5.15437e-07 0 1.05895e-06 0 1.80066e-06 0 2.72876e-06 0 3.84379e-06 0 5.11983e-06 0 6.56812e-06 0 8.153e-06 0 9.87628e-06 0 1.17043e-05 0 1.36587e-05 0 1.57844e-05 0 1.79636e-05 0 2.028e-05 0 2.26793e-05 0 2.50915e-05 0 2.76893e-05 0 3.03701e-05 0 3.31191e-05 0 3.59209e-05 0 3.87595e-05 0 4.16183e-05 0 4.46271e-05 0 4.76361e-05 0 5.07886e-05 0 5.39198e-05 0 5.71869e-05 0 6.04101e-05 0 6.37605e-05 0 6.70439e-05 0 7.04451e-05 0 7.39662e-05 0 7.73916e-05 0 8.09267e-05 0 8.45732e-05 0 8.80944e-05 0 9.17163e-05 0 9.51888e-05 0
335.009 0.00064449 0.000164058 0.000480433 0.745446 0.297597 3.52583e-09 0 3.44572e-08 0 2.4911e-07 0 7.01718e-07 0 1.39187e-06 0 2.30621e-06 0 3.42471e-06 0 4.74415e-06 0 6.23134e-06 0 7.89751e-06 0 9.70039e-06 0 1.16414e-05 0 1.36824e-05 0 1.58475e-05 0 1.81852e-05 0 2.05659e-05 0 2.30812e-05 0 2.56719e-05 0 2.8263e-05 0 3.10402e-05 0 3.38928e-05 0 3.68053e-05 0 3.97618e-05 0 4.27457e-05 0 4.57402e-05 0 4.88811e-05 0 5.2012e-05 0 5.5282e-05 0 5.85202e-05 0 6.18894e-05 0 6.52042e-05 0 6.86408e-05 0 7.20003e-05 0 7.54719e-05 0 7.90575e-05 0 8.25378e-05 0 8.61218e-05 0 8.98109e-05 0 9.3366e-05 0 9.70157e-05 0 0.000100508 0
352.205 0.000640999 0.000162697 0.000478302 0.746182 0.254779 6.06031e-09 0 5.2988e-08 0 3.47813e-07 0 9.31452e-07 0 1.78681e-06 0 2.88854e-06 0 4.2075e-06 0 5.73661e-06 0 7.43539e-06 0 9.31529e-06 0 1.13278e-05 0 1.34741e-05 0 1.57124e-05 0 1.8069e-05 0 2.05961e-05 0 2.31535e-05 0 2.58399e-05 0 2.8592e-05 0 3.13311e-05 0 3.42535e-05 0 3.7242e-05 0 4.0281e-05 0 4.33539e-05 0 4.64441e-05 0 4.95349e-05 0 5.27664e-05 0 5.59777e-05 0 5.93217e-05 0 6.26239e-05 0 6.60503e-05 0 6.94127e-05 0 7.28901e-05 0 7.62813e-05 0 7.97779e-05 0 8.33812e-05 0 8.68711e-05 0 9.04577e-05 0 9.41421e-05 0 9.76859e-05 0 0.000101317 0 0.000104786 0
370.284 0.000641864 0.000161939 0.000479925 0.747705 0.20723 1.00543e-08 0 7.90783e-08 0 4.73512e-07 0 1.20854e-06 0 2.24581e-06 0 3.54647e-06 0 5.07195e-06 0 6.8115e-06 0 8.71769e-06 0 1.08025e-05 0 1.30118e-05 0 1.53471e-05 0 1.77632e-05 0 2.02891e-05 0 2.298e-05 0 2.56869e-05 0 2.85149e-05 0 3.13974e-05 0 3.4253e-05 0 3.72863e-05 0 4.03756e-05 0 4.35047e-05 0 4.66573e-05 0 4.98168e-05 0 5.29668e-05 0 5.62502e-05 0 5.95035e-05 0 6.28819e-05 0 6.6209e-05 0 6.96524e-05 0 7.30233e-05 0 7.65013e-05 0 7.98855e-05 0 8.33674e-05 0 8.69479e-05 0 9.04089e-05 0 9.39589e-05 0 9.75987e-05 0 0.000101093 0 0.000104668 0 0.000108077 0
389.291 0.000648133 0.000163567 0.000484566 0.747634 0.159702 1.63094e-08 0 1.15988e-07 0 6.36416e-07 0 1.55172e-06 0 2.79765e-06 0 4.32055e-06 0 6.07218e-06 0 8.03846e-06 0 1.01651e-05 0 1.24654e-05 0 1.48794e-05 0 1.74097e-05 0 2.00079e-05 0 2.2706e-05 0 2.55625e-05 0 2.84198e-05 0 3.13894e-05 0 3.44017e-05 0 3.73728e-05 0 4.05159e-05 0 4.37043e-05 0 4.69219e-05 0 5.01525e-05 0 5.33798e-05 0 5.65877e-05 0 5.99218e-05 0 6.32161e-05 0 6.66281e-05 0 6.99798e-05 0 7.34403e-05 0 7.68201e-05 0 8.02995e-05 0 8.36779e-05 0 8.71468e-05 0 9.07069e-05 0 9.41415e-05 0 9.76581e-05 0 0.000101257 0 0.000104707 0 0.00010823 0 0.000111584 0
409.273 0.000658063 0.000165325 0.000492738 0.74877 0.1135 2.55549e-08 0 1.6514e-07 0 8.33858e-07 0 1.94659e-06 0 3.41013e-06 0 5.15606e-06 0 7.12727e-06 0 9.30725e-06 0 1.1636e-05 0 1.41283e-05 0 1.672e-05 0 1.94148e-05 0 2.21622e-05 0 2.49971e-05 0 2.79809e-05 0 3.09495e-05 0 3.40196e-05 0 3.71197e-05 0 4.01647e-05 0 4.33734e-05 0 4.66163e-05 0 4.98775e-05 0 5.31412e-05 0 5.63916e-05 0 5.96132e-05 0 6.29523e-05 0 6.62431e-05 0 6.9643e-05 0 7.29748e-05 0 7.64068e-05 0 7.97515e-05 0 8.31876e-05 0 8.65173e-05 0 8.99296e-05 0 9.34251e-05 0 9.67912e-05 0 0.000100232 0 0.000103747 0 0.000107111 0 0.000110541 0 0.000113803 0
430.281 0.000669672 0.000167914 0.000501759 0.74926 0.0707174 3.89054e-08 0 2.29523e-07 0 1.07088e-06 0 2.39863e-06 0 4.08875e-06 0 6.05887e-06 0 8.24432e-06 0 1.06272e-05 0 1.31428e-05 0 1.58083e-05 0 1.85561e-05 0 2.13914e-05 0 2.42628e-05 0 2.72076e-05 0 3.02899e-05 0 3.33409e-05 0 3.64817e-05 0 3.96394e-05 0 4.27288e-05 0 4.59723e-05 0 4.92389e-05 0 5.25131e-05 0 5.57797e-05 0 5.90236e-05 0 6.22301e-05 0 6.55451e-05 0 6.8804e-05 0 7.21629e-05 0 7.54472e-05 0 7.88231e-05 0 8.21062e-05 0 8.54724e-05 0 8.87283e-05 0 9.20589e-05 0 9.54646e-05 0 9.87389e-05 0 0.00010208 0 0.000105488 0 0.000108745 0 0.000112061 0 0.000115209 0
452.368 0.000680719 0.000171031 0.000509688 0.74875 0.0321012 5.75305e-08 0 3.11232e-07 0 1.34696e-06 0 2.9007e-06 0 4.81776e-06 0 7.00384e-06 0 9.38853e-06 0 1.19539e-05 0 1.46321e-05 0 1.74429e-05 0 2.03168e-05 0 2.32608e-05 0 2.62232e-05 0 2.92442e-05 0 3.23895e-05 0 3.5488e-05 0 3.86636e-05 0 4.18433e-05 0 4.49427e-05 0 4.81854e-05 0 5.14403e-05 0 5.46926e-05 0 5.7928e-05 0 6.11322e-05 0 6.42913e-05 0 6.75495e-05 0 7.0745e-05 0 7.40314e-05 0 7.72379e-05 0 8.05271e-05 0 8.37197e-05 0 8.69871e-05 0 9.01417e-05 0 9.33634e-05 0 9.66522e-05 0 9.98089e-05 0 0.000103025 0 0.000106302 0 0.000109427 0 0.000112606 0 0.00011562 0
475.588 0.000688578 0.000174556 0.000514022 0.746497 -0.00221025 8.26891e-08 0 4.11951e-07 0 1.65987e-06 0 3.44339e-06 0 5.57965e-06 0 7.96528e-06 0 1.05266e-05 0 1.3247e-05 0 1.60571e-05 0 1.89799e-05 0 2.1945e-05 0 2.49619e-05 0 2.79793e-05 0 3.10397e-05 0 3.42102e-05 0 3.73194e-05 0 4.04927e-05 0 4.36579e-05 0 4.67324e-05 0 4.99384e-05 0 5.31465e-05 0 5.63426e-05 0 5.95133e-05 0 6.26455e-05 0 6.57262e-05 0 6.88963e-05 0 7.19986e-05 0 7.51824e-05 0 7.82826e-05 0 8.14568e-05 0 8.45321e-05 0 8.76739e-05 0 9.07023e-05 0 9.379e-05 0 9.69372e-05 0 9.99536e-05 0 0.000103023 0 0.000106144 0 0.000109119 0 0.000112139 0 0.000115 0
500 0.000690781 0.000178223 0.000512558 0.741998 -0.0324644 1.15505e-07 0 5.32058e-07 0 2.00296e-06 0 4.01008e-06 0 6.34724e-06 0 8.90594e-06 0 1.16119e-05 0 1.44513e-05 0 1.73552e-05 0 2.03498e-05 0 2.33654e-05 0 2.64138e-05 0 2.94455e-05 0 3.25046e-05 0 3.56591e-05 0 3.87392e-05 0 4.18705e-05 0 4.49826e-05 0 4.79954e-05 0 5.11275e-05 0 5.42522e-05 0 5.73569e-05 0 6.04289e-05 0 6.34562e-05 0 6.64271e-05 0 6.94775e-05 0 7.24567e-05 0 7.55081e-05 0 7.84738e-05 0 8.15048e-05 0 8.44364e-05 0 8.74265e-05 0 9.03041e-05 0 9.32338e-05 0 9.62155e-05 0 9.90693e-05 0 0.000101969 0 0.000104914 0 0.000107717 0 0.00011056 0 0.00011325 0
525.665 0.00068517 0.000181491 0.000503679 0.735116 -0.0591819 1.56554e-07 0 6.69346e-07 0 2.36212e-06 0 4.57214e-06 0 7.07742e-06 0 9.76897e-06 0 1.2575e-05 0 1.54859e-05 0 1.84347e-05 0 2.14512e-05 0 2.44678e-05 0 2.74986e-05 0 3.04966e-05 0 3.35072e-05 0 3.65979e-05 0 3.96035e-05 0 4.26479e-05 0 4.56633e-05 0 4.85734e-05 0 5.15899e-05 0 5.4591e-05 0 5.7565e-05 0 6.05007e-05 0 6.33871e-05 0 6.62138e-05 0 6.91103e-05 0 7.19336e-05 0 7.48201e-05 0 7.76206e-05 0 8.04779e-05 0 8.32372e-05 0 8.60471e-05 0 8.87474e-05 0 9.14927e-05 0 9.42829e-05 0 9.69499e-05 0 9.96563e-05 0 0.000102402 0 0.000105012 0 0.000107656 0 0.000110155 0
552.648 0.000670124 0.000183613 0.000486511 0.726001 -0.0830206 2.05363e-07 0 8.17944e-07 0 2.71457e-06 0 5.08848e-06 0 7.71178e-06 0 1.04802e-05 0 1.33276e-05 0 1.62495e-05 0 1.91831e-05 0 2.21612e-05 0 2.51199e-05 0 2.80755e-05 0 3.09842e-05 0 3.3892e-05 0 3.68646e-05 0 3.97445e-05 0 4.26515e-05 0 4.55214e-05 0 4.82831e-05 0 5.1138e-05 0 5.39709e-05 0 5.67715e-05 0 5.95296e-05 0 6.22357e-05 0 6.48805e-05 0 6.75855e-05 0 7.02175e-05 0 7.29037e-05 0 7.55056e-05 0 7.81561e-05 0 8.07118e-05 0 8.33107e-05 0 8.58048e-05 0 8.83371e-05 0 9.09076e-05 0 9.33615e-05 0 9.58488e-05 0 9.83695e-05 0 0.000100763 0 0.000103185 0 0.000105472 0
581.015 0.000645203 0.000184185 0.000461018 0.714532 -0.104385 2.60536e-07 0 9.70061e-07 0 3.03688e-06 0 5.52185e-06 0 8.20221e-06 0 1.09834e-05 0 1.38075e-05 0 1.66759e-05 0 1.95315e-05 0 2.24099e-05 0 2.52516e-05 0 2.80751e-05 0 3.08405e-05 0 3.35933e-05 0 3.63965e-05 0 3.91025e-05 0 4.18251e-05 0 4.45049e-05 0 4.70766e-05 0 4.97283e-05 0 5.23531e-05 0 5.4942e-05 0 5.74863e-05 0 5.99777e-05 0 6.24081e-05 0 6.48895e-05 0 6.72997e-05 0 6.97557e-05 0 7.2131e-05 0 7.4547e-05 0 7.68733e-05 0 7.92359e-05 0 8.15002e-05 0 8.37965e-05 0 8.61245e-05 0 8.83445e-05 0 9.05922e-05 0 9.28676e-05 0 9.50258e-05 0 9.7208e-05 0 9.92663e-05 0
610.839 0.000610911 0.000182807 0.000428104 0.700763 -0.123721 3.19394e-07 0 1.11539e-06 0 3.30348e-06 0 5.8354e-06 0 8.50442e-06 0 1.12299e-05 0 1.3964e-05 0 1.67144e-05 0 1.94308e-05 0 2.21502e-05 0 2.48195e-05 0 2.74582e-05 0 3.0031e-05 0 3.25818e-05 0 3.51698e-05 0 3.76598e-05 0 4.01574e-05 0 4.26088e-05 0 4.49552e-05 0 4.73688e-05 0 4.97525e-05 0 5.20987e-05 0 5.43998e-05 0 5.66488e-05 0 5.88391e-05 0 6.10715e-05 0 6.32366e-05 0 6.54394e-05 0 6.75667e-05 0 6.97277e-05 0 7.18056e-05 0 7.39133e-05 0 7.59309e-05 0 7.79747e-05 0 8.00445e-05 0 8.20161e-05 0 8.40103e-05 0 8.6027e-05 0 8.79381e-05 0 8.98686e-05 0 9.16879e-05 0
642.193 0.000568982 0.000179523 0.000389458 0.684483 -0.141275 3.78789e-07 0 1.24465e-06 0 3.49715e-06 0 6.01032e-06 0 8.60257e-06 0 1.12099e-05 0 1.37959e-05 0 1.63736e-05 0 1.89003e-05 0 2.14139e-05 0 2.38677e-05 0 2.62817e-05 0 2.86256e-05 0 3.09408e-05 0 3.32816e-05 0 3.55267e-05 0 3.77722e-05 0 3.99704e-05 0 4.20695e-05 0 4.42238e-05 0 4.63469e-05 0 4.84323e-05 0 5.0474e-05 0 5.24659e-05 0 5.44027e-05 0 5.63738e-05 0 5.82826e-05 0 6.02219e-05 0 6.20923e-05 0 6.39898e-05 0 6.58122e-05 0 6.76585e-05 0 6.9424e-05 0 7.12105e-05 0 7.30179e-05 0 7.47377e-05 0 7.64757e-05 0 7.82317e-05 0 7.98942e-05 0 8.15722e-05 0 8.31523e-05 0
675.157 0.000521877 0.000174528 0.000347349 0.665577 -0.15728 4.35304e-07 0 1.3499e-06 0 3.60786e-06 0 6.04133e-06 0 8.50025e-06 0 1.09384e-05 0 1.33307e-05 0 1.5695e-05 0 1.79963e-05 0 2.0272e-05 0 2.24821e-05 0 2.46467e-05 0 2.67402e-05 0 2.88007e-05 0 3.08774e-05 0 3.28633e-05 0 3.48443e-05 0 3.67787e-05 0 3.86218e-05 0 4.05095e-05 0 4.23661e-05 0 4.41864e-05 0 4.59654e-05 0 4.76984e-05 0 4.93808e-05 0 5.10905e-05 0 5.27439e-05 0 5.44216e-05 0 5.60376e-05 0 5.76751e-05 0 5.92461e-05 0 6.08359e-05 0 6.23546e-05 0 6.38899e-05 0 6.54415e-05 0 6.69167e-05 0 6.84062e-05 0 6.99098e-05 0 7.13321e-05 0 7.27666e-05 0 7.41164e-05 0
709.813 0.000472419 0.000168225 0.000304193 0.643906 -0.171925 4.86001e-07 0 1.42647e-06 0 3.63577e-06 0 5.93975e-06 0 8.22302e-06 0 1.04567e-05 0 1.26264e-05 0 1.47534e-05 0 1.68101e-05 0 1.88326e-05 0 2.07873e-05 0 2.26938e-05 0 2.45309e-05 0 2.63331e-05 0 2.8144e-05 0 2.98711e-05 0 3.15895e-05 0 3.32638e-05 0 3.48556e-05 0 3.64828e-05 0 3.80803e-05 0 3.96438e-05 0 4.11694e-05 0 4.26532e-05 0 4.40918e-05 0 4.55518e-05 0 4.69619e-05 0 4.8391e-05 0 4.9766e-05 0 5.11577e-05 0 5.24915e-05 0 5.38399e-05 0 5.51268e-05 0 5.64265e-05 0 5.77389e-05 0 5.89856e-05 0 6.02434e-05 0 6.1512e-05 0 6.27112e-05 0 6.39198e-05 0 6.50563e-05 0
746.248 0.0004232 0.000161032 0.000262168 0.61949 -0.185434 5.28545e-07 0 1.47238e-06 0 3.58758e-06 0 5.72568e-06 0 7.80605e-06 0 9.81568e-06 0 1.17492e-05 0 1.36305e-05 0 1.54383e-05 0 1.72067e-05 0 1.89083e-05 0 2.05614e-05 0 2.21488e-05 0 2.37014e-05 0 2.5257e-05 0 2.67368e-05 0 2.8206e-05 0 2.96342e-05 0 3.09895e-05 0 3.23724e-05 0 3.37277e-05 0 3.50521e-05 0 3.63424e-05 0 3.75957e-05 0 3.88091e-05 0 4.00391e-05 0 4.12257e-05 0 4.24269e-05 0 4.35814e-05 0 4.47488e-05 0 4.58665e-05 0 4.69954e-05 0 4.80718e-05 0 4.91581e-05 0 5.0254e-05 0 5.12943e-05 0 5.2343e-05 0 5.34e-05 0 5.43984e-05 0 5.5404e-05 0 5.6349e-05 0
784.553 0.00037652 0.000153573 0.000222948 0.592127 -0.197794 5.62252e-07 0 1.49049e-06 0 3.47996e-06 0 5.43244e-06 0 7.29967e-06 0 9.08207e-06 0 1.07817e-05 0 1.24239e-05 0 1.39927e-05 0 1.552e-05 0 1.69833e-05 0 1.83997e-05 0 1.97555e-05 0 2.10778e-05 0 2.23993e-05 0 2.36533e-05 0 2.48956e-05 0 2.6101e-05 0 2.72428e-05 0 2.84058e-05 0 2.95438e-05 0 3.06542e-05 0 3.17346e-05 0 3.27825e-05 0 3.3796e-05 0 3.48221e-05 0 3.58109e-05 0 3.68109e-05 0 3.7771e-05 0 3.8741e-05 0 3.96688e-05 0 4.06051e-05 0 4.14971e-05 0 4.23967e-05 0 4.33035e-05 0 4.41637e-05 0 4.50302e-05 0 4.5903e-05 0 4.67269e-05 0 4.75561e-05 0 4.8335e-05 0
824.824 0.000333676 0.000146115 0.000187562 0.562107 -0.209189 5.86383e-07 0 1.48299e-06 0 3.32521e-06 0 5.08342e-06 0 6.73775e-06 0 8.2994e-06 0 9.77618e-06 0 1.11936e-05 0 1.25405e-05 0 1.38456e-05 0 1.50913e-05 0 1.62929e-05 0 1.74398e-05 0 1.85552e-05 0 1.96673e-05 0 2.07204e-05 0 2.17615e-05 0 2.27698e-05 0 2.37233e-05 0 2.46931e-05 0 2.56406e-05 0 2.65638e-05 0 2.74609e-05 0 2.83301e-05 0 2.91697e-05 0 3.00189e-05 0 3.08365e-05 0 3.16624e-05 0 3.24547e-05 0 3.32544e-05 0 3.40188e-05 0 3.47895e-05 0 3.55233e-05 0 3.62626e-05 0 3.70075e-05 0 3.77135e-05 0 3.84243e-05 0 3.91399e-05 0 3.98149e-05 0 4.04939e-05 0 4.11313e-05 0
867.163 0.000295587 0.00013911 0.000156477 0.529378 -0.219544 6.019e-07 0 1.45576e-06 0 3.14153e-06 0 4.70858e-06 0 6.16072e-06 0 7.51726e-06 0 8.79012e-06 0 1.00043e-05 0 1.11523e-05 0 1.226e-05 0 1.33133e-05 0 1.43263e-05 0 1.52903e-05 0 1.62257e-05 0 1.71562e-05 0 1.80355e-05 0 1.89033e-05 0 1.97422e-05 0 2.05343e-05 0 2.13388e-05 0 2.21237e-05 0 2.28876e-05 0 2.36289e-05 0 2.43464e-05 0 2.50388e-05 0 2.57384e-05 0 2.64113e-05 0 2.70905e-05 0 2.77415e-05 0 2.8398e-05 0 2.90251e-05 0 2.96569e-05 0 3.0258e-05 0 3.08633e-05 0 3.14727e-05 0 3.205e-05 0 3.26308e-05 0 3.32151e-05 0 3.37661e-05 0 3.43201e-05 0 3.48398e-05 0
911.674 0.00026235 0.000132634 0.000129716 0.494438 -0.228961 6.09081e-07 0 1.41208e-06 0 2.93882e-06 0 4.32324e-06 0 5.58794e-06 0 6.7579e-06 0 7.84774e-06 0 8.88139e-06 0 9.85407e-06 0 1.0789e-05 0 1.1675e-05 0 1.25246e-05 0 1.3331e-05 0 1.41118e-05 0 1.48868e-05 0 1.56178e-05 0 1.63379e-05 0 1.70331e-05 0 1.76885e-05 0 1.83533e-05 0 1.90011e-05 0 1.96308e-05 0 2.02412e-05 0 2.08314e-05 0 2.14005e-05 0 2.19749e-05 0 2.25269e-05 0 2.30837e-05 0 2.36169e-05 0 2.41543e-05 0 2.46671e-05 0 2.51835e-05 0 2.56745e-05 0 2.61686e-05 0 2.66658e-05 0 2.71365e-05 0 2.76099e-05 0 2.80858e-05 0 2.85344e-05 0 2.89851e-05 0 2.94078e-05 0
958.471 0.000233879 0.000126859 0.000107019 0.457585 -0.237286 6.09142e-07 0 1.3567e-06 0 2.72847e-06 0 3.94366e-06 0 5.03901e-06 0 6.04312e-06 0 6.97215e-06 0 7.8486e-06 0 8.66977e-06 0 9.45617e-06 0 1.01991e-05 0 1.09096e-05 0 1.15824e-05 0 1.22324e-05 0 1.28764e-05 0 1.34827e-05 0 1.40791e-05 0 1.4654e-05 0 1.51953e-05 0 1.57436e-05 0 1.62774e-05 0 1.67956e-05 0 1.72975e-05 0 1.77823e-05 0 1.82494e-05 0 1.87204e-05 0 1.91727e-05 0 1.96286e-05 0 2.00649e-05 0 2.05042e-05 0 2.09233e-05 0 2.1345e-05 0 2.17457e-05 0 2.21488e-05 0 2.25541e-05 0 2.29376e-05 0 2.33231e-05 0 2.37105e-05 0 2.40755e-05 0 2.4442e-05 0 2.47857e-05 0
1007.67 0.000209693 0.000121741 8.79525e-05 0.419435 -0.244511 6.02656e-07 0 1.29224e-06 0 2.51605e-06 0 3.57667e-06 0 4.52081e-06 0 5.37901e-06 0 6.16805e-06 0 6.90876e-06 0 7.59995e-06 0 8.25964e-06 0 8.88108e-06 0 9.47386e-06 0 1.0034e-05 0 1.05741e-05 0 1.11082e-05 0 1.16104e-05 0 1.21035e-05 0 1.25783e-05 0 1.30247e-05 0 1.34765e-05 0 1.39158e-05 0 1.43419e-05 0 1.47541e-05 0 1.5152e-05 0 1.5535e-05 0 1.5921e-05 0 1.62914e-05 0 1.66644e-05 0 1.70212e-05 0 1.73802e-05 0 1.77225e-05 0 1.80667e-05 0 1.83936e-05 0 1.87223e-05 0 1.90526e-05 0 1.93651e-05 0 1.96789e-05 0 1.99943e-05 0 2.02912e-05 0 2.05893e-05 0 2.08686e-05 0
1059.39 0.000189309 0.000117262 7.20468e-05 0.380578 -0.250446 5.90494e-07 0 1.22147e-06 0 2.30667e-06 0 3.22804e-06 0 4.03873e-06 0 4.76983e-06 0 5.4381e-06 0 6.06257e-06 0 6.64312e-06 0 7.19547e-06 0 7.71442e-06 0 8.20828e-06 0 8.67401e-06 0 9.12226e-06 0 9.56486e-06 0 9.98032e-06 0 1.03878e-05 0 1.07796e-05 0 1.11476e-05 0 1.15197e-05 0 1.1881e-05 0 1.22312e-05 0 1.25698e-05 0 1.28963e-05 0 1.32104e-05 0 1.35266e-05 0 1.38299e-05 0 1.41352e-05 0 1.4427e-05 0 1.47205e-05 0 1.50001e-05 0 1.52812e-05 0 1.5548e-05 0 1.5816e-05 0 1.60854e-05 0 1.634e-05 0 1.65957e-05 0 1.68525e-05 0 1.70942e-05 0 1.73368e-05 0 1.7564e-05 0
1113.77 0.000172152 0.000113303 5.88486e-05 0.341841 -0.255015 5.73079e-07 0 1.14584e-06 0 2.10235e-06 0 2.899e-06 0 3.5924e-06 0 4.21316e-06 0 4.77751e-06 0 5.30264e-06 0 5.78916e-06 0 6.25071e-06 0 6.68327e-06 0 7.09405e-06 0 7.48072e-06 0 7.85225e-06 0 8.21855e-06 0 8.56192e-06 0 8.8983e-06 0 9.22134e-06 0 9.52449e-06 0 9.83063e-06 0 1.01277e-05 0 1.04154e-05 0 1.06934e-05 0 1.09612e-05 0 1.12186e-05 0 1.14777e-05 0 1.1726e-05 0 1.19757e-05 0 1.22143e-05 0 1.24542e-05 0 1.26826e-05 0 1.29121e-05 0 1.31299e-05 0 1.33486e-05 0 1.35682e-05 0 1.37758e-05 0 1.39841e-05 0 1.41933e-05 0 1.43901e-05 0 1.45875e-05 0 1.47724e-05 0
1170.94 0.000157658 0.000109709 4.79492e-05 0.304135 -0.258166 5.50701e-07 0 1.06631e-06 0 1.90396e-06 0 2.58921e-06 0 3.17967e-06 0 3.7047e-06 0 4.17964e-06 0 4.61985e-06 0 5.02638e-06 0 5.41104e-06 0 5.77071e-06 0 6.11161e-06 0 6.43194e-06 0 6.73927e-06 0 7.04185e-06 0 7.32514e-06 0 7.60234e-06 0 7.86828e-06 0 8.11761e-06 0 8.36918e-06 0 8.61312e-06 0 8.84915e-06 0 9.077e-06 0 9.29642e-06 0 9.50718e-06 0 9.7192e-06 0 9.92227e-06 0 1.01264e-05 0 1.03214e-05 0 1.05173e-05 0 1.07037e-05 0 1.0891e-05 0 1.10685e-05 0 1.12468e-05 0 1.14258e-05 0 1.15949e-05 0 1.17646e-05 0 1.19348e-05 0 1.2095e-05 0 1.22556e-05 0 1.2406e-05 0
1231.05 0.000145211 0.000106218 3.89934e-05 0.268529 -0.260078 5.23176e-07 0 9.82771e-07 0 1.71042e-06 0 2.29582e-06 0 2.79555e-06 0 3.23712e-06 0 3.63473e-06 0 4.00192e-06 0 4.34004e-06 0 4.65917e-06 0 4.95696e-06 0 5.23869e-06 0 5.50301e-06 0 5.75625e-06 0 6.00526e-06 0 6.23812e-06 0 6.46575e-06 0 6.68392e-06 0 6.88829e-06 0 7.09433e-06 0 7.29397e-06 0 7.487e-06 0 7.67321e-06 0 7.85243e-06 0 8.02448e-06 0 8.19747e-06 0 8.36306e-06 0 8.52947e-06 0 8.68829e-06 0 8.84781e-06 0 8.99957e-06 0 9.15193e-06 0 9.29638e-06 0 9.44135e-06 0 9.58683e-06 0 9.72421e-06 0 9.86203e-06 0 1.00003e-05 0 1.01303e-05 0 1.02606e-05 0 1.03826e-05 0
1294.24 0.000134278 0.000102604 3.1674e-05 0.235883 -0.26116 4.90612e-07 0 8.95618e-07 0 1.5216e-06 0 2.01743e-06 0 2.43707e-06 0 2.80572e-06 0 3.13626e-06 0 3.4405e-06 0 3.71989e-06 0 3.983e-06 0 4.22804e-06 0 4.45948e-06 0 4.67631e-06 0 4.88379e-06 0 5.08756e-06 0 5.27792e-06 0 5.46382e-06 0 5.64184e-06 0 5.80847e-06 0 5.97634e-06 0 6.13888e-06 0 6.29594e-06 0 6.44736e-06 0 6.59302e-06 0 6.73277e-06 0 6.87321e-06 0 7.0076e-06 0 7.14258e-06 0 7.27135e-06 0 7.40064e-06 0 7.52359e-06 0 7.64699e-06 0 7.76394e-06 0 7.88127e-06 0 7.99897e-06 0 8.11009e-06 0 8.22153e-06 0 8.33329e-06 0 8.43834e-06 0 8.54367e-06 0 8.64221e-06 0
1360.67 0.000124511 9.87896e-05 2.57218e-05 0.206582 -0.261903 4.53952e-07 0 8.06651e-07 0 1.3397e-06 0 1.75588e-06 0 2.1053e-06 0 2.41063e-06 0 2.68331e-06 0 2.93354e-06 0 3.16276e-06 0 3.37817e-06 0 3.57844e-06 0 3.76731e-06 0 3.94402e-06 0 4.1129e-06 0 4.2786e-06 0 4.43324e-06 0 4.58413e-06 0 4.72851e-06 0 4.86355e-06 0 4.9995e-06 0 5.13106e-06 0 5.2581e-06 0 5.38052e-06 0 5.49821e-06 0 5.61109e-06 0 5.72447e-06 0 5.83291e-06 0 5.94179e-06 0 6.04562e-06 0 6.14983e-06 0 6.2489e-06 0 6.34829e-06 0 6.44246e-06 0 6.53691e-06 0 6.63163e-06 0 6.72102e-06 0 6.81066e-06 0 6.90052e-06 0 6.98497e-06 0 7.06962e-06 0 7.14881e-06 0
1430.51 0.000115752 9.48537e-05 2.08986e-05 0.180546 -0.262842 4.14889e-07 0 7.18747e-07 0 1.16851e-06 0 1.515e-06 0 1.80376e-06 0 2.05486e-06 0 2.27829e-06 0 2.48275e-06 0 2.66962e-06 0 2.8449e-06 0 3.0076e-06 0 3.16082e-06 0 3.304e-06 0 3.44069e-06 0 3.57468e-06 0 3.69961e-06 0 3.82142e-06 0 3.93789e-06 0 4.04675e-06 0 4.15628e-06 0 4.2622e-06 0 4.36444e-06 0 4.46291e-06 0 4.55753e-06 0 4.64824e-06 0 4.73932e-06 0 4.82639e-06 0 4.91379e-06 0 4.99711e-06 0 5.0807e-06 0 5.16014e-06 0 5.23982e-06 0 5.31528e-06 0 5.39095e-06 0 5.46682e-06 0 5.53841e-06 0 5.61017e-06 0 5.6821e-06 0 5.74968e-06 0 5.8174e-06 0 5.88074e-06 0
1503.94 0.000108 9.09985e-05 1.70013e-05 0.15742 -0.26444 3.75476e-07 0 6.35098e-07 0 1.01202e-06 0 1.29882e-06 0 1.53622e-06 0 1.74172e-06 0 1.92398e-06 0 2.09032e-06 0 2.24204e-06 0 2.38411e-06 0 2.51577e-06 0 2.63961e-06 0 2.75521e-06 0 2.86547e-06 0 2.97344e-06 0 3.07404e-06 0 3.17205e-06 0 3.2657e-06 0 3.35318e-06 0 3.44115e-06 0 3.52618e-06 0 3.60821e-06 0 3.68718e-06 0 3.76303e-06 0 3.83572e-06 0 3.90868e-06 0 3.9784e-06 0 4.04836e-06 0 4.11503e-06 0 4.1819e-06 0 4.24543e-06 0 4.30914e-06 0 4.36946e-06 0 4.42993e-06 0 4.49054e-06 0 4.54772e-06 0 4.60502e-06 0 4.66245e-06 0 4.71639e-06 0 4.77044e-06 0 4.82098e-06 0
1581.14 0.000101412 8.75546e-05 1.38577e-05 0.136647 -0.266938 3.3792e-07 0 5.58856e-07 0 8.73916e-07 0 1.11092e-06 0 1.30587e-06 0 1.47392e-06 0 1.62252e-06 0 1.75782e-06 0 1.88099e-06 0 1.99614e-06 0 2.10272e-06 0 2.20285e-06 0 2.29622e-06 0 2.38519e-06 0 2.47225e-06 0 2.5533e-06 0 2.63222e-06 0 2.70758e-06 0 2.77794e-06 0 2.84865e-06 0 2.91697e-06 0 2.98285e-06 0 3.04624e-06 0 3.10711e-06 0 3.16541e-06 0 3.22392e-06 0 3.27981e-06 0 3.33587e-06 0 3.38929e-06 0 3.44285e-06 0 3.49372e-06 0 3.54471e-06 0 3.59299e-06 0 3.64137e-06 0 3.68986e-06 0 3.7356e-06 0 3.78142e-06 0 3.82733e-06 0 3.87045e-06 0 3.91364e-06 0 3.95402e-06 0
1662.3 9.62769e-05 8.49418e-05 1.13351e-05 0.117735 -0.27036 3.04212e-07 0 4.92576e-07 0 7.56768e-07 0 9.53416e-07 0 1.11425e-06 0 1.25236e-06 0 1.37414e-06 0 1.48479e-06 0 1.58534e-06 0 1.67921e-06 0 1.76598e-06 0 1.84741e-06 0 1.92328e-06 0 1.99551e-06 0 2.06614e-06 0 2.13185e-06 0 2.1958e-06 0 2.25682e-06 0 2.31377e-06 0 2.37097e-06 0 2.42622e-06 0 2.47947e-06 0 2.53069e-06 0 2.57986e-06 0 2.62694e-06 0 2.67416e-06 0 2.71927e-06 0 2.7645e-06 0 2.80758e-06 0 2.85077e-06 0 2.89178e-06 0 2.93288e-06 0 2.97178e-06 0 3.01076e-06 0 3.04981e-06 0 3.08664e-06 0 3.12354e-06 0 3.16049e-06 0 3.1952e-06 0 3.22996e-06 0 3.26245e-06 0
1747.63 9.26052e-05 8.33013e-05 9.3039e-06 0.100468 -0.273542 2.74766e-07 0 4.36139e-07 0 6.59029e-07 0 8.23331e-07 0 9.56998e-07 0 1.07138e-06 0 1.17199e-06 0 1.26321e-06 0 1.34598e-06 0 1.42314e-06 0 1.49439e-06 0 1.56119e-06 0 1.62338e-06 0 1.68254e-06 0 1.74035e-06 0 1.7941e-06 0 1.84637e-06 0 1.89623e-06 0 1.94274e-06 0 1.98945e-06 0 2.03453e-06 0 2.07797e-06 0 2.11974e-06 0 2.15982e-06 0 2.19819e-06 0 2.23667e-06 0 2.27341e-06 0 2.31024e-06 0 2.34531e-06 0 2.38046e-06 0 2.41384e-06 0 2.44728e-06 0 2.47892e-06 0 2.51062e-06 0 2.54238e-06 0 2.57232e-06 0 2.60231e-06 0 2.63234e-06 0 2.66055e-06 0 2.68879e-06 0 2.71518e-06 0
1837.33 8.96741e-05 8.20342e-05 7.63992e-06 0.0851966 -0.275811 2.47456e-07 0 3.85519e-07 0 5.73537e-07 0 7.10898e-07 0 8.22108e-07 0 9.16972e-07 0 1.00021e-06 0 1.07556e-06 0 1.14381e-06 0 1.20737e-06 0 1.266e-06 0 1.32092e-06 0 1.372e-06 0 1.42057e-06 0 1.468e-06 0 1.51207e-06 0 1.55491e-06 0 1.59576e-06 0 1.63385e-06 0 1.67207e-06 0 1.70896e-06 0 1.74449e-06 0 1.77865e-06 0 1.81141e-06 0 1.84277e-06 0 1.87421e-06 0 1.90422e-06 0 1.9343e-06 0 1.96293e-06 0 1.99162e-06 0 2.01886e-06 0 2.04615e-06 0 2.07196e-06 0 2.09782e-06 0 2.12372e-06 0 2.14814e-06 0 2.17259e-06 0 2.19707e-06 0 2.22006e-06 0 2.24307e-06 0 2.26458e-06 0
1931.64 8.76721e-05 8.13915e-05 6.28065e-06 0.0716379 -0.277995 2.23043e-07 0 3.41445e-07 0 5.00598e-07 0 6.15921e-07 0 7.08875e-07 0 7.87934e-07 0 8.57159e-07 0 9.19713e-07 0 9.76309e-07 0 1.02895e-06 0 1.07746e-06 0 1.12287e-06 0 1.16507e-06 0 1.20517e-06 0 1.24431e-06 0 1.28067e-06 0 1.31599e-06 0 1.34965e-06 0 1.38102e-06 0 1.4125e-06 0 1.44287e-06 0 1.47211e-06 0 1.50021e-06 0 1.52716e-06 0 1.55295e-06 0 1.57879e-06 0 1.60346e-06 0 1.62817e-06 0 1.6517e-06 0 1.67527e-06 0 1.69764e-06 0 1.72005e-06 0 1.74124e-06 0 1.76247e-06 0 1.78372e-06 0 1.80376e-06 0 1.82382e-06 0 1.84391e-06 0 1.86277e-06 0 1.88165e-06 0 1.89929e-06 0
2030.79 8.73331e-05 8.21579e-05 5.17514e-06 0.0592575 -0.27868 2.03263e-07 0 3.06084e-07 0 4.42648e-07 0 5.40858e-07 0 6.19699e-07 0 6.86575e-07 0 7.45018e-07 0 7.9775e-07 0 8.45401e-07 0 8.89678e-07 0 9.30447e-07 0 9.68578e-07 0 1.004e-06 0 1.03763e-06 0 1.07045e-06 0 1.10091e-06 0 1.13049e-06 0 1.15868e-06 0 1.18494e-06 0 1.21128e-06 0 1.23668e-06 0 1.26113e-06 0 1.28462e-06 0 1.30715e-06 0 1.3287e-06 0 1.35029e-06 0 1.37089e-06 0 1.39153e-06 0 1.41118e-06 0 1.43085e-06 0 1.44953e-06 0 1.46823e-06 0 1.48591e-06 0 1.50362e-06 0 1.52136e-06 0 1.53807e-06 0 1.5548e-06 0 1.57155e-06 0 1.58727e-06 0 1.60301e-06 0 1.61772e-06 0
2135.03 8.83265e-05 8.40582e-05 4.26826e-06 0.0483237 -0.276453 1.86658e-07 0 2.76771e-07 0 3.95144e-07 0 4.79686e-07 0 5.47303e-07 0 6.04519e-07 0 6.54431e-07 0 6.99404e-07 0 7.39999e-07 0 7.77685e-07 0 8.12358e-07 0 8.44766e-07 0 8.74851e-07 0 9.03408e-07 0 9.31251e-07 0 9.5709e-07 0 9.82174e-07 0 1.00606e-06 0 1.02831e-06 0 1.05063e-06 0 1.07214e-06 0 1.09284e-06 0 1.11273e-06 0 1.13179e-06 0 1.15002e-06 0 1.16829e-06 0 1.18571e-06 0 1.20317e-06 0 1.21978e-06 0 1.23641e-06 0 1.25219e-06 0 1.268e-06 0 1.28294e-06 0 1.2979e-06 0 1.31289e-06 0 1.327e-06 0 1.34113e-06 0 1.35528e-06 0 1.36856e-06 0 1.38185e-06 0 1.39426e-06 0
2244.63 9.046e-05 8.69392e-05 3.5208e-06 0.0389211 -0.269882 1.72327e-07 0 2.51845e-07 0 3.55249e-07 0 4.28636e-07 0 4.87132e-07 0 5.36519e-07 0 5.79533e-07 0 6.18241e-07 0 6.53146e-07 0 6.85523e-07 0 7.1529e-07 0 7.43095e-07 0 7.68895e-07 0 7.93372e-07 0 8.17227e-07 0 8.39356e-07 0 8.60832e-07 0 8.81279e-07 0 9.00317e-07 0 9.19404e-07 0 9.37802e-07 0 9.55503e-07 0 9.72502e-07 0 9.88793e-07 0 1.00437e-06 0 1.01998e-06 0 1.03486e-06 0 1.04977e-06 0 1.06395e-06 0 1.07816e-06 0 1.09163e-06 0 1.10512e-06 0 1.11787e-06 0 1.13064e-06 0 1.14343e-06 0 1.15547e-06 0 1.16753e-06 0 1.17959e-06 0 1.19092e-06 0 1.20225e-06 0 1.21284e-06 0
2359.84 9.33399e-05 9.04377e-05 2.90223e-06 0.0310931 -0.25752 1.59191e-07 0 2.29507e-07 0 3.20102e-07 0 3.84026e-07 0 4.34822e-07 0 4.77622e-07 0 5.14843e-07 0 5.48301e-07 0 5.78443e-07 0 6.06381e-07 0 6.32051e-07 0 6.56015e-07 0 6.7824e-07 0 6.99317e-07 0 7.19851e-07 0 7.38892e-07 0 7.57366e-07 0 7.74949e-07 0 7.91316e-07 0 8.07722e-07 0 8.23531e-07 0 8.38739e-07 0 8.53341e-07 0 8.67332e-07 0 8.80709e-07 0 8.94106e-07 0 9.06884e-07 0 9.19679e-07 0 9.31851e-07 0 9.44038e-07 0 9.55597e-07 0 9.67169e-07 0 9.7811e-07 0 9.89062e-07 0 1.00003e-06 0 1.01035e-06 0 1.02069e-06 0 1.03104e-06 0 1.04074e-06 0 1.05046e-06 0 1.05953e-06 0
2480.97 9.6404e-05 9.40157e-05 2.38829e-06 0.0247738 -0.237811 1.46252e-07 0 2.08181e-07 0 2.87298e-07 0 3.42828e-07 0 3.8683e-07 0 4.23836e-07 0 4.55976e-07 0 4.84836e-07 0 5.10814e-07 0 5.34876e-07 0 5.56972e-07 0 5.77589e-07 0 5.96702e-07 0 6.1482e-07 0 6.32465e-07 0 6.48823e-07 0 6.64688e-07 0 6.79785e-07 0 6.93835e-07 0 7.07914e-07 0 7.21479e-07 0 7.34525e-07 0 7.47049e-07 0 7.59047e-07 0 7.70517e-07 0 7.82003e-07 0 7.92956e-07 0 8.03923e-07 0 8.14354e-07 0 8.24797e-07 0 8.347e-07 0 8.44614e-07 0 8.53986e-07 0 8.63367e-07 0 8.72756e-07 0 8.81601e-07 0 8.90452e-07 0 8.99311e-07 0 9.07622e-07 0 9.15939e-07 0 9.23707e-07 0
2608.32 9.88305e-05 9.68713e-05 1.9592e-06 0.0198238 -0.209619 1.32574e-07 0 1.86469e-07 0 2.54789e-07 0 3.02511e-07 0 3.40228e-07 0 3.71895e-07 0 3.99365e-07 0 4.24008e-07 0 4.46174e-07 0 4.66691e-07 0 4.85522e-07 0 5.03085e-07 0 5.1936e-07 0 5.34782e-07 0 5.49797e-07 0 5.63713e-07 0 5.77206e-07 0 5.90043e-07 0 6.01987e-07 0 6.13953e-07 0 6.2548e-07 0 6.36565e-07 0 6.47204e-07 0 6.57395e-07 0 6.67136e-07 0 6.76889e-07 0 6.86188e-07 0 6.95499e-07 0 7.04353e-07 0 7.13216e-07 0 7.21621e-07 0 7.30034e-07 0 7.37986e-07 0 7.45945e-07 0 7.53911e-07 0 7.61413e-07 0 7.68921e-07 0 7.76435e-07 0 7.83484e-07 0 7.90537e-07 0 7.97125e-07 0
2742.21 9.96433e-05 9.80438e-05 1.59945e-06 0.0160517 -0.172791 1.17543e-07 0 1.63485e-07 0 2.21312e-07 0 2.61526e-07 0 2.93235e-07 0 3.19818e-07 0 3.42851e-07 0 3.63496e-07 0 3.82053e-07 0 3.99221e-07 0 4.14969e-07 0 4.29651e-07 0 4.43251e-07 0 4.56135e-07 0 4.68675e-07 0 4.80294e-07 0 4.91558e-07 0 5.0227e-07 0 5.12237e-07 0 5.2222e-07 0 5.31835e-07 0 5.41079e-07 0 5.49951e-07 0 5.58448e-07 0 5.66568e-07 0 5.74698e-07 0 5.82449e-07 0 5.90208e-07 0 5.97586e-07 0 6.04971e-07 0 6.11973e-07 0 6.18981e-07 0 6.25605e-07 0 6.32235e-07 0 6.38869e-07 0 6.45117e-07 0 6.51369e-07 0 6.57626e-07 0 6.63495e-07 0 6.69367e-07 0 6.74851e-07 0
2882.97 9.79575e-05 9.66599e-05 1.29762e-06 0.0132468 -0.128609 1.01113e-07 0 1.39162e-07 0 1.86746e-07 0 2.19704e-07 0 2.45636e-07 0 2.67346e-07 0 2.86137e-07 0 3.02968e-07 0 3.18087e-07 0 3.32066e-07 0 3.44884e-07 0 3.5683e-07 0 3.67892e-07 0 3.78368e-07 0 3.88562e-07 0 3.98005e-07 0 4.07157e-07 0 4.1586e-07 0 4.23955e-07 0 4.32062e-07 0 4.3987e-07 0 4.47375e-07 0 4.54577e-07 0 4.61473e-07 0 4.68064e-07 0 4.74661e-07 0 4.8095e-07 0 4.87245e-07 0 4.93231e-07 0 4.99221e-07 0 5.04901e-07 0 5.10585e-07 0 5.15957e-07 0 5.21333e-07 0 5.26712e-07 0 5.31779e-07 0 5.36848e-07 0 5.4192e-07 0 5.46678e-07 0 5.51439e-07 0 5.55884e-07 0
3030.95 9.331e-05 9.22644e-05 1.04564e-06 0.0112061 -0.0800729 8.38977e-08 0 1.14337e-07 0 1.52178e-07 0 1.78293e-07 0 1.98801e-07 0 2.15948e-07 0 2.30776e-07 0 2.44048e-07 0 2.55963e-07 0 2.66974e-07 0 2.77067e-07 0 2.8647e-07 0 2.95175e-07 0 3.03417e-07 0 3.11434e-07 0 3.1886e-07 0 3.26055e-07 0 3.32896e-07 0 3.39258e-07 0 3.45629e-07 0 3.51764e-07 0 3.5766e-07 0 3.63317e-07 0 3.68734e-07 0 3.73909e-07 0 3.7909e-07 0 3.84028e-07 0 3.8897e-07 0 3.93669e-07 0 3.98372e-07 0 4.0283e-07 0 4.07292e-07 0 4.11508e-07 0 4.15727e-07 0 4.19948e-07 0 4.23923e-07 0 4.27901e-07 0 4.31881e-07 0 4.35614e-07 0 4.39348e-07 0 4.42835e-07 0
3186.53 8.58998e-05 8.50623e-05 8.37538e-07 0.00975017 -0.0313731 6.7002e-08 0 9.0471e-08 0 1.1949e-07 0 1.3945e-07 0 1.55097e-07 0 1.68164e-07 0 1.79456e-07 0 1.89555e-07 0 1.98617e-07 0 2.06989e-07 0 2.14659e-07 0 2.21803e-07 0 2.28415e-07 0 2.34673e-07 0 2.4076e-07 0 2.46396e-07 0 2.51857e-07 0 2.57048e-07 0 2.61875e-07 0 2.66708e-07 0 2.7136e-07 0 2.75832e-07 0 2.80122e-07 0 2.84229e-07 0 2.88153e-07 0 2.9208e-07 0 2.95824e-07 0 2.9957e-07 0 3.03131e-07 0 3.06695e-07 0 3.10074e-07 0 3.13455e-07 0 3.16649e-07 0 3.19846e-07 0 3.23044e-07 0 3.26056e-07 0 3.29069e-07 0 3.32084e-07 0 3.34911e-07 0 3.3774e-07 0 3.40381e-07 0
3350.09 7.65514e-05 7.58832e-05 6.68157e-07 0.00872821 0.0130894 5.16062e-08 0 6.90808e-08 0 9.05821e-08 0 1.05326e-07 0 1.16866e-07 0 1.26493e-07 0 1.34806e-07 0 1.42236e-07 0 1.48901e-07 0 1.55055e-07 0 1.60692e-07 0 1.6594e-07 0 1.70796e-07 0 1.75392e-07 0 1.79861e-07 0 1.83998e-07 0 1.88006e-07 0 1.91816e-07 0 1.95357e-07 0 1.98903e-07 0 2.02316e-07 0 2.05596e-07 0 2.08742e-07 0 2.11754e-07 0 2.14632e-07 0 2.17512e-07 0 2.20256e-07 0 2.23003e-07 0 2.25613e-07 0 2.28226e-07 0 2.30702e-07 0 2.3318e-07 0 2.35522e-07 0 2.37864e-07 0 2.40208e-07 0 2.42415e-07 0 2.44623e-07 0 2.46832e-07 0 2.48903e-07 0 2.50976e-07 0 2.52911e-07 0
3522.05 6.63581e-05 6.58259e-05 5.32218e-07 0.00802038 0.0500593 3.85318e-08 0 5.11613e-08 0 6.66317e-08 0 7.72112e-08 0 8.54793e-08 0 9.23704e-08 0 9.83164e-08 0 1.03629e-07 0 1.08391e-07 0 1.12788e-07 0 1.16814e-07 0 1.20561e-07 0 1.24027e-07 0 1.27307e-07 0 1.30496e-07 0 1.33448e-07 0 1.36307e-07 0 1.39024e-07 0 1.4155e-07 0 1.44078e-07 0 1.46512e-07 0 1.4885e-07 0 1.51093e-07 0 1.5324e-07 0 1.55291e-07 0 1.57344e-07 0 1.593e-07 0 1.61257e-07 0 1.63117e-07 0 1.64979e-07 0 1.66743e-07 0 1.68508e-07 0 1.70176e-07 0 1.71845e-07 0 1.73515e-07 0 1.75087e-07 0 1.7666e-07 0 1.78233e-07 0 1.79709e-07 0 1.81185e-07 0 1.82563e-07 0
3702.84 5.63201e-05 5.58959e-05 4.24246e-07 0.00753277 0.0779774 2.80809e-08 0 3.70014e-08 0 4.7884e-08 0 5.53076e-08 0 6.11015e-08 0 6.59265e-08 0 7.0087e-08 0 7.38024e-08 0 7.7132e-08 0 8.02047e-08 0 8.30174e-08 0 8.56351e-08 0 8.8056e-08 0 9.03464e-08 0 9.25728e-08 0 9.46333e-08 0 9.66288e-08 0 9.8525e-08 0 1.00288e-07 0 1.02052e-07 0 1.0375e-07 0 1.05381e-07 0 1.06946e-07 0 1.08443e-07 0 1.09874e-07 0 1.11305e-07 0 1.12669e-07 0 1.14034e-07 0 1.15331e-07 0 1.16629e-07 0 1.17859e-07 0 1.1909e-07 0 1.20253e-07 0 1.21417e-07 0 1.2258e-07 0 1.23676e-07 0 1.24772e-07 0 1.25869e-07 0 1.26898e-07 0 1.27926e-07 0 1.28887e-07 0
3892.91 4.71125e-05 4.67736e-05 3.3896e-07 0.00719469 0.0969478 2.01123e-08 0 2.63122e-08 0 3.38479e-08 0 3.89766e-08 0 4.29747e-08 0 4.63015e-08 0 4.91686e-08 0 5.17278e-08 0 5.40205e-08 0 5.61357e-08 0 5.80714e-08 0 5.98726e-08 0 6.1538e-08 0 6.31134e-08 0 6.46445e-08 0 6.60615e-08 0 6.74335e-08 0 6.87371e-08 0 6.99487e-08 0 7.11613e-08 0 7.23283e-08 0 7.34494e-08 0 7.45246e-08 0 7.55537e-08 0 7.65366e-08 0 7.752e-08 0 7.84571e-08 0 7.93948e-08 0 8.02859e-08 0 8.11775e-08 0 8.20225e-08 0 8.28679e-08 0 8.36666e-08 0 8.44656e-08 0 8.5265e-08 0 8.60175e-08 0 8.67703e-08 0 8.75234e-08 0 8.82296e-08 0 8.8936e-08 0 8.95955e-08 0
4092.73 3.9064e-05 3.87924e-05 2.7165e-07 0.00695398 0.108159 1.42407e-08 0 1.85057e-08 0 2.36722e-08 0 2.71811e-08 0 2.99136e-08 0 3.21856e-08 0 3.41427e-08 0 3.5889e-08 0 3.74529e-08 0 3.88953e-08 0 4.0215e-08 0 4.14428e-08 0 4.25779e-08 0 4.36514e-08 0 4.46947e-08 0 4.566e-08 0 4.65946e-08 0 4.74825e-08 0 4.83077e-08 0 4.91336e-08 0 4.99282e-08 0 5.06916e-08 0 5.14237e-08 0 5.21243e-08 0 5.27935e-08 0 5.3463e-08 0 5.41009e-08 0 5.47391e-08 0 5.53457e-08 0 5.59525e-08 0 5.65277e-08 0 5.7103e-08 0 5.76466e-08 0 5.81903e-08 0 5.87343e-08 0 5.92464e-08 0 5.97586e-08 0 6.0271e-08 0 6.07515e-08 0 6.12322e-08 0 6.16809e-08 0
4302.81 3.22491e-05 3.20306e-05 2.18411e-07 0.00677264 0.113247 1.00147e-08 0 1.2932e-08 0 1.64553e-08 0 1.88437e-08 0 2.07017e-08 0 2.22457e-08 0 2.3575e-08 0 2.47607e-08 0 2.58223e-08 0 2.68011e-08 0 2.76966e-08 0 2.85295e-08 0 2.92994e-08 0 3.00274e-08 0 3.07349e-08 0 3.13894e-08 0 3.2023e-08 0 3.2625e-08 0 3.31843e-08 0 3.37441e-08 0 3.42827e-08 0 3.48001e-08 0 3.52962e-08 0 3.57709e-08 0 3.62243e-08 0 3.6678e-08 0 3.71102e-08 0 3.75426e-08 0 3.79535e-08 0 3.83647e-08 0 3.87543e-08 0 3.9144e-08 0 3.95122e-08 0 3.98805e-08 0 4.02489e-08 0 4.05958e-08 0 4.09427e-08 0 4.12898e-08 0 4.16152e-08 0 4.19407e-08 0 4.22446e-08 0
4523.68 2.65919e-05 2.64158e-05 1.76141e-07 0.00662385 0.113851 7.01851e-09 0 9.00944e-09 0 1.14072e-08 0 1.30298e-08 0 1.4291e-08 0 1.53384e-08 0 1.62398e-08 0 1.70436e-08 0 1.7763e-08 0 1.84262e-08 0 1.90329e-08 0 1.9597e-08 0 2.01184e-08 0 2.06114e-08 0 2.10904e-08 0 2.15335e-08 0 2.19625e-08 0 2.23699e-08 0 2.27485e-08 0 2.31274e-08 0 2.34919e-08 0 2.3842e-08 0 2.41777e-08 0 2.4499e-08 0 2.48058e-08 0 2.51127e-08 0 2.54051e-08 0 2.56976e-08 0 2.59756e-08 0 2.62537e-08 0 2.65173e-08 0 2.67809e-08 0 2.703e-08 0 2.72791e-08 0 2.75283e-08 0 2.77629e-08 0 2.79976e-08 0 2.82323e-08 0 2.84524e-08 0 2.86725e-08 0 2.88781e-08 0
4755.88 2.19513e-05 2.18089e-05 1.42451e-07 0.00648942 0.111368 4.91372e-09 0 6.27252e-09 0 7.90482e-09 0 9.00778e-09 0 9.86434e-09 0 1.05753e-08 0 1.1187e-08 0 1.17322e-08 0 1.22201e-08 0 1.26698e-08 0 1.30811e-08 0 1.34635e-08 0 1.38169e-08 0 1.4151e-08 0 1.44756e-08 0 1.47758e-08 0 1.50664e-08 0 1.53425e-08 0 1.55989e-08 0 1.58556e-08 0 1.61024e-08 0 1.63396e-08 0 1.65669e-08 0 1.67845e-08 0 1.69923e-08 0 1.72001e-08 0 1.73981e-08 0 1.75962e-08 0 1.77845e-08 0 1.79728e-08 0 1.81512e-08 0 1.83297e-08 0 1.84983e-08 0 1.8667e-08 0 1.88357e-08 0 1.89945e-08 0 1.91534e-08 0 1.93123e-08 0 1.94613e-08 0 1.96103e-08 0 1.97494e-08 0
5000 1.81627e-05 1.80472e-05 1.15465e-07 0.00635728 0.106901 3.4413e-09 0 4.36996e-09 0 5.48299e-09 0 6.23402e-09 0 6.81685e-09 0 7.30039e-09 0 7.71623e-09 0 8.0868e-09 0 8.41835e-09 0 8.72389e-09 0 9.00326e-09 0 9.263e-09 0 9.50301e-09 0 9.72989e-09 0 9.95029e-09 0 1.01541e-08 0 1.03515e-08 0 1.05388e-08 0 1.0713e-08 0 1.08872e-08 0 1.10547e-08 0 1.12157e-08 0 1.137e-08 0 1.15177e-08 0 1.16587e-08 0 1.17997e-08 0 1.19341e-08 0 1.20685e-08 0 1.21962e-08 0 1.2324e-08 0 1.24451e-08 0 1.25662e-08 0 1.26806e-08 0 1.2795e-08 0 1.29095e-08 0 1.30172e-08 0 1.3125e-08 0 1.32328e-08 0 1.33339e-08 0 1.3435e-08 0 1.35293e-08 0
